1000000 2000
464601 438133
367606 31718
307891 498569
328467 474079
167044 339158
360460 127195
231780 385700
55721 317213
206250 232843
312667 60534
232591 89130
447295 113004
471512 78557
256999 262479
476200 369008
92705 235770
202382 155415
407408 346877
151197 217622
423585 88062
126818 334895
261614 112960
431792 156419
245186 328278
367236 355758
439498 451952
179364 48445
184340 157031
149582 228211
371779 85303
116348 393272
489709 313272
440833 483285
280593 364267
75597 110310
262239 485948
453132 380756
356723 400359
43424 404453
352021 410207
144095 270219
235746 339788
199839 63064
51683 481443
297112 272907
180093 91509
89783 467546
406011 424144
13029 285021
216237 172048
364652 397899
260125 313273
424467 159562
368234 85401
341281 54895
227634 55964
209944 469167
121776 229573
268484 321911
283440 489913
345392 451565
32336 190775
17084 110420
285891 438248
413516 197111
85928 124948
483131 36258
390313 169075
184244 6329
197828 310195
337017 335584
441653 453730
228131 178761
114779 79136
331735 198363
457014 190626
286894 102574
490101 189075
494767 166274
469446 417878
225701 207372
230814 381090
174069 452342
460524 141279
69054 310825
98110 234777
438679 349200
474544 382907
254879 202458
423834 358254
265089 40982
278012 194747
440021 49767
290954 326837
332597 274985
126749 478879
149042 432739
56042 132319
382721 14124
170228 442889
151756 493442
314834 474710
455963 221698
250211 107180
351945 155267
91264 16986
224297 155949
143662 251707
398858 120537
456976 268374
205176 433556
308105 349700
247928 16804
44436 57223
74176 130719
264560 193010
191355 466299
188902 224883
182978 300863
239265 225091
195195 252390
170146 477149
10920 264347
50184 12741
152876 388579
42109 55881
94926 255122
288303 327396
235021 96973
321052 422236
335306 84517
327093 334580
55218 92580
156180 480773
41450 56890
457397 477297
185873 450862
347771 20224
149741 179518
288636 112631
351947 375394
21642 232032
375027 180148
265135 176150
402475 398875
305824 98376
99825 436780
497180 349888
316262 220106
65804 35709
81159 339738
280449 227063
142187 152726
282120 174123
187999 440595
382731 402556
208465 257583
111498 87799
127522 485018
132498 83955
396303 471465
304088 268302
493536 416921
269083 244627
490514 329840
450536 470502
386726 295062
150402 182525
368981 104869
9994 443715
435841 32992
351563 61820
447429 263468
200699 71606
95252 133144
44518 171757
463645 342368
327788 30309
419752 386384
67566 26698
365181 480359
86460 41554
206270 155003
420755 71104
340710 426294
59952 298375
212821 32829
133383 341270
277731 300836
241337 143076
331736 468361
374251 280994
369460 317212
157016 415001
80473 170945
210975 332080
184575 211098
293330 391656
323813 307860
280221 42905
453519 333109
82095 346479
407897 132445
75431 291680
398014 151909
146653 299872
69329 282583
220891 486550
102069 347982
79122 233417
44538 176569
80488 122085
58766 368760
19757 425250
42897 351416
309412 47389
336675 274747
292431 84638
237634 98773
493496 392644
346426 351773
83870 126054
245933 374901
46959 311929
13212 337194
254258 362285
44276 480936
219945 248708
183547 347095
344399 461504
82947 122348
62040 53101
236327 109771
88611 24535
490510 436948
399317 400237
406369 189789
454845 154762
392449 212017
138044 484837
198589 247594
270503 126549
56888 17473
270533 471700
359921 449585
152208 402790
200941 94309
246603 425360
1810 227475
186869 287518
221648 423949
253723 114699
239882 403163
446065 439326
2758 413114
148219 354764
369632 59934
117693 169545
413921 332373
278591 486619
369831 298358
131653 150968
23792 280654
146220 466949
190744 240554
356787 493010
376659 351620
64984 202379
216255 206672
468877 430234
360757 424643
33793 385387
317421 286985
481754 34933
313969 173584
451986 255085
33616 235904
460220 18385
132490 41993
372684 483634
21731 61771
364828 168086
426089 353077
306723 260044
350778 268793
457939 478259
315922 343839
459633 171637
439599 285031
265683 148394
230913 57478
248711 301153
473245 446590
257393 397197
400213 229201
332107 321638
167993 324246
209153 306047
450683 112173
264419 350428
58925 334645
312660 90911
498109 176605
99395 258864
444069 84682
38711 138239
267013 434729
434647 157047
296867 445733
19002 140238
363588 103725
35787 404285
134708 95424
236754 278318
235857 331040
54337 428456
313874 123907
341194 181951
275118 382637
76898 455563
95094 73658
394138 208776
326732 294237
86106 13109
472790 456407
284209 346241
200731 494524
230299 413818
326624 317412
72926 204469
327467 21431
97848 140131
140586 211645
179598 249458
11922 121115
255450 171015
187167 89134
42075 183200
372017 264324
422454 56980
350178 28726
490305 115226
79861 447635
434547 27447
184651 153413
483698 440500
69271 213349
106479 25338
396553 448298
493186 324484
281461 297723
435699 274114
236354 185351
472378 386749
281857 169355
422461 214944
2470 218082
394920 480835
387598 326101
397925 397672
230346 59047
142500 295457
326014 143271
420866 131329
284549 143106
282286 294983
350792 128802
212294 458664
208970 36736
448253 264374
351737 120830
268124 266226
60539 156738
412447 37772
211739 415526
182557 487869
31404 479949
143276 168548
245249 111022
387119 10316
201318 253124
85269 488575
188205 467599
362230 315398
22373 303297
365394 367423
2954 256610
21099 280468
485541 362517
99362 58237
249599 283856
416706 125138
76555 76409
15706 194503
99890 124856
102303 487576
374439 400762
499806 69291
188830 220922
497175 127548
433862 195377
247850 52035
449783 495517
12067 34246
464897 184746
202573 380519
308007 61552
354225 396903
165442 257519
131475 141936
287540 46247
480540 362636
448017 140156
386582 376750
363388 477631
139225 468079
420556 23606
395712 196345
136121 233310
403892 295533
108861 144296
261975 308472
449725 151531
281837 185084
208740 136839
256419 335466
494754 430147
457346 343355
489569 427091
340610 215606
493051 193801
437795 338840
129369 191934
265697 262773
346879 52909
152071 76951
321649 475671
144149 271273
364377 421434
119674 32078
49395 178956
479046 75879
469119 148151
298900 323232
262320 443728
455848 146647
248274 379149
376599 426960
461885 93213
490802 327157
479988 211581
86747 191176
486012 382291
341688 127318
35910 123700
80365 457895
127575 344947
440353 249552
121370 204687
292389 73762
213698 410206
429519 21261
242002 227248
71709 33654
277782 53683
281892 74188
401951 318518
270683 497543
322967 341902
49012 24492
305809 40387
107712 169464
318502 54767
146487 429558
457425 461684
132791 136096
492381 16511
395525 102373
22185 213220
148662 365677
124258 313611
229128 360538
465655 121065
471352 438914
211343 407039
35862 88963
238757 52786
187015 261020
359381 350959
208236 220997
331255 125880
277978 486468
229614 140026
147498 160374
109609 52875
297045 386602
309923 199120
33128 170066
95636 487011
75996 91124
215621 410225
372470 405966
19676 466644
128242 71056
404959 313377
145281 107565
164230 296709
241045 387618
413671 471502
77266 416551
120329 116742
300180 375872
99727 424708
365567 33036
479877 393460
221727 130372
298979 284107
100404 77564
235751 495225
3107 126230
78065 42468
228305 90829
253360 66101
407700 273714
45523 56872
208361 232640
381876 243588
90950 101739
13454 388360
474171 19299
369257 132084
385909 184174
41680 307786
167905 189433
276620 113351
318025 304346
130534 484291
83940 275719
428482 445115
339566 274243
478050 358904
304560 249051
265090 381239
496016 420666
195193 261192
402020 86316
369459 51679
390145 245353
144145 28683
164210 280342
453512 347755
197520 270808
414086 147378
368472 62531
304067 202011
282127 388061
166656 62410
66694 387778
370678 158849
332156 81466
293281 207713
242439 171065
340625 488930
256015 376714
101 340120
236600 92945
465282 401520
133642 423320
323725 72763
237200 374774
239126 95710
303012 44062
77516 283428
240894 117146
9683 316136
265404 330686
68700 210922
71709 277545
150370 27095
222304 122175
427626 452796
197754 139418
478454 117125
399881 71576
29790 380990
267061 163518
348336 377750
187138 493903
49846 95270
338216 231696
70086 444054
131992 105239
61008 249809
419709 386140
308500 355798
217951 33436
280485 475073
455952 432268
324529 122413
431499 67739
425786 461620
65198 411978
339641 488666
140869 92083
312796 56102
362858 41117
13908 20135
76570 427448
421441 197384
91776 155529
409424 401916
253979 353674
447413 54044
164996 176701
258788 168932
329340 293310
440917 131295
388384 247059
306459 229938
54482 17857
325128 159327
434955 113622
264409 231841
166100 426988
217354 487468
458700 211244
391526 194
374539 454819
353783 424504
388281 231794
390580 222049
89744 29479
275106 111693
473944 51434
211792 76700
410228 166013
274436 257683
379341 165538
70852 341006
1667 250404
217302 315138
488639 467229
67315 456972
431372 377131
22136 27123
231583 293486
459577 260283
415024 98427
268112 262224
315769 314459
25243 376074
310518 282166
200248 312145
74266 329424
400584 283664
135522 451223
441042 224135
473879 282268
414230 202223
115336 397618
302545 321566
478346 176282
128395 59725
402259 233826
399160 286094
55961 182474
45895 68081
59867 33094
231156 40989
122618 331724
129552 195348
60279 301076
99221 314142
340573 343887
124726 325020
17758 176203
415134 369847
425234 410921
269179 279063
800 362972
416710 275242
320210 209621
407344 491040
195522 52049
318284 141322
80809 29899
138571 85796
95417 275726
228758 242850
98120 470684
8576 321024
35166 402659
259769 357546
399541 188417
138598 277990
158263 248737
90890 20398
36149 39808
264339 76843
193503 216982
119527 473135
474555 27917
398958 429227
188495 161318
433932 390741
167179 143849
334968 209095
236105 332132
72371 259244
391614 303409
54980 465837
366496 39916
398894 174625
32948 165041
92610 7338
286010 377838
331323 49704
339761 122260
254622 155754
187913 418604
260571 22634
102530 450546
178702 365566
415438 446293
347143 496491
275213 414132
391835 406171
294981 339643
714 229693
480150 478793
115394 467639
460823 362303
68841 158316
418086 35618
467026 454396
368593 158354
482961 320886
197590 52644
322878 386430
158693 383029
339691 22166
23831 236508
371815 72149
406417 187719
259333 219683
411961 72537
26983 113403
82811 118047
117236 194231
233935 229289
315235 198353
161787 37727
271060 127446
492210 351099
83093 246722
168500 351200
173798 175205
423651 182289
356052 254563
498486 207020
491724 278555
373914 112878
380451 142992
185265 413440
468691 115707
333996 282581
113717 185359
203238 258517
157411 374579
469632 6946
424233 175438
308 134214
58885 303585
250250 146947
415311 311554
383624 297447
200286 88097
121571 234492
366751 110236
328643 441351
314617 284967
413006 47647
296020 196134
56010 130051
431479 426656
431126 100054
155462 303320
196495 292523
109122 206505
128248 230630
345777 414764
278179 33198
475019 58634
135348 163853
144204 360160
33317 160294
353207 151504
215605 57008
207530 185581
498117 218636
135780 128111
372355 246378
427600 415265
69395 464931
307937 334626
81596 122782
340033 346765
57234 109984
81 374624
302209 965
225532 193900
429700 188303
33234 330581
137037 100611
314314 168746
462413 472632
89292 183403
96667 440222
122688 232979
202433 396005
48629 249254
475343 16123
220740 425775
53023 273114
282490 95443
178531 1058
82707 278254
466597 286533
491404 255912
386163 133124
179606 51083
101104 407393
245703 25322
382566 46721
385244 486108
312196 204794
303997 392463
97221 212025
162882 472773
267934 400218
114609 431751
142878 182790
14951 265472
206048 228712
222423 121695
457862 309592
98299 358381
423176 288477
240999 10921
189132 289386
217013 11793
256076 299083
1813 102063
250536 120537
317743 66086
383445 368422
19578 181223
11961 233334
210935 41047
404917 490341
431098 212837
424299 257362
359777 358220
194466 2294
161298 40305
344900 380487
357005 13189
446038 218614
220216 101034
352499 96582
493807 15776
8463 223039
47866 361457
81272 115135
459878 490674
383471 56117
120581 421126
209473 353641
437683 185540
405597 437840
459821 90794
431421 347714
36842 267151
408545 482329
36741 322577
344626 101640
475871 150089
228543 322774
432909 165765
70585 394178
132995 142992
368387 137770
344082 38434
102401 33320
284161 254791
89790 311185
368898 249666
364183 295041
382215 152476
241328 70164
137429 350306
62614 119956
97055 427558
213013 279203
446306 269329
122979 84129
452084 62828
256094 267503
340661 50218
375488 45622
164994 144224
341047 65510
341029 23586
202085 130720
386912 86455
447275 458630
217348 210885
157307 381137
396524 473767
265082 81680
194413 448764
242807 441361
47318 233687
412731 131752
281085 461709
330085 68170
107009 297331
317280 93030
160720 189630
137530 264221
256921 322322
218274 414550
165162 154603
192875 12872
426968 85923
26732 5212
21405 108203
209053 218142
314991 207150
197926 190874
37487 29725
18091 310477
20659 304598
47514 115626
143100 59618
212820 48801
355718 309605
493034 148063
233516 424596
4217 328204
324000 419069
340378 325789
175930 310853
396513 493750
454957 469326
181901 131134
476607 104135
494771 188825
241855 454347
126881 326246
448558 338425
200504 87976
168401 302557
467240 466263
437782 251317
335891 213551
217119 328643
255878 341239
271242 127380
2098 384041
410689 294782
448123 148570
251477 412878
146701 478197
205314 260308
109824 71987
375258 232583
352690 343584
382090 310219
323873 250535
482470 37596
208315 280442
245183 244468
75953 386205
379763 70397
42739 175320
85826 161960
238880 155476
322481 293134
458730 56482
343450 60938
446944 332602
4291 169971
236419 68829
249745 98908
473797 111031
495843 63743
69601 327107
374820 53786
31284 459214
105419 72306
221903 327344
175424 374948
244100 417396
475672 325971
498963 337525
493442 33385
338709 8578
440243 67182
281883 120709
80526 433940
247510 118435
44211 138437
52462 355571
55394 151504
231596 476539
320387 411579
59706 420885
313370 298959
9368 92007
129193 367946
492382 272482
424172 145431
141088 193065
318776 285385
448548 156892
415674 279207
451165 231708
404711 191775
494275 227951
283891 168547
125048 92903
452530 81349
445698 108347
255383 409080
367298 175796
245229 41771
178384 331625
63546 152856
315276 445893
81233 89383
134046 32325
69569 213602
355071 139372
156224 168306
43583 156946
377446 132142
180026 144112
451251 371411
15588 442890
486371 376078
385966 245482
387464 370466
175790 184644
104396 455418
444112 266072
411483 455319
108469 207536
77590 439728
17782 401542
496098 453055
314179 425847
118514 41802
415947 223965
477911 80397
92759 289293
475769 247015
106073 373846
406959 476391
41631 475899
344385 267689
318095 30590
445371 274276
50977 400091
354357 451941
159914 443999
464768 220372
191411 125965
3315 149671
434242 444723
278952 446043
400208 463596
239982 105372
45428 77199
297923 87363
259551 96659
265128 136297
301726 110537
243168 238075
303426 322582
39201 150354
60356 68562
33673 50248
291528 162481
417553 163265
5764 441401
15816 396991
420431 177076
341115 295775
63667 169377
357405 355573
11694 472723
476172 297677
22600 283302
195371 61518
30073 142814
437134 212232
361767 238522
79576 302050
285962 6944
251280 127025
240210 408689
73089 244318
35643 13789
498816 453309
146205 423370
57066 103356
484691 286003
207647 386232
15711 423336
38728 164777
96875 75939
413800 415307
291490 310221
167257 486241
162859 206316
325694 209935
90541 207848
126410 459206
105176 456617
465472 68909
211014 318939
307927 2822
128928 11382
367162 210741
214469 97933
398246 271741
481541 413112
406981 113136
126970 51790
365630 111410
280697 98874
369056 317732
37403 121816
244683 485000
53874 335414
397986 71477
147750 265519
194898 50916
174601 173266
142082 356769
130560 432897
495026 142811
249425 350642
491023 211980
160095 384401
239143 5835
162227 362546
479372 243119
48164 307334
369184 244669
39052 120578
327309 340354
111060 409644
303832 233404
65854 374683
282158 238641
20913 92104
319449 447118
261583 215802
177432 352288
425317 411611
91941 231270
283970 341987
40452 19973
168747 387980
99946 359534
276409 17032
390638 331240
52946 25209
158622 403805
439452 411376
2006 461801
483822 224943
98144 485253
187448 341185
380049 68001
450235 15791
13268 91991
302345 441928
74690 345115
157856 135361
119160 172730
241219 151843
444396 214124
286809 330798
14665 249122
383039 296474
271480 444429
289975 397492
341525 367636
45469 411357
43916 210554
411808 458349
165292 466708
433351 493192
279538 312881
480879 228123
316775 394969
105932 389116
220662 55758
23674 355263
129494 383502
476808 254129
7582 183713
31938 362559
310357 102722
256239 479817
150354 34343
445351 362950
84218 496885
41410 335097
365579 116375
393031 207027
71130 435750
237289 297372
72249 107169
456022 32179
239986 137613
227663 487074
341448 107459
251937 497437
489495 474535
458489 99653
236985 493380
45745 178578
84762 351912
101327 105034
155400 379103
339313 442811
173985 254555
54525 287815
373501 358825
105304 435114
187839 408167
446 43558
432971 128504
292089 115125
146430 85980
201180 132639
29368 379075
319543 409206
468343 372225
402123 272117
199921 314692
290379 43113
255558 220545
3015 152603
289471 282589
298449 453601
315122 22771
120035 160773
295596 495767
113771 345269
304178 7670
381826 79873
349387 267859
416014 325213
52678 89396
270204 172320
174679 123794
164845 270722
273033 497377
149120 250703
379341 398665
288631 417416
474216 326313
412456 202568
22663 124230
301840 33228
251095 131947
69147 23568
131683 172210
410342 23880
376551 241307
276211 204919
190662 429204
484233 344027
446804 400841
388897 75050
298493 56163
159570 168885
302818 332034
227535 452991
28744 344324
390282 458388
443374 472520
433334 33385
335393 282616
402128 16633
349165 296938
82780 56525
410466 241287
11280 250077
241410 105236
420079 248392
280128 409314
65089 386947
124490 99242
56973 344824
342109 305558
406198 148161
420832 39038
11352 186184
236929 355811
462973 232877
369526 130307
255354 351357
53283 148845
121887 492804
315444 119295
201311 252869
287863 251543
290848 388048
123070 306429
347576 432635
332983 442979
417209 318306
320551 301060
104471 182419
165848 475793
270694 160668
93731 429503
222780 223902
5621 46646
490883 232402
499701 344352
451467 459343
314868 283882
352831 219390
84744 389443
133569 382750
427437 142097
61444 252037
469456 373348
304546 329577
121738 64034
494612 313902
341227 179049
398218 399181
190787 238927
283065 65561
353268 363117
33979 9528
252628 33477
242369 149501
426101 223197
427254 445976
284664 49133
419074 433828
208763 78918
378487 134544
243552 179387
430977 368148
428820 22419
36118 195849
221195 282357
42329 369257
186294 212862
418172 302099
365824 141477
459320 419534
371172 217790
145280 311592
92245 361748
118264 133352
345982 319235
117205 5210
168869 388506
341588 35752
255952 446190
113412 7887
328185 96677
211823 443974
186565 355896
227329 197054
476015 330972
30323 279579
389889 97497
419071 269293
285155 31050
301556 45761
162074 12049
99468 193057
485043 160945
437102 437540
444464 9894
379114 367268
96960 287782
413582 93573
178364 453944
168594 287422
62124 79170
320347 437357
378722 233298
92292 4527
249885 376283
351630 265045
476586 415280
396321 47643
480920 304562
496745 363900
388544 96897
452675 74678
223618 143379
168074 56881
139002 336451
67238 226542
445486 133841
320630 86865
277703 335107
347704 87636
427143 385098
330512 42369
17734 173133
166356 367217
408866 276329
346215 20075
249061 105557
17210 324794
482877 22933
134697 280100
105324 123984
366863 248575
353960 108244
41651 151391
436066 379227
262714 192493
451949 42865
164489 77028
10705 349200
15258 252716
141619 265321
391241 397863
26100 199595
253192 261871
344149 158594
239460 33767
351686 364109
369113 428775
84205 281129
315816 234111
211829 170364
23955 224271
12926 324789
477023 124355
127439 310476
236358 269987
420425 426772
276374 197453
311763 478378
173782 139924
88669 293592
337814 148585
483925 229937
217882 180804
25977 114127
218442 423007
326558 177376
373351 299772
439932 237285
143129 396566
113456 474249
330315 169521
201182 23341
282590 339748
286254 219447
455404 258712
489327 322713
113641 472823
433952 116744
378281 82463
313160 419912
150828 420208
447304 16685
236813 9096
309708 78187
240989 118467
254891 57801
97399 415142
119526 296366
343985 156082
440389 161730
255014 84220
242351 194408
470842 495683
252616 51527
72763 471708
16995 200204
139363 397412
334629 134606
490860 115522
418343 349950
435820 91681
40706 419581
458124 316294
413345 463061
130335 413993
204944 32053
282098 24471
440571 440625
479698 248588
274901 110152
206495 338479
499640 205532
221865 126195
402024 490640
464873 227118
243210 200818
371091 352026
132971 489339
303072 85946
201964 448950
486034 470376
99032 464550
279468 348236
43437 8710
402897 469827
482758 154845
455301 74018
134382 448770
187531 104476
497872 450860
137730 45913
130749 445947
364965 133635
252127 34943
71333 167133
487929 317560
325996 47292
439371 252453
122275 152820
283836 393463
197105 101425
485141 384124
2426 456333
21189 40929
465219 44563
223136 483494
195678 395138
494821 130875
232230 128975
178337 399608
95015 76715
280019 128087
83892 399740
50999 317277
27700 107346
201830 57107
403449 67708
126252 492916
79489 498522
267900 54324
93575 337780
447175 115693
110427 323203
214717 129393
353696 396365
153071 382247
458192 342633
121695 465161
40152 88933
73163 147523
92928 241495
421982 319236
272366 428374
408568 311366
52078 448766
134079 251876
353290 164561
114595 387882
313100 230071
289880 77646
255272 383379
164220 249421
340706 294826
200946 307205
426291 204794
75390 408479
480802 351583
98373 358731
348499 251891
277169 355643
356814 110098
428055 260315
62348 7366
357126 172604
29829 480389
384799 142695
130960 76932
372915 332496
278672 495675
264430 468371
364422 256621
171173 347396
426809 125000
243645 263868
211349 494009
38217 114490
149347 449052
277686 52355
344174 173124
359838 375886
32418 157094
192932 273964
31219 469373
209986 277832
217624 343038
136308 45535
86 268035
274070 104179
285115 491920
61965 204809
252273 203215
369253 75008
456803 287005
141031 168890
55209 199787
292974 408759
280578 133189
459789 91210
136978 15781
270050 434686
73770 213254
43281 329212
481364 101067
149381 264769
67746 186926
83651 310353
456244 311760
58558 378251
55294 316764
249730 475077
143139 433680
26300 112170
390844 13260
393590 100216
93259 433875
425603 412391
144734 102032
126118 377648
166521 73482
39177 17524
339565 440984
162046 21471
175483 356516
107533 417609
14194 250788
15025 441182
383489 71870
476823 179287
81074 317209
334053 140158
498711 474987
53580 467016
480078 313353
120664 274545
270018 496590
439386 165620
78084 129678
444176 408921
209129 177250
323652 381961
377568 391305
329274 430962
404424 376870
167192 59062
382992 327194
18091 296298
112391 488327
266637 482912
380589 252416
107873 425482
366846 40517
245146 187992
236071 115526
273991 319141
248172 499805
29149 244975
460246 48436
416328 242404
286913 4740
319531 153422
19631 99985
284089 187134
479355 182715
1296 201665
311355 351163
61876 216534
287582 52113
53409 124831
397244 257196
156527 299042
18639 116965
116756 230537
126537 437520
393879 262945
402245 184728
422661 324340
232866 410953
149158 115290
31075 311313
299178 379039
274016 38887
450446 255622
140491 271956
329622 350493
126563 115776
279538 155707
93954 372235
176534 385922
29334 170503
86977 346593
430849 261877
335735 308092
88835 298586
408716 170599
462575 115683
68061 445232
452059 298068
13539 331488
404392 277325
289516 270662
226502 452224
483446 433242
140350 39922
286653 91764
207393 365677
473509 199528
91218 237278
237727 280247
206885 452986
327657 21964
112214 193560
118700 64382
303284 142339
10031 493791
253145 431765
208849 463946
57010 475639
294469 277588
361686 327930
368306 116261
79566 317659
265691 42991
241870 159664
259605 363074
360612 467821
79637 629
24519 434251
290852 115591
230041 150660
259354 82155
14641 121430
17616 21204
260333 243853
288505 373979
481641 414661
16456 268267
374716 244333
219906 178475
40493 23621
136732 201846
390849 140669
56097 98366
9003 210005
450130 136627
385921 346448
122971 320825
215234 135678
203398 3021
57424 220490
27649 25853
242009 192376
410398 260033
496039 256533
108017 380709
452240 19614
207028 8869
472034 62143
348085 180905
399132 185310
189797 116363
452565 485530
465554 308120
361511 433484
368174 304313
295508 340580
430382 31522
453799 295127
369410 356657
131565 136205
216813 260222
311797 39581
192757 341669
384287 316463
240575 273022
425675 146140
161916 286429
9146 160301
373189 143083
118552 40595
207046 168681
179128 427925
119097 151475
132181 13516
79162 79563
191149 145578
212630 491423
207166 131692
401909 187258
23053 403751
83976 408360
6468 155033
478245 35506
129611 101823
147407 448834
141647 316918
415362 301594
282126 417963
242387 388934
81431 351909
433432 80296
161175 348547
153329 61824
15941 168695
302857 290435
471928 412142
200965 320197
301792 125646
191466 127104
11539 339263
115561 252326
463242 37631
156644 224780
283259 74052
440755 399440
488273 434019
229797 150666
119499 26586
386255 226739
127957 73324
117968 64621
67196 302445
168293 118483
446122 347932
130589 105226
142505 239549
142701 442657
294533 85713
293154 140322
249710 438793
237977 261625
400138 229728
200359 212218
201964 150225
84588 46227
134277 477711
223684 175479
464490 8128
176360 78946
337766 110241
42561 454295
131086 425772
252100 145017
340659 41828
125298 238873
105836 314461
412771 199964
391368 270462
316160 376038
384286 492729
367831 460033
167949 11026
297338 150337
172928 381536
450589 340699
413113 248366
410638 430831
387889 395207
241217 417509
435957 182059
290237 80670
429765 131484
134716 385156
307342 479704
390556 164577
293748 190596
849 127801
21977 396236
182459 367845
293006 309703
422940 180133
119875 14794
240410 390606
106907 157268
153051 111984
26595 339630
178328 268671
48447 115548
402769 432267
382065 388270
494717 307283
265934 312183
44157 430089
218861 210745
29444 386203
196613 87177
460006 440363
213220 142608
331955 154296
228095 154036
421025 62749
291046 102734
470534 388490
228515 436264
397434 434919
145968 92948
150361 79915
351130 485579
157680 123988
448097 122908
243563 275961
321217 80611
209380 321271
350582 393441
91810 176614
334839 45627
353412 490537
8870 489717
247625 79590
180337 258023
133700 45563
283374 364910
102256 312130
472166 259465
112307 231360
350545 163362
228921 106815
178971 430977
277864 251381
30890 250003
475097 105263
420030 15404
44870 332230
144269 216081
24810 127578
498753 197043
17385 16140
488459 143300
417091 474952
84016 426297
309698 178272
164898 23491
299181 483105
230068 295059
46223 146049
370590 369194
13058 273406
223041 245863
497030 415622
249959 388327
355137 276589
300219 385455
284934 379565
21358 129524
154059 370693
430305 222632
373717 180352
356713 386283
141973 338441
192837 107254
55334 5948
376498 104219
238158 88026
281096 422986
434785 268192
357590 376389
269535 300705
285988 245822
318580 486589
190625 373939
165968 233934
269333 365987
210909 105354
475552 477634
406125 142056
114825 487610
303560 309031
275815 258107
