10000 1000
1623 718
3444 1293
936 3615
3504 248
2105 453
3957 2778
4811 963
630 2289
1898 1550
1803 2878
4136 178
4434 2161
4075 4883
3 2292
3466 169
4775 33
317 4753
1362 1224
2396 607
3174 966
1427 3238
4221 4354
2207 3568
2987 4969
4837 3660
4179 2249
2165 3229
455 2196
577 1799
1205 1012
3978 3716
1682 4270
2363 373
601 1746
3230 2410
3424 1434
4921 1126
2968 3208
4910 2844
2143 3561
4786 389
1655 468
4390 4198
4039 342
4614 2392
1341 1396
1596 1424
1636 3063
1386 4904
4044 2710
2671 4254
3543 1041
4757 4440
217 998
3783 2349
913 1626
696 4709
3535 2135
3942 3024
4147 3811
3816 4847
746 3620
3897 412
3484 1843
2526 450
3960 2985
3044 90
1403 846
586 4805
1927 3982
1200 1751
2501 113
679 3727
2152 4332
4100 389
476 2020
3358 964
1280 3961
4306 2169
4625 2762
2621 635
2569 3948
264 2011
2990 878
3062 3634
2358 325
2052 1801
2114 1019
3675 3179
1343 4535
2022 3789
3291 3581
4137 2377
3294 1011
773 1581
4819 286
2610 1183
4278 770
1145 4691
1803 170
1726 2497
3891 659
89 3835
2445 4347
2680 1196
644 3667
1622 4911
1671 2730
2708 3458
1489 4571
3716 992
2578 3065
1839 3070
1843 2627
2444 516
2157 3107
517 3955
2972 2223
2796 34
921 1620
2046 4190
2212 977
3564 2423
3524 2913
2078 2726
4681 290
3388 475
2825 1185
4766 3911
398 2067
158 3600
4479 4923
612 2996
276 4971
1970 4982
329 4519
1076 2875
4003 976
1382 406
3242 4727
2533 912
374 318
4101 749
4826 346
4464 547
485 4273
1567 3328
4331 4132
3021 1658
4382 1673
1780 1867
4234 2370
3276 3388
4218 3788
296 2340
4076 4310
4047 4921
562 1266
2037 2749
1505 696
2502 4859
1115 128
952 4403
3225 3378
2496 2357
2981 969
1765 836
4641 4457
4861 3067
3075 351
25 2990
4039 733
3211 3367
2652 2266
3383 562
3808 1904
2368 195
2799 1669
4457 1733
4760 2061
2916 257
1319 1985
509 4423
2854 4766
3021 4268
1945 833
3062 3426
3273 3325
1864 3062
3961 1750
2843 1066
3869 2349
1502 2715
3175 2177
2706 3071
3096 4038
1685 3799
3417 2193
2308 1090
2426 2502
1153 1213
145 2064
2661 1898
3695 1224
1220 2928
619 211
959 1510
662 167
4086 3568
1250 2981
2823 3271
1207 1257
3813 957
3265 4800
2063 2880
3919 2792
1644 2357
4052 4116
4687 3010
767 976
1887 3470
2500 2359
526 4178
1946 1839
3052 804
2429 1698
894 157
4714 1896
2339 1112
3333 3745
1204 3333
3945 1990
3381 4377
4319 820
3176 3031
2176 49
3083 2739
3073 3385
3629 312
1879 4926
3204 4678
454 831
2950 2361
54 3208
3944 1244
4674 1981
3164 878
1881 68
1872 4870
4788 759
2109 1804
1115 2817
4348 3231
1488 3659
4792 4702
1990 4167
1259 838
2166 4541
4638 1659
3626 1081
3353 957
1426 791
2707 882
2798 3427
2892 3049
2533 4024
2947 380
830 3265
1993 2535
1194 1398
1099 3256
2828 2263
2951 1160
3326 368
622 1729
4661 4538
2764 3285
4110 1155
2811 1346
3331 2639
280 1033
1270 844
3179 2484
3137 2692
2968 146
537 275
1734 1455
1394 3385
3752 2873
2675 781
3699 4591
500 3927
2438 2711
2836 3785
2246 3980
9 2989
4776 1628
2775 3209
2464 1988
4835 3678
708 359
955 471
3348 2210
4886 2204
2026 746
224 1312
1737 3052
1929 2804
2063 1322
4922 1220
2526 1025
4077 3712
3842 1331
3312 452
2192 225
997 587
4672 4715
3018 1490
128 1801
4110 1099
2937 259
3292 605
4154 2705
1973 3439
1347 3249
1854 2864
143 2035
3131 1068
4434 1059
2873 3240
1450 1346
3957 304
2197 1061
21 4535
2523 1120
4790 4302
2400 185
1411 4734
4675 3726
4676 921
156 1554
4418 4556
101 963
2810 2319
1400 1625
2055 4849
1084 972
75 1672
1932 4836
1490 433
2376 1723
1973 1879
1667 4534
2297 3107
3079 4550
1565 897
4225 1335
1673 3845
3333 941
4819 4306
2939 120
1367 4377
2570 4123
1288 3768
161 334
3292 3251
1897 578
1518 3147
566 530
2203 1687
3708 4842
3478 808
2612 2039
843 3386
4242 1687
2400 1395
2105 2996
1006 3448
4163 3742
3586 1096
930 141
432 1698
4626 4747
133 3387
3859 3897
2280 897
2452 800
2530 3609
4539 2872
3370 3771
3579 2400
736 151
1995 4449
3030 1982
695 1927
4773 4266
1786 3181
1059 945
377 865
1108 4235
1558 3001
2549 4873
3115 3870
918 2252
4651 4329
1906 2775
2111 3091
2430 3267
217 2736
578 4410
4687 4096
2270 3508
2397 2453
1632 3067
3040 3233
1278 1725
1413 2312
2258 4525
3661 2408
4279 903
793 160
2853 1109
900 3088
3288 4682
2670 3001
2453 1352
2613 2837
4480 2365
463 1842
482 4142
3054 4770
3672 4990
257 766
665 3785
1021 2540
2576 1690
4195 4063
1637 1878
2302 1087
254 1732
2404 3987
4636 2762
2285 1399
1705 2945
933 1852
4193 972
1101 503
933 2436
2315 1376
2125 3729
1418 432
4325 2862
2372 4162
4922 4102
2938 4822
4119 4453
3899 1943
4586 4411
2218 2929
2767 4532
1521 3752
1642 3825
3023 1475
1651 3635
4371 1290
4168 1305
3280 4886
2481 4506
375 2897
2336 176
4912 4312
617 4127
1023 2029
1084 2763
930 1273
4432 2312
1604 2022
2424 984
3569 2612
3299 3778
4966 753
1992 4593
3613 2852
1020 230
3917 4918
530 981
4437 2035
3219 3503
3082 980
4649 1007
2452 819
366 4561
1181 1086
3632 199
650 3902
190 858
1463 3588
1299 2979
4511 23
3534 3059
2705 558
3776 2352
2839 4881
4891 941
2814 2235
2411 226
3216 3109
668 2381
1630 989
4498 4360
1634 4572
2499 4299
1508 3587
1253 2338
3178 977
1137 4519
4258 142
3337 90
3076 3910
1804 1055
1401 982
1863 4701
2707 1267
3212 3946
2961 4035
2056 3778
2784 814
581 3733
4422 2220
665 578
942 706
2050 3515
244 2874
2200 4250
2736 201
4894 3731
3281 1575
2677 1439
2158 3737
1091 717
3401 3039
4345 1056
4754 1213
4820 3926
662 1131
1431 1369
1150 2635
4710 3197
3377 523
53 3924
752 3609
79 2276
4587 3786
3251 2972
95 15
2744 3958
1867 13
4861 1145
374 2248
1593 4986
3330 2605
3760 3770
3123 2897
1844 2305
401 831
4079 1199
3638 4831
4425 2791
4746 244
468 2178
4936 2405
4039 869
4621 4948
4858 3209
1849 112
1281 1052
4384 3556
2148 4942
361 2071
1244 4965
3064 1439
2997 3401
135 894
4333 4908
4396 1179
2167 1488
969 2441
2198 2376
3486 4148
2379 2236
3260 1999
4166 3539
2557 285
2967 1327
918 1719
1083 855
4896 3436
233 3097
2123 2313
1799 187
870 2100
2449 2648
4884 2614
710 3826
4295 1761
2525 3846
3444 4313
690 949
160 2216
4377 1290
376 2322
3879 780
322 2898
2624 3937
451 3300
2372 2972
4339 460
1964 2202
1679 3957
2806 2663
1627 1715
4395 4730
1835 196
3179 1467
2887 4262
3258 3152
800 2084
3040 1460
1288 4252
3641 1184
2202 4444
4440 1614
2896 3759
4128 3863
3733 4779
4527 4909
1265 2596
1802 4547
3212 3579
428 3290
2797 497
4809 1893
1511 1395
1179 352
2699 3795
1453 467
3866 4068
4133 4803
177 3770
1536 2207
2147 2229
3924 54
3296 4272
4665 3528
4915 4228
3825 3820
2018 3472
4245 4115
3215 3758
3896 1179
3309 2216
3482 255
4135 3964
2469 3911
3275 2960
198 769
1764 3851
4410 2002
3653 1501
1281 91
2442 4600
140 1747
1737 4040
503 3339
1032 2801
4630 183
2537 4047
1698 2070
2180 4091
2136 1441
2967 86
4192 1587
2869 3989
3780 4546
2354 531
4066 4099
1844 4488
2285 1820
3733 1208
2440 1762
195 581
1419 1531
1773 2778
4521 1619
3748 1003
1280 4420
775 4494
1781 2804
3081 1488
4063 29
2570 3082
1851 284
3 3092
4410 3851
3528 2853
1952 2173
2710 4814
113 818
2358 528
140 4932
4177 2485
1969 1042
3881 3767
3438 3159
380 1505
2842 2499
4662 548
2030 2947
4959 1658
2782 602
847 4037
3900 3123
731 4451
4708 37
3968 3655
535 2943
3857 324
765 4388
1890 287
3857 2885
940 3284
1231 4807
2470 3588
3477 3044
2281 3454
2343 3008
3433 3657
4793 2586
492 4486
4179 3316
3910 3858
2261 1878
3149 2121
1471 4332
2058 2258
2156 1024
3836 4107
284 1713
2497 1858
1272 4142
2335 4955
3597 1737
2201 3239
4110 2870
2906 3906
3772 3200
1749 2937
2403 1519
3466 3804
3025 1754
2572 4561
4390 686
3198 1309
1659 1857
3318 3318
1454 1322
2664 173
4151 4608
687 636
4497 2934
413 3364
1662 3575
4171 203
453 4496
3563 2351
2929 2047
1790 4216
1439 167
4385 3052
3263 4993
3542 3401
3456 3115
2196 666
4038 216
1354 2308
2615 3813
3525 2011
3589 1068
2256 3016
4364 4006
4088 3198
3816 174
3843 346
3386 3380
2401 4301
188 3745
4839 3079
2642 1405
753 1142
3798 1521
1888 2503
3638 4818
4400 2633
4373 3702
4980 59
2755 2186
441 3563
2632 315
1823 945
3115 14
150 1244
238 2507
2803 1151
4434 2281
170 2526
3689 149
1894 3459
217 138
2118 2273
4435 1797
3636 2986
751 3263
3838 33
506 2041
4944 3703
4710 108
3555 563
724 2686
3363 3434
902 2674
4182 1148
1117 2271
4687 642
3524 2469
4171 222
4393 853
4240 2993
2827 276
2687 3195
203 3035
3986 1302
46 3557
2989 1854
3232 627
1013 4475
4666 873
4766 941
1244 599
3569 4869
1085 1051
3944 2149
1766 2155
3347 1194
2464 2676
2573 2040
2446 3794
2540 1849
3662 103
1702 929
63 130
4059 2941
1885 3527
3906 3899
1812 245
3631 1140
1369 2177
84 504
2803 3347
4395 666
4521 1092
3086 2138
3912 1227
16 4739
2398 4893
2099 2640
1245 2417
3716 1740
4484 643
380 2277
619 3673
363 562
28 4280
3388 1209
733 1191
2718 803
2035 3216
2151 4380
775 191
1879 2207
4807 4716
1587 3424
3180 3278
125 3366
4313 142
2553 3637
987 4208
886 1205
631 2292
1516 2594
3088 1804
378 2639
1899 1541
2503 22
892 3116
4003 1384
3469 4550
1699 3559
2066 866
2019 4715
28 3363
489 244
1856 2923
2047 4934
2180 2029
1730 4923
3190 265
4014 1797
1409 4321
4292 4351
3002 2726
1359 492
4900 3324
1537 2162
4721 4982
2947 3242
18 636
2835 533
3747 2172
4890 310
1639 1854
2439 2669
3242 3232
3969 3608
1185 4454
2331 3078
1372 2252
1696 4036
4432 1221
1001 2920
2758 78
92 2059
2284 1865
2275 1534
4045 2803
3643 1516
436 2047
601 3928
3702 3222
4115 2934
2414 2996
1098 3133
325 3958
4913 1775
736 2846
526 1858
1869 3629
3757 1881
3730 2756
4799 1936
2737 3510
2228 4538
1334 1950
396 4950
517 1696
4229 4786
2020 352
436 2553
950 2853
2315 373
2336 466
2769 2915
3579 1876
1839 650
3281 3002
4164 1954
2401 194
2426 3000
2617 187
1893 655
2813 997
2809 1626
4991 125
1763 1198
1978 4761
763 2933
3229 174
1025 3362
168 2924
4692 4701
484 3490
2145 2464
915 2861
3832 378
4746 4141
4394 2065
3821 2054
4231 2356
3256 3189
4518 3179
1466 2506
