10000 1000
4822 3978
4062 1075
2356 2649
3851 3911
3640 1391
4091 4711
4681 4653
1923 4592
4310 2332
245 254
1682 1352
3405 1315
334 929
1604 3209
1913 724
1759 2421
2115 1174
1449 4913
4550 4737
4949 2836
147 708
2754 671
2145 4591
2805 3651
4155 3871
4662 3817
1146 2266
1927 2087
3867 317
4832 1180
4756 4086
1507 4098
1404 1559
2810 578
192 4417
990 3691
1315 3700
3864 1255
2286 4718
4519 4621
2415 169
4921 3906
4558 1974
763 2597
2173 3113
1620 3142
2665 2305
3207 244
875 4437
4841 3098
3646 1547
854 3913
2512 4390
4909 1384
887 2239
3973 2684
3485 4270
4958 2981
1577 815
1059 1731
3779 4633
4140 570
1894 2888
3747 3072
1248 4980
2556 379
4612 1537
4798 981
3631 3994
4427 1941
4071 4852
51 1383
2271 3964
4131 1942
1673 527
4532 2799
2131 1505
4155 2530
3509 4545
3067 170
4129 4300
4883 4783
3568 2631
4761 4177
3912 41
3528 741
1201 1587
443 775
348 423
1749 993
1575 890
2186 453
2206 1294
3545 126
83 419
4931 4423
913 4040
2721 3803
3838 430
1448 1440
4808 1057
1298 4950
2961 445
3699 1691
2140 4648
2478 3277
3254 3741
2414 1050
4030 1114
1204 737
3521 1637
206 686
1695 2712
900 1748
3671 3008
4958 3080
758 2985
431 3699
550 2537
2573 4564
171 1336
4558 2765
1064 1950
4005 4053
3547 4221
3390 1112
3935 1370
1228 37
1994 1022
2567 4616
1407 1261
605 4221
2942 1240
1046 2419
4040 1123
3098 1615
1384 2137
1864 108
2350 3261
2004 4217
960 591
1828 2100
2158 1154
2035 1623
4132 4823
3614 3328
1515 942
4212 1898
4140 2389
4645 2481
2796 2191
4690 2473
3570 4835
1299 2607
823 540
1131 1057
1365 1212
4241 3451
4500 1006
4559 154
2129 307
4201 97
1624 2521
4862 2133
2031 1502
314 788
2401 4078
4500 632
3077 4729
1973 3834
427 1558
2494 212
2348 2454
4198 351
2158 263
4609 3387
3374 4869
1537 3902
386 3669
834 1465
211 4204
4258 418
2346 2562
986 4948
3465 3972
4330 2681
3010 2810
4355 4595
3696 2645
2409 3592
3334 1275
1502 378
2476 985
1739 3072
4047 4446
4873 1526
3319 552
417 708
194 3828
2077 4952
2012 1674
2912 419
4914 1333
368 3701
3010 209
4965 4931
132 3513
2988 3429
360 391
888 1931
2670 2641
2024 1643
2910 4655
2613 233
2581 4259
1817 4197
2143 2570
3356 4892
2611 4221
1001 1146
3036 4740
2716 3105
3090 2620
4618 3476
4198 1254
3188 3890
3251 1137
160 1958
1668 2059
296 4618
1952 3972
2170 4618
3987 3142
4064 4087
4291 2394
1379 3714
3372 1915
2944 979
1422 2290
2074 2935
844 1788
4839 2970
409 1687
1907 991
4196 2985
2923 2010
2529 2628
2995 228
1708 4111
4680 62
3618 581
3894 1377
4917 35
2787 1359
4442 2966
2037 3343
1271 4848
3917 202
268 3372
4719 1174
2299 1178
1304 2435
258 215
230 1767
3145 3919
3496 3879
1139 3072
2504 395
4271 740
3501 3106
3899 4388
2711 3587
4448 3262
1313 3947
3691 2046
2729 3354
2590 642
1737 1946
2551 2360
4794 4804
30 649
2789 1494
1833 4877
953 680
2931 1998
4395 2668
4694 1009
4667 1914
2030 2675
4395 4734
275 2205
1070 1897
4440 4367
1226 2876
3896 1927
3232 1933
3432 2267
4457 1303
1049 1381
3647 389
1156 4406
2335 1221
711 479
1830 2458
2649 1740
4103 1228
3734 3729
1841 2906
3899 1581
823 3188
4995 2552
4797 1626
2037 4066
1030 4963
68 3974
206 2318
4394 4927
121 4347
490 2211
4421 3638
2538 4932
2138 2645
1265 2154
581 1031
3799 4409
3045 1573
3057 2706
3374 4441
1960 3017
3231 591
4551 261
1517 1134
1955 4320
4977 3737
4717 177
1489 1676
413 0
4991 1919
2129 2562
1599 783
3391 3131
4017 863
2039 3677
64 746
4796 1356
1474 4702
1677 4392
2735 2700
3020 1549
4472 2670
1538 4772
1157 2313
1699 2600
3284 2200
2544 3387
4366 2371
192 4614
1334 3666
4348 365
257 4215
4798 3019
238 315
1480 2384
824 2836
4556 4844
4041 4661
3729 2858
3941 4293
4713 1186
1680 3532
3639 3168
2524 4955
405 2311
2588 3406
2068 4504
2437 634
4087 3949
4196 158
2247 2520
3062 4396
3940 2064
2889 765
427 3050
1646 3479
2929 1857
48 280
2555 4003
1855 635
2530 111
161 902
4684 2509
2919 2918
3301 769
1390 4006
548 3837
1912 1132
2354 4463
1863 4830
2558 760
541 148
1517 3734
678 1484
605 2898
3802 547
448 1701
4521 1440
325 1882
2142 4994
2805 847
3508 2637
2401 575
2260 4292
314 4168
3399 871
2954 3005
1132 1447
40 1077
3500 3563
2362 2384
2490 3931
3148 514
3711 3534
2450 4583
2059 2387
1511 2780
4188 475
3429 579
3766 812
3625 1183
1302 2542
1631 4626
3158 1523
125 2761
1359 213
2525 1997
164 3990
4140 2177
3055 4641
3613 1316
4995 4297
758 3259
2684 3451
4445 1891
1679 4243
380 501
3323 2190
424 4095
1467 2599
4921 1851
4797 4864
3064 4821
693 1266
2334 3095
4115 4717
3053 3216
305 4495
4624 4238
2948 2793
4019 3533
4501 2548
2920 1425
2385 2309
3109 1935
2251 2934
1211 2784
219 968
4257 3516
4294 3579
2420 2408
1415 3434
392 4248
1539 2254
520 1473
4220 614
1468 904
535 4904
1016 3853
1827 4016
2799 1184
3305 3014
1546 3617
4937 4088
1091 3407
2031 739
786 4534
2282 363
1663 968
1809 3054
1548 987
3974 3772
3875 3835
2426 1336
735 2354
2440 239
785 4092
752 43
3177 53
3585 2906
3107 3479
1814 3424
2421 4630
1639 2677
4658 4360
599 1872
1470 324
169 1097
585 1479
696 2332
1807 3791
810 2661
1841 330
3379 1383
684 2980
263 3657
1442 4209
2075 2111
3798 3977
2781 4734
2483 552
183 165
3825 4519
718 4687
1554 3158
3483 4834
1086 4997
3179 2855
1780 696
3550 756
4169 2555
2808 3728
4587 190
622 3611
4847 2009
1232 2727
1966 1556
1265 283
2630 2089
4757 2593
4597 1945
4717 4565
4398 4247
99 2079
3975 3031
1644 2999
1618 529
3593 3829
3245 1476
2238 2222
132 1861
2208 2365
1118 2630
4592 4971
3292 4001
355 3349
1266 4913
4846 2843
3404 4363
1407 153
2168 591
2395 2829
431 577
4072 2527
1097 944
1832 4009
1270 2838
111 4644
3878 2003
2758 97
4980 3143
1080 1643
3899 2995
1339 198
1514 3722
501 464
4087 2779
3218 2644
3215 3650
297 4845
3903 2572
487 1556
4242 3791
1231 4987
2949 2688
2179 3854
3334 167
180 4250
758 3373
414 1580
4767 636
659 3698
2385 2812
2964 1225
3648 3401
588 3834
4460 4966
3191 3075
4638 4968
2598 412
1327 4749
2514 4947
4099 2513
1773 1696
4235 2220
369 4127
4870 1793
1754 2254
1358 2931
360 2249
1826 4058
1837 3867
1075 472
4452 612
4190 3659
4806 2261
4611 1170
1879 1892
2456 3982
3299 3790
287 3409
1166 3671
3971 3256
701 1795
3541 2939
986 477
3128 3690
3860 989
4156 3230
448 1824
524 4897
1273 3399
2630 1831
1185 1758
2225 4549
2989 3784
3619 1962
1510 1300
2488 816
1288 3953
3000 1596
2281 2307
1779 3562
4544 4045
4327 1949
4949 2057
3371 4175
4037 4635
1365 3007
383 1044
4904 42
1113 820
309 2256
1931 1636
1539 2274
4309 3187
4424 4511
2424 2317
46 4011
4422 2255
4810 4808
4521 3330
4119 1236
4532 3294
2379 2573
4586 1312
3048 1884
1104 1325
3081 2553
1487 2322
4213 4634
4551 1939
534 3754
2517 4613
3607 3350
125 1612
4012 2244
77 3287
2116 1872
1096 936
1204 809
1583 394
2435 3316
4279 969
1134 4001
3172 260
1282 1511
639 935
1111 754
2544 4055
1004 2914
182 3791
4662 2025
1061 4934
1531 772
1480 1413
2953 2535
2303 3162
2395 491
1197 23
2399 3813
854 4330
1828 1942
4455 3146
1955 2917
3156 4768
4865 3147
807 1572
381 266
4624 3250
3368 1009
4987 3262
3601 4695
1237 4176
3291 2985
3773 1712
4162 818
3249 3462
866 3520
1624 2839
2577 3489
1739 2354
4960 1717
3005 1424
3798 2518
4477 4183
1660 2556
4230 1786
3962 4930
4950 2714
4533 1438
3341 2575
1298 2981
4654 3669
491 3460
1960 1722
3226 3140
2402 3592
742 2518
512 4615
866 336
203 2718
234 1412
1196 4085
4204 3974
3375 2999
1701 4704
2758 3387
1821 4602
605 4630
4424 4512
182 3662
4865 3106
731 3818
3354 3280
3986 3686
4752 4980
2943 3323
2361 3933
4523 810
3407 2385
44 341
2256 1523
2190 91
4775 2334
2135 218
2251 4037
3761 1417
1048 4627
2124 2627
528 2144
520 4355
3236 4655
1953 734
1845 3076
3859 3406
420 538
4313 4795
1483 2008
4032 2598
2299 2546
4542 234
1254 1599
4367 3911
2379 942
4414 2833
1901 284
699 3400
1523 2760
466 1102
2444 1393
4102 3599
4975 4862
2499 2853
2213 2943
3780 3966
342 2829
4852 576
3078 2716
4203 3396
3314 246
548 2315
2173 4694
828 870
1581 3883
1481 1801
4651 2000
739 453
150 2614
3170 405
3502 1637
346 1158
3348 1527
539 3074
2860 1
1776 2373
2796 1046
3536 4865
3732 1198
559 1625
4120 668
449 4467
1009 4988
3047 4454
2491 4696
3263 3832
3160 488
4571 2784
1500 3020
233 2124
192 3123
295 3249
4764 1368
4005 844
1515 4236
1527 2002
860 3359
4064 483
2735 572
1617 4770
4448 1507
2134 2489
2427 2947
4136 454
1362 4551
132 2523
3810 522
3703 2016
32 752
2305 549
3327 3498
3410 759
2198 2152
922 3021
4172 3702
2756 74
2110 1544
2142 4416
1044 759
4029 4432
3283 2808
4474 3580
2502 2518
2930 2061
1818 2935
2156 1804
2532 681
1642 4741
2846 1386
2476 4286
1767 4960
1403 1428
1033 543
1366 1066
342 237
188 3831
1685 2227
141 3237
4366 4283
4164 4697
2209 3540
863 3678
1310 1500
755 3081
4198 3324
4861 1313
3062 3891
1219 4158
2578 2815
3858 4546
4818 1588
3677 4372
367 385
2834 986
4948 2654
150 2690
3286 4459
150 4425
879 4729
1354 2128
2487 3936
2586 4335
3715 2474
221 2621
157 3530
4432 767
139 4763
4067 3585
4440 2894
3862 17
1443 3145
3659 1291
3887 3149
4334 2684
2671 4008
47 4110
2154 4798
2270 3230
3062 4569
3593 2627
4400 715
1335 4950
690 871
2114 391
176 695
4530 1639
1227 2595
2978 4845
2541 4013
2898 1686
4677 3021
3182 1468
4014 2048
4763 3790
1175 1114
3996 2367
4316 2453
739 1902
3144 149
2710 1289
1000 3311
2508 3269
4725 2002
3696 1996
3398 1744
3633 2015
4371 3916
3176 3315
1761 2066
4596 3260
160 843
1812 2990
3587 2099
3302 2997
2183 4302
983 3210
3664 420
969 1552
3958 3743
1901 3401
2695 378
1715 3049
26 1696
1609 1090
4461 4876
3038 3714
3977 2076
4753 4943
3168 3315
1356 2466
3242 3846
1969 4394
1526 2450
1548 2314
4592 2414
3418 782
973 4473
3249 3247
584 2201
3358 1390
1009 3729
2589 1227
327 3135
2892 4988
3397 3605
1335 2869
2761 3773
2494 4368
2827 2517
3525 834
787 4224
2077 3979
998 1405
2381 4070
3997 2843
4554 4457
2367 4867
3130 2402
1891 3594
3006 2148
4182 1827
2394 507
