100000 2000
7049 48726
15512 11839
35466 27405
4820 18785
49457 48263
48236 469
47172 5991
11144 42265
21644 28898
10372 46632
5615 40556
10594 45220
9178 12688
43150 36566
27269 17819
48159 28929
47009 49565
35248 38824
45574 33115
3067 20597
34399 17415
11074 3910
36727 45792
25175 19136
15064 27121
38163 42275
32828 48781
42636 28975
19619 35072
36356 20117
28044 10723
15763 9174
4928 33939
28120 22229
7855 48348
13586 16423
27558 16518
46141 8606
14668 1978
35223 44716
37132 12371
30908 3090
44991 37748
39588 42249
37702 16340
21459 43342
34421 22114
35992 49080
33067 48626
41503 2171
46682 24684
23287 33184
18522 2257
4873 8887
47163 39008
32015 48628
17313 20832
24384 19777
24729 30713
39473 30451
25777 12585
39085 34167
41069 22820
17971 1014
10024 4818
12096 18617
32853 1997
14025 23436
29430 37154
11750 15497
23596 2250
47193 48981
40275 49313
27156 3164
17655 10762
23814 34468
10302 45329
917 29688
45731 7713
23237 1368
12821 39547
20628 31164
24284 3172
40315 19375
19900 12724
40003 31170
718 38400
22632 15739
24413 11480
8560 17501
4059 44475
17603 13322
30989 945
31808 33214
7161 39233
30285 19449
672 31588
30240 6277
43728 6596
29878 39519
7766 14981
19844 20855
28185 31343
3400 25548
11874 17515
44493 18904
5521 5588
4032 23542
36104 43699
14119 27348
22652 6094
10890 4332
39924 30022
49332 32445
31637 19834
15045 36538
40708 24103
35717 34130
29032 41207
44583 42999
37183 10214
4651 6158
26278 49375
21869 36463
46810 7789
13811 29771
17285 48085
9814 13155
35700 38674
21718 18859
18245 13978
15765 41008
7060 7661
929 38469
28167 22559
94 45847
46053 37635
10512 17132
31919 21981
17203 3771
2282 34490
47740 18638
18293 16310
31713 7847
11441 33138
42159 20356
15223 5801
17755 1876
41808 12482
30480 11310
49200 3700
24869 22612
41608 35606
13804 812
20654 8177
17117 44038
42247 21547
1006 1117
7876 3220
4191 8351
25925 20086
11654 27212
32875 7798
11169 36498
8467 2138
30691 46788
27759 22608
17973 35270
13045 21017
36886 9158
34390 43738
40382 5248
48999 22459
14223 39743
14239 36760
45256 8250
33220 24236
25237 44626
23521 36492
10469 26517
17604 40305
5340 18077
30632 10319
45402 17662
43187 49168
2861 40460
45431 49809
11288 43199
48521 3666
7399 5102
16992 23473
32601 7532
26061 43782
9766 5362
41692 21378
48077 39174
32519 13981
22342 18621
33059 47113
21803 37219
49821 29849
10420 39126
14480 41799
19173 16495
29089 8716
34447 18530
24777 33534
43608 47895
9931 24771
20845 34088
18658 4932
10131 24731
24432 38385
32793 34568
32092 7541
27342 17744
24125 35720
17112 6093
23373 6664
955 13469
41894 20777
12498 41003
37691 20964
7257 30165
49164 10214
4189 8274
40343 11572
39980 14547
47030 25572
3756 24073
31561 14381
36015 1558
29763 5395
24236 10463
7263 24842
24049 1576
30637 9109
40356 5124
15392 33171
41583 15133
42139 10828
48998 49202
40310 20195
8238 38922
10481 33873
40950 19271
2835 5344
42617 4758
26448 37848
49781 27296
41548 37500
42055 4138
45430 575
47089 11467
42630 23830
16167 26236
5351 38429
31171 35177
28918 27760
48859 9834
18894 48841
11694 41769
15394 17847
1877 38136
42538 12763
16556 40156
23361 30635
19393 39967
41640 20463
32221 8720
29551 20115
43565 36604
30749 9806
475 41925
33629 42355
46119 30791
6635 7111
12492 710
16502 34443
11658 6277
10358 41553
3996 43721
29810 48960
31977 12642
29771 39860
12301 36351
35347 26144
42740 10032
8794 2122
30343 48734
16100 36959
34018 45466
42371 30288
49812 48705
34204 49323
39440 602
33042 28469
15581 21368
40521 37874
39733 15504
6928 33990
9970 42275
46537 34825
35354 44779
12770 12230
787 11467
24066 23656
45954 6170
11949 6773
28615 10851
4429 5919
17135 27269
41557 35750
40829 8295
43169 23435
11890 2604
10802 29456
39016 46397
17848 21088
31057 5167
29586 49767
7465 49433
39058 30419
34755 32758
14560 3778
34450 17510
16262 25634
20784 35188
19711 42641
47760 38617
31376 12958
40446 17001
32517 24540
15687 16925
2989 7067
27348 6877
27622 48124
12896 36995
3921 19386
6999 36962
43412 23234
13295 26534
754 32932
39608 35303
14734 48216
214 6488
41413 44007
13404 2367
5316 47663
6820 32439
42013 12812
35143 41717
48903 38266
12442 34721
34191 28121
35807 37878
39128 35319
39612 18045
5829 11603
35306 6987
35084 47128
19476 4599
6076 35610
25975 42248
10543 32425
30292 5280
8137 16488
23278 26516
35570 13928
43170 3937
23989 2362
9953 12597
2733 8146
38342 12480
24324 1853
10986 40469
42157 16530
38955 14022
43895 34567
1205 21027
24849 22843
28306 36333
41134 31640
10795 27073
45365 9970
10641 27805
10650 7845
15546 37933
45684 35583
15979 23738
11702 32790
11707 38424
10282 18356
307 35172
13689 16700
16183 21764
16378 31989
22310 15211
24001 41388
46924 42559
45950 32315
878 44923
37447 46230
48071 29339
7927 32470
9666 16481
47807 24434
37822 49717
38482 4613
46145 1567
21287 8413
25783 37598
48463 13282
24055 19564
30241 3136
20619 14665
17 10462
26958 37898
3389 13645
3356 20208
1386 41132
8996 13868
8304 36705
11403 16445
30615 13414
33127 24192
34761 22458
24478 32589
32187 13121
48813 21522
20820 14232
11154 9810
34403 16603
34215 24086
19706 10059
8305 697
11485 6466
34557 35926
39310 25063
30894 13470
38688 9327
44354 13875
46065 7444
42715 25602
19025 12831
39938 2452
15414 48493
21175 35399
39490 15846
20252 36
45195 23573
6004 29861
20402 21585
6970 37223
40807 40996
5601 40686
30104 28335
7089 14890
34895 1690
5591 29220
49864 9377
37337 8196
41335 21792
9537 4087
14851 30289
9149 28096
34171 35281
4979 31451
48888 17160
8040 2479
46891 3435
968 9420
43013 36112
40200 30837
36496 36084
11408 20965
6004 31326
16099 47037
7211 28249
47491 10715
42239 24902
39787 49881
13256 6320
44829 26500
25025 42537
44613 587
40669 9826
48112 37937
4987 42672
38260 24870
8174 13871
15930 44152
29548 13404
31736 3859
3600 44473
33872 28309
33201 29268
42932 14933
43422 22812
27516 20823
20775 43110
43311 35536
43804 17082
49302 13201
40260 46204
33610 45213
6478 3786
49721 30875
48965 32833
16606 35011
42616 14367
27283 21160
35134 39282
10089 12249
49578 13193
14967 26887
1300 18878
44354 19041
23127 8390
7217 29253
42627 972
15005 40391
12448 7416
42187 1862
37266 10802
48107 34443
25976 8834
22391 22814
4500 13864
17298 48237
32879 13933
11270 27643
9764 46710
12463 558
46170 25867
36093 19000
8963 40256
25033 8319
39248 29413
10398 29206
24673 35985
3241 17977
29120 13619
14172 37930
26974 20467
40762 30541
19579 18167
25768 16767
34656 39666
2171 16273
32784 13092
30990 4847
8801 49973
44233 36989
19867 45175
24761 30490
26076 43530
16579 34888
40698 13858
10384 28263
47823 38811
7959 26254
1982 1539
49427 14074
40598 32923
28345 36475
28543 47483
48339 917
38375 1254
49550 45702
38559 30000
35916 17946
33331 36117
49538 35603
43629 26656
24254 49374
23300 41878
48242 7074
29818 14706
15722 2513
36718 44634
6308 5516
25814 37146
25199 19177
36852 22791
12775 22213
2176 7602
25229 11397
14802 12622
43543 12686
6190 21752
33062 43389
18267 23278
42597 3896
17031 1600
48471 30335
47406 8693
14112 43645
8355 16144
29856 27992
20739 23427
19332 37170
13297 32088
19091 17015
47360 7659
39645 39776
7330 31956
45350 12895
44666 29941
23117 46395
8848 16982
41794 39049
11469 20017
44473 9268
25355 12624
422 2055
15073 13826
6398 32258
6739 44601
6728 38047
43928 12826
37983 16783
21186 25970
19781 32724
40375 13056
29487 41219
37382 25047
35549 37014
28737 40666
22671 49413
36987 49917
33304 21753
18723 1895
5422 32739
47791 14594
4874 16398
33026 1723
45034 21252
15303 39013
32308 22420
27020 32738
46617 9490
45666 16614
16425 38499
40311 22507
470 21474
17952 6075
26817 5494
37672 4510
38266 14380
6173 833
12011 12908
38127 5458
13096 26648
48812 39241
47172 19014
27069 38171
49123 13162
37090 1369
36267 11081
16085 16143
47674 18242
26902 4428
47357 31601
33145 12399
18764 24193
42311 15190
23643 20290
190 10664
43659 27699
39154 41019
13782 31677
35246 25819
30339 9114
47388 26207
22639 29254
17970 25944
9735 9122
34595 30480
38861 20467
10837 17485
35886 18406
22696 13073
45224 36412
20114 9305
41277 46200
13038 19146
39061 28618
5108 49972
3394 15224
10316 34026
896 9673
9067 25811
6350 44904
30320 27958
23938 15217
27400 48299
35602 37968
119 39664
43144 13764
21440 5156
4550 9653
2303 4962
10452 12591
43418 18987
26738 17454
44839 12749
30984 21709
20998 49095
43208 14641
43846 44561
1996 22670
38313 47966
27502 31322
2878 45754
45393 23730
46134 33776
6416 39196
32690 665
18379 4967
42150 17070
33284 30810
23477 16717
21540 13254
41199 46238
6851 48368
18849 9206
10978 2690
25172 30655
27799 28910
37356 15579
29790 3020
22118 3242
30365 15668
426 34419
6457 11608
20409 28976
22439 35216
742 30205
4268 40096
36927 26856
47195 8657
49176 30402
37345 46260
6553 48884
45860 45296
10231 42532
15473 41805
45178 46439
43174 22007
28627 11560
569 6781
32236 26345
40435 37160
28198 41701
16135 19069
1777 28398
2420 18484
27254 35666
28408 26418
36700 8765
11350 12260
42666 10368
31556 9978
31031 36999
6661 40229
22111 30211
44927 26451
34894 17984
29926 49064
16719 24234
40250 4149
48166 1837
17109 41845
28625 47303
30447 28693
34258 11118
25649 8961
18450 32028
20866 20520
4151 32246
30685 31587
43798 940
20757 12749
48587 31107
1603 5249
29904 25791
22216 10796
23304 27750
12051 43330
17311 15966
23786 1634
35227 37752
42443 37575
10358 8551
32233 21968
32880 16682
6390 29983
30545 38235
18640 41155
22274 42796
44166 13802
12867 48309
21774 49924
14756 42132
1912 29224
19235 43163
21448 7845
46815 3005
12527 29550
37641 39391
22549 19307
14356 34186
45089 43504
3334 39362
29766 48077
37501 10219
32242 45109
16153 28138
46719 42300
25121 18343
40832 43683
32593 4605
31366 46218
5017 30706
35787 23125
36034 38089
12665 5449
1098 15512
24490 14574
43696 29453
48329 10825
22441 22039
34346 39400
3123 48460
18347 13128
32378 4331
38785 20446
8786 9292
31371 2594
25435 8472
10330 10591
28929 22528
46332 31573
34402 16380
22134 20947
8465 39814
11113 49800
31430 9875
39440 27523
15311 27492
30523 35048
6914 47264
42886 30975
29236 44840
25243 34147
17412 4397
29385 21034
33280 22668
28465 24623
14545 34516
25631 5418
33945 45136
7999 36850
26398 41812
24053 892
11224 38808
39279 2168
1278 18179
24996 16603
37639 17104
23319 13324
31704 11860
24844 13731
33770 41924
36047 25059
22045 3974
11148 2286
24108 31059
17730 20310
12315 15154
476 16874
38471 8617
16566 40355
2500 42758
22543 20272
9607 14250
5767 19200
12420 44589
17749 8759
5324 9757
15060 27690
1986 8826
29763 28794
47391 31588
37314 19978
42461 38359
6520 28628
35121 23513
18702 16778
7091 17544
48342 9872
40766 17619
33877 26489
16908 38534
10775 6043
6785 36631
12328 35275
12190 21242
525 42623
3880 20129
11786 21568
14427 37427
8091 29750
26262 28752
11401 3034
30384 21089
16424 34101
19064 42668
9281 42718
21527 18413
110 47044
9896 3794
39070 26513
18601 41338
42541 37675
41703 12129
47061 10802
44684 33963
12837 31140
47378 28950
6371 36537
19131 49122
21766 28236
16114 35536
2490 14543
48472 1058
28769 5699
14899 1474
30430 13554
43554 16848
44749 5530
20432 19749
37761 20449
35224 28086
48086 17919
30743 28678
20491 23519
41055 16753
1779 31802
41459 28463
29061 14379
24025 42556
28393 5855
27873 41836
19012 1735
9703 18460
20198 43011
18511 27281
47677 25155
28578 23573
34400 8468
47304 39126
45961 42500
3530 16056
33101 15919
15469 5579
45601 13102
18157 30300
5413 40045
28545 1390
9188 21731
26584 38417
5850 20557
25841 39437
37726 22627
4698 35268
48649 36463
32480 7074
48138 42526
34573 996
37458 15686
49353 16031
31196 43733
10739 49807
19911 9831
3910 17251
19081 13158
49860 28591
41899 45415
19819 25694
41996 7383
35707 7628
49837 6884
30183 38842
31064 34516
31553 27067
9467 7728
35566 17305
19605 9268
1782 47335
15118 30151
19734 24071
24038 10337
21248 10752
36907 47308
41143 7084
6900 41293
31227 477
32788 10166
13569 23505
13053 37191
14700 7746
39377 10151
25288 16994
150 28197
37569 11660
12982 35839
20976 610
36111 41798
8323 25664
32064 29958
30412 42594
32631 8661
5719 42236
35372 46668
14456 45713
38800 23935
13491 1955
32843 4270
45213 37034
14341 15205
18940 7411
1490 44526
20137 38069
40491 29325
40221 36596
47949 3562
6841 47231
41364 15699
12161 14279
21896 21078
30352 46485
13312 22418
27861 43578
24902 2336
14980 19034
46290 37896
11033 44834
13304 31846
18432 38065
18535 30995
29125 6995
28255 6446
23753 32631
41891 38591
8609 42722
45932 38537
2732 9082
4995 14275
24373 23162
603 28722
15174 45747
6047 37524
42958 25201
8039 42984
105 36917
6419 11212
4323 27805
38050 2048
7010 42631
34209 39246
30832 27330
19621 25851
37733 33487
9668 12367
38339 6817
31236 46908
4706 19217
20163 20283
3630 19389
16714 6050
1897 9605
24720 43071
24628 36150
20218 23629
40185 8784
18004 10842
43946 520
14714 46078
23033 44353
48739 4267
40338 46474
15115 45631
4462 2085
4569 24079
47838 28126
35896 1863
34270 13463
29698 1850
37646 10575
26767 16759
111 9747
671 18907
37729 41129
3917 6924
20927 4853
19964 48515
35641 35123
42363 12809
39417 7733
45649 21273
5271 14273
24826 2322
10193 38013
42103 25019
38551 18741
27755 13418
13857 24326
33386 46637
36784 49671
3910 29057
31700 27561
29116 46027
44554 28278
42478 44065
32830 5949
6767 39027
31696 20209
34710 48894
29067 45282
26408 48180
19676 22890
31075 22800
33160 42177
43457 38316
29276 39496
10580 33154
39432 36099
12429 34314
17540 11036
31482 36093
37596 47569
6196 44281
36001 8577
16036 37090
40606 1338
43326 12885
14409 44445
32931 44067
7684 11842
39127 44460
19666 39282
29873 2463
38528 42033
18230 48639
24203 1281
850 5808
49129 14859
46486 25407
31046 44793
28372 15502
45599 34799
42364 26298
40666 11220
49355 37554
40504 49805
23430 39590
24119 8266
40713 46568
27659 36002
39697 7197
17673 25070
24214 19740
11853 38946
19009 38193
2909 16071
14494 39433
28392 44547
29729 34015
30353 16946
36001 8798
4122 46652
34843 9957
17067 39152
19094 27140
43521 3039
41706 24028
7971 45296
40390 1661
16771 10034
22769 14883
25298 12644
25010 23551
44679 16890
33202 187
17924 48427
9669 37544
15847 49836
803 38194
32814 8140
44665 32235
29655 8548
45819 34197
16468 7980
10539 20929
9810 10064
12342 6158
28804 2413
5356 15061
15094 12992
19815 13203
49675 36664
26846 43858
35625 993
27151 32318
34442 7242
44174 6455
1368 26908
31115 6631
38370 16972
14712 17485
47177 31225
11439 12981
10746 39306
48090 20056
10511 28299
43642 398
44469 46687
38391 41511
27302 3048
40811 7286
41472 12870
19786 8427
40127 45563
13155 49856
21103 22380
5355 9594
26133 21010
24757 37079
10169 40825
23509 30212
21202 47653
32278 21547
39357 20589
15379 31778
10055 41465
9145 45631
14872 11392
11940 43375
9630 4875
40008 7872
3293 30707
2856 27042
28355 42686
33013 18570
15835 31953
10939 22008
21699 31803
8148 39048
47153 41152
39076 37531
18066 3174
28444 8752
33913 6623
1975 44083
14408 13855
41666 9547
18164 19157
48550 24272
5887 15474
15016 10130
2050 28721
43154 28675
20961 10516
41349 32038
28967 25436
16649 15096
27686 20520
45139 449
48695 13796
1588 36017
45974 41337
2308 23462
23095 579
41521 37383
27702 41216
34409 41803
41874 13992
5387 10908
40174 41611
38071 26201
4593 32164
31328 32804
26671 47951
38638 42541
19291 21931
14400 14604
10458 26639
14939 6505
26803 18565
14836 29432
41991 43724
24771 4085
26221 44955
34951 8079
1352 30921
46173 30583
24367 44471
20492 42763
20587 45166
17031 4813
39272 25715
17110 4492
9237 4052
6735 34153
28250 24647
34036 30805
34024 30848
38809 14950
6779 16770
44270 19936
40281 34659
34440 29640
15195 31936
42310 14133
2721 20797
49814 18824
44497 36292
1331 4177
42428 3689
21656 14391
37770 15712
36076 45413
46762 38884
1540 3276
43709 20427
10596 48937
41328 44706
9592 1787
13262 30587
26508 46785
38222 26605
18908 10278
45108 353
46149 15817
32271 42245
12013 44486
42940 18307
770 27683
44576 45858
45348 3133
48669 1460
34602 39415
6317 10534
39514 14790
30479 41519
25656 5305
30643 4294
46548 27474
4841 40797
40800 39603
7215 11094
4229 27561
32238 2765
31771 10317
315 32074
25255 45045
41629 974
41340 61
23322 7690
38459 32973
17734 22793
15910 24137
45446 46179
26559 22140
48714 2933
49923 43551
14386 23527
40090 30089
49900 19239
48976 27306
45676 18525
7227 13732
34858 42127
1024 3042
42049 42489
12972 41486
21762 4100
41422 6401
17684 31151
15578 33601
18152 13288
24669 26954
40609 45145
3878 27960
18299 14847
2065 9525
4629 48122
40294 13392
38809 49893
41087 44723
29078 14812
23539 13113
40469 7543
37045 11723
11445 42974
5856 22007
34362 14094
31010 39437
34242 27569
3569 24094
41790 12585
34908 17146
34979 39542
38600 16314
27314 31315
46511 32022
48151 11751
28907 4327
27369 19761
37367 10633
44153 8578
37022 13952
31825 3663
28477 28828
752 322
49166 18897
15961 22622
12685 36113
30760 14856
28846 20175
17767 10597
10227 16038
38592 8769
17879 48885
4158 27337
11597 23643
41257 28876
20717 21460
11948 14343
41709 34442
25774 4680
27162 17110
26772 40245
27983 19678
4285 2654
41190 43182
49919 33487
11729 38813
6107 29807
13933 43829
41976 49106
35691 15810
47874 27231
10600 17986
34477 35691
44481 270
31724 42988
13709 24198
6087 44049
45117 43835
32851 32091
42303 31005
2983 16384
44928 48432
7554 7099
32764 15851
43212 22738
13426 46241
13863 26411
10 24904
5924 42510
38940 38971
17836 12392
1373 49788
1564 17482
37894 521
16464 3962
46007 33254
2545 27810
2064 20262
46946 10467
43539 43220
26299 33470
2836 8134
18870 21512
22661 4712
28457 18728
27140 3351
48400 25719
21052 5457
32083 20280
10546 4196
44231 12187
13548 26379
27960 26371
22075 14685
43452 30887
21054 7916
46809 39409
12496 3651
15222 23477
8394 19890
31181 19508
23233 27919
48505 5985
46008 24643
49327 42119
539 26800
44819 49923
9477 44468
49677 36609
15877 46641
3747 27987
49397 26632
17517 5231
2570 40494
6459 24793
32062 5632
23615 15708
2582 42952
29179 45105
39811 40387
21772 11902
41552 23083
2254 21915
40783 20982
41901 21057
24193 13591
425 3703
22429 37209
18176 38726
24338 30342
6866 42944
26099 35761
25375 45051
24140 22501
33717 19730
46512 18839
830 505
520 30713
2634 28745
28530 28344
30193 5703
35792 9307
1496 3556
2293 38283
37353 15920
2069 29107
18106 4056
22013 43180
47970 47148
47877 30151
40466 22872
23375 6425
10839 5889
31421 36512
12867 29995
26030 38391
45273 8062
28000 13758
1293 39172
7505 16497
39674 16991
48298 17687
7451 37826
17512 49010
376 20039
48321 25794
47016 15310
16962 40423
13056 48786
26937 48993
10981 21904
10889 38193
30538 6308
20448 7303
12073 26247
47791 48865
1301 37952
42507 4828
41332 45281
32607 5678
44176 31396
26348 10617
26595 7925
25974 2034
4735 21974
18629 28197
49352 36428
2193 47788
4860 29652
43171 16927
45076 28510
184 40579
46630 6853
46454 4151
24642 42469
2412 30812
36605 1847
13968 28446
41760 26487
45914 36823
33230 8045
46414 14311
31827 31658
30263 28553
4035 43510
23261 5418
21421 26333
2194 15133
2767 43816
38000 4317
4165 34236
22847 47903
41076 30327
43166 15426
42694 11707
41841 13331
8940 22531
37666 49752
8758 7008
18078 10855
45656 8309
49661 34145
35403 44672
45625 29360
11666 40722
5595 48549
17630 20447
33137 41820
34019 19919
22777 8398
42171 22488
3752 21315
29372 35991
24745 25147
40576 22065
29500 10670
37705 41834
38293 14983
39048 12127
16079 47356
35171 41161
33221 40252
37729 21611
6165 47057
21849 40625
19429 15074
44919 39945
46973 23320
18449 48918
884 37942
26658 8187
2435 9706
20196 30477
25488 34342
17155 17453
37653 41202
40729 9652
29514 19235
9136 1037
25994 34879
24431 30456
11194 29314
25138 49296
30202 28880
35589 31975
21346 38954
31084 27587
12349 21730
44671 44085
35580 17570
37571 3452
45482 29765
30962 4138
36097 28846
31052 37842
27354 20296
41024 32401
33167 14501
34435 12597
19614 18996
32359 43796
32727 5598
1675 38319
21984 49343
4987 16668
40337 20225
18709 22850
42955 44247
35640 17107
40394 12730
44258 10675
172 45070
48348 34766
42722 28358
29733 182
30745 13389
34585 4360
11774 26234
39938 14911
8221 27046
26322 1728
8533 43301
38697 11572
19370 25930
18978 1950
22260 9650
323 46602
12350 33246
10287 43689
18262 27215
1139 49666
6445 14033
21183 31005
25612 41867
30758 3509
31425 37057
17049 34410
18515 10125
42689 19912
38444 14794
10191 48749
23936 14218
25109 30191
7095 4428
17915 22510
22228 28954
34606 12033
26914 5933
42972 38440
26249 38226
6675 48714
40114 4229
8947 35766
33454 28170
40423 48931
26868 45859
7271 49599
32442 47397
38260 12574
29900 23804
2045 34435
8119 7318
45622 15317
33722 43886
34095 12033
36665 15577
6894 49379
20832 31961
16923 17131
41775 42911
5126 34010
49300 43944
13019 26886
40595 29674
19886 4377
44500 21585
5844 3606
7258 1993
17918 9568
14716 35611
49580 38773
25881 1994
21462 690
48128 3536
49759 23794
17413 48935
45733 24798
3103 47159
28609 30331
40048 43542
1864 26461
47740 19696
28933 3965
5717 819
41956 10797
46598 46607
23463 37284
34523 48658
49473 11887
25056 5238
46500 12608
49139 126
22159 27848
37544 25479
3128 16489
22467 22192
19460 6612
3185 43806
11935 25371
32142 33539
29237 33528
4809 21019
39783 33571
16724 37367
33397 26973
40049 12788
43711 31341
39760 37633
25841 10760
2368 18387
41856 10667
47505 19781
41746 23366
33427 14137
43922 3931
27386 8411
19897 21740
21469 29939
14563 49072
29423 35664
19684 47127
24718 5185
11144 12058
7973 1560
38605 6497
20286 18706
6194 41412
1060 6137
25715 20876
12412 43578
15862 35087
10458 17530
38376 1287
40435 38856
33408 40123
12960 4086
8027 36726
38949 40820
13296 39169
29993 43674
22491 461
30565 29141
11931 9407
2300 48510
26944 13488
21193 22224
17837 29238
49674 11010
49683 1904
6568 13460
43985 36907
38478 23392
2384 31228
7119 3288
29349 16456
7767 39420
22881 14966
16142 42679
25035 42946
34796 38205
37643 27620
44872 33402
16043 23786
12220 44101
19944 18800
8275 38103
31636 4119
40049 32798
10892 37608
16153 29111
16200 5553
46438 29875
10975 6570
30422 40762
47807 46663
38152 6661
11391 44381
2350 2924
13544 40831
43228 49379
9434 15373
49758 21896
35730 1692
8428 882
6914 25947
41266 39385
19660 11207
26952 7400
19400 26991
24201 43713
49708 23964
39176 1151
26999 43337
36966 46896
7025 15924
39018 47823
5864 42190
25573 28720
10858 31657
23606 43376
21463 6127
46656 24699
37519 31072
48517 25458
14891 12182
38025 38122
12079 7687
23115 18565
41836 35930
40268 3897
30891 29924
28354 10897
34183 43029
40938 37701
48061 18013
37138 19958
25756 29797
12460 19960
16884 38401
27506 37559
7697 31432
28106 21227
40385 31559
26681 12663
24294 4829
24817 31882
43636 17553
11212 45944
17583 2486
42872 25772
15257 26793
22959 11366
34964 48535
18385 36692
12039 5232
24764 34893
14242 32366
29505 18435
10808 6342
30515 21934
1765 4711
24053 20296
40114 21620
2379 46434
36940 4711
4802 6062
33470 34839
14185 27581
39798 6002
45802 44183
20299 41417
31140 36091
13814 1168
41010 44607
32306 33629
35910 42200
3928 44075
49950 39425
7581 33914
33371 12651
34949 27888
4330 38483
39958 16807
11496 33577
29631 36833
35210 7779
38823 41831
37019 31403
28301 36603
5793 7609
35046 46140
10684 12698
48591 23274
4497 15005
22552 27181
10713 5833
29560 10044
42032 16583
39780 29397
32902 5614
1923 18306
43815 46636
7703 46453
44994 7818
25129 43276
8454 16506
44980 40622
23393 32116
25071 4812
18494 31551
24190 20932
1745 37109
44115 32068
2015 38932
15520 24513
1699 22549
26394 39816
16242 4949
40856 8843
24468 7899
17482 46501
17634 41903
42329 997
46595 31074
12800 36198
40963 30463
