1000000 2000
383695 325188
301554 492682
153921 356353
423388 369573
27723 447351
357547 12082
114178 353952
438175 311855
118537 289161
72483 226428
286166 473092
215049 112850
422963 305287
485354 156798
483955 149956
299706 282491
162776 422451
166617 2664
409404 254409
78635 430407
41080 406754
152323 138917
310162 410125
341270 55530
314285 184991
124591 32512
384384 367776
312204 92461
480702 66105
333599 408829
169410 195824
410952 227946
264777 148520
241615 42697
122310 439412
135097 265323
399391 227823
289326 350732
499036 218507
259751 230907
66551 5355
460197 335996
116262 281854
467689 263528
155082 235941
350865 306417
16922 157570
344392 142098
158414 396063
453762 245529
323814 379029
43792 124932
195778 435556
411398 401138
157164 379318
176430 334187
73335 88475
333754 116614
138493 415274
435621 116804
235618 290796
448769 261758
470949 39406
331295 141238
39962 286047
77746 232543
127585 195620
389750 27871
424616 235752
387096 356785
114061 441683
404505 123167
255954 193454
335307 245398
159364 140579
77708 246951
240429 48872
180557 166031
439713 64782
180353 387751
148583 266001
298413 385901
434592 406876
75813 23445
443161 154148
295462 149511
397961 407757
485580 424826
253577 419949
58829 242113
162814 169321
143329 188728
34025 99195
82580 258941
128375 464076
222223 80818
150925 294979
374885 209878
85568 14179
302142 440999
13590 349272
31259 355667
490638 461181
195875 282480
415450 426621
167035 151637
343065 86110
463798 381844
33319 266478
65532 411323
93455 394989
41150 332831
222737 284096
130067 444090
447121 209921
184781 69879
77061 146501
175982 243572
268916 435190
436939 362363
241759 305367
463997 414793
475185 389225
451237 115676
176659 85057
420780 139642
420016 365964
301729 422082
143473 41412
474483 143908
381337 458693
4208 569
119842 407973
405703 354006
76665 220682
255078 106533
155060 465164
210831 412971
294819 39809
256480 194636
257466 142452
232867 249885
432434 266532
216588 141057
346038 84053
445543 182293
161211 87766
258697 322744
443616 286948
425423 65810
42701 34283
477566 341325
245404 240539
16700 306447
402817 117449
488825 349480
379595 484813
211026 92936
410955 469895
225115 609
249906 474985
484487 451364
327564 475447
284980 152155
177847 33577
257387 267895
397021 52039
1746 38796
192518 324468
315451 330907
415030 269844
31726 253541
468240 172009
10926 267915
754 275953
289704 236443
96085 38667
363309 112740
15227 104292
198644 402383
318655 75269
174946 253069
490772 252872
244671 131391
97481 96708
386233 141736
249474 400928
89946 385195
199775 160878
384283 50583
337753 303923
377948 92798
274525 291635
224420 370957
383092 330395
103066 301702
386384 382573
352065 191868
181711 21891
280349 261711
330656 310037
464070 388255
114837 470511
462274 200718
137456 363584
243925 79428
178353 229636
257980 343242
431958 296597
111784 122879
17913 122158
408544 426433
164104 363046
343191 361415
361416 150746
323839 93718
43610 84658
475016 129777
392727 469654
263522 316077
92549 345465
333003 265268
318883 259208
28290 128216
407654 355490
419884 128661
240269 388060
416932 444550
193044 23073
380308 336459
95738 251637
47157 133075
193725 167870
343903 203818
59499 185110
383892 333183
330623 196801
448381 308161
408303 378809
81455 285323
266081 377659
74289 84618
301516 426577
341202 354037
213081 51654
450350 116749
239036 36029
209687 458166
348142 224597
247999 61055
265164 101216
52089 402026
442853 209871
492638 62833
135946 146003
410526 132047
318582 242161
171522 219986
34389 379547
455555 188646
243218 301813
446240 1182
446956 251689
468698 442363
247803 100244
14829 385417
364307 205568
278725 478203
350266 318666
48112 483894
397872 210680
17614 443442
26062 408223
105168 74087
139200 260606
118499 497778
196040 263931
422267 450029
209868 310783
20246 467047
290386 271914
192383 199633
333453 231231
239200 379029
412054 277044
286491 388335
125025 466512
162215 20693
176132 69974
71261 406311
250286 89486
65208 384658
270339 217500
475832 111700
493425 374405
133218 219365
373061 69938
20846 31806
205089 279174
108261 270051
214144 397198
377777 138022
344191 153888
255287 186487
154465 145524
497646 87571
299656 411418
489010 147278
158394 383766
390574 277121
370894 307308
119542 18992
42859 360334
428030 278371
253348 349047
230850 119166
199205 17443
162471 459443
459226 59760
437033 173959
160261 39553
101364 379686
305007 83623
382934 12410
331628 28624
241060 380138
212024 401623
382488 378966
292024 171818
195016 113578
333728 450117
150189 98536
477502 163152
365460 182214
186051 264917
404799 327186
308213 285310
326187 255913
316915 425287
238133 23360
360720 473828
181643 111629
201202 463242
174020 101689
29084 366202
185071 13458
113788 164547
474593 485227
373928 261303
458597 334282
473907 193324
283492 334511
236725 313309
126803 266871
269995 301261
30894 493562
317318 451624
82371 210387
192923 35681
197178 127404
25632 326649
270834 292307
208145 253961
38762 464496
27039 335059
102358 39280
292746 250051
102488 408538
149806 190982
150436 322988
349753 6779
235568 339912
268829 120812
157591 211939
472443 472285
414305 136106
297798 255822
351813 485941
469892 77983
226361 394972
83938 33318
31036 495639
400861 394515
389720 449743
48030 361428
321055 98734
349335 23025
265800 295805
65772 65987
244499 114251
21264 393635
382897 180709
233497 47343
421135 115847
225757 240553
270795 103656
227642 479927
144641 4832
59527 110621
66697 376786
260052 400885
452977 159805
356827 204426
397923 436785
364219 384824
270518 406123
92193 54597
374913 257623
413389 204304
280848 44157
325852 124406
193468 400007
119992 452606
466848 266785
425166 65832
266051 418921
248300 182416
249038 437523
11096 1524
302317 499030
104626 197491
162643 227472
444642 465608
455048 162686
387527 2591
346692 270170
282431 286207
80182 180629
203296 449278
160826 218553
179653 99191
244310 355171
32490 115413
252928 330861
257958 282959
190313 438103
32994 64499
405690 139035
235155 156615
358113 201618
444053 431922
21763 183355
426294 365277
67228 484773
43248 432423
283722 380230
427895 112375
462911 262023
337998 289139
170271 77803
26102 70759
30701 363552
405800 268747
304533 191142
28413 303151
72530 29951
96224 344582
23724 100639
341118 345825
94950 278280
404771 282188
425519 39257
221249 222281
254961 409586
492391 137528
340289 116798
362718 316937
471838 446386
453036 407707
432639 156966
202719 161364
187286 197239
399868 370800
370255 276957
401562 270057
332689 64531
454189 173982
440235 229286
281421 182712
182278 20804
443526 84124
431778 259541
327570 463647
100415 172351
383054 75272
124435 141396
366027 182428
15106 6467
454982 6432
164618 74516
333508 402623
58338 274097
270826 1452
135207 66618
157502 402966
262114 43569
184564 280191
61423 198717
484440 315264
135233 179127
153927 428364
114881 263830
51718 323315
97780 336025
403121 333768
407177 192066
37208 475123
135173 7634
236734 472416
206179 81499
407253 163968
79191 249435
22382 174367
185415 219492
324120 489025
484806 202375
160632 163028
180020 223766
390633 456044
4972 327375
457567 287165
6011 193933
105905 9639
462176 471520
371829 431423
138817 196037
334065 78370
427039 478597
293247 370123
413292 147496
366897 311254
427414 115601
305050 338685
28579 478012
99840 201295
209298 464400
474096 169928
253204 76450
269936 6453
115037 411187
496230 144655
34429 186406
219036 465283
206579 454744
87425 141420
326889 49468
213922 320634
273715 124951
351901 42708
271924 238698
193120 319946
31479 193497
127187 155386
252228 278816
275183 327765
420384 254502
264909 479461
419261 273372
128568 278045
245878 32424
352848 383634
79869 243786
169594 482709
28339 448270
11945 59046
482456 340307
120908 286258
140424 265136
233868 160016
475262 300965
441808 135709
98522 344231
249991 396946
388702 169731
231428 431835
419010 42409
444042 468621
315465 432765
286377 133174
373408 284479
99209 373267
343489 74312
255087 58207
497772 39990
207462 251512
357432 467444
364877 359012
360913 62170
78470 477407
343603 302391
353901 110793
132115 424979
460025 207965
427794 347060
17995 182799
199713 429618
259704 468214
372847 291190
342019 263943
13515 30694
442952 116826
78257 202176
125650 411404
1735 119470
452414 205026
417082 399883
141935 290253
269068 394661
405309 302941
149126 228707
444176 106697
433627 239393
313366 254782
101037 149237
74641 240149
313879 298179
336193 391736
181788 42564
45785 163340
12917 436730
13789 23846
456356 299306
180033 321979
481605 106124
227665 447440
450290 330645
231336 201285
139619 71377
412926 424749
8565 50513
15596 366891
336295 350095
489526 321462
168547 268614
399291 281583
357392 161103
60542 452245
146135 256486
329982 8000
356114 327843
356239 103359
43104 146461
210602 356494
400604 285216
470542 84635
421400 473443
454021 209244
148676 66538
235766 401006
250071 435282
335938 375821
480132 67686
351677 349426
6588 297790
20825 85898
89871 483990
464880 486759
173908 404369
396441 321624
140353 87113
335251 199081
196593 229604
244964 274430
57592 284622
390457 23950
144641 122861
278443 288462
338771 124264
50656 218
168414 190781
331403 158805
125683 226552
290812 275921
209255 82084
222224 282281
200733 215471
262527 474354
317266 187413
457340 252917
246652 417663
274127 25645
418307 300760
194124 167649
185818 483004
384561 150722
153415 317798
411166 208522
34348 186315
327019 286336
260337 155484
447330 142105
209719 19774
371411 90123
28224 144339
404112 319251
311174 213745
396969 309322
366245 122948
143756 309501
169332 415188
360061 475654
113077 463675
262034 381619
91778 484659
456753 234806
183638 477989
469569 167970
325417 458525
465609 247377
129899 465870
121859 462655
290434 411781
125844 91857
428737 478278
171848 155815
117415 290629
367814 87671
483416 29631
30892 409086
101970 363511
345217 483234
74693 321814
386914 141816
103872 367095
77734 432507
59215 461966
467730 211777
479996 363529
315281 50389
168764 174649
401189 290390
201383 358669
171270 455951
107841 357868
499167 39852
35982 130797
387244 135849
158640 92978
256191 253353
259571 81176
245291 395747
6896 495255
472530 361153
77202 419167
158225 282064
100672 485146
16583 432260
54579 439019
387676 403857
260492 462954
300430 311002
351179 457868
367225 429552
236525 12625
70959 275759
364058 469314
400117 178643
452680 60645
36448 44420
412360 361584
275877 277999
346969 148293
132166 25229
468600 316508
15021 234795
474948 282479
479423 272455
45916 101863
97866 251433
159076 64038
370130 10371
69577 155086
426003 334669
487004 293558
399176 434132
301817 242201
378415 400987
107733 407062
347149 119595
83433 250824
53327 377380
428799 224341
290508 147089
201274 473307
370463 352301
408127 197253
429837 402500
64149 132785
55114 9803
288983 73069
290417 3961
76290 497658
258717 314187
255444 12867
192089 122357
146844 314747
416487 319094
415067 296608
76365 246553
31537 375295
147375 211435
326911 194686
474185 407980
214505 205887
428601 176862
54816 348135
166585 270423
283821 468578
75956 349562
95598 43623
325931 415068
411356 174186
396057 438687
124276 474633
423798 166834
55151 482693
31793 83551
164658 243295
69267 204693
487761 84145
437341 170832
97203 125173
154603 142987
12617 294810
221422 224506
131159 186835
236868 258708
222444 187983
458543 496823
486327 328773
209801 15282
196369 199768
362068 149113
104198 73441
200152 173927
132925 104687
271242 196484
475208 359235
321129 281647
83885 176298
432873 344187
425171 62845
472461 76890
335806 179059
28352 235100
292053 478967
182288 240979
31998 273406
221635 177997
405798 11806
337881 392672
47682 369000
470190 451432
303585 379114
425282 146183
260444 359560
462116 489568
353216 49984
73295 218934
449755 396661
406527 48378
141905 401660
319040 79577
481820 320545
340530 185362
107802 317737
8185 40427
79848 372233
328922 391299
377507 147179
295004 119224
70706 438481
423156 330413
9480 451180
17796 304090
427268 19436
424062 444292
55881 7949
344314 106701
411328 1097
221625 398408
22099 470409
398077 115886
332775 472542
117333 212150
47892 303733
377946 10080
154316 232516
281131 282059
94088 23678
163001 237197
198385 469758
448579 182811
111975 331936
88603 184986
90107 198180
199123 72094
385602 481983
65725 402837
421146 360363
456240 227736
45071 5409
9924 393141
76017 495609
73479 207363
413630 454808
186911 31804
101280 442533
58061 37638
160220 39287
319064 355957
152973 146089
209512 327467
50478 16731
272351 261232
201773 472696
17452 358850
322927 176078
143715 255702
78383 370251
209157 367375
318128 457705
95443 180752
342765 184379
261464 399844
474238 428986
166134 306362
118469 157455
364351 254176
335162 263125
236156 289759
76562 23793
476824 27579
332000 103373
426443 280360
403178 392936
156489 454968
278548 126468
75608 248502
460234 230225
402032 481179
87301 342411
35081 426296
457702 59153
225107 476654
167644 230250
487336 492978
495382 323689
35651 285003
343600 398830
230809 77648
81489 84710
456426 43639
171145 222547
72471 142325
204100 400053
119178 447468
244668 479285
147089 162439
50679 485743
442291 485242
71257 201124
105071 420544
213423 309526
483126 253907
344161 45657
4332 388197
72748 224546
352237 115938
384638 261111
477606 201362
10306 20243
375011 314123
329920 85960
334528 274949
123257 425307
63775 427936
250508 350369
187320 298287
456120 283298
411422 321680
267049 460847
416689 35248
192804 161938
16521 139086
383163 245025
51106 139550
447607 442077
446338 219932
444332 371553
62167 19581
36898 136520
456024 41533
499181 213959
294287 205755
387954 302222
404871 21428
159362 414144
453022 192723
259471 472920
181339 153257
290384 301415
249926 264335
406603 334702
209089 168451
407779 275319
111233 440976
156123 80898
438614 339068
314360 400759
459006 476921
333803 330666
136435 400818
113174 45506
274645 74116
269253 203834
343484 234121
468108 352631
437079 363943
5114 112614
52309 9213
99591 403725
61224 142886
380529 374104
225736 167192
178785 410938
181389 139641
461543 89460
123651 320386
414938 379347
296173 369848
392192 3750
62929 113869
12454 355541
227653 355947
92193 124024
367400 183284
463776 238531
409218 328275
458392 238717
8518 183120
276857 240936
385511 227367
168375 80310
369620 498951
421315 288219
490320 178547
180084 362289
328234 83291
200488 340963
83465 491236
283740 364260
55024 8726
239994 427043
219276 447663
294557 135765
334288 257139
479934 233306
143573 21033
462117 393970
441414 147964
274551 278029
248025 444176
381978 195401
40517 77779
53327 131051
404575 103356
292546 337825
349278 255407
188332 241129
281416 357549
357689 271361
425017 118893
330227 322851
418151 288573
95976 369103
227085 427747
5368 487836
478162 296459
95594 430000
264211 147881
73476 276996
417993 328108
42652 371498
196492 253133
310974 39998
352890 437332
33422 490967
50960 490598
39992 237636
85775 81440
193519 214350
474673 358805
232942 169928
264636 33085
248923 498501
37553 22729
183120 36419
339341 405681
74758 72230
497865 339820
448166 383891
117758 458502
135183 31777
289980 244316
319757 30565
184578 387110
466226 448821
148507 401553
121571 200811
59386 100887
5612 47167
493296 442582
273500 417035
53448 262375
28168 164308
370951 313655
179858 347949
320760 165486
320929 20111
3575 6780
135264 25817
181146 296808
385364 460561
495173 158437
331043 301821
170367 184264
129907 289894
179308 195661
41097 78726
254861 380997
283225 194091
493077 152424
38988 24175
429427 442139
301202 203381
206166 360364
327107 190342
105902 465305
436423 473910
256612 414398
344998 5260
306748 83754
41086 321958
153613 243242
164200 146004
343676 342554
169978 92416
265282 281850
364436 209619
480082 413325
357056 327468
63874 445951
120498 67049
420606 421349
104404 280018
141235 187405
281253 97104
59782 88374
478322 236325
472624 22757
267264 413975
357788 269282
167478 233184
334494 321508
418803 151767
491527 151311
473351 375607
350278 121192
267181 432478
105488 88034
285646 289266
260408 77823
184247 54765
160346 342721
489385 72740
459170 28948
427865 470158
392009 431190
349997 51054
335272 186506
270698 73160
457287 38413
176640 100521
65704 153865
182179 300157
349134 104520
67212 182683
149458 210076
401623 299750
220667 101345
475154 70818
484222 242855
229103 490580
93368 21346
456047 473820
45556 122888
386047 357193
425415 235138
237554 380605
360685 268895
315077 472569
452113 195494
257586 269276
216026 12460
167988 188205
222936 228364
435520 314655
255058 460476
75274 410374
164051 214859
411385 320293
25396 255408
452318 178454
154118 463946
83733 10555
444342 33436
12402 305231
297641 283500
185385 105434
349312 342885
281700 225426
141682 139137
302016 92077
115294 417547
343719 150358
386000 480778
473538 358939
466082 413981
224167 402874
125831 420015
455011 378698
227784 250296
322448 415389
113581 299318
75001 451582
405700 47980
230349 37769
351372 102562
220504 377692
207104 8335
351115 826
135098 350089
433368 102272
170155 282124
389808 444409
455307 187984
3019 220576
413809 460224
375785 60233
335872 175719
57671 16118
287482 345408
372969 286574
201594 304160
381046 85898
471930 427861
362558 222688
3794 163850
427769 52089
94908 371039
215762 484959
4188 124409
391851 415937
31341 40379
422374 56784
199833 278486
150293 211625
117012 314172
260565 14967
208039 404221
133655 143195
265583 86924
346748 258941
178941 19215
297659 358611
302791 375705
314266 335326
96745 3071
364790 282841
376821 61287
192640 407125
456600 97256
276834 212512
321732 133614
101010 370515
106032 118399
471374 84168
497461 464591
346575 80195
381901 453622
63925 313046
133884 430383
254036 407722
421805 209009
51950 148818
86703 463732
431845 280608
122771 2805
153183 431657
363162 8785
237864 250758
330910 382485
228264 168419
176172 17804
458152 35939
240795 137449
258952 9112
25245 440539
25039 283708
24991 295319
178095 150932
98921 29153
100949 295230
165275 296768
283409 427006
214426 122428
345147 436919
11901 288860
409296 82089
124923 313579
228134 280130
11541 27632
450412 176739
250789 363703
98941 294018
229348 209497
284759 312653
147566 112125
296181 246749
109376 46423
64735 334776
243737 126676
208916 66004
85953 285171
293870 6268
294916 463462
421016 108507
80414 331115
370303 356901
470428 423465
321888 66800
332755 453052
408214 285345
421618 261108
123670 348078
205323 117026
182362 25102
427054 242566
100069 19123
183687 136098
287972 33656
416195 368673
270589 35176
184083 294619
37878 442000
466516 154899
407628 2788
195402 21954
380466 247672
360196 102023
102687 34567
363957 327935
400631 386963
154819 52468
15262 38997
453885 490085
478885 238161
306829 219601
248440 284680
450273 409203
335151 452964
241504 55737
95030 96133
347621 461735
223734 31463
200745 218568
189577 187125
356069 28810
326686 142070
64051 407576
262837 133379
331334 356231
199981 376517
187400 432823
373956 36173
69366 188143
371916 496411
305648 276049
281462 77313
56603 224689
61563 432115
485149 388479
127658 499925
434142 468759
170194 305079
329766 167730
141392 306799
368495 277799
212633 396203
185354 356554
196138 242768
9280 38186
96573 355522
177096 175179
2300 457658
243832 432035
74197 443814
54900 111789
217775 399145
470425 96958
304725 472729
347436 64341
334889 59356
282992 136091
173742 429368
92319 245918
285037 370785
81872 102674
283100 323046
142161 357135
25410 283203
323331 294024
378587 316268
210929 95962
390874 390401
358201 94534
308254 39843
18478 111059
11232 172720
300773 123057
452173 35102
90537 308571
190820 140483
200322 3644
206847 445480
484187 386094
155319 427329
236124 316932
456055 470798
260759 325389
282975 96330
38195 416117
195672 254677
118374 132540
321493 485594
214338 433209
67462 185708
264662 280787
120307 314656
494600 161319
117394 477412
113589 21025
402700 368418
422099 399446
7744 344840
413967 410847
210324 36573
405738 127389
450647 234506
461852 56217
380694 479935
206308 308053
201539 46807
438216 367602
354893 312593
439632 45183
75020 401347
94745 71984
42376 307771
336540 443670
31586 310339
59837 360892
47072 487879
240311 214675
291987 180517
424376 406682
396478 250297
276099 262206
141860 280966
378787 160740
157162 435882
42377 310823
157598 418703
104301 105381
149024 195175
32292 198228
66209 294895
495018 417261
83542 85325
65695 486496
474753 347410
28507 96911
129698 205259
104716 471727
192473 493586
359655 215610
147160 211389
438270 357741
458322 392772
76365 404466
362366 9830
17484 194020
8322 389039
137625 270896
437760 285922
12559 72600
432502 185489
405565 204343
312924 44653
76462 276453
399373 92315
128367 107066
46948 217059
87056 259097
103094 244681
40143 487633
241799 171556
48397 115968
262064 174942
432487 62751
452679 467292
213170 56517
401534 466746
225068 221330
323632 177470
471023 216062
322953 375852
28106 161460
14211 249384
123959 390521
171319 122932
217971 376820
322214 179962
219592 210857
443935 220282
258897 42134
371163 356245
142617 312479
127432 232765
391306 150172
136231 6654
202263 189684
413393 417524
204454 22040
438392 86969
222061 450649
245116 306426
132056 459574
302522 259249
60800 101923
269828 157944
284910 429628
433275 243387
485781 462064
330923 134007
416717 482039
342646 22719
461863 181653
369460 101796
170035 364244
296247 57116
211808 24859
14506 80011
205208 333277
115867 314556
92270 61792
499809 357641
194430 305564
233730 452945
61157 467744
176157 394740
329974 48521
272208 122536
128240 265163
222187 247787
172472 262533
367666 121989
194055 361617
362388 383095
55188 382046
381238 313906
15360 4149
10865 213244
42276 182201
225047 323582
323411 467603
244781 290017
169583 137197
219466 254952
146598 187033
439431 2189
461423 365017
161491 323183
118288 53756
312292 394889
384968 393496
343304 257908
260970 30096
89552 57842
155740 12748
476202 204370
154907 344770
418207 401748
132855 12657
159993 57323
486199 157521
161405 292538
156731 397966
279587 230979
234153 389454
169150 493037
363996 493098
14453 192726
288362 425350
425807 135538
165286 119991
180178 135981
18413 224920
61797 357582
369942 186508
173637 486750
54673 491364
382119 376812
132216 140075
167309 469227
18109 154294
156447 189296
172263 110097
53436 344195
257787 358301
77964 407386
48025 20788
195209 493661
111066 392373
428878 292730
273284 159167
70086 193772
425483 20703
144703 350345
377067 347865
146212 180457
183557 337050
179716 181305
321414 136721
102668 146425
443143 344665
204961 161228
3033 132813
296641 369276
222120 480280
315034 403282
115560 465112
233532 425077
158014 156185
248073 16727
255525 228639
237896 119241
155206 399457
30826 219552
264312 182193
256552 6169
447426 58256
266318 342676
202985 459452
220331 191520
497990 304758
405679 265147
418586 429278
357770 228939
124232 407013
276487 25159
318401 230134
403584 318081
217629 466049
343014 128415
458132 4624
490353 14814
186780 412466
192057 154080
136478 446910
392769 254650
275388 60954
426726 179778
143861 473463
57108 4796
499361 184508
27707 237460
66489 64896
489483 426939
86472 271076
486300 246279
175960 96745
273132 239333
479296 218877
192984 330085
144622 64940
275637 278332
204119 197193
92249 349463
180866 287396
54787 179708
319055 81315
296240 313608
272102 395362
426577 318328
60356 295929
405190 27748
187215 462215
415876 177313
281903 92660
427719 313642
275725 269620
321810 41562
151340 363819
362358 41976
81904 442791
410197 137992
328466 93195
37434 231852
212109 242054
314545 343649
97445 440629
68106 375827
112052 8795
120705 380817
112923 56142
292541 326479
154142 292253
401084 27381
121604 380526
58135 182676
162051 313860
70326 121815
37746 128895
495688 438833
130957 296850
265120 263926
38734 440523
73288 199292
448281 19588
162193 472691
437339 58150
412423 384227
225034 359329
312742 909
130138 135455
193134 439434
167248 156915
84620 399483
311424 45278
165913 490954
201133 93262
42047 455048
269007 150663
486629 307330
47457 177593
17999 364481
117753 464205
118398 458621
92197 381799
3799 172696
32158 443628
349911 266730
5238 118031
41240 300548
119752 262134
436018 29175
492987 238853
390576 438924
289924 2836
46439 405599
434320 207903
343055 33496
230827 201570
409202 313175
167894 133343
31763 212396
255776 228730
269302 54789
376869 203130
474523 490101
249612 55557
403023 408782
363102 381633
261776 223749
88402 256842
169084 398128
48121 163333
308951 499407
253161 261934
400626 438025
405377 202961
6882 145275
270008 176964
64462 66779
22842 381709
240062 2407
401438 197764
67941 199246
394080 269852
443305 139572
420169 92637
447065 476051
143521 437565
332017 119867
419632 11134
489353 144880
285882 352540
65547 432435
140884 408213
251193 225587
318504 17173
178518 31263
311911 380029
329033 84181
304837 439826
90237 111278
56471 319476
120708 26925
2799 175027
37199 51036
302583 312070
212491 427876
468327 314337
36817 430967
301232 367871
350389 30200
412768 179904
210806 465777
483307 380665
499109 277834
182666 233931
35783 354424
224107 49907
81005 131881
211978 58361
323923 223757
412674 403533
164922 311185
286240 471942
400615 185371
399701 37656
32542 256585
18874 480093
42760 323538
178563 268397
178371 384523
444741 97206
450957 210730
84225 432068
399399 230035
258057 355454
312122 405203
461691 90912
362038 413369
483535 15439
56123 251586
233847 63829
110557 165435
19387 7138
225041 119655
154492 270081
272707 65966
204785 181901
477953 382095
440799 215458
368106 37971
12143 72303
472174 95792
354178 330217
268760 7080
253167 239671
487266 299063
376388 268944
415332 397700
190145 488692
248923 140737
299033 17263
128490 271433
485791 264914
466057 31412
138939 457946
27425 261006
103037 293216
171975 453820
344699 417529
392464 400451
422221 410864
35002 391744
27293 31559
289953 46420
6936 147299
156365 463702
42730 127215
422318 361823
393404 417947
76685 393855
399607 320616
331834 227824
215607 61877
380731 147911
298316 162958
438543 246425
326916 221691
283362 288140
343765 200884
307186 109262
220825 314867
225220 378538
479243 459507
415512 240248
145719 482167
383558 189901
296529 430955
56368 42536
295825 485473
363880 16591
375538 325191
344005 431102
414300 476526
152271 489589
325177 240212
130841 22006
52079 44073
183987 102045
142355 140880
192231 350006
331066 353772
39757 383837
208624 59989
205296 211491
144311 103196
208662 183833
348961 116095
26503 32680
301715 60653
239087 389142
332430 426594
159081 360060
302984 1194
471811 392998
168601 211847
11535 331944
466893 272006
467906 324712
487628 91513
474061 129185
96929 1416
152060 430970
472416 456564
284227 199339
423972 246997
312934 437842
101981 45428
125175 8989
199225 389719
346148 486160
53867 228513
301048 69838
175076 277389
87420 277718
437469 236739
372270 131592
365673 627
116844 345761
344321 196244
434619 461131
9348 263266
435863 258067
249597 188038
244335 358831
165799 108032
114475 245712
38036 153672
34935 44879
441051 340188
441936 51607
469647 154037
203342 319411
298961 4531
395568 164144
258932 135847
184331 167318
404024 171588
384457 361256
263305 449030
293112 444376
494091 278856
282405 286619
215764 388090
195822 458511
435594 183724
100779 499319
194692 284371
259807 2390
420694 465861
376952 49901
27630 471284
78768 423252
