10000 1000
3426 4906
400 1567
3786 2558
4365 4529
3127 2205
1618 137
808 4383
1323 586
4136 4396
294 2296
554 4384
1307 810
1693 2202
1086 397
673 348
261 3184
2583 4825
219 418
476 4462
808 1049
665 2380
3314 2666
2008 4334
134 2880
4116 1003
2915 3123
648 1751
721 2884
3514 3606
3443 4947
1447 2125
2739 265
3207 1288
2192 3738
4280 1119
1239 2726
3101 3259
1285 1271
1544 3237
4962 2060
714 2156
1645 2817
668 612
1122 4145
1323 1090
4786 2731
2796 1455
274 1440
3901 3716
4721 318
692 2789
4720 2762
1195 376
46 2669
4183 3758
622 2952
3794 4446
1574 675
4748 26
4155 3901
3577 3677
3209 3234
1749 2935
2672 920
3468 179
728 2017
941 2398
917 1820
985 3535
1666 2427
2677 3866
1595 3588
3181 3829
3869 72
4621 1977
4940 2293
4090 2447
3014 2018
1084 1285
453 1642
644 3461
3310 557
4582 3861
1536 4663
4693 716
3474 3613
1303 4456
4336 306
4779 332
3100 971
4680 2024
2495 2142
4379 2268
1923 3575
818 1905
1136 1367
4203 1
2597 417
2602 2151
3283 2863
2439 1154
2930 3823
549 578
2551 288
549 241
189 3741
4174 2482
1846 2931
3239 4403
3760 2385
1041 275
1161 862
2839 1522
4739 4785
470 1358
3754 1115
4508 2178
1762 260
353 3224
101 2491
2624 4351
1077 1597
1054 1308
4722 2227
4781 1214
930 1373
3210 1082
1728 2514
79 4656
1540 1463
3670 4975
2583 4033
3414 3697
3506 860
136 1685
3122 1845
2264 4707
2848 2117
4071 1085
1123 911
1083 2778
1607 4990
4 411
2123 1923
2792 4283
4380 175
1554 2204
1233 4844
3527 600
504 1677
679 4257
3083 4479
890 2327
4516 1785
1590 1388
4541 4871
1055 2990
3037 1583
2304 794
4818 1213
2983 818
4611 2676
3916 3917
3611 1050
201 826
4073 4368
2843 1619
1138 2733
4484 3070
382 2696
4568 321
2580 4952
4545 431
981 4280
1037 186
4131 150
3510 2970
637 2274
1575 2343
453 165
550 614
4597 3432
2572 4886
3631 2370
3743 2578
976 947
4171 3166
3921 4953
3743 3630
3088 2971
1570 84
3805 3126
3539 1402
3443 3845
1850 4136
3601 2328
3138 1054
3914 4045
2134 15
538 2899
1674 4136
336 4332
2856 2826
2562 4621
3989 1514
86 811
1794 2677
1421 2782
1856 1168
275 3690
3702 2327
584 3081
369 2435
4445 2595
4632 3693
2499 3952
3554 4035
401 682
657 2398
3172 3029
1491 115
4587 1257
4808 4067
3159 4145
1053 2620
496 4754
4554 866
1041 2202
1080 930
2369 2822
2916 4174
208 1871
3324 3891
3507 2397
4347 109
3221 139
1708 799
3115 4748
1312 656
1816 4723
2932 261
3621 1358
608 4922
2393 4405
2260 2349
2729 3075
655 770
2407 4822
1868 3539
4385 911
2669 795
2544 3667
4120 329
4281 252
3546 761
1403 4661
1892 1372
1336 3208
88 3101
4997 412
2374 1500
3236 1145
4993 837
1517 4327
3380 1919
1226 2418
4191 1682
1281 3794
2061 511
4162 3605
126 4116
3515 3651
2608 2788
1541 782
928 4515
3791 1508
3168 1187
3486 4757
1769 1295
245 3631
4821 267
3249 2137
313 547
447 2995
1654 1373
194 827
3641 4566
4835 1554
80 2543
3935 1156
2378 494
1876 3970
1646 908
2845 1572
1923 2040
567 3240
4200 968
1517 584
624 2205
3600 1421
3497 4826
4759 1379
2728 3048
677 2916
3560 2064
2021 1419
1152 4510
4655 4293
4577 729
4195 4496
3819 3542
367 2798
951 3124
4574 2555
3342 1262
2196 2787
3019 1047
949 1233
2807 2325
4417 2016
4352 1166
1652 3031
3024 1511
207 320
388 3838
712 855
611 1123
2643 1599
1032 2775
2265 4594
1605 1875
2622 816
4841 2048
1761 982
3890 1403
4269 180
511 2941
93 349
3583 1246
1971 733
4323 636
2911 946
3502 2265
2850 119
2914 3752
4836 3288
3986 4518
3448 4355
1611 46
1380 1847
3084 2566
1292 3082
4810 759
4786 3673
2577 773
1326 4799
4652 2095
2042 1787
4745 621
452 3885
4422 4409
2043 2274
1818 2150
1040 4223
3502 3445
2490 1125
364 1226
4022 2150
1176 2782
14 3462
4370 943
1620 4703
462 4398
3412 2224
4796 4211
1205 1510
2783 2942
680 4555
741 4961
1769 4290
4261 1386
4649 3957
4833 4207
2857 1669
4828 2295
2690 1917
1233 289
2459 1599
2602 4556
3338 1173
3636 1258
3650 1464
473 2137
4093 3350
1683 4425
4023 3990
637 1283
790 2548
3426 1168
1982 582
866 96
3794 4300
306 4824
1317 3815
3850 383
796 844
2655 3348
1427 958
1826 4819
300 2875
3962 1485
193 407
470 4791
732 3989
3096 930
2661 3815
3276 2045
2336 3005
3866 2963
179 2910
1874 2805
4872 2263
4405 2014
2128 2740
3935 1537
1821 3563
3199 81
1619 3207
3334 714
3672 2774
3644 3745
4727 1116
4377 4887
115 4264
3103 4854
4974 511
1561 4568
225 565
738 1085
107 1379
3651 3017
316 4337
3704 4910
3750 1174
4546 1976
1366 4499
3363 2737
4538 4220
4432 3027
1308 2294
1661 3365
449 4683
4081 2572
1860 4887
887 2980
788 2514
1034 2674
4097 2008
834 415
4694 80
3204 3508
1008 2038
1909 2802
4239 4028
1187 3218
3871 2618
2573 3658
2610 2409
1214 654
3082 4389
3753 2511
1729 1520
2062 449
3853 2635
1276 876
3364 3933
777 1407
3403 4186
2363 4365
287 418
4351 950
1433 346
4250 3460
4352 860
1927 586
2300 2531
1056 3236
3652 2903
3476 4901
2195 3950
1692 2931
1492 4372
4420 3467
245 4746
1964 2124
228 2982
3735 3314
1900 2627
4423 3132
4138 3953
811 1706
4130 2849
3580 533
277 1419
3216 2440
1937 2842
1426 2164
3276 2543
2580 321
4957 1360
3824 760
2562 4270
2249 2254
4651 497
2623 2525
2397 618
4306 2894
4455 199
4807 3144
3716 2038
404 4569
4891 2560
2071 2918
4432 1633
3656 4386
831 3616
3605 3843
1245 4230
3228 1689
1105 1399
68 2840
2385 4129
3706 567
4373 2857
76 1510
2470 3710
4327 2762
3328 72
865 3274
2444 1716
3451 1384
391 2767
1482 1151
4803 1650
1293 1853
3789 4486
2755 404
1489 2412
3631 3274
825 3793
2760 3163
3640 2360
1241 394
1447 1862
157 4278
4056 950
4736 2807
4370 4029
2227 1024
3935 2754
4739 2640
3809 2049
2312 2446
4540 2048
657 119
2721 1138
361 510
1584 2610
2659 1765
1692 2340
3371 2599
2522 1943
1200 1458
2857 4334
247 478
2402 2215
3906 1673
4689 681
606 1082
2502 2484
3451 1263
4026 1261
1058 4057
2805 2987
3512 1834
1609 4319
2521 477
2440 4423
2712 2242
3655 3513
1803 3306
2876 867
175 3570
1852 3682
4937 1250
1664 2190
1718 365
583 2015
1160 3238
3817 1100
3031 4868
1517 2227
962 2817
4471 2922
1803 1537
4435 1749
2251 219
4586 1668
1810 2935
50 180
2883 4102
3893 2101
1621 1015
3184 4336
2171 788
4759 2557
4661 2430
2297 4940
4752 2818
4644 2593
2341 4098
2267 1373
2797 4349
3398 3220
3710 3760
2589 2732
2219 4519
4670 2122
2537 388
2309 1681
638 4912
3570 3212
238 3133
213 2110
2782 945
1798 3454
1769 4808
4504 148
526 1356
176 4622
2467 1015
3347 587
944 4995
2299 3954
4829 4041
1543 3014
1178 906
1993 2222
813 3870
4909 1529
1839 4450
1102 3329
1799 266
3665 4472
1996 4955
4526 348
4128 1940
4574 358
2528 514
2085 1142
1262 3524
3190 3055
1787 1767
1637 3367
2505 149
1252 4168
2462 3735
4093 77
3535 2569
1622 1683
3877 3361
1609 2448
3723 4259
1264 2151
2947 1093
564 2325
4077 3689
2684 784
949 334
2418 4988
4203 4786
4375 400
1676 362
1299 2764
182 2883
2546 969
18 3625
2939 1218
4141 3483
4767 1002
2229 2946
3056 1068
316 207
1142 903
4107 2004
741 4760
1966 3422
190 3404
3520 3192
1300 423
3413 924
3762 3453
3754 4353
4458 2143
4576 4706
1732 785
2538 462
778 1230
4908 4293
4346 2546
575 2179
99 1570
4066 3369
38 1800
1489 4775
408 4785
3449 4503
986 2466
40 496
199 2659
2761 3616
4169 4910
3617 4757
4527 3018
1873 1904
3812 4410
3058 2012
2209 4458
4437 1129
1791 2375
1109 3476
4918 50
1807 1440
489 4573
3252 1372
369 3746
204 1138
2515 2652
1057 684
2979 4076
2440 4261
3178 2811
2580 3069
2722 1497
2900 1118
2405 2087
3912 1257
4522 3796
4108 2601
454 2311
4197 1028
1403 4890
3701 2257
2331 4733
1405 2416
1785 62
24 4030
2267 1188
2628 734
4683 2328
2219 1383
4464 2483
3850 3319
2120 1213
738 192
3629 2156
4411 1747
3424 312
3191 4485
1115 140
2978 1596
524 860
3460 3399
159 3380
3609 3342
4255 2141
2132 2746
4771 4810
2271 2300
1409 4054
3359 846
2990 3144
4517 1411
4231 231
1922 2381
1549 1279
4997 255
3165 1437
4682 4511
123 3444
3918 3946
1872 4784
4133 3139
1131 135
4122 3814
4766 2740
3522 325
665 1594
4211 1526
1064 801
4721 1430
339 2918
1789 1308
4067 3745
2365 3853
2869 3566
4522 976
1572 3384
1740 3050
1721 1547
539 2616
4115 3312
865 3212
4403 1119
4691 132
3110 2872
3801 1368
3261 1112
3843 1954
2768 2060
2350 2446
3521 549
4793 4649
2783 4859
3455 3767
3480 1985
4827 3037
2324 2012
4787 3219
977 428
3391 1638
3163 3049
3378 3528
4323 2747
2863 1333
4809 3972
4556 4331
273 2673
997 2663
3442 4947
3857 284
743 2562
530 2678
1348 594
4194 1410
266 4797
766 2838
1123 2910
2820 4288
496 4472
743 529
1418 574
91 4225
208 2790
120 196
3046 1238
33 83
4715 236
2352 3658
4566 903
906 617
772 4198
4798 2494
4797 3958
384 1139
4629 687
2652 2342
3368 596
1501 911
58 1449
2633 2607
2705 1310
4540 4930
4768 610
4372 2500
2282 604
3991 4881
4727 3691
2410 1244
2863 1097
3438 805
485 2944
2494 155
3880 2644
2676 3162
3710 3541
3779 2118
1262 2124
1286 2034
1264 2054
196 170
4630 4705
1453 3159
924 48
4538 3092
1500 3874
1786 1091
169 4136
359 2728
470 2944
3192 3889
2391 2956
4278 580
3253 3659
1598 4137
1064 316
3227 2537
2186 859
3304 3648
3723 1646
2370 4313
4864 322
676 1103
593 649
1092 3838
2188 3988
2543 2470
2322 4152
2457 2778
4310 429
2149 2521
3489 1739
4588 1407
2858 3433
980 2901
2880 4997
3787 4016
4624 3518
2750 1259
2570 2653
4266 2506
2574 4907
3420 4393
4377 2504
3405 948
959 4075
289 2691
2832 1279
3078 733
476 1749
2060 4078
2937 1347
4877 3265
1059 1969
3372 4294
2872 3035
609 4324
2842 3084
1875 2303
1275 2887
4887 263
3554 262
3883 3679
729 857
2667 4108
4903 102
3512 702
4486 2785
369 74
3293 2530
4894 3568
678 2669
4490 2184
4875 4940
128 1978
424 3439
4482 1758
1308 67
4176 4678
4413 686
4285 695
2234 1147
1885 2306
1329 1680
1302 1963
1820 1605
521 1267
198 2985
4862 1484
106 4487
1206 4860
915 2271
2521 2397
2338 862
4903 1757
909 1055
2789 1874
2249 3516
4125 1854
4512 2162
258 4135
2325 3198
3424 715
2325 4731
1518 4767
4880 298
3177 994
2792 2592
1471 3241
1996 4750
