100000 2000
12733 7076
24211 9538
16551 35391
40730 28060
40997 21176
1302 23776
16593 4418
12442 43775
6048 9065
3823 37911
35312 48089
23192 42097
13019 38567
11486 12167
12913 10622
13153 456
1305 39955
26790 21044
12983 25619
28562 40223
29724 34787
22871 31523
6239 11882
23432 30812
40111 39440
45716 1629
5146 13786
12727 2615
28229 13262
24337 11446
12676 35378
38643 40049
40142 20734
8246 8210
38357 46083
43818 18783
33203 15502
980 44999
49161 10433
5596 31672
32287 6857
30257 3638
4165 37779
2004 14927
15817 43938
7400 1507
12762 19581
8985 20843
41411 37785
7822 23433
16567 8336
27966 11130
45935 2741
43316 24494
6810 17292
27068 13583
43152 30886
1439 41369
6578 10458
9825 12489
21420 47116
18500 28668
33288 5260
20059 36214
46938 10132
24243 36724
9342 6622
19053 14272
24760 24652
12641 39590
38788 8052
41799 28119
4314 32565
30691 43551
15282 9949
35235 20513
14218 3334
27724 44720
5860 17163
8211 29003
8823 10694
19925 23298
36459 5434
24545 21024
2015 43896
16408 23247
5936 30680
28803 41217
18854 10499
45469 1064
5945 41040
12593 32895
6459 31774
16470 14643
1036 11642
28496 37197
16487 18288
8348 27870
41185 14419
45977 35932
48212 24376
47351 36153
17374 4848
39778 530
43617 12625
19901 28006
40735 36224
32068 10069
17467 13407
32381 22946
24908 44724
11 31088
28608 41793
23872 42738
16816 26860
8271 5923
3627 16344
13454 32592
9117 15116
11559 45982
40483 13280
26090 9284
34583 21669
28864 5434
25898 20019
23325 40048
29663 19944
36246 21270
32263 4163
19635 37280
39708 25097
45375 15273
25915 38226
8306 48449
38161 39319
26254 12709
32462 21593
48947 15483
24878 3890
25993 27334
47348 34121
10084 10410
45936 48209
20249 39472
42274 13829
18340 12185
5220 40418
28447 46312
18433 34391
33342 46557
21053 24704
39336 28528
10189 20947
23634 17267
14028 10049
17621 46124
915 30214
20652 43221
16068 39149
39804 31278
29072 33277
46588 20352
48437 47752
43755 48565
33762 46898
43910 170
48121 26867
7131 37868
41662 48807
14312 14789
2834 9429
8335 5439
5958 136
6365 11461
45077 11775
43828 5062
40565 7672
7082 39984
22913 46839
24439 33932
20555 25013
23415 449
29602 25741
8131 29478
12601 37722
20637 48661
48421 18068
10815 29771
28089 814
37074 33395
49856 29049
43966 26730
44971 18598
36979 3127
5119 24787
47622 28808
33353 21355
42005 48169
43549 17098
48336 17089
22657 17809
4120 28718
44687 13487
8679 8321
8269 49012
22839 48199
20345 19937
41167 46421
43291 11437
10998 6803
18300 45463
43797 8068
26618 853
25319 5930
38547 7994
1681 3872
13360 13070
43187 46151
25939 2856
30291 46449
10468 17301
44306 1621
17559 24503
35452 32432
13979 46553
39530 44229
22274 8925
44271 45614
12350 38391
15095 31628
28342 40472
49875 32557
12019 21822
21067 46678
13580 25145
29035 6177
25672 21570
49261 38980
17406 28699
12330 2496
4472 11856
48628 45229
13133 6085
7512 34003
9560 25831
24401 22887
19797 10597
35974 25904
48172 30887
23805 42030
20612 46411
41187 6131
19501 25839
34889 3672
18183 42709
1326 24016
39731 7144
9167 12432
34351 30891
11101 440
41455 44411
29664 47264
5799 10724
45771 42098
4181 9461
39241 16531
41111 48615
15005 30377
4099 42561
4433 30563
6044 2527
26717 5470
12481 6881
18653 6254
29733 21538
25034 19793
28741 22765
48541 25686
23548 30669
42001 7094
8915 31941
26914 25019
15946 17804
9290 23793
25965 15312
14211 45755
39745 44973
18293 30208
48463 49386
28456 1515
32021 44590
6722 10787
42472 18661
17222 27919
13105 1113
1711 38395
36652 25996
19531 33446
3379 31243
2359 26263
4531 24635
47064 49377
10970 11836
21028 27487
46595 47794
48549 18495
3635 48665
37385 35385
19183 40649
37792 9819
29021 47351
7250 36673
18999 14172
35892 39398
4119 34533
8730 24595
11263 38208
13088 3047
42621 9450
8568 46631
31907 39188
27442 45986
37711 31955
5049 11129
7802 14174
47410 22382
40999 23417
21180 8945
36556 34540
26779 15948
49596 49518
41460 4105
28444 40186
26036 33973
11019 5408
24945 1988
35048 8835
8177 49601
46711 943
42031 32876
8478 21929
17066 24857
11549 5451
39885 45857
21076 4835
18651 32673
29500 29240
255 13135
27027 21468
39870 25466
18968 27122
20459 23488
14425 27008
35027 21789
7211 6653
37683 29865
38489 49755
23518 48480
29663 47045
44099 1083
21582 10990
5503 21380
29469 20448
29609 7274
16429 37464
29788 41390
45844 5753
49004 8671
40147 4873
32990 22160
22236 7154
35950 16800
26627 17266
18760 3987
46204 20873
21905 36418
23969 40491
37213 20907
20752 10977
29550 10215
19374 26903
27056 38515
12725 1858
47629 31864
10345 38150
6395 19622
38306 14111
30958 25373
26855 49408
7441 9596
36031 46585
17475 1405
23004 26041
39046 17946
16723 38069
21861 1124
18491 22429
44314 37125
41146 5073
48832 28523
9520 9439
26506 4768
10821 13808
46493 23855
33479 5444
35719 6578
26373 25108
23244 19372
44078 33591
38113 40632
17398 1043
25123 16292
20579 46218
4532 43501
821 4518
35118 37645
46781 43633
31353 10842
29547 17216
5983 22593
17730 19880
20715 44258
34224 45907
2494 40714
35636 12689
37721 49339
46020 28867
7418 25823
34568 38059
18828 44950
48590 45091
27634 12659
43704 24546
34418 8932
19759 30950
29798 12810
16496 2738
27194 31697
33024 7217
33372 2346
286 27566
45426 30200
46217 38142
48216 28552
12409 23590
2850 9036
29494 14673
33405 30689
18714 7497
33326 4754
14719 47161
37372 14871
37383 26349
15012 2368
18849 45057
20537 43621
3 8705
13256 33315
44673 12001
7607 47756
13362 41742
4977 34948
6353 11762
11149 1284
42189 7170
34353 31858
11707 33784
190 11462
43767 45203
35244 40546
14755 32370
43527 22078
6394 26599
10895 44772
864 6124
47826 42504
20597 13449
20813 41467
44522 23346
1623 23445
7741 30335
26550 26990
17341 3849
20309 36720
1578 33826
8972 44333
38021 1105
10379 8445
19334 5684
23450 49003
14133 39597
5518 7212
41489 13717
19484 42212
5747 10225
46218 8540
49261 17267
34594 37279
20190 37384
22304 11053
2094 19256
19739 40654
14138 29720
40303 10839
15055 19225
21868 621
12796 34072
3788 33513
2983 37800
24374 27673
45588 12177
3152 12478
5997 35498
47838 1654
14003 36778
3315 29486
24647 679
21167 48384
23099 4759
12842 17529
8180 6527
42219 48524
35531 48475
45162 13671
22647 30765
19685 29276
2146 15699
20500 11532
38537 48706
30065 15318
46434 14447
11990 20805
31610 3376
49339 2963
29422 42805
4439 49613
21372 24292
23020 19659
37963 28851
34358 19848
39975 11477
34147 38733
35758 39714
39763 3975
18525 14437
21166 4313
16357 8286
22061 40015
19657 14532
44284 12423
27977 49644
20999 45226
32637 27744
9425 9755
14178 5424
45221 16692
47823 31091
49336 48931
27787 26894
1612 36796
1806 28955
24067 1620
33590 46828
23949 26065
27696 37788
24129 2200
7201 27039
46224 44256
39477 19503
4010 32819
31714 26947
24242 38062
43889 36542
4066 36192
39946 48403
25038 10706
2697 38163
36331 34289
49969 4061
34400 23565
6998 35982
2292 959
41209 49341
18223 43988
38858 30536
49482 17585
42491 10351
31775 32721
15024 47156
43123 25752
2586 18614
16991 15951
31966 20576
48850 3166
28157 1370
32582 37492
16593 29353
6510 16474
13473 7907
49602 33513
33650 3481
16820 9509
46788 36695
5546 3811
38411 21321
48636 35479
8326 30967
27959 44270
9913 16392
42227 174
22859 21291
18129 44360
43828 58
39455 8298
4707 2817
26984 35806
25382 6688
239 21539
13355 49421
29622 46779
15193 3678
4683 16789
31196 20241
31730 33003
44404 41328
12816 38879
42648 1928
2299 19362
18149 38046
40271 48180
39507 35101
12203 14097
9093 26622
22458 3944
219 40054
21152 48103
33271 1322
17624 35932
31306 34280
2388 23659
9239 107
4121 31046
1078 42132
24653 49554
31137 49991
23617 27455
47933 25686
13953 36891
29972 9078
1466 3470
22504 29990
26710 44260
28345 39544
4055 19440
29228 26607
30128 48180
44890 3778
41412 6357
17170 8134
34136 11690
12408 34437
21548 49822
6188 8669
22461 44223
13426 43651
32572 31972
47162 28484
6111 48982
1470 1104
10325 1089
46844 505
36346 12910
42987 6821
20395 44556
41172 1600
22337 2043
40719 40544
31305 30993
36311 34178
20092 16427
15767 14210
6608 29468
43091 19268
11983 24620
28247 17303
32266 7194
20146 32326
19829 5281
7895 33749
44780 631
44392 27660
31338 20446
47301 31782
18102 25040
9084 42952
12111 16518
35702 16766
8274 46779
12481 28518
31671 41230
24016 41055
19341 1012
31072 7456
22553 46604
7551 28879
13213 350
47376 31440
30042 35670
40437 13923
16478 26823
44492 19044
46294 20758
2547 29798
3728 35824
15724 6348
28860 19289
7477 12948
33456 7724
20392 18690
2143 11591
43632 1537
19054 4761
18565 23431
23721 26218
43709 32622
13892 11557
33126 6238
39067 15985
26243 40269
41436 35544
31322 12875
22099 11436
14135 3407
11060 37701
12187 14126
47645 43610
20387 7556
8905 18869
9027 46427
13654 26411
1647 7910
43119 40256
15402 32794
3256 20011
41990 44411
16149 13809
21811 47954
43032 39670
20074 33493
3368 47766
47797 9048
3517 27289
46203 1789
29291 46509
6587 30207
6880 12357
14129 2021
15518 195
15250 21371
37077 22853
9662 36872
36891 19281
48596 38745
13259 12808
12690 13457
14643 44603
6346 37481
12809 22777
25904 42513
38271 16548
15726 21338
40480 45316
33915 1305
39522 22525
5543 33323
28050 12726
25436 47500
35885 3632
1362 31382
31427 8600
40629 30821
36884 18927
45139 26614
18706 39203
9042 7317
3884 17038
1318 28816
9848 15852
39320 39698
9863 9048
81 10562
26803 39619
3279 12643
12243 35468
39486 31670
4234 43937
15558 21625
6240 12153
49431 4765
4674 3058
36178 45346
48664 9082
46047 39973
13401 21381
41352 19092
16691 5414
36529 36890
3995 11587
3068 18556
46817 18191
36616 4523
12566 34733
39637 20767
7440 7722
35861 412
30493 14014
22017 42826
11881 13930
17146 14950
21636 41718
46969 32616
15158 13433
29199 46364
3834 3487
45677 35860
40704 41072
26379 12622
3193 1292
12401 7792
12767 3647
10662 9518
21765 15353
22440 44433
49958 36913
28710 34753
34610 10019
6869 31443
40393 32382
41293 5655
16984 18389
21843 49819
35415 32832
21733 21038
18487 44949
5259 13298
4733 31446
25470 6871
42989 32562
8567 1380
24712 25063
43342 46908
17215 20276
20010 44431
49770 36589
41738 20355
45825 20101
31658 23687
8445 32932
45966 31247
7860 49796
39266 18901
47805 44921
36160 10800
30740 2974
42567 26616
45391 39782
18650 36861
48494 48055
16853 16641
13080 30117
24733 48726
26344 34641
40486 691
13260 7225
23172 47629
38760 26215
46687 14193
3935 26719
11474 43478
9277 31327
37846 15511
46071 6806
8332 26219
30531 32192
41223 40977
20964 24613
37461 39297
46010 875
43405 46144
21730 44533
10480 12600
35397 11199
33932 45321
48708 40133
5927 23282
33265 21818
34354 3702
39088 2444
22699 44005
26719 37588
40551 37789
3544 25139
44287 35213
20636 23608
21454 1056
990 26933
44127 18155
13410 26636
29665 44315
32712 38616
48302 17941
13527 34314
39256 9585
46803 19763
6141 43973
30558 48738
4827 629
47249 45016
27914 17216
28963 44679
18071 23260
8110 4367
35684 2199
26785 18536
24934 8147
8245 37054
49336 42765
9244 5482
48582 34813
40915 34845
5330 45343
42419 30675
26371 7120
1938 48982
45287 17991
46244 3791
6288 42585
14687 5043
25041 35594
12627 41363
38228 33010
2874 23585
34123 20121
26170 39894
16833 35922
18078 6988
37571 33961
28732 49485
45505 42004
27844 35463
1580 15226
3569 28429
2952 25615
5898 39165
6986 21651
7431 33969
2620 28272
28921 7920
49387 43453
42230 9969
35936 26573
33858 30546
28599 45466
25872 7067
9317 3885
28631 34120
39109 36010
14950 4421
22938 12793
45380 30669
33689 43445
24599 23531
26543 19369
7399 42641
20487 1883
25025 34415
30303 48970
1469 49159
48349 33423
41480 16676
35057 46837
37910 22508
4347 14422
34778 26171
37894 35845
5635 544
46405 46541
31757 8152
10347 34022
11121 28783
18694 16687
34750 38030
43060 40639
17491 40152
36464 39004
49051 17171
36645 31834
32057 21303
6175 16193
48295 16683
575 47043
43189 16796
14830 38410
2265 39868
32708 21838
37772 38873
1059 40053
16358 46512
28398 25916
12804 38720
41897 49142
41063 38658
49477 36400
16465 49060
40883 17760
28575 49265
7249 37417
22045 27033
11546 25669
43077 7608
20022 9961
1154 40479
19179 39113
18442 33816
3728 7305
14261 27114
35919 40187
33046 34210
9717 40346
47004 38066
15089 2925
3567 6278
20481 22030
47249 23735
31508 21108
33713 8863
28026 26998
43910 26650
17648 10443
39685 27684
14018 11297
12207 3337
32020 46810
7384 42055
7304 3349
30062 27810
8421 43719
47844 16661
25455 8651
24699 28799
12542 16411
29559 11820
43362 20523
5824 41046
41379 44664
43778 3026
46555 4131
12857 15108
24497 9471
7412 748
18752 5968
9852 19267
30267 40597
7949 39492
14984 40390
23260 33717
2089 5496
40963 45899
34276 12727
17808 40207
8929 27153
49708 42348
5682 11500
31992 42064
10861 28239
3095 34205
20396 21157
13184 3804
30528 49779
43784 38644
14928 9675
4218 9736
44709 38944
42792 48274
28313 5656
41539 7469
19892 37421
44430 12947
25761 19030
44172 49187
11654 5300
25418 31842
3436 47534
1078 24566
30215 11590
35679 12517
25437 17018
45660 45376
12061 43588
26945 29917
29933 47893
41676 46621
1879 448
33431 18485
1810 42104
3802 2228
49592 17036
5636 6470
7501 48954
38446 37534
4638 27878
23308 28626
43723 77
4036 28928
11679 17097
31139 11955
39986 21033
8510 9990
42581 22354
14135 69
4788 15186
29126 39645
19226 39271
42127 11958
3503 39212
34750 41250
24157 27330
25644 30626
28785 49111
20241 30907
27667 40215
32068 49256
33877 33374
39514 39096
6682 2633
25382 26222
25320 25488
32199 37769
43516 32357
46079 24430
23349 22919
8930 6562
700 26226
42760 25360
5250 43828
8994 42967
15434 16759
47871 26845
32845 31183
29755 15633
20563 22331
15482 44228
13938 13839
31697 8645
47610 473
16581 839
12909 47205
8254 28445
6055 11705
351 42742
12522 39973
17278 41827
32437 6
4207 19475
8748 33502
26617 24611
22027 16040
25965 6764
9134 33559
43345 23257
32139 32646
44543 44343
46263 47765
27585 43101
25714 31397
36092 9446
25598 39748
11985 26014
22624 42833
1675 38119
15792 12143
48046 8064
31563 41832
29044 14609
27993 49914
12143 23305
16977 28285
45322 1765
4291 42846
25421 19456
28493 32325
24831 30922
9732 45679
38743 14229
30059 33995
12051 11281
23525 22354
13410 5053
13602 30885
37278 33739
43862 19819
4723 29340
45800 24476
43100 29944
41823 42269
20199 47165
583 44260
18270 8999
40243 7013
42018 44262
19575 21791
44008 37322
34827 12762
8873 10440
38511 24786
8145 47437
24182 27430
48123 39721
47871 46086
32899 27135
35813 7930
3204 31423
31779 17856
49244 36919
31619 49598
20816 13773
37669 905
4120 36895
20164 4681
2735 10623
221 7449
2394 37492
39472 4380
44696 27800
40275 7403
35323 42999
26115 18863
30157 39391
12805 1051
13755 17827
13223 33657
18008 37770
49604 13985
32592 12757
14906 2474
3467 14928
25886 7115
47948 42431
2306 30219
1047 9111
27185 17883
29334 15114
49757 11513
46081 47006
19342 16491
11657 1596
46628 47036
43395 44022
37958 7178
10402 2909
10754 18014
19990 30428
18772 16656
23879 14593
1080 30917
12081 42097
42394 36300
22414 43001
37825 33559
2567 39499
30636 37091
45082 27655
7 19586
26349 3662
37129 31571
5727 33285
21945 955
49544 14396
32310 12757
3406 25914
35606 19541
21062 16882
38389 42236
2376 19561
48604 44521
13769 41670
41400 19792
13345 3293
36293 454
43455 33914
40310 803
35148 16839
822 44439
17077 37492
18754 24430
3670 39588
21501 48783
39986 49348
33520 46045
37056 12064
12343 25592
26434 29549
44880 44435
12170 37564
9661 42271
26327 40559
7312 20779
10516 13602
19105 18631
8228 31338
27357 12028
5081 27063
36006 7703
45827 35454
12821 35690
13220 10198
21968 25546
21021 46832
12349 17000
40750 18934
43072 13434
22888 19516
40422 8519
36366 12469
26207 12904
35189 23481
11978 40711
43784 23531
22046 1662
49438 44701
29826 2809
650 11374
40536 1409
18934 9115
23164 32405
4811 43201
20195 42091
31106 14647
5793 14991
40221 48294
33372 39414
11760 37693
42952 21014
716 44908
2946 6762
5782 41168
48451 15995
25177 32011
43335 10746
43540 14369
7105 30963
43110 30591
48746 44160
17993 10430
5071 9280
5453 26404
25084 8472
14243 16507
7858 43551
20243 41156
41488 23387
15096 17864
34502 7068
36465 16294
15419 35973
14759 31429
145 6317
34430 26027
10117 13038
45882 18953
14559 37355
27243 42985
13611 20653
7427 44317
31550 24813
25590 14809
11866 13915
29327 12591
33536 29954
48087 45876
38217 48035
5874 41043
18226 41760
22492 9268
44501 37570
39575 4095
30663 37438
34267 470
22988 16878
45426 49881
44817 24456
25872 1615
26926 3150
8006 28802
18014 889
39502 16546
16803 26150
4555 40647
35192 47308
21944 29785
22482 25401
23168 26970
32058 16685
29226 48600
3936 32137
15287 32087
41194 16659
7760 44426
30208 4441
46103 40155
11982 20380
33189 13351
46378 38024
5413 37188
25830 27466
3696 14754
34098 33268
38412 27083
4271 20343
2231 13400
5764 15174
3796 29324
29178 38768
10184 48646
7217 28068
30474 36505
23215 44708
35880 1241
13525 37925
27514 26556
44341 1044
17782 22876
10617 34303
34172 4710
26571 38335
12453 18385
214 26319
24654 29007
9469 11509
2775 36537
16735 32133
22925 16297
29382 46379
29077 4801
38404 36753
47818 40582
4051 27360
39071 16342
49591 27136
28994 47305
6492 22127
1108 39930
5814 5557
44686 47984
13841 21042
37594 29910
49274 9391
19481 20535
11625 36643
22475 39680
27828 32809
49165 25640
13255 14929
36300 42710
12735 1646
30989 33349
42626 16166
9670 10775
37359 19874
34148 4873
15333 28356
28153 36150
35713 19418
5185 28313
9619 30665
28472 30406
44329 27561
49387 31779
31139 5619
14595 25451
6707 37191
22596 37846
6183 39546
41252 38853
30712 43638
45254 34104
40331 23165
13487 3548
27031 10460
1236 34946
25386 43574
1808 1688
26458 10803
34960 42885
24925 22523
22590 35501
32867 20681
20620 16286
7981 45298
32267 19361
6679 9841
23251 24204
24765 46929
34527 49734
32594 2626
2859 32930
49379 13343
26773 12990
27175 29341
21132 32807
13839 11410
6020 34234
33405 8754
40399 30427
7566 32334
38580 30650
19092 31531
1792 3727
5161 11993
30462 43543
24911 11509
13478 47493
17987 1076
10266 39570
24271 9242
18443 9349
15948 9112
14502 45178
25780 26078
11092 38389
11928 46553
26551 19417
37545 30545
21624 35162
18170 46208
10007 7719
20131 2913
1938 29966
34460 36376
13499 45197
19644 15688
46682 49895
32923 12508
1918 40403
1793 47068
668 26959
46406 40398
41078 18327
47981 44501
5188 2932
28199 33118
10260 1227
25844 33448
27387 45533
41829 15556
49329 44917
39722 33858
9444 8301
32205 22358
34464 49588
34510 44684
8083 45779
43972 7612
8912 38969
26658 5022
14415 20917
9664 38599
10030 1879
36956 18803
18273 40815
23046 40950
2718 6662
20712 15715
769 25469
37753 2189
45032 19882
43826 15231
5313 47635
40657 16609
33192 4041
38770 12279
30416 49898
16450 34619
36620 6604
38413 4185
10716 10522
6507 3112
17096 32464
1684 37277
32420 29166
22585 35866
34917 18010
133 44653
20481 8011
21741 15837
21568 24577
38428 44143
26212 18893
44673 30387
22591 10598
37456 5312
42777 31634
1722 43704
3331 27620
2497 11207
47976 35306
35129 22300
2621 38280
18693 18111
17273 12084
7237 31368
31817 28094
32627 47849
45330 35460
33770 10609
27495 1240
49359 6837
29516 7323
38331 49705
46231 46443
26412 12907
49802 10675
17817 36076
30134 9581
3594 20449
36678 1484
34777 47770
6813 20155
11931 20865
23772 8818
11653 2975
28287 27486
49547 24015
6846 47889
49279 14404
38837 37438
25759 10457
21447 11290
6854 49630
37824 19086
19789 27668
9820 31169
21961 5698
2786 11462
46569 33358
5635 26968
36350 37585
11743 8731
7158 31700
39085 20245
35841 37316
15894 17994
45776 29184
1784 4455
2136 25613
8350 19873
13879 13923
34962 29583
42539 9556
2819 19457
33781 14142
19745 20116
1147 31794
7936 3214
26690 47611
44731 17394
11386 23852
36821 16891
39357 20333
6992 40704
41615 27749
18461 29253
33258 1671
11054 36876
9642 6791
24237 29399
23694 23891
28331 32395
8778 40264
22656 17743
47351 21831
46540 7432
8680 17160
7103 13846
18848 22927
46621 14107
12665 17044
60 42780
28667 6668
17186 41856
8647 29162
33144 48302
18441 37297
48600 7753
6203 16735
43942 49236
47544 10292
9529 45359
21585 31074
26459 2281
26514 5971
22700 46353
20283 42304
37460 41417
6478 10076
34511 23195
15475 48915
43255 42466
43552 39530
8191 49463
43487 4909
45257 19635
28576 8729
8617 12455
30447 13985
34484 36838
16615 18341
6624 34425
43299 27188
38192 39501
2793 48024
38592 15257
3658 46710
885 15858
4749 44070
11591 46893
12280 17054
18237 31982
36324 42001
43202 37714
11438 12663
46598 14673
19567 7354
9484 49601
790 35712
7401 44369
5951 29171
22371 1252
35036 29955
32620 5874
17926 2086
35838 8655
42179 32727
40572 28676
30434 4299
7339 33863
30703 13730
36983 48500
18104 18456
17026 28479
11511 4034
1099 13190
45517 49745
1196 20189
11155 10346
44446 22387
35603 8189
35415 29426
9266 36294
30734 31045
25058 35282
35360 2554
5299 20086
25392 31552
43941 11893
5154 37206
39473 37862
45501 23452
34653 14088
23633 35920
5404 16696
18912 38645
17905 35383
27429 28105
31323 16951
865 4060
35609 49698
47628 17631
2456 41145
1015 7541
26265 24207
2464 40698
5567 26062
21811 39599
11201 43915
21428 32117
19819 8342
46809 31520
166 48929
23920 40703
46313 34219
22147 19853
22023 15898
49084 16935
7443 31618
11441 31449
28667 34542
3307 18622
3048 1689
42225 19223
29723 35552
41505 39072
15606 1530
4128 28159
45563 43868
47669 9357
25223 22601
7614 47999
40013 17244
29676 21524
38178 17765
21727 38995
17751 34272
11546 27791
22203 10783
8445 34434
1695 3503
34873 14564
43716 24185
18484 19269
43650 9432
48014 30184
22512 34018
2635 38826
4092 13803
12765 6585
32831 46550
7046 14412
3956 30394
36629 25629
8931 5681
2738 26160
8415 41651
10083 10105
16607 46626
36917 16571
4058 13917
48778 14288
25061 49712
38028 20124
42776 32908
20699 26875
20088 35931
3518 9898
5140 20691
35104 9926
21568 15416
4817 40045
43936 27400
152 12721
49017 33821
43272 32011
39823 39745
48742 20565
25336 32991
23136 46965
20323 31361
32912 39827
7878 12419
8315 643
49821 19633
18389 48684
17903 48389
45985 20302
36692 12805
49419 32362
2758 35812
13848 19893
4237 45076
32725 6648
14489 32203
27005 16925
7298 46800
45180 21964
9521 19676
1944 27143
23880 15182
13973 32740
7844 41284
32472 8769
41266 21050
5508 36309
38411 27548
43627 1481
49595 7970
39485 24773
40265 35767
6911 3122
22683 30962
19951 49148
42905 32790
9154 27244
34695 6206
21171 42028
32901 8077
12873 5715
9098 33411
43144 31294
1276 28889
1247 44923
12460 49310
45871 512
29798 6647
45492 10482
20805 37341
7696 47310
48438 1538
3556 47574
32721 19605
42690 9655
41907 3697
40024 6755
45340 36761
47752 39570
40586 3780
24958 19473
7495 1352
27370 45091
27633 25030
32248 29134
47849 20311
39767 14523
4622 35191
24456 20423
32482 27583
44380 18654
3798 8960
27036 14314
5384 46811
16920 33255
46864 37423
43094 14254
14889 14726
5151 16588
35980 12606
26322 4418
28311 43014
4809 48488
34752 37772
19968 22477
15844 37825
38035 44950
4919 43850
3584 46332
6233 20515
17331 11675
47841 24529
24047 24374
23226 44658
23314 42921
3819 17806
42535 24532
47484 27054
24189 38751
4766 4397
26251 11254
37262 15637
19924 48165
19071 7438
44762 11987
45937 18724
24592 9187
12412 4412
27679 25663
3053 38555
12686 38288
49104 34636
396 28874
41331 3804
6966 35710
6340 17608
11215 48925
34280 17915
26977 16206
31543 26899
895 42484
30228 36891
43651 39415
6949 21680
14128 10126
12853 49219
41036 15506
2635 5430
1549 45113
12786 27092
43328 23639
22363 15377
17850 521
2611 42962
46922 5333
29959 18636
20964 32416
20550 24390
27293 45272
4750 22501
42866 27242
24972 34325
16854 35169
27158 4773
22701 16085
