2000000 2000
950231 597010
487069 419549
789187 827852
818212 310072
285910 152614
701287 549092
354128 371096
4376 117044
218925 734033
660962 677434
816265 438548
742184 30826
516100 64329
747204 24044
148550 909471
490215 549609
676408 102398
642594 407380
164503 892106
824831 942237
931667 944932
906270 170121
446504 382466
765636 369859
415853 432068
468494 755202
54366 379813
899430 312739
191014 886104
456360 287999
583634 433048
947863 477634
466214 598832
795911 869446
271731 450891
876827 260114
97846 756247
563298 724210
194657 922551
557607 562726
562045 103873
24114 634267
207751 917505
124203 373757
962335 959061
791656 305259
374465 157772
557890 347273
674825 222206
429639 921705
465943 878133
990170 555703
434456 545898
366214 781310
994532 453824
706343 542900
832428 501810
34426 633723
909270 462542
592790 604299
62448 152250
964170 453860
360226 622625
377836 213339
259812 762713
360703 325266
616236 299817
506304 729548
225950 849446
632508 107125
896184 436709
463970 423766
176658 838805
846670 52094
496640 679208
903312 116790
622612 825630
17730 526653
565562 452576
230363 862733
410940 17597
947423 918107
153589 59071
279775 935743
164126 216789
22204 743641
523816 426135
630759 624243
848282 453346
146747 271480
432210 387560
816221 159139
134534 935377
345917 10838
365277 546772
710940 279634
55574 754660
630893 420359
659851 152579
635655 340806
161336 615067
290663 707809
691440 344836
51144 901622
341939 559664
390775 600328
534242 137830
658205 319859
228416 151117
239607 283532
673101 904659
91258 196506
649801 764495
119538 597857
760371 173723
956583 93982
29246 453146
897172 256946
800540 36466
208198 700312
527354 183354
284130 903500
140918 744537
705091 790755
852658 594805
855791 143365
58227 373210
640047 796877
336890 669174
250650 882461
634655 515379
173125 868921
95764 957620
992639 776367
735542 253116
330030 974538
117954 505500
317513 449565
655529 643356
542538 889174
996405 994619
221382 656442
32703 844084
64823 939875
701624 903440
440467 991456
140053 399018
352928 739767
724568 976754
627979 575242
914584 695753
522048 561144
800560 81842
69139 698042
728527 943359
179430 24457
203213 986914
539939 874339
521197 220731
949755 269053
26533 277004
796487 554662
966412 703374
829362 271733
609162 512195
987170 112820
195346 955420
112519 742127
53923 354150
248112 367768
382470 656427
608008 871913
703741 752545
878893 764336
876320 841355
375720 305786
759405 84103
327442 52655
639045 778509
317131 89125
419714 251412
241075 143709
710566 247027
473821 987354
143292 733070
281975 721807
631003 468104
824147 934376
248523 56761
565617 35323
254066 163908
764752 616649
810776 1527
156460 115741
163148 8811
43223 11585
639875 683888
382139 754621
541410 68832
729504 6243
408434 283189
73485 551086
786193 650854
994940 247413
712232 738385
506298 442671
919444 517746
840161 912150
827367 687009
630449 458397
983350 369423
966449 758332
762299 723019
227451 368983
261512 57360
680700 143130
169784 118853
179519 128889
137975 546833
78217 837360
982752 488063
23682 601123
709909 302628
168623 182356
881384 143774
620311 403112
518877 279045
230630 963283
393530 765501
670667 398740
132919 186018
350675 258880
470373 116962
648123 694563
319184 91528
832756 995716
250908 17652
115047 369734
36442 646022
238242 382240
994942 612377
153680 957126
872094 590503
823992 667933
324005 767143
848003 237201
821931 217562
225194 42553
378861 399717
981 651527
120572 160496
288701 904413
418176 887354
653344 942335
441908 932310
282913 35620
293643 103222
694854 923033
265954 376415
504214 932281
975375 765401
835433 744616
91103 892919
719913 83043
807191 901504
631953 210536
388198 605750
201226 180318
663517 61279
346423 577892
599170 887617
87144 408507
875373 534102
698812 379349
819981 421805
907374 953826
732315 238007
116680 911294
56860 975559
418714 299215
791513 492614
547141 580126
437424 375132
957404 818199
579158 784642
808683 584004
868524 770113
758742 389632
547136 510683
136998 429086
796972 356662
186027 715152
532916 786097
356615 425905
149568 699483
201002 814894
217942 996580
716973 729396
12215 526037
979186 399056
633153 982887
767770 396002
815073 308766
623306 164594
164712 867322
234981 848
749010 865720
808734 470027
167402 702960
715339 892518
746557 535617
819910 822392
810149 27617
891118 743742
98961 239445
571360 311828
478712 485102
277703 843062
349007 503746
50147 997446
938536 817777
577288 121444
678258 771788
110143 76897
916675 552363
823167 253798
135114 110971
600238 948729
896707 168362
271634 182853
527820 563695
138367 566284
6434 660344
311922 653629
881256 632087
898889 581899
773645 9146
550093 727396
679466 553225
920924 588155
173718 444457
717433 475108
490999 469858
715905 876018
513164 323448
769035 30572
55032 505974
753806 624502
927058 401241
556342 210662
995635 533452
648953 329377
782427 327009
367113 552706
766826 408264
46837 357082
496478 822016
968122 884134
818380 373580
249504 510623
92820 589817
173216 271735
61633 942660
569562 359206
374741 653059
764118 868103
588821 313669
4608 190006
430721 194289
459538 104803
654182 553889
95414 37964
256869 793194
763053 423556
204183 432466
568595 229801
672142 281762
51375 490106
597315 289414
715642 114322
123585 948678
469981 987578
838379 948108
436805 29723
643296 738489
756666 39124
148318 990904
615651 241923
650704 573184
645792 116687
885722 736934
831382 529807
916329 541723
603398 40840
884107 74855
485000 249553
912544 548015
528620 210152
737304 297618
638341 593109
758674 531654
107465 811148
290689 620839
975207 541745
44637 278259
130254 949699
326634 993078
734301 454068
624810 702304
945775 695494
963506 801769
885949 102682
41501 489660
891877 986359
475646 787022
942174 828545
209467 995971
325032 380037
610317 647122
919403 982973
606118 314063
763993 936191
557843 427131
375072 287275
183128 948836
903294 216980
533170 428247
602481 543978
394359 949751
772799 666531
556943 260311
223817 492470
964790 654682
952673 738508
164354 952557
6547 526548
404105 572397
640923 425184
741928 759084
989976 745339
675256 607723
748416 924902
742756 711954
885024 285827
953393 277503
533154 953517
905729 588130
628563 682118
410539 645428
143459 865357
186066 716553
665933 849719
378338 848769
151155 281977
843563 295608
940733 97353
366982 723328
331201 6861
747158 561618
478110 145147
143372 171873
290905 54402
229869 576738
218406 822417
198305 641680
316583 286209
69866 864817
424140 860711
308904 324661
354967 534242
781207 78302
463249 441207
711002 825799
276276 495721
357489 741503
47357 545912
143124 117976
584261 804424
930134 630258
373393 895295
966195 702049
281828 769198
215292 954148
634900 825250
104466 28189
878266 512855
41323 128816
175447 269799
971580 968144
175918 377613
696215 87352
200802 345240
133238 689926
391039 161645
647133 613294
82953 96188
529304 595065
565848 930532
416467 258911
939135 909504
969814 55979
610756 779284
316255 851216
62666 518108
695306 487901
578762 2976
951759 757081
795988 148666
283758 601845
349790 570748
449733 203165
746342 894629
14558 273461
34805 991074
685595 301491
516337 732533
990985 290038
499900 961099
269152 600056
452144 350606
957468 92205
348017 385446
759507 318551
128086 820283
462859 101873
381056 894847
756321 617664
691656 216704
143555 722728
846524 400995
885817 436003
297898 82707
293252 541169
233208 359331
686253 643241
794659 925083
178590 730560
754956 487735
50929 889303
861335 808427
99176 226988
197989 865203
950470 286469
412740 189591
148845 890735
150622 304413
188610 786390
428758 949903
359524 526145
285719 415401
881353 957274
388064 681132
855846 48851
965566 677390
58826 262543
622476 191203
14551 973184
469267 771700
51227 898073
58648 369256
141393 376032
285313 668524
989768 5730
771242 103086
272600 440509
199233 129264
632861 422039
507737 307868
657978 872907
725102 622970
118073 359521
899645 908009
884363 830534
644577 131254
604775 52042
522024 592247
720017 899209
162861 14796
103986 251748
626570 317084
494991 374293
367799 451520
92849 427889
951797 334854
599010 143628
640415 964795
960951 446694
222419 70670
858921 743191
879923 386754
243993 405892
154132 795018
142300 457759
716922 771206
953020 998048
355157 929818
81921 755203
178754 258391
134944 210151
748528 7436
207080 873215
494673 493732
224405 911057
90832 341942
674719 148828
885690 666979
42671 262256
556951 563125
537667 97014
395914 850436
595891 88257
689020 854899
985222 384962
243946 994354
40323 829412
474430 16168
290615 168620
537317 477423
35701 188888
588494 998553
131174 143884
92892 638441
820778 88077
476956 589410
40145 21794
115083 999660
436840 505898
97294 64975
121941 269497
947725 875487
569098 176814
111173 261695
152717 493423
931204 545932
295405 967580
293627 523853
10900 628589
538278 32390
314069 237242
199872 581492
5344 335978
870937 81657
897301 869680
472573 85830
180477 760051
86437 843893
469661 803815
809404 911388
694208 669506
250155 930371
910908 645773
379376 812636
231012 633986
169425 769738
892833 703650
729740 323395
21951 430128
40259 374285
639463 911166
820025 944352
474501 700914
696957 626185
647612 890508
740818 878055
119457 717296
96063 545309
193640 396911
640324 733452
731078 6467
287876 391514
1822 120825
910508 563507
581172 544594
767565 527785
197791 585532
365767 469310
872142 465084
590146 936937
912435 645516
630876 215472
503665 760684
832297 354597
14645 330682
750940 308518
43652 977899
923215 444819
891105 679013
85489 176068
37787 258140
649547 243925
873945 994699
842434 58122
4038 766575
533888 817214
623648 443246
673183 136021
455315 412370
570492 785047
264631 103119
497135 342055
789441 285547
662656 763296
465084 691294
762257 853507
953781 943697
408285 569280
33636 680507
590456 448511
692148 478963
616662 988811
101299 458993
854060 461018
811274 155553
388683 989971
829020 327393
771938 106103
369309 283191
731991 529570
33562 717894
205357 719953
89283 273023
643304 953642
315001 324440
259495 98607
170680 683776
312062 436192
127130 830426
851677 98344
432893 253651
834417 256366
121777 536276
725750 144809
265490 825422
875436 168046
411974 822156
643619 913351
355428 760222
615457 951380
383830 856977
966611 540371
578935 524866
859513 821047
873011 199136
499971 911394
937948 929428
641391 349873
489960 873604
841712 80867
356243 523627
526888 270859
653383 203088
308070 130014
45495 322895
268528 181105
91756 368374
720973 639665
728830 414721
674978 239818
749405 198119
21826 969058
202698 485410
282021 415062
579727 234949
990752 135733
194130 842533
215336 231556
701686 977153
544941 379125
810710 669499
723757 756608
501957 971371
759211 252898
379407 79273
507541 972198
457696 672735
959609 370741
504130 994572
282651 246441
819984 746107
390694 954050
198810 938766
543107 393377
473708 910497
632657 648780
117763 992023
834481 516582
264552 247456
826528 649382
645665 359573
587028 988667
568701 697700
751062 290061
92112 187578
158824 244427
539762 841758
568326 233384
730112 912450
850865 703865
916100 17790
912785 679035
893156 312120
938217 201190
327988 4784
563103 159843
128878 774921
231297 191933
106743 669197
202184 708401
143644 733776
269055 406794
278418 448665
271555 271737
216463 390009
600832 671087
911339 394001
294603 415561
298473 246527
947561 673817
226102 812666
560412 345481
80534 726164
568202 609617
132062 931357
731408 178650
741858 804089
339465 517670
165031 323394
2013 575942
524635 479579
299760 314710
892614 938417
822299 618470
906470 593167
683564 860984
260579 445011
374545 672063
793473 840797
152546 394893
60827 80361
561033 206035
266794 430915
877371 225385
102543 613572
505453 600550
619624 577922
408741 73540
57645 667376
274994 835404
751620 880944
20108 354289
923663 280151
520867 174978
543422 935866
98392 918507
310261 483098
168416 160611
438791 835306
140519 647299
335384 851005
277524 231493
411282 434487
655540 394178
219251 937526
564697 954370
984061 608896
153249 714214
89578 805906
128579 844853
958131 885177
468765 688094
810274 911050
879456 950468
250802 772174
548139 603629
804149 308798
344092 852676
852560 304097
503762 284870
656341 326123
499336 209377
188601 561365
37495 898633
230328 191937
390076 392124
417704 661204
506722 423329
45467 838696
7782 817893
699958 539637
754491 218640
418446 215958
854555 73852
718082 508337
684221 490243
275811 252440
597907 548032
265520 528126
521713 712438
850147 961095
232079 516153
679160 200008
655540 497287
807053 140973
373000 820471
285769 720447
565783 696508
767624 534193
614454 533856
34652 620657
971502 705467
303230 812092
340024 206729
780916 470398
154715 187295
916771 682780
332893 989058
172727 621751
371322 90449
480334 728943
309343 813916
408651 31030
51710 138707
31102 435956
513117 140553
184940 743674
146109 329896
407379 883700
942230 189951
337582 935933
652192 447660
934186 842904
562166 429203
201519 816400
552468 167284
127604 694595
856209 621698
133007 4873
3809 203283
125556 412287
364447 466596
517413 615001
69187 162497
844392 7021
474881 72973
854162 593272
592915 606432
367648 73567
760806 94402
109714 199464
217298 151980
343805 325790
93833 589457
41246 820738
884433 169032
348810 660028
714855 952402
895140 50648
368486 583218
370628 751745
798576 148563
23479 100664
891914 783357
965116 549692
373386 502857
992809 167831
435505 100388
201213 946507
723679 175591
570577 192304
8617 111490
470792 409842
67853 579235
473723 13547
259354 749377
496241 18238
259248 903394
415221 362167
129226 648992
369579 966800
966367 840679
973439 839329
343698 201734
741194 940719
185560 930742
847219 198539
59887 373829
65443 310225
469920 991240
615219 771850
263035 502954
373438 334430
758421 20485
214796 518529
76182 391823
14584 803496
538138 250205
489843 847778
108840 49100
633300 544700
205892 413764
493254 685540
909130 92902
797428 359886
97820 355004
714624 276985
369208 446983
629341 562469
20903 832815
537089 624974
525359 650846
841968 6233
960817 250931
567092 949804
64757 976592
568691 626976
974891 705279
201724 482375
395530 72629
293857 450594
897448 381620
684195 612031
711430 223258
548427 975528
350971 273531
906382 225343
549170 999049
941778 114451
385311 470847
883019 301895
988631 578567
725862 687048
66020 118924
494821 973938
312554 476690
537702 255255
231202 601453
397503 73114
220860 469507
881493 619173
526654 890978
22453 319857
773939 15681
163024 914459
270288 904245
198890 738026
8635 373121
349053 962137
445965 24452
772850 143263
171975 984121
656819 564272
584630 82243
912328 848111
914741 375235
896894 910826
593881 396361
687263 883236
394291 338318
516604 867155
860691 886730
639487 753834
328088 223516
850582 797729
136627 612697
25922 243160
211242 329774
775215 120286
850891 167111
660094 284998
664185 235705
229888 328816
63006 214071
278180 212439
851137 677259
35641 351437
434169 722033
347449 881618
781242 323976
360670 341664
811569 53478
47794 515798
441805 628672
198636 588291
368413 286329
3930 708932
196077 442922
776877 475704
81129 885021
272325 783852
30613 758316
997261 576071
440454 809243
673261 871600
263109 638982
389399 124259
33410 876545
545795 949728
562365 293476
900726 695301
66569 605635
710860 717012
360391 296600
172666 864567
307027 691660
855927 238677
277019 907507
917085 651939
108308 229502
536722 894942
198138 646460
261561 431323
213859 554172
355637 741935
162793 869711
311430 156058
179093 798297
840597 73357
805730 165943
932868 569947
999130 760299
130865 944741
546884 170481
251556 138074
690397 513653
433198 319508
543513 386947
862418 522059
396806 755290
489050 877405
707681 975818
382242 498771
353184 904778
251095 123261
300927 839987
717787 155234
952801 517379
822048 236064
455529 603278
5429 403876
280183 228833
426726 726408
208101 93657
39924 152045
799728 676480
833342 365232
157231 154082
91415 890114
707389 484743
226205 384438
740182 180757
526688 842318
366746 187388
199161 938018
756436 228598
913127 829744
690239 351251
470139 497320
190204 482137
665582 603233
14490 954515
337007 653012
273065 87236
982949 580805
382694 914617
360441 352439
436543 622331
581830 75317
166299 590563
520783 754881
924877 311181
443412 43782
409288 369642
338844 682713
677274 774420
416872 401779
749243 658096
991677 485928
826386 611739
862491 961625
227950 256039
967498 265492
632396 746626
275458 573611
841259 393271
816261 783210
56814 241139
580874 486326
967021 613190
884822 749963
597714 928777
831394 32552
773023 375002
685684 925952
378980 792792
732793 582878
454693 728444
319864 667120
624862 374390
674085 56988
475689 840886
421663 853123
150548 571110
560514 822884
9473 132189
394025 580955
617254 331512
576991 621980
292073 281550
991800 495187
859583 610119
401107 34302
506867 786573
347991 149096
387034 668375
949707 46405
235969 41279
377802 611117
447875 799459
318191 857333
182280 456645
978010 388314
823133 169468
828845 579490
44441 899781
593463 249126
40652 545779
998555 750061
175410 486603
71375 418301
835816 939390
458181 794252
23235 73755
622447 342409
25374 586647
511934 489413
718864 200453
154413 181716
483268 78896
904120 236407
259050 460853
161164 825498
338990 810068
155077 22330
148236 14553
141023 620911
265121 300580
948544 519812
643420 132458
48752 397688
349047 886623
984956 653562
580287 40612
620080 19052
510268 658098
192080 686466
420708 954397
910670 481322
856007 56030
880602 825227
91700 862816
507371 846840
607232 990894
353286 489708
99001 763465
603229 699145
41112 190969
811169 93302
257439 627633
519126 275265
6150 846927
498117 33626
198365 339214
649340 113733
913485 597056
766209 836896
388652 158230
704847 648261
79457 112743
817258 109547
260635 601764
264617 141464
112949 910174
213170 626412
405213 525309
28607 614619
729763 462811
771692 168662
699738 870907
722220 222205
697306 301563
489793 730770
707101 551392
979923 443757
510432 272049
764732 41482
458089 14099
783238 869559
664228 303849
906871 817940
164277 99401
788357 281498
550064 267573
942682 280819
157035 244448
983606 935012
147193 449968
940947 486518
271404 751185
155002 334787
721064 413200
171385 258334
163194 160317
286820 349051
811629 496016
442671 657717
181473 265589
657807 978764
27810 530603
367181 613965
365200 189301
432180 782254
105640 774103
621874 227865
202208 54919
11636 646050
914493 965754
618363 180810
994251 117903
615621 708141
387226 402926
996658 284172
134616 263827
343298 606999
631896 851793
831187 9764
858639 920377
76608 681993
973144 770156
333456 170901
53990 497615
135855 701218
553409 519350
294588 1441
268394 333055
992118 43978
123004 443425
943852 800424
773831 789398
710245 896857
170323 600439
984377 7898
572075 717055
846772 19800
734029 609808
229980 808580
926774 897644
575940 282353
807520 422613
659650 985549
816588 833991
734220 339028
717439 843353
360859 764669
461681 421851
467386 504602
856142 634136
664338 42763
609498 415042
223078 316484
904553 41365
153663 334228
188510 227716
439749 426101
83759 997241
386729 77620
229909 598586
668528 662595
481133 801321
314387 67337
188232 88992
489034 372878
297236 271171
704873 593017
957614 803982
761255 519254
511259 918288
58145 553930
811659 687405
296743 118906
576609 764551
986327 947368
524304 125149
407851 406159
933142 252963
294516 152296
447673 706680
703600 289179
322443 159515
177108 393607
419155 738544
995352 688139
959951 404559
720831 308373
341255 356584
906401 892831
472404 588259
586987 327662
174766 100470
428709 311944
970126 122274
904810 888355
800318 903295
12130 199564
497021 587670
291426 820223
218754 146446
386578 978698
844708 41487
703033 782635
70140 550107
383242 677092
870015 676263
843868 813482
52256 427664
392963 82038
682631 325589
744671 606549
729227 590144
612133 562059
153831 406534
614976 332731
969631 945671
700421 716101
411746 20543
589135 159891
293021 492584
953232 864593
289538 674879
893911 426538
299622 952557
862179 570721
344677 356392
54234 359923
145057 771479
690162 26097
622773 164960
562207 577830
624774 528646
657069 477942
320586 837615
424414 763820
372360 309874
613012 48274
686102 951574
715427 250337
630152 733726
403406 337598
897233 134309
272221 580467
809683 119579
256185 796129
523159 787421
264692 485709
472232 192590
401801 809317
324297 740729
33557 563291
309287 692282
317501 431805
45697 278964
810152 43785
775054 924808
530666 179029
653970 640973
371980 706340
652289 268103
521490 945311
781469 715862
175952 231516
154467 212864
312944 224588
496151 91591
475954 261307
100413 133359
57477 271031
761930 654785
427026 544829
308528 55756
888474 734045
5145 791745
510872 986699
584087 566751
500835 381782
534283 30947
91149 363687
150974 616468
837606 462609
111591 162898
548173 644766
989058 767843
691038 958586
262623 191080
564349 885299
251221 939943
398034 313340
100681 613303
790674 571238
844392 759860
851533 92767
401149 28995
461796 137096
716584 993773
111389 355903
70506 791885
863006 891286
647836 153413
647473 395461
128399 854867
578045 635171
976513 966977
27923 832912
245198 892882
73732 675027
598327 279728
143048 326548
907645 47623
691664 221972
754977 542020
325654 590019
507572 149743
558052 425865
236216 459379
824699 36518
180393 458619
502508 476627
645003 918957
869265 462251
600509 810180
552252 196658
277922 277087
567747 987370
533304 542551
683872 284336
324520 20670
422454 918073
437321 155109
934369 598208
334340 627349
628782 764051
96244 795649
692966 915682
12688 989087
403534 721249
588965 213727
866025 992243
581920 256647
5478 965193
775856 237063
470592 270096
881488 430962
787460 506183
672047 63303
702179 13856
718261 682757
513190 975440
484528 177373
550891 294865
110929 738392
717105 318173
583088 718913
751498 368866
824960 188738
931160 750049
57824 846980
214449 913329
395560 452128
972668 462980
352086 41888
9515 949688
396508 526287
91168 232337
41533 669893
53182 128119
160239 997773
140292 126335
70777 576266
881121 180505
509057 589585
689526 148299
569022 57710
191103 447376
926996 954747
819991 138569
902415 235106
488998 988596
959663 758526
262324 167469
600981 854587
38507 440654
392792 870950
410066 826908
701237 294900
652522 788606
277141 748388
538521 242089
248142 636271
117932 984917
105593 834739
758213 778289
263610 706541
79267 362406
915741 439841
961151 769696
497363 485967
510312 765894
348978 698758
849740 808813
964268 678144
921582 994296
337984 409963
511588 310796
626862 919014
482249 608288
892268 352993
489926 563188
818120 67755
285072 853484
268991 821445
207892 616091
227601 357417
249277 138552
578904 669498
767698 719569
576490 429074
714769 645114
980639 454097
716285 140514
565552 768113
731573 575660
482643 556261
406387 122480
307309 724675
734653 387333
612333 748518
406427 582524
453105 454141
206173 646990
842711 771922
379259 633902
850620 562554
675753 317181
707511 370447
461380 464039
269127 366969
116177 804236
103363 944171
687123 264147
986665 100673
363383 801777
834491 386474
434240 213657
369593 995126
160071 335825
815871 476761
665933 588346
233976 511283
829898 733645
643156 342080
136020 363118
40522 252641
718486 526729
967635 376602
119761 511736
657650 201813
762613 696747
608853 881037
193169 292759
390130 803373
539172 409774
467562 207910
759476 595560
480122 918509
115947 874293
465580 536647
859254 769958
192996 973851
675864 49246
753978 426396
107665 828414
476473 256297
645656 752231
232749 797675
510295 224311
59376 376903
333586 400149
705023 353520
138553 322795
601854 720082
566644 952559
356368 648673
460221 183452
590450 615125
76547 743156
825174 24874
663068 958743
858355 558267
991399 108988
720196 807248
278622 855608
810433 241527
960535 525702
125781 495169
352056 938962
114365 27372
839108 356637
485199 203638
523929 590324
117423 213095
836103 587569
393354 329286
907059 937662
63147 343469
470468 19743
586240 534090
220437 70945
586762 676642
535925 25660
243018 518643
424372 504963
748409 728178
667660 131263
789670 635214
126614 87696
858885 580254
506676 494650
515595 44902
883468 540299
965022 466312
409311 630098
538193 288703
615682 882207
994193 836969
924344 674575
130032 42446
526621 547407
574969 613724
720158 636162
292167 458039
737115 507923
677405 654426
759178 519203
409351 700413
792489 48344
500643 309451
364778 747794
48359 788953
20041 17105
943782 275107
904024 344528
907294 673681
672691 111270
370714 972705
588825 868145
830872 406185
236478 157784
492277 438513
534943 110935
222802 775792
3366 281613
264940 798457
829984 788587
65778 732994
778233 191731
590940 853041
772886 870069
272463 729430
4087 92486
22979 865523
558248 530377
474930 581630
271156 358532
112288 313761
151439 817683
270996 462566
347525 799460
624475 235066
418203 121773
662078 383106
105225 740137
916493 49557
577799 144040
855579 108464
604233 589825
588744 373870
271754 891760
754359 622927
220473 89841
745232 247559
179129 900373
716873 466789
193322 474991
877808 403427
471168 180076
600710 276195
234992 427259
894088 711791
537801 451294
649716 324659
547736 261760
954790 813294
523884 869023
940680 50765
372622 12249
157461 222024
941747 512607
701520 375302
150801 25556
677815 855908
679520 76821
731777 114951
492595 421426
781740 294243
632443 234780
919991 997728
135102 455509
534450 180576
530706 518005
404802 280659
415348 852614
611208 534874
61791 784487
297356 63475
7187 379140
161537 1475
724032 355533
716002 24390
422787 720924
148554 168225
404194 536399
558797 100525
561636 226649
367932 527598
619901 245119
203025 562736
463236 253317
768772 256898
554080 99188
328325 101117
980572 787891
839633 515073
668085 616062
118190 296053
310510 833721
128549 44769
685245 376697
115863 164619
610950 300898
908031 43283
970402 148764
240256 475351
49622 212367
12590 438368
1903 135814
34695 458265
375347 58546
949527 945724
99048 653145
518584 14490
347614 806201
351703 224020
924684 283693
493662 300176
780379 447296
906168 492261
659264 186922
903005 15153
230664 229359
446212 495909
316624 123495
525747 359967
164686 407800
767425 743353
166302 602350
155177 423926
583182 406901
159982 435479
659156 873165
995656 843116
471148 987207
901405 640503
842908 354829
369576 628903
404176 669577
248928 729411
487488 744003
560443 204502
297373 833509
799225 626890
114069 480601
560685 616550
959719 365926
655742 113175
155628 357673
239187 107018
884252 639555
271456 106642
922875 698785
622609 733325
941354 634131
133970 826899
545834 266702
7892 609429
732279 999325
792503 497575
772813 984806
382370 620892
582685 807789
320726 52381
306273 616178
685506 946756
859458 85868
9438 670627
884566 404300
914622 506029
65250 482463
352342 388414
198010 731046
489387 376436
928350 831720
840839 724432
105357 174797
901581 604780
213958 89352
579086 493456
77615 84538
827066 69952
658972 283322
480435 330100
737228 687658
401325 87622
91402 817155
746154 681522
87010 974438
50458 484247
59410 951710
961275 376074
604872 708771
763792 74052
964143 852193
105974 223046
556635 326768
598414 791572
185573 743980
329890 931674
175404 630828
590110 869055
251013 809576
235911 539671
653089 142715
311750 509891
127804 547164
475423 886899
63276 786000
838023 756614
928904 264395
703326 123823
901756 774685
171439 588041
583972 904349
770354 851659
290052 997983
433136 422168
232520 277407
242642 330846
814944 33092
612901 467615
23026 725202
775688 346971
995571 78689
147501 428937
181641 327337
897321 843434
596156 842605
746362 831483
851166 822589
600588 239463
164899 939912
412603 212940
403108 363516
140628 18906
180309 138133
408743 382373
620707 101627
601159 489088
372065 713742
763939 758391
909662 804537
727217 740459
296051 44009
907670 484673
