2000000 2000
272533 57521
487011 928554
168685 252894
903971 263283
271902 504669
491179 743905
889857 306320
540501 926135
252688 465255
656032 193750
712683 707501
336090 892030
126468 859385
692465 561666
279513 632966
972447 470783
541501 446389
974585 412249
482169 298049
587597 801235
266413 952182
304232 302420
308016 622062
211516 752794
542140 408492
392985 663426
717656 530014
693965 823405
806444 660999
179558 105575
247426 851798
74002 233249
381216 995512
879459 733758
334860 917265
904681 987758
842428 471327
119890 631347
272443 865160
924724 65343
302578 711354
373465 887506
109425 45121
66665 158940
148692 47801
52428 408529
9973 64898
634335 438429
18063 946584
7688 73971
440564 689457
916413 228989
669903 34450
890666 737264
499658 847398
818004 549500
906103 831308
405560 142663
225075 914025
655088 696275
795334 632366
82941 340111
624460 890872
103089 709192
782441 479088
662478 294335
137807 968629
813224 124307
247629 243428
420877 897434
148655 302446
768806 632669
538285 466797
472695 61358
831770 309501
578624 981685
617364 773818
922454 954900
656165 246795
316160 677162
774060 872828
461970 108757
875347 857456
183087 155447
228392 836181
815345 336050
398685 316968
462171 431647
362345 227847
755850 627946
700258 21809
683707 609429
92044 217864
443016 990490
670952 468715
289553 292346
49662 126075
474921 29198
819373 258835
884861 738771
674513 594695
779310 101937
536482 381336
826710 990402
236400 315592
270544 248253
927773 668108
286851 229120
949091 597441
331784 917116
490617 265042
694613 890998
159313 755041
935733 944604
601812 660606
624806 940204
242357 302941
849463 634672
899640 940323
966793 12895
699476 764806
624936 652206
90329 512002
988906 768237
164941 777879
583566 94930
824525 510876
226428 563929
325365 336468
300756 423013
599883 742973
293266 742779
68551 175929
785315 584347
571428 891009
174834 512966
999011 121097
65177 562456
43070 657759
139746 153031
629035 755517
597345 102251
632374 437008
684417 102453
458577 53609
842088 72276
815534 504302
834985 469158
499804 672605
427681 870624
532541 302532
858639 437331
198004 701161
655096 673071
243291 126689
211313 544348
347599 366634
881289 315842
86662 369251
952112 143057
208075 642364
353933 326233
251197 524843
433402 984379
539280 971224
905727 688239
233504 719107
964665 737471
587070 910818
921108 706504
521969 70848
159603 673449
257329 442469
3814 639571
181108 301588
307017 865660
454253 699931
555402 459616
29198 141652
749092 509752
326135 613118
948807 520506
620541 594706
29232 658180
991026 978160
39980 150709
20413 741676
730391 250794
140123 945605
769822 112675
601553 296247
878172 183643
12684 172218
306397 533523
410804 429492
836627 44009
648038 966316
204011 902399
164389 966760
854823 486365
970150 969353
415856 636701
201444 924289
874954 629984
738869 846641
121975 884292
896947 651360
884842 907452
42633 301980
216705 937704
802349 880462
409581 934824
992329 626790
985673 322224
538083 927832
172421 152037
851823 403471
617731 838378
44395 650755
198186 58853
596855 459957
949590 362860
404690 553596
252125 431084
260344 76100
963618 331046
772203 700862
603892 150765
123644 127724
341769 482253
404197 61367
734885 181399
465698 154366
652791 300748
304011 787684
520165 399121
167915 568232
207976 144466
213053 339404
623507 578295
869933 957791
264143 446550
727645 28366
475950 128393
229686 458596
625182 554199
271607 727212
361546 453365
720012 721310
22031 387031
711592 287830
572264 108517
417756 619720
278034 487386
22067 731393
772188 794088
698718 795213
751618 222215
504144 686906
501541 839597
899761 757426
635351 171009
947303 878983
488300 663311
690325 540283
229754 284054
642486 606156
385170 635818
175894 947285
516031 18603
852111 687621
703031 206200
161095 313867
672171 864257
578392 914359
314869 157409
550544 178598
307212 159505
819858 207796
995438 219634
955266 348510
802380 711579
912181 53876
46537 525564
569061 553018
954808 333323
660251 919600
939026 795404
595842 46362
119469 514119
285744 511848
821520 191632
210620 931391
339060 498318
116927 119200
225038 785588
336906 174658
11218 424413
280161 113964
990346 32034
511428 383610
977629 369653
419146 138717
465075 80140
593360 604048
894532 217828
32954 613061
704002 729768
210922 232261
604724 764301
688380 990997
738230 436847
124526 909153
464757 241643
152747 809482
178125 608009
3178 982829
32373 361385
469941 230396
704093 869434
332157 431054
694266 303906
265381 210994
343238 425222
261285 674325
435061 974489
210960 820242
131857 58828
272731 396287
856506 108246
816646 345275
306921 773153
274618 297814
534440 956759
265929 192348
887780 890174
483745 361827
281601 767370
633161 155652
995802 942237
59848 672429
272861 21309
400611 823815
800339 459464
95837 222751
397354 618385
124483 920451
892717 497697
386500 181441
32222 703174
990504 868737
337532 364759
175762 147054
783889 797905
412792 31786
540317 991877
963237 619464
546671 639434
830522 89229
510711 618498
593469 330270
44102 802364
148279 280287
161287 921848
735438 225464
901455 448392
734662 657075
171074 522452
966352 147531
168212 251399
801551 573933
825670 233654
897109 316236
368804 486721
793292 441106
560965 690314
363002 651440
231695 265853
234751 914909
940014 545731
975333 442206
641327 543438
66816 625773
146390 322790
156565 35260
742156 941549
991753 242501
556526 778029
215564 171460
583271 917993
415440 376386
943161 944677
977402 55908
230810 11464
551144 260483
703533 100531
972007 264715
166489 72737
402471 255212
33686 374260
940185 936640
736919 547029
343549 416443
489814 911490
581929 905190
351394 752944
426712 98928
629713 595902
205898 743338
940631 100076
613255 323538
237622 780570
205934 512286
766518 216136
945472 376532
607234 393244
431027 486754
409985 373187
270715 484812
824592 25824
605631 791167
228943 575747
84087 605522
447498 466103
920847 695888
881986 276578
241207 139063
707701 402695
497899 943547
242480 605181
116219 467700
763260 381357
289375 708508
457374 977332
28450 837505
449584 918933
579328 391695
255450 55277
361861 165121
313040 310760
359564 599529
133306 204272
631955 882328
164525 420742
593206 887924
151671 977784
802702 6749
895825 9937
766884 563872
126094 686313
824980 984201
910252 687080
92954 481467
386758 386395
831516 78284
251740 827000
663365 376885
306645 256657
150797 96486
126042 668723
970990 85069
429043 503950
461232 828605
141816 690726
21669 850628
46795 130068
149786 59443
600489 379032
475531 889181
337245 381347
548957 605049
616576 980883
138781 347008
633421 470111
429502 759022
226326 77868
126813 98768
290468 433464
594195 314063
874032 958589
398315 139152
74255 9799
612848 356273
857259 885441
617662 401961
7635 755988
947535 5725
780152 421540
757533 165219
95723 384885
433387 735987
792579 831733
590036 717170
107458 652433
985388 564873
324182 352289
819589 960680
861223 627488
91561 719035
551276 929074
729527 884153
427887 280378
450408 37788
851516 310167
711270 652716
977814 31092
533406 52035
510969 113901
379916 540756
185325 582281
894163 670404
796918 231357
864604 241259
357006 133738
443276 277424
505326 453873
560961 701802
780945 785996
208058 43875
197002 13701
565511 882049
568287 423344
541271 873437
981128 510263
372450 312593
529664 121278
539452 20061
209986 152199
18414 638969
807213 753952
417447 403033
687146 359012
116593 689450
834329 243605
779892 127981
453284 705406
830849 693841
880064 876981
21550 938146
295217 869240
561089 100318
959377 459041
877759 566487
206891 615591
478071 66403
846318 910829
764423 678188
406306 964810
428482 973995
410193 131076
91352 813001
203835 446949
272514 110696
835692 187754
145443 44232
937603 294619
654796 279596
611572 146820
697484 751552
108146 353457
391937 199709
356304 381188
795450 804691
579301 457013
485212 700029
61419 725048
434194 407607
420243 257201
883993 323457
944922 337339
809499 123390
911654 543467
654603 920017
161196 197054
446930 600388
502575 263909
612162 880550
144500 711895
338978 323523
150761 382323
959144 31186
64931 15746
978030 335508
342506 971315
1619 334414
254763 662941
653086 457244
405602 987524
650971 267911
135971 849380
286212 543891
29381 67608
13174 259606
291176 80878
906184 274084
730570 496325
161400 354535
891140 382179
217553 478640
126061 530915
215553 365444
904772 868988
208263 973283
507004 410799
713471 243884
609600 162285
632862 869750
610850 616978
780680 278851
854547 984573
426281 914749
902721 677763
321968 421305
389103 376197
80925 698119
781277 70226
699513 147836
71557 742127
705842 176417
882531 531618
243583 596278
211166 53583
261000 241488
20776 391232
240827 153725
524032 122717
155414 269508
199693 639503
120009 631499
848852 83961
399827 420204
551195 273321
965521 109272
233476 962892
873966 579569
536587 488125
635843 332361
155070 7623
887580 829194
18485 892419
837426 165969
209597 397069
338326 860563
829442 403697
987318 115539
745374 802199
386145 705843
310237 698361
955948 897078
751364 917397
587713 760357
379004 405577
970205 339905
804628 417604
186643 698895
618672 523516
186628 515146
675500 941506
606138 707900
90835 985640
226760 731953
436596 926770
188367 837239
535386 462019
730390 882031
843146 475977
493682 504998
307379 827085
878350 549569
167621 878237
590771 621454
805452 99452
250593 950154
83543 514525
385161 741297
323407 811476
385521 993412
238359 349251
218826 554562
276626 327148
595589 612413
100131 444654
485693 988029
763508 856533
633236 466433
578594 556777
477661 499841
56564 269349
154615 705362
232362 354540
736087 541054
570713 164929
531204 431847
762860 267144
103835 712172
154306 656254
363587 72352
675339 370796
790684 879027
774191 704036
813584 722426
777102 194490
645477 802220
250676 783187
45021 322577
1938 132556
493482 444467
172914 490042
334579 684481
501292 810030
50154 349204
805884 728511
287085 689933
825116 274995
235320 903747
48592 402899
657218 537891
992130 562411
632368 278199
8550 200311
491340 97696
946254 852932
735967 359296
321642 111273
970435 827806
665758 441563
913353 484568
183319 517937
11271 113911
308660 546866
897848 128250
342117 734767
945838 233880
462055 727060
899106 421396
701764 580504
703784 685152
356722 998631
946610 933204
988744 445315
973559 643674
696258 958039
439623 366805
546661 337145
225736 456931
581762 122506
600356 791681
939015 250499
383208 77124
697609 575731
326466 961079
96845 886307
825731 952116
343228 555355
43858 86534
907893 302206
533217 62732
410229 195948
771909 902961
99951 749073
280477 376846
233089 916644
952765 232089
521942 868999
101517 134148
45941 753195
786706 122813
738471 715927
768324 365360
978273 593869
639788 95353
215840 96159
684435 150038
807906 299352
637743 909079
939366 288008
661506 360284
9315 735668
326243 156905
603548 186540
928717 603441
886663 819291
105665 147385
813174 952524
666585 603260
351694 588478
32544 450054
979815 20004
441623 182842
454985 157104
949346 132184
798265 703656
73210 594589
455317 226666
708696 48454
766393 178704
360775 672492
439297 65296
98987 485788
546828 557829
890139 876620
983726 666850
761317 405820
541084 890402
684485 311499
163316 199152
566701 963252
630218 362079
533498 136083
726538 301954
346556 967195
312259 867183
483225 236904
310477 648797
932036 532044
535200 958780
820761 774422
730076 752537
639478 359171
240254 229126
975959 28554
99985 161958
128517 538480
371301 626892
262393 740489
498193 584790
405612 220970
632679 521681
355152 915157
985982 142855
574413 625094
931830 825368
477179 706216
230767 701576
786069 533026
906306 606693
18845 526084
538150 172112
110237 641216
318900 351049
681712 140373
568811 543121
837787 880298
306573 184900
395563 828362
248737 410152
989605 134946
797739 597696
759172 288860
585936 609969
719267 579240
334701 305781
471015 78235
867899 249154
790061 224721
27964 893887
184842 404515
356222 913936
475094 948606
965922 922587
946880 974341
149379 95810
516630 914443
161198 797217
208783 524752
334903 901566
45811 655052
150892 103801
318161 783236
476343 758081
911009 491425
885384 142413
290577 288249
895047 860153
161979 842302
166775 796647
550933 215063
440005 521839
980235 316869
56904 713923
369143 704821
232668 562452
17327 781074
844218 166876
943477 337653
111928 960849
511573 430459
637996 19358
846993 910841
985133 67348
440631 353639
747769 552794
589612 433213
742551 32695
183675 727153
991622 124271
785241 28520
337447 772721
917011 727774
41531 942128
115313 679382
248577 267298
911087 141527
456293 396641
12268 726021
215586 184106
662891 244321
485756 677492
188509 495880
532399 653430
175828 486128
77676 728841
508994 585731
460926 648747
459070 254632
104280 98965
574316 838783
888461 615510
316484 805736
56416 933985
486658 888252
331931 641280
587534 793213
554679 658361
832823 117413
762259 560056
547258 287398
30089 78958
134213 30379
850546 795966
933523 356178
582130 956005
584944 698038
174621 819168
520769 224430
108722 199189
922743 780743
996902 807985
308001 506926
60512 585630
266080 190389
975059 429613
480740 288750
905134 458676
911936 706699
812653 570778
114024 945226
659993 220667
218187 204686
562128 153432
193180 886750
666563 882683
943335 234562
83646 69964
864651 547003
542331 816317
545228 953013
954374 305922
81414 541639
685982 396356
806764 441275
236433 265335
229481 760709
151560 135272
31710 324500
549314 843062
900451 198738
537934 533547
28638 215912
272107 119414
54281 798532
435599 198469
83998 200838
498362 246387
516297 16560
446399 705579
618476 536797
938407 972096
835328 751540
711263 654612
366695 993498
569231 647163
557309 440810
907541 685445
716946 180864
286447 878696
764614 247830
543601 844091
377880 294077
51043 552096
245552 148586
912 862939
950372 497986
851026 340570
493625 553623
266749 796228
245307 717865
222457 739626
315791 966872
895715 251309
244893 496075
102936 435136
281931 935903
759956 617707
378113 303214
990487 741122
694831 208177
76823 999078
867594 42785
221380 220370
327860 347008
224715 730150
332809 806721
542461 545435
684932 235817
580080 920030
633095 238616
186702 167069
170110 942063
274510 959746
700733 672694
822548 553356
712468 112614
383224 119233
659034 961904
62691 953349
687350 969039
785808 752055
564472 590469
218840 324040
691099 773683
805549 741638
556578 352899
15008 933175
137265 103810
447272 590660
106702 257161
107775 492939
811125 718796
177086 525419
472384 32519
213465 87816
373718 727665
26128 610593
704995 470272
68023 739914
537973 35975
192039 178669
382284 903438
383415 915945
389453 522866
379650 131987
495740 443038
335336 797855
953080 545073
282657 654730
509002 848445
988047 394872
730761 497599
710561 29689
624535 787340
222239 542231
241563 844387
223526 196365
562801 8457
985108 982884
555360 998367
395714 413553
811766 341657
471463 489829
487529 567004
202357 574344
213566 782061
324615 902325
643070 280886
115997 30131
121923 304436
443575 783356
625404 825530
397077 344823
123867 532466
913207 613813
593084 703297
299711 132005
986000 754776
288551 763457
805998 402156
408127 639775
901014 470970
91081 46726
565470 768399
560005 143935
599857 897694
92368 361813
589726 295302
260134 607506
844953 426503
900572 433845
833197 817884
907885 360079
676522 24417
509329 300633
602771 300778
784619 761406
237035 395455
687967 783031
179698 12764
476338 494765
812484 210627
302917 356837
495747 594769
814989 12613
895790 523759
259588 877873
180989 138911
296079 662927
676491 530589
270172 438098
395406 630702
35936 715926
953927 714370
376647 550552
745165 966593
206030 405419
60390 939691
424245 957853
227577 806891
180227 816271
139069 245857
383368 586988
313740 538831
971698 206212
959541 12279
374429 152372
931339 172923
622936 10058
147203 643055
783646 997826
614819 662576
959726 181638
520943 394048
280039 62573
18084 673286
374677 53828
905428 134973
108605 449674
815709 719314
844550 542315
377452 607948
991523 368735
277018 211256
704245 820598
923344 948762
521441 813344
142737 138869
604558 232450
21075 324856
176384 496607
680372 407893
762110 164456
377869 507180
796960 751506
74269 218081
714476 91008
738409 126377
703547 269021
534436 89044
568260 167788
980861 179919
290876 479884
804659 947230
412427 138717
606325 312816
577919 436543
125172 39943
607087 411366
531827 479069
884576 18982
549788 899455
386918 991370
29488 913218
795135 344495
820359 425755
138329 70958
109133 947091
54831 652682
632734 801775
315740 32645
783940 863653
159917 496637
28003 201082
177742 21876
853444 666560
971871 885974
255338 180303
271531 661450
307439 203945
735038 677091
657942 473801
129542 456352
635101 221419
691406 916911
552607 323590
896382 843801
501441 412834
298919 172289
56410 493389
85058 160176
490707 564809
49613 619989
675483 923789
522713 798748
476915 591157
160042 720831
927258 758504
972981 981956
54036 301306
702607 660165
15535 218853
986997 335415
271973 945610
898436 53255
625745 519084
690529 330655
434131 369610
141822 295362
783246 95284
819917 867690
328362 693124
516956 141382
662322 287401
663159 185192
82308 336705
282822 337660
558520 814304
50949 531021
594708 655891
369826 702221
552699 978590
327435 688759
160871 949887
902809 425840
331280 620450
360321 909862
838969 374151
58661 546436
380012 423176
717099 329041
38972 260208
362889 677232
666374 92819
220649 964310
176184 466082
749546 681261
201597 994584
173908 335911
17851 733550
694742 419270
668663 493142
495954 497866
801266 58152
617032 539069
602847 596281
595892 608043
38258 787988
808983 287171
343476 187581
903131 531664
291576 92958
798134 345296
931265 509338
900929 392140
780453 169455
743644 690615
850906 351892
9357 14343
775730 525273
563784 496056
390099 213680
692046 265249
630681 141664
233222 373130
925070 713283
300400 887469
242001 759195
55557 876401
7150 373977
203216 850964
784827 805235
133441 430413
930311 565663
147496 284150
284547 515573
165360 677003
732421 133781
121655 54546
130402 824980
459430 137838
811312 744537
606377 805616
562366 591509
620224 313900
968340 11126
386708 454641
439841 859561
825843 176318
591569 483278
666770 768958
176927 188864
888024 460323
142751 520054
138172 230224
39284 175042
396151 853827
217033 147888
528110 311535
772948 998387
716262 924800
841300 643910
540526 61652
586794 959374
168270 241853
24123 539841
250802 530736
100322 843482
401055 533026
543805 935792
727798 663188
523651 739314
813994 953112
7477 990306
846307 23906
511369 403924
635641 777478
524416 754419
117059 398338
569482 600414
586787 453450
310258 715415
213448 919545
389161 81320
535340 913740
886743 719940
81300 744178
419503 271608
903880 530625
477833 194804
786632 134602
704029 506664
185624 115929
171758 809450
561643 235059
323026 525715
540234 844234
728727 203187
899639 312721
22454 7674
991129 407684
706206 759645
289824 761429
199377 657418
906070 512580
419849 376566
229225 540686
570312 11210
496413 217653
817383 724481
339059 776002
470642 151529
727803 602264
838522 755574
776394 503521
628017 350309
901157 679840
200057 770969
141593 617855
423175 684183
147428 670522
311955 425616
631383 319747
454015 255987
915199 413047
551035 13574
933044 209863
267004 499305
781634 698484
319757 301096
492212 511558
129058 834933
47463 358900
156962 226310
702709 748387
355693 117705
779368 224825
309061 772792
9163 854497
342394 362290
266346 832313
744242 815975
590800 25952
596080 66689
678265 2160
632846 514099
650439 880670
774410 853946
788755 802427
722258 598297
403636 785414
350382 881047
518629 546459
566530 401137
553987 711053
43974 778228
513877 157216
120 141544
620352 235366
753594 851494
224864 471973
69265 659418
811674 188520
339032 425619
807174 901853
589084 32503
472702 570244
164929 533997
184828 650873
280832 801013
430908 514480
399502 401263
169260 861246
413979 149726
386927 409938
68137 289561
949338 869034
711532 720419
721229 76901
358008 554648
953068 397281
97798 924149
7068 838136
762666 579216
209545 423832
243335 181450
278172 308020
297583 61294
501411 148455
248206 252839
603045 13663
138413 302277
384412 57622
858362 663938
699124 133211
31675 89272
717703 365795
531584 394203
517476 993048
922021 388012
137299 537608
802624 345402
727099 63387
470387 403395
160714 997023
597 878087
191949 627321
195979 943784
309318 605025
393378 107732
765229 53408
10677 30677
238685 771137
500982 887288
180319 162515
447577 639455
726710 277942
706052 299914
360412 558132
256093 632925
258912 686773
262573 370490
749486 399518
579359 766311
230782 996030
642150 891136
18080 377088
996177 412945
166225 858867
218873 897443
889817 529936
555359 259581
949587 310041
389900 151213
783748 666740
513090 356003
223790 58160
506874 229000
863036 613493
389432 245000
587213 889229
677532 405241
896510 684057
414331 222193
912275 993621
221727 908826
989745 996129
525270 903335
310556 23346
61108 594827
523838 233904
445920 593211
83093 43629
591531 457310
419918 458738
788057 425152
760520 956373
470416 602997
778385 130784
396279 276033
836353 293884
549409 614335
316422 132600
731924 925032
703960 632101
64060 452095
565032 182040
561760 94677
157848 90081
922835 371020
464660 140812
951641 978695
111087 598054
393211 589231
885852 177063
698019 834561
817211 320922
972629 122644
978642 324959
245017 848204
811591 858230
763857 253070
296569 389484
115982 48879
579099 639101
239334 20104
726971 212443
494872 491376
660484 199706
446309 911536
253769 75600
585630 177791
813857 281488
696089 36064
241966 817008
724276 621213
955017 40181
132564 833396
499337 680421
640246 424168
660877 971195
833687 919216
743955 366578
757895 4995
443977 752873
803449 896613
104766 334309
631864 584059
278541 845702
100450 240780
774284 714727
804923 304837
237149 413442
254687 673460
501836 506477
995730 185000
961166 492915
372410 135430
387898 911682
46073 309744
740744 472458
904439 896714
756377 598422
652373 52987
496545 824621
697551 13300
541921 487360
869974 195584
829689 761288
237531 657167
973986 811142
453296 697553
131678 25045
294586 327645
367712 309653
307511 971641
157311 534661
708889 927584
46510 49388
216693 613256
911795 293339
176267 857417
767037 798535
954113 670544
641948 68404
327074 235581
130665 411428
537186 555044
769697 429677
741356 72189
362673 135083
616380 199947
999472 537464
269285 32004
931898 297858
175829 802850
660871 930209
230689 760816
119636 658878
250651 145760
401209 548987
42453 900483
27908 659865
275662 267958
811415 758882
208524 808652
903525 754099
441935 362306
660956 392154
427939 532651
282199 618514
37373 707150
270421 808055
103456 164620
50040 560361
517800 759056
591618 877715
683256 826183
210459 398688
54441 81029
981353 21157
521238 814925
44879 213715
308339 95215
722201 810034
502574 55521
485275 748951
481096 272905
940213 212429
147766 483413
721595 383717
977177 847750
979027 141506
336798 265195
529435 806636
271223 471959
77419 616745
276961 323837
14454 43878
563147 217575
741371 173616
998649 292729
204054 113519
977299 89045
892045 601677
760412 930849
344003 540006
29010 858060
792788 927318
65475 527831
139949 580684
261960 532214
435055 134801
196926 873258
170718 431686
230301 590631
124242 997393
155974 480870
981282 875354
313967 981435
185121 414185
504751 645622
605382 543950
15556 277067
548411 728010
982891 409384
49094 949836
90992 384690
16860 732675
753642 86918
732343 214659
395388 869366
671022 728425
681553 792597
847288 719369
456957 781857
405007 897570
624080 673268
964165 436966
580048 146072
915743 289111
398314 440577
356643 466491
46706 976883
590914 641251
342423 65410
827905 402333
408305 389260
462866 778701
369090 193698
476640 721478
34418 991901
405265 543961
538819 642307
364779 220380
925947 424309
470297 434414
953011 961466
378513 993466
405536 125948
138334 328321
885858 630236
267886 134930
683479 635905
126984 858797
622934 50182
354269 450141
10417 721866
611480 157288
162531 272723
762125 269970
171894 21300
542214 985821
23798 614233
783243 138837
725474 28740
982996 103902
674268 113348
3270 599242
142612 657307
133851 844088
547270 804245
369046 313440
622595 227509
445239 81429
603871 443900
242525 890988
609207 779511
911169 94706
28030 466755
74927 49247
222354 313032
101197 81509
318412 228156
842392 363869
907441 732598
713240 623612
715972 559013
805948 741350
805864 465345
960522 569193
715695 143761
708390 597698
792973 127836
669567 818908
593082 601392
820533 538104
558096 711209
389858 930405
950693 337793
759793 465177
918208 226302
517605 942580
909814 651297
552456 940242
427178 628190
927755 801844
67442 678046
910849 100534
523614 561351
888466 712460
196276 85419
201749 928480
965250 845932
826475 524859
314368 683200
544150 435830
850250 145384
927415 890995
258321 591170
280651 613638
260196 966028
409329 818446
85258 171262
26758 257423
578083 241835
401018 41567
871043 522395
274123 287450
255976 302213
540103 695857
799326 246031
920138 619451
110336 721044
128033 48070
7662 609709
246180 148176
471526 89692
316893 229775
218579 483297
151605 710542
612061 378788
638176 389570
74450 167370
551423 885283
408733 137521
119834 998756
714250 170717
588599 218383
814013 876711
447006 367264
191504 784777
561569 952210
696480 967814
935986 846862
881297 860135
798245 405715
477597 660909
181679 228611
249486 831763
994342 579755
881334 431525
401197 115247
908079 439098
955226 495027
644624 748708
905943 422592
597667 923586
730851 979586
417060 123536
342795 203457
724482 83919
676387 554923
234992 621039
81644 582655
463048 101979
529219 517315
384442 984268
7887 865093
591799 799996
583325 883377
657084 574305
413228 351262
650230 126058
529003 924179
137635 499291
433094 409618
218095 25506
557446 735790
370654 985893
253848 953696
859003 257136
937001 848041
480543 312826
14663 548806
94217 599642
696294 313953
978818 139181
916795 445750
346706 960739
376230 199904
839147 295063
974739 280888
23488 234982
601243 63202
432711 238392
118226 6640
891203 418631
899925 336927
549625 518664
708552 887427
953270 648695
685036 200556
46988 778945
551923 702811
684253 423459
275218 796056
135717 535983
635242 172389
674282 591515
506870 371982
783263 11689
790605 747713
179467 996970
211117 239000
176441 386290
256123 288492
863410 217995
151115 377545
665889 615135
419684 394328
640636 130099
600843 442
788836 615182
411752 854969
207285 626690
345271 142701
492993 705173
234393 940331
63199 103548
954712 396182
268487 299857
754658 605876
651812 245753
357268 278053
447468 280866
917178 606603
768657 693601
161018 731587
736725 364782
580913 420153
429732 530408
613729 899509
558230 446935
697246 559946
255424 716693
702821 129827
310489 667046
436871 539883
204359 647875
661862 301405
380309 981159
504239 612019
305715 77638
944075 795978
675662 974597
447330 675664
332494 161483
146280 76473
278450 372391
54804 545166
419734 682290
441526 321288
334326 61675
367173 763649
867311 154252
936364 747262
504948 372302
831585 733738
441987 522201
740944 13050
483670 148634
239338 212755
516629 856458
223248 615269
164696 687438
205949 659493
360637 291873
834305 514359
32334 144030
219334 320157
876698 563409
730675 756060
507768 400149
133063 903661
36195 220508
231553 212462
201623 469732
118372 183857
736765 91852
839755 234044
47493 797089
154443 464546
455222 134169
739322 470673
789334 62834
447463 815293
96131 331425
676423 795864
269979 854907
799622 164857
971699 222880
839583 741266
719256 778761
612108 861972
712438 334354
962554 239868
71960 504923
76740 513009
16221 74824
712087 66795
812914 829496
508607 861165
230000 572297
601539 796956
797836 603512
643518 418437
806980 956200
189795 165672
821643 467125
121409 593279
314909 670709
336105 85356
