128
1 2 4267
1 3 2092
1 4 6230
1 5 4985
1 6 4251
1 7 2993
1 8 15816
1 9 6738
1 10 14244
1 11 8240
1 12 9157
1 13 4927
1 14 7892
1 15 7873
1 16 13932
1 17 10500
1 18 2643
1 19 6869
1 20 9820
1 21 7151
1 22 5661
1 23 15083
1 24 608
1 25 13805
1 26 9279
1 27 9179
1 28 2864
1 29 13706
1 30 1788
1 31 3160
1 32 13029
1 33 3929
1 34 10506
1 35 14481
1 36 1054
1 37 11784
1 38 9635
1 39 13796
1 40 12995
1 41 976
1 42 1484
1 43 15833
1 44 14708
1 45 4937
1 46 15922
1 47 12851
1 48 980
1 49 9166
1 50 6363
1 51 5955
1 52 6673
1 53 16061
1 54 12063
1 55 11571
1 56 11488
1 57 9016
1 58 7631
1 59 11416
1 60 4120
1 61 9964
1 62 3734
1 63 1635
1 64 3417
1 65 2820
1 66 8628
1 67 1291
1 68 14842
1 69 6163
1 70 2626
1 71 11619
1 72 5942
1 73 4389
1 74 4724
1 75 3902
1 76 1484
1 77 8704
1 78 16146
1 79 13021
1 80 11190
1 81 6019
1 82 10364
1 83 2362
1 84 4891
1 85 9711
1 86 9231
1 87 180
1 88 13922
1 89 11347
1 90 1876
1 91 13164
1 92 554
1 93 825
1 94 6353
1 95 13897
1 96 13999
1 97 8781
1 98 5815
1 99 3872
1 100 5797
1 101 11876
1 102 2434
1 103 14613
1 104 12805
1 105 348
1 106 12851
1 107 5611
1 108 3316
1 109 6343
1 110 13608
1 111 12167
1 112 748
1 113 11215
1 114 1432
1 115 5364
1 116 14790
1 117 11774
1 118 10998
1 119 2117
1 120 15820
1 121 6996
1 122 5222
1 123 1163
1 124 14731
1 125 12608
1 126 14753
1 127 2960
1 128 14437
2 3 2611
2 4 13814
2 5 15774
2 6 8886
2 7 2956
2 8 10499
2 9 15057
2 10 12296
2 11 7597
2 12 5129
2 13 13208
2 14 76
2 15 14470
2 16 7505
2 17 3581
2 18 14132
2 19 718
2 20 13080
2 21 10700
2 22 767
2 23 13740
2 24 5421
2 25 6429
2 26 6891
2 27 13760
2 28 3937
2 29 14548
2 30 392
2 31 658
2 32 11382
2 33 6084
2 34 7886
2 35 15776
2 36 3228
2 37 7181
2 38 8067
2 39 1026
2 40 2671
2 41 1314
2 42 697
2 43 4754
2 44 8360
2 45 11473
2 46 2882
2 47 14065
2 48 12038
2 49 15746
2 50 932
2 51 4164
2 52 11857
2 53 10679
2 54 3247
2 55 12226
2 56 11345
2 57 13335
2 58 15437
2 59 12378
2 60 9843
2 61 5317
2 62 1476
2 63 6093
2 64 1394
2 65 2446
2 66 15928
2 67 4574
2 68 9
2 69 674
2 70 2395
2 71 9102
2 72 5511
2 73 9191
2 74 12356
2 75 9735
2 76 13885
2 77 15507
2 78 1061
2 79 6936
2 80 3660
2 81 4499
2 82 14550
2 83 15704
2 84 4732
2 85 2470
2 86 1792
2 87 9312
2 88 5699
2 89 9519
2 90 13350
2 91 5950
2 92 7502
2 93 5028
2 94 6896
2 95 15183
2 96 2342
2 97 15840
2 98 8747
2 99 12685
2 100 2964
2 101 11584
2 102 12253
2 103 3403
2 104 11382
2 105 2082
2 106 2783
2 107 14460
2 108 8878
2 109 83
2 110 15409
2 111 13784
2 112 7836
2 113 6124
2 114 8242
2 115 2341
2 116 11445
2 117 2651
2 118 7399
2 119 10755
2 120 2273
2 121 5995
2 122 706
2 123 1305
2 124 5330
2 125 2961
2 126 5762
2 127 187
2 128 12731
3 4 7924
3 5 11236
3 6 11139
3 7 1221
3 8 8503
3 9 15039
3 10 13696
3 11 477
3 12 12045
3 13 12087
3 14 11839
3 15 4036
3 16 2991
3 17 3423
3 18 16093
3 19 5572
3 20 3149
3 21 4765
3 22 11061
3 23 6041
3 24 12474
3 25 13197
3 26 3584
3 27 13080
3 28 6775
3 29 10819
3 30 14602
3 31 10451
3 32 12707
3 33 2329
3 34 14784
3 35 13801
3 36 14506
3 37 8003
3 38 4647
3 39 8428
3 40 12374
3 41 6100
3 42 13804
3 43 13671
3 44 10338
3 45 10515
3 46 6507
3 47 15091
3 48 15356
3 49 14866
3 50 14593
3 51 7447
3 52 10725
3 53 12398
3 54 1044
3 55 7647
3 56 16342
3 57 9750
3 58 10748
3 59 7821
3 60 1017
3 61 12331
3 62 7934
3 63 12671
3 64 6265
3 65 12290
3 66 13812
3 67 6620
3 68 13492
3 69 420
3 70 8323
3 71 371
3 72 7975
3 73 8644
3 74 13991
3 75 1886
3 76 15503
3 77 4460
3 78 11706
3 79 14978
3 80 11740
3 81 1829
3 82 4732
3 83 3478
3 84 4619
3 85 16085
3 86 13196
3 87 7706
3 88 3137
3 89 13282
3 90 5182
3 91 2643
3 92 7999
3 93 2613
3 94 598
3 95 16025
3 96 6211
3 97 9583
3 98 6587
3 99 4531
3 100 8175
3 101 14437
3 102 10976
3 103 11849
3 104 11131
3 105 4425
3 106 9078
3 107 3354
3 108 13052
3 109 11563
3 110 13193
3 111 375
3 112 13957
3 113 2633
3 114 6355
3 115 7381
3 116 12365
3 117 2866
3 118 2048
3 119 10610
3 120 1809
3 121 13181
3 122 4099
3 123 7730
3 124 6480
3 125 6436
3 126 10992
3 127 1303
3 128 11727
4 5 14193
4 6 15817
4 7 6752
4 8 14789
4 9 10328
4 10 3296
4 11 3467
4 12 2364
4 13 6330
4 14 3386
4 15 13963
4 16 8776
4 17 15968
4 18 5160
4 19 10251
4 20 6868
4 21 9571
4 22 15642
4 23 2999
4 24 7766
4 25 9986
4 26 4749
4 27 2452
4 28 7191
4 29 6298
4 30 11917
4 31 11159
4 32 5431
4 33 14883
4 34 9452
4 35 11163
4 36 6917
4 37 3626
4 38 12750
4 39 3672
4 40 15241
4 41 4979
4 42 9308
4 43 9220
4 44 11435
4 45 2962
4 46 11303
4 47 3852
4 48 2967
4 49 3370
4 50 13560
4 51 2143
4 52 10073
4 53 4376
4 54 7796
4 55 3617
4 56 4255
4 57 2567
4 58 9562
4 59 8622
4 60 11551
4 61 7267
4 62 5526
4 63 13827
4 64 2490
4 65 12831
4 66 7479
4 67 9784
4 68 8158
4 69 14046
4 70 6827
4 71 6150
4 72 7673
4 73 2781
4 74 6566
4 75 7682
4 76 7203
4 77 14987
4 78 6609
4 79 5560
4 80 11151
4 81 4369
4 82 8293
4 83 944
4 84 2375
4 85 14780
4 86 10426
4 87 8668
4 88 6734
4 89 3689
4 90 16164
4 91 5983
4 92 8422
4 93 7318
4 94 15719
4 95 15580
4 96 12425
4 97 2045
4 98 13128
4 99 12822
4 100 16158
4 101 11460
4 102 4007
4 103 3259
4 104 3058
4 105 13521
4 106 7329
4 107 15895
4 108 10700
4 109 12280
4 110 13688
4 111 2748
4 112 15905
4 113 14451
4 114 1158
4 115 7352
4 116 6865
4 117 417
4 118 6293
4 119 10267
4 120 3646
4 121 10340
4 122 13336
4 123 6995
4 124 1601
4 125 15909
4 126 714
4 127 11977
4 128 15311
5 6 944
5 7 198
5 8 8410
5 9 14199
5 10 6957
5 11 4010
5 12 10680
5 13 110
5 14 1095
5 15 26
5 16 3941
5 17 14807
5 18 13407
5 19 2340
5 20 13018
5 21 8958
5 22 12877
5 23 12316
5 24 8416
5 25 11983
5 26 1946
5 27 4721
5 28 5907
5 29 15396
5 30 7931
5 31 8293
5 32 5776
5 33 13500
5 34 2408
5 35 1808
5 36 1855
5 37 1573
5 38 15843
5 39 9276
5 40 5019
5 41 4607
5 42 1264
5 43 2883
5 44 1716
5 45 2081
5 46 11144
5 47 6439
5 48 13933
5 49 2771
5 50 12847
5 51 11851
5 52 6087
5 53 13591
5 54 6994
5 55 16379
5 56 1608
5 57 3909
5 58 11737
5 59 460
5 60 2973
5 61 6909
5 62 5926
5 63 16060
5 64 2225
5 65 13833
5 66 12035
5 67 6655
5 68 15870
5 69 14570
5 70 11669
5 71 11678
5 72 67
5 73 5487
5 74 11716
5 75 3456
5 76 2753
5 77 15653
5 78 16372
5 79 2529
5 80 14452
5 81 13770
5 82 16316
5 83 1272
5 84 15411
5 85 1214
5 86 3543
5 87 6338
5 88 10261
5 89 7627
5 90 775
5 91 3677
5 92 2062
5 93 207
5 94 15301
5 95 3511
5 96 4571
5 97 2227
5 98 7352
5 99 8526
5 100 10845
5 101 7971
5 102 16319
5 103 3142
5 104 10489
5 105 7760
5 106 5489
5 107 12101
5 108 8190
5 109 7430
5 110 622
5 111 3648
5 112 12605
5 113 1431
5 114 10127
5 115 12176
5 116 619
5 117 7587
5 118 6016
5 119 15816
5 120 7038
5 121 7182
5 122 3987
5 123 4579
5 124 9758
5 125 10889
5 126 11716
5 127 577
5 128 5413
6 7 10873
6 8 14447
6 9 5640
6 10 14623
6 11 1404
6 12 4564
6 13 10327
6 14 13356
6 15 15432
6 16 3235
6 17 8039
6 18 11810
6 19 5302
6 20 10166
6 21 13238
6 22 3106
6 23 7332
6 24 13657
6 25 12015
6 26 3007
6 27 11180
6 28 539
6 29 573
6 30 743
6 31 4288
6 32 5289
6 33 9867
6 34 7827
6 35 8574
6 36 11230
6 37 13973
6 38 6098
6 39 1032
6 40 8295
6 41 14718
6 42 5312
6 43 13574
6 44 14494
6 45 5773
6 46 14970
6 47 2607
6 48 12647
6 49 6196
6 50 1886
6 51 13039
6 52 12862
6 53 6719
6 54 2118
6 55 12722
6 56 15221
6 57 14479
6 58 10319
6 59 1498
6 60 10416
6 61 5777
6 62 13224
6 63 5464
6 64 12515
6 65 6785
6 66 14267
6 67 2683
6 68 1619
6 69 13494
6 70 7942
6 71 4942
6 72 13831
6 73 7013
6 74 11317
6 75 12336
6 76 146
6 77 5232
6 78 14242
6 79 3717
6 80 1177
6 81 1848
6 82 14853
6 83 11684
6 84 14959
6 85 12036
6 86 8621
6 87 11346
6 88 10172
6 89 351
6 90 15544
6 91 9888
6 92 12415
6 93 14535
6 94 4250
6 95 9863
6 96 12287
6 97 16108
6 98 11777
6 99 11265
6 100 4644
6 101 8841
6 102 8070
6 103 15189
6 104 3916
6 105 15871
6 106 8259
6 107 15456
6 108 752
6 109 5066
6 110 15749
6 111 3932
6 112 12994
6 113 6502
6 114 2681
6 115 1564
6 116 11730
6 117 13167
6 118 12823
6 119 482
6 120 7239
6 121 9885
6 122 11685
6 123 3631
6 124 12972
6 125 10791
6 126 15198
6 127 15972
6 128 14664
7 8 8605
7 9 4430
7 10 15149
7 11 2105
7 12 712
7 13 1418
7 14 1134
7 15 7780
7 16 1160
7 17 1012
7 18 10850
7 19 11284
7 20 8120
7 21 13737
7 22 6775
7 23 14970
7 24 14196
7 25 12305
7 26 8331
7 27 6528
7 28 3105
7 29 13771
7 30 11434
7 31 862
7 32 14427
7 33 9532
7 34 3133
7 35 7569
7 36 10884
7 37 7841
7 38 9663
7 39 8767
7 40 3881
7 41 6083
7 42 287
7 43 6477
7 44 5438
7 45 1902
7 46 14734
7 47 7407
7 48 877
7 49 5701
7 50 6397
7 51 15377
7 52 12908
7 53 10085
7 54 7261
7 55 3112
7 56 6066
7 57 14975
7 58 9806
7 59 14647
7 60 1709
7 61 985
7 62 7254
7 63 11724
7 64 16322
7 65 2726
7 66 16054
7 67 2349
7 68 2103
7 69 13383
7 70 2570
7 71 8396
7 72 14350
7 73 318
7 74 4635
7 75 11432
7 76 827
7 77 5356
7 78 15095
7 79 16024
7 80 14371
7 81 6807
7 82 14226
7 83 15309
7 84 10372
7 85 9628
7 86 3073
7 87 13899
7 88 11223
7 89 2359
7 90 14797
7 91 5251
7 92 14743
7 93 1158
7 94 1022
7 95 11690
7 96 1084
7 97 5891
7 98 3196
7 99 10131
7 100 11693
7 101 15060
7 102 16030
7 103 15216
7 104 7398
7 105 8664
7 106 1436
7 107 6875
7 108 5010
7 109 8831
7 110 14992
7 111 7575
7 112 11877
7 113 12549
7 114 2820
7 115 674
7 116 5130
7 117 16258
7 118 13014
7 119 9777
7 120 1692
7 121 626
7 122 6711
7 123 15112
7 124 8391
7 125 3514
7 126 14627
7 127 16183
7 128 10937
8 9 8259
8 10 11378
8 11 12112
8 12 4823
8 13 15516
8 14 11446
8 15 7883
8 16 3610
8 17 2478
8 18 9311
8 19 5937
8 20 10227
8 21 2348
8 22 513
8 23 7855
8 24 4886
8 25 2673
8 26 11427
8 27 814
8 28 9066
8 29 4234
8 30 12069
8 31 14917
8 32 4828
8 33 14121
8 34 7867
8 35 9337
8 36 4134
8 37 15553
8 38 10241
8 39 7241
8 40 14207
8 41 15988
8 42 8022
8 43 4374
8 44 3472
8 45 4149
8 46 6879
8 47 14518
8 48 12762
8 49 7806
8 50 5300
8 51 1896
8 52 15566
8 53 2384
8 54 14887
8 55 12597
8 56 2258
8 57 14300
8 58 3397
8 59 12880
8 60 1079
8 61 6478
8 62 7431
8 63 2634
8 64 5708
8 65 3907
8 66 10692
8 67 9366
8 68 2608
8 69 3196
8 70 8530
8 71 6869
8 72 4562
8 73 10649
8 74 4076
8 75 4323
8 76 15571
8 77 13065
8 78 3412
8 79 7233
8 80 4308
8 81 8455
8 82 14746
8 83 12554
8 84 11000
8 85 7059
8 86 4938
8 87 3048
8 88 12097
8 89 3938
8 90 6554
8 91 11085
8 92 11308
8 93 551
8 94 7188
8 95 4912
8 96 1421
8 97 10612
8 98 15666
8 99 3070
8 100 9769
8 101 2021
8 102 15210
8 103 4113
8 104 2170
8 105 12726
8 106 12878
8 107 5070
8 108 8876
8 109 5074
8 110 2238
8 111 4369
8 112 9506
8 113 4828
8 114 6562
8 115 9998
8 116 5665
8 117 6376
8 118 6683
8 119 1492
8 120 7336
8 121 10978
8 122 8018
8 123 11622
8 124 14259
8 125 694
8 126 12428
8 127 2135
8 128 9898
9 10 1229
9 11 2365
9 12 7914
9 13 14266
9 14 5635
9 15 11376
9 16 5603
9 17 12404
9 18 6308
9 19 13617
9 20 10352
9 21 13301
9 22 6576
9 23 11968
9 24 9911
9 25 9956
9 26 774
9 27 4600
9 28 8713
9 29 5067
9 30 15947
9 31 14835
9 32 6118
9 33 976
9 34 15349
9 35 11486
9 36 5390
9 37 8712
9 38 5211
9 39 8301
9 40 14798
9 41 11441
9 42 15096
9 43 507
9 44 11989
9 45 4458
9 46 2058
9 47 13521
9 48 8311
9 49 1301
9 50 3817
9 51 15483
9 52 12974
9 53 12778
9 54 14736
9 55 4100
9 56 4087
9 57 11153
9 58 4124
9 59 5454
9 60 8567
9 61 11620
9 62 14014
9 63 9692
9 64 4527
9 65 2717
9 66 15505
9 67 16361
9 68 15115
9 69 13577
9 70 3862
9 71 6325
9 72 16030
9 73 10579
9 74 7807
9 75 5807
9 76 883
9 77 9735
9 78 3405
9 79 10105
9 80 15061
9 81 15390
9 82 4593
9 83 13538
9 84 10581
9 85 4145
9 86 16168
9 87 10669
9 88 14726
9 89 9122
9 90 9832
9 91 4899
9 92 659
9 93 4400
9 94 12952
9 95 5348
9 96 10104
9 97 8593
9 98 7169
9 99 7715
9 100 9240
9 101 10701
9 102 1672
9 103 4768
9 104 4540
9 105 4310
9 106 12744
9 107 7144
9 108 1724
9 109 4884
9 110 15564
9 111 13082
9 112 10157
9 113 9405
9 114 12708
9 115 14432
9 116 14583
9 117 13098
9 118 11291
9 119 5987
9 120 2066
9 121 11469
9 122 16056
9 123 5167
9 124 15623
9 125 12200
9 126 14739
9 127 230
9 128 3161
10 11 2984
10 12 4071
10 13 9708
10 14 1693
10 15 1692
10 16 5920
10 17 8512
10 18 1593
10 19 10816
10 20 14574
10 21 14383
10 22 14535
10 23 10805
10 24 12587
10 25 8005
10 26 7794
10 27 5335
10 28 12379
10 29 182
10 30 10336
10 31 7966
10 32 12074
10 33 1890
10 34 38
10 35 1755
10 36 279
10 37 5475
10 38 13910
10 39 5544
10 40 642
10 41 8686
10 42 5564
10 43 15279
10 44 12751
10 45 13881
10 46 9821
10 47 11040
10 48 8960
10 49 15854
10 50 5043
10 51 14591
10 52 8146
10 53 1927
10 54 5315
10 55 15081
10 56 1752
10 57 12486
10 58 11071
10 59 10204
10 60 15437
10 61 3429
10 62 15
10 63 14902
10 64 3906
10 65 10036
10 66 13372
10 67 8511
10 68 11771
10 69 10767
10 70 7956
10 71 2385
10 72 16361
10 73 3972
10 74 4389
10 75 15179
10 76 8918
10 77 11406
10 78 13619
10 79 11616
10 80 12001
10 81 2668
10 82 14985
10 83 9255
10 84 11445
10 85 1489
10 86 5922
10 87 959
10 88 4679
10 89 1881
10 90 5904
10 91 4626
10 92 1371
10 93 11568
10 94 8240
10 95 13126
10 96 4706
10 97 7825
10 98 8614
10 99 11800
10 100 5302
10 101 9613
10 102 2084
10 103 9262
10 104 6083
10 105 3092
10 106 6867
10 107 14346
10 108 15708
10 109 40
10 110 15536
10 111 15231
10 112 11631
10 113 6950
10 114 2108
10 115 15929
10 116 5485
10 117 4367
10 118 271
10 119 14280
10 120 8169
10 121 11976
10 122 8228
10 123 5714
10 124 7514
10 125 10572
10 126 6857
10 127 4629
10 128 5595
11 12 14993
11 13 9701
11 14 3939
11 15 13524
11 16 2450
11 17 12659
11 18 16349
11 19 9525
11 20 8940
11 21 4021
11 22 10824
11 23 10726
11 24 9993
11 25 9738
11 26 13595
11 27 10004
11 28 6904
11 29 8051
11 30 3707
11 31 8443
11 32 360
11 33 2593
11 34 97
11 35 13176
11 36 6068
11 37 9009
11 38 4012
11 39 10727
11 40 8828
11 41 6471
11 42 6632
11 43 13557
11 44 1274
11 45 9082
11 46 9800
11 47 3564
11 48 14832
11 49 13967
11 50 4297
11 51 2231
11 52 13843
11 53 907
11 54 13096
11 55 6243
11 56 800
11 57 13392
11 58 6071
11 59 5317
11 60 15263
11 61 15024
11 62 13219
11 63 6480
11 64 6052
11 65 404
11 66 13089
11 67 9503
11 68 11784
11 69 4621
11 70 3303
11 71 10430
11 72 5615
11 73 15532
11 74 6829
11 75 9510
11 76 4504
11 77 16139
11 78 15462
11 79 590
11 80 14695
11 81 15646
11 82 10653
11 83 7847
11 84 11988
11 85 116
11 86 14643
11 87 8636
11 88 15011
11 89 1434
11 90 14507
11 91 15727
11 92 7721
11 93 14498
11 94 3895
11 95 1707
11 96 3574
11 97 3973
11 98 7770
11 99 12733
11 100 13315
11 101 3085
11 102 13739
11 103 11905
11 104 11400
11 105 4354
11 106 7552
11 107 7523
11 108 7218
11 109 12298
11 110 4273
11 111 13498
11 112 6033
11 113 15947
11 114 7121
11 115 12314
11 116 2406
11 117 10674
11 118 12835
11 119 15677
11 120 11099
11 121 5065
11 122 2181
11 123 12658
11 124 1170
11 125 15890
11 126 11277
11 127 10588
11 128 13305
12 13 14927
12 14 3545
12 15 4838
12 16 11613
12 17 3526
12 18 7688
12 19 1603
12 20 16123
12 21 4926
12 22 4443
12 23 7111
12 24 12348
12 25 15295
12 26 9101
12 27 14256
12 28 10871
12 29 7357
12 30 1884
12 31 14556
12 32 4631
12 33 8984
12 34 14669
12 35 5361
12 36 7581
12 37 5182
12 38 13945
12 39 15802
12 40 3249
12 41 11989
12 42 16343
12 43 1560
12 44 7961
12 45 15778
12 46 8382
12 47 10395
12 48 11226
12 49 4199
12 50 9883
12 51 5616
12 52 4339
12 53 6531
12 54 2559
12 55 1725
12 56 14842
12 57 8711
12 58 7190
12 59 15670
12 60 12662
12 61 4049
12 62 10672
12 63 1362
12 64 13602
12 65 13962
12 66 13810
12 67 11797
12 68 13706
12 69 13842
12 70 16260
12 71 9922
12 72 5688
12 73 2325
12 74 510
12 75 9135
12 76 16226
12 77 3760
12 78 12753
12 79 6848
12 80 15774
12 81 6221
12 82 1734
12 83 13570
12 84 10411
12 85 11548
12 86 12777
12 87 4097
12 88 15325
12 89 8270
12 90 10640
12 91 11410
12 92 10980
12 93 16295
12 94 1282
12 95 9032
12 96 13480
12 97 8783
12 98 14463
12 99 5851
12 100 15114
12 101 249
12 102 7279
12 103 5865
12 104 3224
12 105 10806
12 106 8895
12 107 13751
12 108 10034
12 109 6319
12 110 1283
12 111 15104
12 112 6088
12 113 5021
12 114 2656
12 115 8460
12 116 16066
12 117 850
12 118 10776
12 119 13625
12 120 13391
12 121 589
12 122 2471
12 123 8525
12 124 13479
12 125 10136
12 126 14096
12 127 6367
12 128 3960
13 14 14334
13 15 5853
13 16 3785
13 17 7010
13 18 10889
13 19 11079
13 20 388
13 21 2724
13 22 7866
13 23 8556
13 24 6413
13 25 2840
13 26 15563
13 27 7823
13 28 11131
13 29 12363
13 30 1286
13 31 14948
13 32 1111
13 33 13991
13 34 6122
13 35 959
13 36 9277
13 37 15853
13 38 12135
13 39 6124
13 40 1116
13 41 15663
13 42 1686
13 43 9203
13 44 8852
13 45 8066
13 46 3682
13 47 9575
13 48 6400
13 49 6807
13 50 10872
13 51 4420
13 52 8672
13 53 5354
13 54 5891
13 55 13805
13 56 1666
13 57 8752
13 58 9859
13 59 6275
13 60 9052
13 61 6315
13 62 7956
13 63 16222
13 64 8665
13 65 9135
13 66 11987
13 67 7835
13 68 13078
13 69 2326
13 70 12968
13 71 8565
13 72 5538
13 73 12314
13 74 14165
13 75 6817
13 76 766
13 77 6745
13 78 8754
13 79 15290
13 80 4348
13 81 7183
13 82 6310
13 83 14693
13 84 4511
13 85 9829
13 86 13978
13 87 6223
13 88 10345
13 89 206
13 90 8158
13 91 2059
13 92 13460
13 93 13324
13 94 1032
13 95 10563
13 96 12786
13 97 9986
13 98 14145
13 99 6602
13 100 1932
13 101 5384
13 102 911
13 103 16125
13 104 13118
13 105 15700
13 106 11417
13 107 4149
13 108 4990
13 109 10507
13 110 12917
13 111 3907
13 112 13512
13 113 938
13 114 15855
13 115 7322
13 116 15481
13 117 15275
13 118 13777
13 119 427
13 120 4030
13 121 9868
13 122 14709
13 123 3772
13 124 14869
13 125 7005
13 126 1207
13 127 1071
13 128 1901
14 15 11291
14 16 7144
14 17 15884
14 18 4339
14 19 5692
14 20 12184
14 21 11451
14 22 346
14 23 9711
14 24 5687
14 25 8664
14 26 10174
14 27 2946
14 28 10419
14 29 9470
14 30 11962
14 31 7073
14 32 14033
14 33 12895
14 34 529
14 35 6466
14 36 12180
14 37 16172
14 38 14312
14 39 12382
14 40 2908
14 41 5792
14 42 14123
14 43 715
14 44 8378
14 45 6238
14 46 8069
14 47 5598
14 48 10610
14 49 10490
14 50 12551
14 51 13755
14 52 13997
14 53 1104
14 54 3814
14 55 2555
14 56 2452
14 57 6444
14 58 906
14 59 15204
14 60 14636
14 61 4781
14 62 13616
14 63 2641
14 64 13670
14 65 8279
14 66 15486
14 67 5612
14 68 6581
14 69 13387
14 70 14257
14 71 16095
14 72 11700
14 73 2221
14 74 4062
14 75 15076
14 76 1976
14 77 7247
14 78 12723
14 79 2278
14 80 4770
14 81 1998
14 82 2149
14 83 9935
14 84 8234
14 85 15776
14 86 14790
14 87 12643
14 88 7004
14 89 13924
14 90 8725
14 91 13937
14 92 2698
14 93 13909
14 94 9743
14 95 3157
14 96 8557
14 97 8663
14 98 5735
14 99 7749
14 100 4306
14 101 13503
14 102 2151
14 103 8289
14 104 9597
14 105 11208
14 106 14354
14 107 10745
14 108 6786
14 109 13276
14 110 7266
14 111 2959
14 112 7326
14 113 8684
14 114 14138
14 115 12309
14 116 3424
14 117 393
14 118 8626
14 119 14511
14 120 9241
14 121 10745
14 122 2792
14 123 15239
14 124 525
14 125 8084
14 126 2548
14 127 12490
14 128 6755
15 16 5676
15 17 12590
15 18 8510
15 19 9621
15 20 8526
15 21 6377
15 22 2035
15 23 10085
15 24 4833
15 25 14652
15 26 440
15 27 6150
15 28 10086
15 29 13508
15 30 12487
15 31 14371
15 32 14480
15 33 5821
15 34 885
15 35 5974
15 36 15396
15 37 15060
15 38 1930
15 39 8616
15 40 10195
15 41 3777
15 42 15676
15 43 6522
15 44 1834
15 45 6569
15 46 4872
15 47 8867
15 48 12541
15 49 7982
15 50 6752
15 51 14204
15 52 10116
15 53 6787
15 54 119
15 55 6096
15 56 12583
15 57 8797
15 58 1911
15 59 13373
15 60 8198
15 61 5487
15 62 14747
15 63 5235
15 64 13737
15 65 13579
15 66 7451
15 67 8029
15 68 13063
15 69 11241
15 70 6367
15 71 14069
15 72 3644
15 73 1316
15 74 2789
15 75 10785
15 76 14599
15 77 13885
15 78 7341
15 79 15249
15 80 5060
15 81 12455
15 82 2582
15 83 8163
15 84 15190
15 85 15866
15 86 3649
15 87 3553
15 88 8501
15 89 5412
15 90 6429
15 91 14137
15 92 10921
15 93 1166
15 94 2896
15 95 3240
15 96 4304
15 97 553
15 98 9181
15 99 982
15 100 16111
15 101 11981
15 102 6870
15 103 1900
15 104 6503
15 105 2027
15 106 15062
15 107 14379
15 108 3311
15 109 11932
15 110 15141
15 111 5926
15 112 7547
15 113 9152
15 114 16135
15 115 13803
15 116 3899
15 117 4328
15 118 10198
15 119 12840
15 120 6887
15 121 11653
15 122 6788
15 123 8765
15 124 4589
15 125 4905
15 126 4629
15 127 15797
15 128 2078
16 17 13202
16 18 9358
16 19 5579
16 20 8117
16 21 9165
16 22 10412
16 23 11729
16 24 12794
16 25 4906
16 26 11743
16 27 2858
16 28 15301
16 29 6089
16 30 6693
16 31 7812
16 32 14293
16 33 4094
16 34 9999
16 35 1177
16 36 4338
16 37 5249
16 38 15044
16 39 4973
16 40 10011
16 41 3488
16 42 11397
16 43 13271
16 44 16270
16 45 12929
16 46 2270
16 47 3184
16 48 13485
16 49 10444
16 50 5500
16 51 15428
16 52 13538
16 53 2166
16 54 2236
16 55 7504
16 56 13180
16 57 6208
16 58 6739
16 59 13910
16 60 7166
16 61 3960
16 62 13894
16 63 2288
16 64 13585
16 65 11812
16 66 2161
16 67 10358
16 68 8306
16 69 14978
16 70 13561
16 71 7407
16 72 13855
16 73 15676
16 74 5691
16 75 7397
16 76 1982
16 77 12255
16 78 7474
16 79 15134
16 80 13961
16 81 12769
16 82 7562
16 83 10494
16 84 2096
16 85 9737
16 86 12518
16 87 7938
16 88 8230
16 89 2162
16 90 11252
16 91 15580
16 92 9399
16 93 12396
16 94 13771
16 95 13643
16 96 6594
16 97 29
16 98 11156
16 99 12900
16 100 5591
16 101 7461
16 102 571
16 103 11120
16 104 11896
16 105 3964
16 106 1917
16 107 15758
16 108 14084
16 109 6558
16 110 5838
16 111 3899
16 112 7866
16 113 11065
16 114 5736
16 115 6196
16 116 14834
16 117 2180
16 118 15143
16 119 9692
16 120 10536
16 121 8197
16 122 3930
16 123 2036
16 124 2363
16 125 12259
16 126 11245
16 127 6959
16 128 11663
17 18 3294
17 19 7563
17 20 4360
17 21 8059
17 22 1214
17 23 10819
17 24 300
17 25 5478
17 26 3350
17 27 6420
17 28 12362
17 29 5773
17 30 11217
17 31 9078
17 32 15658
17 33 3027
17 34 9916
17 35 1868
17 36 11100
17 37 10578
17 38 10221
17 39 12503
17 40 4885
17 41 8032
17 42 11104
17 43 10070
17 44 12846
17 45 8543
17 46 2167
17 47 208
17 48 5014
17 49 7065
17 50 13900
17 51 15856
17 52 9498
17 53 2478
17 54 14265
17 55 4519
17 56 2632
17 57 13333
17 58 354
17 59 10739
17 60 2412
17 61 899
17 62 7173
17 63 12469
17 64 5989
17 65 15409
17 66 5899
17 67 1105
17 68 7656
17 69 15708
17 70 3041
17 71 2031
17 72 1342
17 73 15294
17 74 13498
17 75 3041
17 76 4375
17 77 3175
17 78 10852
17 79 7756
17 80 376
17 81 11748
17 82 1177
17 83 1561
17 84 5992
17 85 5870
17 86 6739
17 87 3724
17 88 688
17 89 13644
17 90 4722
17 91 2038
17 92 12199
17 93 7873
17 94 6151
17 95 6861
17 96 3259
17 97 7206
17 98 4197
17 99 1189
17 100 7163
17 101 3071
17 102 1243
17 103 4902
17 104 4897
17 105 14510
17 106 12715
17 107 15841
17 108 1222
17 109 6324
17 110 3880
17 111 8897
17 112 1884
17 113 11163
17 114 1494
17 115 6505
17 116 10359
17 117 10762
17 118 11236
17 119 107
17 120 13467
17 121 14778
17 122 15812
17 123 5959
17 124 3283
17 125 13473
17 126 3381
17 127 5382
17 128 8482
18 19 15134
18 20 8458
18 21 9438
18 22 13677
18 23 1746
18 24 5318
18 25 7655
18 26 5197
18 27 951
18 28 13336
18 29 1566
18 30 14173
18 31 205
18 32 10058
18 33 7989
18 34 11111
18 35 12087
18 36 915
18 37 2176
18 38 10314
18 39 13932
18 40 15254
18 41 15594
18 42 5814
18 43 3953
18 44 7997
18 45 12762
18 46 2453
18 47 15135
18 48 9584
18 49 13161
18 50 7368
18 51 2325
18 52 12394
18 53 10798
18 54 4330
18 55 13945
18 56 6486
18 57 1532
18 58 7297
18 59 10987
18 60 7676
18 61 2649
18 62 3627
18 63 10900
18 64 8698
18 65 14052
18 66 7423
18 67 12514
18 68 4669
18 69 3113
18 70 1280
18 71 695
18 72 2487
18 73 13716
18 74 5084
18 75 9104
18 76 15538
18 77 5961
18 78 6279
18 79 6130
18 80 11317
18 81 6074
18 82 13275
18 83 5161
18 84 10380
18 85 6167
18 86 3475
18 87 9544
18 88 9832
18 89 5056
18 90 16277
18 91 15711
18 92 1494
18 93 15125
18 94 15378
18 95 8839
18 96 3644
18 97 7639
18 98 5273
18 99 9136
18 100 12849
18 101 14365
18 102 14386
18 103 11671
18 104 9896
18 105 3754
18 106 4944
18 107 4333
18 108 8754
18 109 6330
18 110 8818
18 111 15397
18 112 12583
18 113 125
18 114 8108
18 115 7317
18 116 13067
18 117 4765
18 118 15801
18 119 9708
18 120 15271
18 121 902
18 122 3041
18 123 12179
18 124 13231
18 125 10666
18 126 12245
18 127 16048
18 128 11517
19 20 14892
19 21 13999
19 22 7344
19 23 9930
19 24 6904
19 25 712
19 26 6342
19 27 13075
19 28 9166
19 29 2599
19 30 1078
19 31 9099
19 32 1664
19 33 1190
19 34 13198
19 35 12336
19 36 6996
19 37 6979
19 38 10091
19 39 11307
19 40 2914
19 41 10971
19 42 14751
19 43 10650
19 44 12303
19 45 15182
19 46 9509
19 47 7386
19 48 10786
19 49 8797
19 50 3024
19 51 4417
19 52 12309
19 53 12330
19 54 10785
19 55 11602
19 56 11275
19 57 12557
19 58 14000
19 59 10939
19 60 5613
19 61 12871
19 62 7988
19 63 11986
19 64 13523
19 65 402
19 66 6978
19 67 11672
19 68 7187
19 69 15677
19 70 9237
19 71 11795
19 72 6942
19 73 14925
19 74 13063
19 75 6845
19 76 12250
19 77 14933
19 78 4615
19 79 11708
19 80 2852
19 81 8611
19 82 4344
19 83 12378
19 84 5651
19 85 2536
19 86 3019
19 87 9421
19 88 15562
19 89 15506
19 90 11830
19 91 4905
19 92 13442
19 93 10549
19 94 2918
19 95 12605
19 96 4641
19 97 4113
19 98 2015
19 99 14587
19 100 13128
19 101 8397
19 102 1775
19 103 1106
19 104 3039
19 105 7008
19 106 2452
19 107 4591
19 108 12862
19 109 15098
19 110 5960
19 111 4734
19 112 4256
19 113 16178
19 114 5630
19 115 4641
19 116 11535
19 117 10864
19 118 4876
19 119 1007
19 120 5300
19 121 13611
19 122 15817
19 123 12972
19 124 7295
19 125 1024
19 126 1648
19 127 12864
19 128 14625
20 21 2356
20 22 2393
20 23 4187
20 24 7864
20 25 13598
20 26 4540
20 27 10866
20 28 345
20 29 969
20 30 369
20 31 5899
20 32 1213
20 33 9800
20 34 10265
20 35 3286
20 36 441
20 37 16340
20 38 5698
20 39 2176
20 40 7424
20 41 8349
20 42 14437
20 43 7978
20 44 5587
20 45 13439
20 46 10893
20 47 4273
20 48 8440
20 49 7025
20 50 6230
20 51 4889
20 52 6446
20 53 15157
20 54 9346
20 55 7911
20 56 14893
20 57 2477
20 58 16126
20 59 4923
20 60 8890
20 61 5674
20 62 10894
20 63 6065
20 64 10097
20 65 11275
20 66 1951
20 67 6208
20 68 15351
20 69 5469
20 70 7061
20 71 11819
20 72 7613
20 73 15253
20 74 1043
20 75 408
20 76 9271
20 77 9802
20 78 8975
20 79 15752
20 80 7175
20 81 4609
20 82 15658
20 83 13202
20 84 5472
20 85 10080
20 86 418
20 87 10262
20 88 8351
20 89 6651
20 90 5485
20 91 7552
20 92 14814
20 93 3863
20 94 5025
20 95 679
20 96 5167
20 97 14745
20 98 8323
20 99 8914
20 100 9851
20 101 5174
20 102 9832
20 103 8014
20 104 3582
20 105 1428
20 106 114
20 107 3069
20 108 2097
20 109 11346
20 110 11756
20 111 11642
20 112 417
20 113 12422
20 114 10228
20 115 13020
20 116 6881
20 117 13157
20 118 12134
20 119 2825
20 120 12297
20 121 7741
20 122 15689
20 123 7218
20 124 3537
20 125 13230
20 126 3330
20 127 13331
20 128 11964
21 22 15227
21 23 13523
21 24 8130
21 25 1391
21 26 3483
21 27 2630
21 28 6057
21 29 9494
21 30 12333
21 31 2990
21 32 4085
21 33 12185
21 34 10036
21 35 6172
21 36 7095
21 37 12487
21 38 6229
21 39 4151
21 40 5870
21 41 12968
21 42 7572
21 43 6984
21 44 1933
21 45 2041
21 46 3708
21 47 15220
21 48 1604
21 49 14681
21 50 10235
21 51 2778
21 52 10984
21 53 10376
21 54 1445
21 55 9903
21 56 7673
21 57 7696
21 58 5985
21 59 3808
21 60 6226
21 61 9667
21 62 15022
21 63 4760
21 64 1338
21 65 3225
21 66 13815
21 67 10453
21 68 7988
21 69 8005
21 70 7026
21 71 733
21 72 12588
21 73 5758
21 74 8997
21 75 967
21 76 4656
21 77 15121
21 78 7279
21 79 14738
21 80 2178
21 81 10553
21 82 758
21 83 12271
21 84 4587
21 85 4719
21 86 15013
21 87 14846
21 88 5182
21 89 8651
21 90 8629
21 91 2706
21 92 1912
21 93 15828
21 94 6342
21 95 15672
21 96 5501
21 97 11864
21 98 10889
21 99 4886
21 100 13709
21 101 5791
21 102 5991
21 103 13473
21 104 10704
21 105 4023
21 106 8102
21 107 15033
21 108 2630
21 109 5397
21 110 2394
21 111 7347
21 112 10852
21 113 1590
21 114 2866
21 115 8557
21 116 3001
21 117 4062
21 118 2647
21 119 12895
21 120 5098
21 121 5639
21 122 1246
21 123 14027
21 124 687
21 125 2259
21 126 9822
21 127 14407
21 128 8256
22 23 10222
22 24 12683
22 25 1812
22 26 2478
22 27 9896
22 28 10072
22 29 5978
22 30 4107
22 31 9536
22 32 11046
22 33 13405
22 34 13024
22 35 15191
22 36 3593
22 37 4366
22 38 15849
22 39 191
22 40 304
22 41 9314
22 42 15748
22 43 1361
22 44 2111
22 45 1667
22 46 12016
22 47 13291
22 48 16159
22 49 2845
22 50 11005
22 51 5990
22 52 16059
22 53 13596
22 54 2354
22 55 2795
22 56 4345
22 57 15293
22 58 11720
22 59 5364
22 60 9399
22 61 4544
22 62 16157
22 63 9714
22 64 12221
22 65 15613
22 66 15712
22 67 13149
22 68 16154
22 69 7202
22 70 15018
22 71 2846
22 72 2078
22 73 2092
22 74 38
22 75 8675
22 76 12403
22 77 11831
22 78 2866
22 79 2859
22 80 15547
22 81 4316
22 82 1235
22 83 7691
22 84 12349
22 85 2327
22 86 10830
22 87 14114
22 88 14188
22 89 13226
22 90 15496
22 91 2565
22 92 5948
22 93 9496
22 94 7467
22 95 4085
22 96 11293
22 97 3713
22 98 3917
22 99 4454
22 100 7720
22 101 15160
22 102 15482
22 103 2102
22 104 504
22 105 12873
22 106 9552
22 107 14857
22 108 14841
22 109 13389
22 110 1492
22 111 14072
22 112 11335
22 113 15136
22 114 11552
22 115 7978
22 116 87
22 117 3514
22 118 7091
22 119 12071
22 120 9384
22 121 11517
22 122 13595
22 123 4138
22 124 13650
22 125 2946
22 126 10902
22 127 1718
22 128 6909
23 24 7194
23 25 143
23 26 3909
23 27 15917
23 28 5139
23 29 11395
23 30 10862
23 31 1065
23 32 14590
23 33 10122
23 34 1729
23 35 10757
23 36 8992
23 37 3367
23 38 7149
23 39 2889
23 40 3891
23 41 329
23 42 9745
23 43 6760
23 44 13195
23 45 12924
23 46 15164
23 47 1938
23 48 11253
23 49 8583
23 50 15865
23 51 12117
23 52 13465
23 53 13698
23 54 5920
23 55 3506
23 56 9853
23 57 16345
23 58 15837
23 59 7920
23 60 1539
23 61 7831
23 62 12465
23 63 4263
23 64 8511
23 65 11267
23 66 12393
23 67 3814
23 68 14326
23 69 14267
23 70 2788
23 71 5655
23 72 7942
23 73 11137
23 74 13835
23 75 1129
23 76 10800
23 77 5753
23 78 7248
23 79 15424
23 80 3532
23 81 14758
23 82 14966
23 83 10308
23 84 6520
23 85 9666
23 86 16247
23 87 6442
23 88 11613
23 89 3983
23 90 12308
23 91 4024
23 92 4321
23 93 6959
23 94 12785
23 95 9214
23 96 6964
23 97 4532
23 98 14535
23 99 10453
23 100 3036
23 101 2055
23 102 5103
23 103 4274
23 104 14401
23 105 5463
23 106 10134
23 107 14880
23 108 4820
23 109 5967
23 110 15630
23 111 6975
23 112 14302
23 113 9187
23 114 15382
23 115 2193
23 116 1452
23 117 1249
23 118 247
23 119 6887
23 120 9423
23 121 10311
23 122 15128
23 123 5520
23 124 6083
23 125 11466
23 126 6090
23 127 7111
23 128 11841
24 25 13459
24 26 5386
24 27 772
24 28 14205
24 29 160
24 30 4654
24 31 13982
24 32 11599
24 33 3930
24 34 8061
24 35 13482
24 36 12908
24 37 7928
24 38 989
24 39 9920
24 40 5792
24 41 2205
24 42 6314
24 43 13321
24 44 9021
24 45 13551
24 46 2761
24 47 16135
24 48 15151
24 49 7227
24 50 11691
24 51 800
24 52 7902
24 53 8882
24 54 10712
24 55 1526
24 56 4308
24 57 2450
24 58 3005
24 59 2174
24 60 2531
24 61 6636
24 62 5824
24 63 2868
24 64 4154
24 65 8480
24 66 10199
24 67 5269
24 68 2195
24 69 14246
24 70 14837
24 71 1527
24 72 2605
24 73 13933
24 74 8527
24 75 3619
24 76 12620
24 77 581
24 78 1953
24 79 3616
24 80 16363
24 81 5973
24 82 6845
24 83 13800
24 84 12500
24 85 7396
24 86 3987
24 87 6877
24 88 6434
24 89 14781
24 90 12872
24 91 8996
24 92 7347
24 93 6975
24 94 3510
24 95 6463
24 96 1709
24 97 12149
24 98 13325
24 99 7316
24 100 12592
24 101 10927
24 102 128
24 103 2796
24 104 8935
24 105 7417
24 106 14467
24 107 1077
24 108 4575
24 109 15562
24 110 432
24 111 13937
24 112 13118
24 113 9156
24 114 15379
24 115 8909
24 116 4158
24 117 6615
24 118 10211
24 119 2860
24 120 15428
24 121 5793
24 122 11481
24 123 11356
24 124 9552
24 125 12259
24 126 4965
24 127 5801
24 128 1101
25 26 166
25 27 14906
25 28 7236
25 29 3810
25 30 13110
25 31 15344
25 32 3775
25 33 5071
25 34 4387
25 35 10153
25 36 960
25 37 13484
25 38 9255
25 39 12276
25 40 8973
25 41 15494
25 42 14885
25 43 11030
25 44 1908
25 45 11322
25 46 13590
25 47 12222
25 48 13127
25 49 9843
25 50 15493
25 51 8052
25 52 3859
25 53 7523
25 54 1010
25 55 3621
25 56 4300
25 57 15915
25 58 1701
25 59 8927
25 60 6352
25 61 16231
25 62 1534
25 63 2755
25 64 10004
25 65 457
25 66 694
25 67 13564
25 68 10821
25 69 10738
25 70 7146
25 71 2708
25 72 13725
25 73 3468
25 74 14779
25 75 8667
25 76 15290
25 77 5728
25 78 15696
25 79 11956
25 80 12131
25 81 2409
25 82 6786
25 83 12889
25 84 7405
25 85 5664
25 86 7452
25 87 4254
25 88 16224
25 89 2826
25 90 15046
25 91 15230
25 92 14456
25 93 13153
25 94 2384
25 95 9226
25 96 2528
25 97 3876
25 98 8169
25 99 4148
25 100 2491
25 101 2267
25 102 11616
25 103 2479
25 104 5742
25 105 2806
25 106 2312
25 107 13247
25 108 7047
25 109 9806
25 110 6473
25 111 4389
25 112 12810
25 113 3434
25 114 13881
25 115 2701
25 116 4384
25 117 12568
25 118 5180
25 119 2664
25 120 12953
25 121 10765
25 122 12466
25 123 13273
25 124 10859
25 125 14923
25 126 4051
25 127 4245
25 128 10460
26 27 8571
26 28 9300
26 29 9331
26 30 1010
26 31 3498
26 32 680
26 33 3390
26 34 12200
26 35 13449
26 36 6811
26 37 9839
26 38 14068
26 39 13669
26 40 10147
26 41 7514
26 42 5706
26 43 15016
26 44 12920
26 45 8517
26 46 4719
26 47 12845
26 48 9512
26 49 11728
26 50 6363
26 51 9898
26 52 4554
26 53 534
26 54 9505
26 55 14874
26 56 3175
26 57 5092
26 58 7308
26 59 7896
26 60 7891
26 61 2210
26 62 14733
26 63 16273
26 64 6445
26 65 4433
26 66 14930
26 67 1368
26 68 11271
26 69 8616
26 70 11586
26 71 9692
26 72 13193
26 73 16213
26 74 5373
26 75 10747
26 76 15655
26 77 7810
26 78 12559
26 79 12940
26 80 3544
26 81 7052
26 82 2499
26 83 5714
26 84 4651
26 85 12045
26 86 856
26 87 2614
26 88 2544
26 89 5318
26 90 11953
26 91 2235
26 92 1416
26 93 1600
26 94 2234
26 95 14310
26 96 9592
26 97 758
26 98 693
26 99 15295
26 100 1916
26 101 12124
26 102 15590
26 103 15055
26 104 12631
26 105 3376
26 106 13470
26 107 10550
26 108 12628
26 109 10593
26 110 15572
26 111 8542
26 112 314
26 113 15680
26 114 14704
26 115 1375
26 116 1053
26 117 11646
26 118 12454
26 119 9267
26 120 10168
26 121 11559
26 122 3642
26 123 7151
26 124 15313
26 125 7324
26 126 14624
26 127 16134
26 128 13579
27 28 13580
27 29 5119
27 30 15576
27 31 2629
27 32 6462
27 33 173
27 34 838
27 35 4237
27 36 2570
27 37 2125
27 38 4858
27 39 13523
27 40 11543
27 41 2668
27 42 11495
27 43 5915
27 44 8462
27 45 8757
27 46 7046
27 47 4581
27 48 14547
27 49 3607
27 50 1013
27 51 5134
27 52 11956
27 53 3737
27 54 7157
27 55 14105
27 56 16153
27 57 12398
27 58 7688
27 59 11415
27 60 8437
27 61 10967
27 62 4294
27 63 15088
27 64 7815
27 65 5793
27 66 4218
27 67 3725
27 68 3548
27 69 12549
27 70 3242
27 71 11383
27 72 5394
27 73 3760
27 74 5022
27 75 390
27 76 15775
27 77 15808
27 78 11587
27 79 8135
27 80 15211
27 81 1101
27 82 7571
27 83 8931
27 84 12719
27 85 10799
27 86 531
27 87 15859
27 88 15024
27 89 2245
27 90 13605
27 91 8924
27 92 3129
27 93 7232
27 94 5243
27 95 14133
27 96 6618
27 97 11257
27 98 4370
27 99 10049
27 100 2931
27 101 12518
27 102 39
27 103 3189
27 104 12808
27 105 6357
27 106 2161
27 107 6195
27 108 1338
27 109 10426
27 110 15871
27 111 1703
27 112 3196
27 113 15640
27 114 8549
27 115 3089
27 116 15133
27 117 367
27 118 6984
27 119 10481
27 120 9510
27 121 14836
27 122 15637
27 123 9275
27 124 11288
27 125 3321
27 126 10447
27 127 7864
27 128 12230
28 29 13478
28 30 9162
28 31 13640
28 32 14108
28 33 9561
28 34 11078
28 35 4890
28 36 6248
28 37 10730
28 38 12282
28 39 1436
28 40 951
28 41 11023
28 42 5482
28 43 14090
28 44 7118
28 45 14007
28 46 850
28 47 15080
28 48 173
28 49 1232
28 50 503
28 51 13700
28 52 6764
28 53 2576
28 54 105
28 55 7147
28 56 11760
28 57 1991
28 58 8407
28 59 9676
28 60 1375
28 61 4003
28 62 8387
28 63 16084
28 64 10875
28 65 149
28 66 1749
28 67 13218
28 68 11876
28 69 15743
28 70 11198
28 71 13385
28 72 7638
28 73 727
28 74 12635
28 75 8559
28 76 5848
28 77 5999
28 78 5337
28 79 9539
28 80 3568
28 81 3384
28 82 7974
28 83 517
28 84 989
28 85 10857
28 86 1043
28 87 5438
28 88 4276
28 89 8689
28 90 8235
28 91 3326
28 92 12831
28 93 14898
28 94 15184
28 95 10254
28 96 2064
28 97 15203
28 98 13639
28 99 13582
28 100 9407
28 101 1407
28 102 1606
28 103 13599
28 104 11322
28 105 4416
28 106 15462
28 107 15863
28 108 2562
28 109 10113
28 110 5379
28 111 5224
28 112 8837
28 113 10349
28 114 4867
28 115 8673
28 116 3752
28 117 3316
28 118 10145
28 119 5204
28 120 6969
28 121 12049
28 122 1500
28 123 10180
28 124 10576
28 125 4031
28 126 8514
28 127 15499
28 128 9444
29 30 6907
29 31 7473
29 32 15688
29 33 3283
29 34 9009
29 35 4478
29 36 12792
29 37 14507
29 38 9331
29 39 2414
29 40 9197
29 41 4457
29 42 14757
29 43 9669
29 44 14467
29 45 11585
29 46 14001
29 47 10475
29 48 4760
29 49 2942
29 50 16306
29 51 5005
29 52 4879
29 53 9449
29 54 11998
29 55 8349
29 56 11376
29 57 9014
29 58 14171
29 59 725
29 60 401
29 61 12826
29 62 13043
29 63 8756
29 64 8034
29 65 4816
29 66 13406
29 67 142
29 68 132
29 69 1241
29 70 6007
29 71 767
29 72 4876
29 73 4498
29 74 879
29 75 11635
29 76 11376
29 77 4472
29 78 8152
29 79 12087
29 80 11529
29 81 7700
29 82 10625
29 83 15818
29 84 11147
29 85 3061
29 86 6307
29 87 12638
29 88 6132
29 89 7701
29 90 14746
29 91 7980
29 92 9396
29 93 10086
29 94 14644
29 95 7211
29 96 1876
29 97 5772
29 98 8484
29 99 2877
29 100 10106
29 101 2997
29 102 12658
29 103 13941
29 104 7674
29 105 6734
29 106 2713
29 107 12210
29 108 12232
29 109 10434
29 110 173
29 111 2129
29 112 4476
29 113 6209
29 114 12893
29 115 1979
29 116 11706
29 117 12216
29 118 7167
29 119 15530
29 120 7862
29 121 6256
29 122 4659
29 123 13645
29 124 11321
29 125 657
29 126 2539
29 127 13027
29 128 12048
30 31 11293
30 32 440
30 33 3448
30 34 12146
30 35 14380
30 36 6309
30 37 4772
30 38 1954
30 39 5155
30 40 1493
30 41 11281
30 42 15549
30 43 12075
30 44 607
30 45 13061
30 46 10540
30 47 9787
30 48 6768
30 49 14710
30 50 7049
30 51 7202
30 52 13002
30 53 10934
30 54 3163
30 55 1501
30 56 12185
30 57 7291
30 58 5412
30 59 14145
30 60 1497
30 61 14138
30 62 9848
30 63 15300
30 64 16144
30 65 14013
30 66 461
30 67 3975
30 68 16021
30 69 6997
30 70 975
30 71 9171
30 72 11243
30 73 7390
30 74 9348
30 75 12196
30 76 15642
30 77 2118
30 78 7993
30 79 6080
30 80 13091
30 81 12939
30 82 599
30 83 7540
30 84 10579
30 85 10237
30 86 7709
30 87 10313
30 88 13513
30 89 11517
30 90 15181
30 91 543
30 92 7426
30 93 9589
30 94 110
30 95 4047
30 96 15517
30 97 15712
30 98 12742
30 99 8905
30 100 9872
30 101 13304
30 102 10254
30 103 2781
30 104 466
30 105 1266
30 106 9776
30 107 13500
30 108 6000
30 109 8801
30 110 867
30 111 7449
30 112 7729
30 113 1382
30 114 2705
30 115 10740
30 116 10315
30 117 11180
30 118 6999
30 119 15496
30 120 8093
30 121 3666
30 122 13747
30 123 11668
30 124 13251
30 125 5926
30 126 785
30 127 4755
30 128 11347
31 32 6949
31 33 7370
31 34 5404
31 35 3472
31 36 13538
31 37 8045
31 38 10052
31 39 12437
31 40 3494
31 41 16312
31 42 8054
31 43 5374
31 44 12662
31 45 4922
31 46 10648
31 47 14326
31 48 1183
31 49 3927
31 50 4854
31 51 5779
31 52 555
31 53 2447
31 54 14560
31 55 6836
31 56 15638
31 57 11298
31 58 10066
31 59 12723
31 60 13720
31 61 6374
31 62 11962
31 63 11808
31 64 4208
31 65 15661
31 66 2096
31 67 56
31 68 12906
31 69 2748
31 70 5262
31 71 15450
31 72 8622
31 73 16206
31 74 14292
31 75 5349
31 76 8208
31 77 4590
31 78 11590
31 79 15165
31 80 12710
31 81 7631
31 82 6300
31 83 7677
31 84 377
31 85 7239
31 86 88
31 87 11971
31 88 11911
31 89 1388
31 90 6161
31 91 6797
31 92 12821
31 93 13863
31 94 7886
31 95 136
31 96 12400
31 97 13363
31 98 7714
31 99 5667
31 100 14415
31 101 12258
31 102 9492
31 103 15543
31 104 7298
31 105 13914
31 106 9104
31 107 14280
31 108 7013
31 109 11440
31 110 7415
31 111 5225
31 112 11622
31 113 9806
31 114 2557
31 115 1761
31 116 4419
31 117 15771
31 118 6067
31 119 3215
31 120 10201
31 121 13248
31 122 13148
31 123 12218
31 124 10183
31 125 9080
31 126 10583
31 127 13129
31 128 13679
32 33 7525
32 34 9037
32 35 1264
32 36 14516
32 37 11538
32 38 5724
32 39 15496
32 40 13500
32 41 8307
32 42 15030
32 43 15093
32 44 13489
32 45 11024
32 46 12119
32 47 11367
32 48 1040
32 49 590
32 50 15876
32 51 5651
32 52 9244
32 53 4805
32 54 7546
32 55 6243
32 56 1111
32 57 2574
32 58 8052
32 59 8743
32 60 15755
32 61 5499
32 62 13323
32 63 3509
32 64 12390
32 65 7859
32 66 15676
32 67 4157
32 68 5000
32 69 8928
32 70 1167
32 71 10916
32 72 2747
32 73 879
32 74 7165
32 75 4621
32 76 14916
32 77 9940
32 78 15807
32 79 9217
32 80 8899
32 81 2705
32 82 1315
32 83 2721
32 84 13614
32 85 7203
32 86 8218
32 87 1415
32 88 1607
32 89 5761
32 90 2587
32 91 8124
32 92 7718
32 93 15899
32 94 14959
32 95 11805
32 96 2439
32 97 4285
32 98 5108
32 99 14178
32 100 13601
32 101 6646
32 102 16135
32 103 2324
32 104 1999
32 105 6713
32 106 2878
32 107 16101
32 108 9264
32 109 680
32 110 8244
32 111 13708
32 112 14192
32 113 8266
32 114 398
32 115 8585
32 116 15073
32 117 5987
32 118 13613
32 119 11563
32 120 5638
32 121 14153
32 122 8916
32 123 12528
32 124 4817
32 125 2554
32 126 662
32 127 2356
32 128 7112
33 34 7268
33 35 14771
33 36 11463
33 37 4393
33 38 2553
33 39 7151
33 40 5395
33 41 8241
33 42 5679
33 43 1552
33 44 11517
33 45 1288
33 46 10008
33 47 14060
33 48 12608
33 49 4699
33 50 9755
33 51 15223
33 52 15404
33 53 16280
33 54 4234
33 55 9196
33 56 10906
33 57 9843
33 58 1747
33 59 5495
33 60 10052
33 61 13705
33 62 14484
33 63 11051
33 64 2233
33 65 9873
33 66 10383
33 67 556
33 68 2315
33 69 5079
33 70 10898
33 71 1309
33 72 595
33 73 5883
33 74 4785
33 75 7067
33 76 7819
33 77 9625
33 78 15503
33 79 2680
33 80 6136
33 81 10623
33 82 4862
33 83 564
33 84 6681
33 85 9956
33 86 8193
33 87 3042
33 88 9935
33 89 1147
33 90 818
33 91 16290
33 92 6647
33 93 839
33 94 3066
33 95 11040
33 96 10203
33 97 8023
33 98 12144
33 99 1367
33 100 2957
33 101 11777
33 102 14508
33 103 11528
33 104 2040
33 105 4956
33 106 2636
33 107 7410
33 108 12394
33 109 4983
33 110 10046
33 111 13294
33 112 2091
33 113 15275
33 114 10472
33 115 3039
33 116 533
33 117 8545
33 118 11359
33 119 8492
33 120 12774
33 121 14914
33 122 8086
33 123 3239
33 124 4234
33 125 54
33 126 4248
33 127 2530
33 128 8032
34 35 745
34 36 2626
34 37 15171
34 38 8095
34 39 3985
34 40 10167
34 41 5007
34 42 9602
34 43 14016
34 44 11465
34 45 12394
34 46 4682
34 47 12833
34 48 14964
34 49 16174
34 50 8168
34 51 8997
34 52 971
34 53 15185
34 54 1057
34 55 12472
34 56 5794
34 57 14464
34 58 2005
34 59 10750
34 60 9804
34 61 14386
34 62 828
34 63 487
34 64 2084
34 65 12552
34 66 4421
34 67 14258
34 68 5113
34 69 15583
34 70 1604
34 71 13426
34 72 10692
34 73 12637
34 74 10465
34 75 7054
34 76 591
34 77 3698
34 78 11810
34 79 9326
34 80 8750
34 81 11429
34 82 6051
34 83 6010
34 84 8752
34 85 14620
34 86 4453
34 87 7489
34 88 1451
34 89 15432
34 90 8487
34 91 11096
34 92 15386
34 93 11015
34 94 11819
34 95 5812
34 96 5672
34 97 103
34 98 9715
34 99 11319
34 100 2493
34 101 8961
34 102 14844
34 103 1680
34 104 11836
34 105 14074
34 106 14035
34 107 8802
34 108 3287
34 109 12004
34 110 15108
34 111 4746
34 112 15415
34 113 6403
34 114 15251
34 115 1810
34 116 6317
34 117 10480
34 118 15828
34 119 702
34 120 15119
34 121 7273
34 122 4445
34 123 13373
34 124 14336
34 125 16161
34 126 7694
34 127 894
34 128 8772
35 36 12551
35 37 14095
35 38 15603
35 39 14535
35 40 10660
35 41 11492
35 42 3889
35 43 7570
35 44 3657
35 45 13153
35 46 3744
35 47 15866
35 48 170
35 49 11298
35 50 454
35 51 15802
35 52 496
35 53 10842
35 54 12932
35 55 8056
35 56 13254
35 57 7829
35 58 9371
35 59 8042
35 60 4708
35 61 13697
35 62 15731
35 63 8633
35 64 1273
35 65 6069
35 66 324
35 67 6805
35 68 1736
35 69 1754
35 70 14465
35 71 13369
35 72 6738
35 73 16303
35 74 11110
35 75 992
35 76 5449
35 77 9133
35 78 10805
35 79 10113
35 80 12237
35 81 14730
35 82 2830
35 83 1310
35 84 14243
35 85 4044
35 86 12382
35 87 12967
35 88 13299
35 89 13827
35 90 12989
35 91 5317
35 92 4038
35 93 3407
35 94 5578
35 95 1500
35 96 8847
35 97 10188
35 98 6183
35 99 5560
35 100 591
35 101 15525
35 102 8952
35 103 13217
35 104 3729
35 105 3933
35 106 13640
35 107 16291
35 108 1564
35 109 9047
35 110 3263
35 111 1905
35 112 12272
35 113 1770
35 114 11335
35 115 4627
35 116 6179
35 117 15523
35 118 5040
35 119 9386
35 120 14529
35 121 3474
35 122 749
35 123 16214
35 124 12140
35 125 14496
35 126 4662
35 127 9096
35 128 333
36 37 6006
36 38 3011
36 39 8071
36 40 6823
36 41 2204
36 42 6735
36 43 5533
36 44 4436
36 45 3397
36 46 7275
36 47 8321
36 48 9896
36 49 1269
36 50 2759
36 51 15019
36 52 16182
36 53 11417
36 54 4114
36 55 16216
36 56 5358
36 57 5250
36 58 2841
36 59 6839
36 60 15785
36 61 3114
36 62 11561
36 63 3243
36 64 10093
36 65 11734
36 66 11566
36 67 8024
36 68 2725
36 69 14822
36 70 2387
36 71 1451
36 72 10816
36 73 5797
36 74 11838
36 75 1467
36 76 123
36 77 9420
36 78 7789
36 79 11363
36 80 3711
36 81 2647
36 82 13863
36 83 7988
36 84 5149
36 85 982
36 86 2397
36 87 12957
36 88 8088
36 89 13402
36 90 10983
36 91 7729
36 92 26
36 93 2426
36 94 4427
36 95 15932
36 96 12937
36 97 14850
36 98 10855
36 99 14404
36 100 10976
36 101 1385
36 102 11495
36 103 9928
36 104 15520
36 105 6331
36 106 4059
36 107 13828
36 108 8931
36 109 9457
36 110 2032
36 111 7013
36 112 428
36 113 932
36 114 15582
36 115 11063
36 116 9764
36 117 13653
36 118 10398
36 119 513
36 120 5236
36 121 1608
36 122 2263
36 123 12585
36 124 4458
36 125 10552
36 126 3112
36 127 623
36 128 7520
37 38 13283
37 39 15471
37 40 14901
37 41 4883
37 42 8308
37 43 1365
37 44 3859
37 45 6167
37 46 12451
37 47 10016
37 48 4437
37 49 11813
37 50 1735
37 51 9067
37 52 15012
37 53 4486
37 54 10912
37 55 1745
37 56 15218
37 57 1344
37 58 9466
37 59 13094
37 60 268
37 61 5126
37 62 11706
37 63 11016
37 64 13295
37 65 5293
37 66 8948
37 67 5297
37 68 1886
37 69 10912
37 70 5780
37 71 2574
37 72 7358
37 73 1173
37 74 7717
37 75 364
37 76 10374
37 77 4398
37 78 13418
37 79 1561
37 80 10117
37 81 5359
37 82 8326
37 83 3992
37 84 12571
37 85 168
37 86 15342
37 87 439
37 88 3490
37 89 6351
37 90 5200
37 91 16135
37 92 5793
37 93 7097
37 94 14177
37 95 4951
37 96 9781
37 97 4531
37 98 5877
37 99 15667
37 100 1799
37 101 2644
37 102 12872
37 103 680
37 104 6855
37 105 2651
37 106 1325
37 107 7151
37 108 2427
37 109 14902
37 110 1454
37 111 11607
37 112 1206
37 113 15850
37 114 2865
37 115 15844
37 116 9205
37 117 12961
37 118 3582
37 119 6355
37 120 9328
37 121 2821
37 122 2882
37 123 4610
37 124 11132
37 125 9082
37 126 15885
37 127 13496
37 128 200
38 39 16099
38 40 12579
38 41 9312
38 42 11391
38 43 11962
38 44 10380
38 45 5790
38 46 926
38 47 15663
38 48 14174
38 49 11958
38 50 12692
38 51 15592
38 52 16272
38 53 2403
38 54 494
38 55 8362
38 56 5960
38 57 5435
38 58 13641
38 59 9101
38 60 8413
38 61 15020
38 62 4569
38 63 7020
38 64 3678
38 65 10501
38 66 6959
38 67 8770
38 68 11307
38 69 6981
38 70 477
38 71 14341
38 72 11765
38 73 7732
38 74 3360
38 75 4501
38 76 16228
38 77 788
38 78 13937
38 79 14878
38 80 5431
38 81 5173
38 82 4260
38 83 6688
38 84 491
38 85 16279
38 86 4006
38 87 16174
38 88 386
38 89 620
38 90 16347
38 91 14737
38 92 15801
38 93 11285
38 94 13491
38 95 12325
38 96 11219
38 97 2149
38 98 5908
38 99 8261
38 100 8941
38 101 11987
38 102 668
38 103 11976
38 104 10834
38 105 13802
38 106 8314
38 107 15420
38 108 8611
38 109 14917
38 110 7908
38 111 2029
38 112 7870
38 113 4253
38 114 5527
38 115 4234
38 116 12648
38 117 8481
38 118 216
38 119 12921
38 120 14388
38 121 16207
38 122 8146
38 123 13361
38 124 4787
38 125 15402
38 126 7099
38 127 7534
38 128 6141
39 40 7296
39 41 3264
39 42 9612
39 43 3172
39 44 12259
39 45 9180
39 46 16087
39 47 4532
39 48 10562
39 49 11776
39 50 8412
39 51 10409
39 52 9534
39 53 2925
39 54 356
39 55 2414
39 56 6654
39 57 11547
39 58 3759
39 59 16368
39 60 7438
39 61 13802
39 62 12188
39 63 7039
39 64 1775
39 65 12105
39 66 9548
39 67 126
39 68 12632
39 69 14729
39 70 13085
39 71 5621
39 72 12823
39 73 7264
39 74 12749
39 75 10892
39 76 6447
39 77 6195
39 78 7156
39 79 4632
39 80 10001
39 81 5455
39 82 659
39 83 14582
39 84 7515
39 85 6844
39 86 1
39 87 10533
39 88 2557
39 89 3877
39 90 5860
39 91 6593
39 92 9365
39 93 15231
39 94 9358
39 95 6686
39 96 6390
39 97 8630
39 98 12853
39 99 3990
39 100 4599
39 101 524
39 102 15444
39 103 590
39 104 13126
39 105 15367
39 106 1827
39 107 7220
39 108 15088
39 109 7599
39 110 582
39 111 1572
39 112 8903
39 113 14483
39 114 2036
39 115 3821
39 116 16258
39 117 13712
39 118 11742
39 119 13893
39 120 8354
39 121 12308
39 122 958
39 123 5511
39 124 7237
39 125 7218
39 126 12065
39 127 5980
39 128 16235
40 41 5883
40 42 10610
40 43 15110
40 44 11325
40 45 2904
40 46 9246
40 47 13181
40 48 15861
40 49 6365
40 50 16342
40 51 6394
40 52 4417
40 53 14279
40 54 6535
40 55 538
40 56 283
40 57 8941
40 58 6233
40 59 5670
40 60 21
40 61 12091
40 62 5402
40 63 5753
40 64 12850
40 65 9811
40 66 9681
40 67 7730
40 68 9173
40 69 4322
40 70 8371
40 71 13006
40 72 13615
40 73 15632
40 74 9592
40 75 7921
40 76 6516
40 77 537
40 78 2606
40 79 9083
40 80 2828
40 81 3419
40 82 3783
40 83 2176
40 84 13612
40 85 2813
40 86 14809
40 87 16340
40 88 4393
40 89 8207
40 90 7327
40 91 7519
40 92 14363
40 93 5747
40 94 3693
40 95 2903
40 96 1903
40 97 11811
40 98 16339
40 99 11479
40 100 11058
40 101 11326
40 102 3610
40 103 8069
40 104 353
40 105 2099
40 106 5742
40 107 170
40 108 4813
40 109 3870
40 110 12349
40 111 15157
40 112 5749
40 113 9171
40 114 12159
40 115 13551
40 116 1391
40 117 10689
40 118 494
40 119 12040
40 120 9465
40 121 5955
40 122 13277
40 123 3985
40 124 5530
40 125 6791
40 126 6039
40 127 5890
40 128 2200
41 42 11735
41 43 1161
41 44 10900
41 45 4733
41 46 3975
41 47 12086
41 48 10876
41 49 14402
41 50 12135
41 51 9639
41 52 13705
41 53 2407
41 54 1106
41 55 6530
41 56 8090
41 57 588
41 58 5699
41 59 10365
41 60 8499
41 61 113
41 62 6471
41 63 14100
41 64 15639
41 65 4375
41 66 2643
41 67 10875
41 68 7415
41 69 15486
41 70 2367
41 71 938
41 72 10764
41 73 6751
41 74 11424
41 75 5936
41 76 12191
41 77 12220
41 78 12696
41 79 11135
41 80 5908
41 81 1865
41 82 14563
41 83 11871
41 84 4782
41 85 13491
41 86 1394
41 87 1959
41 88 10192
41 89 3688
41 90 14860
41 91 3751
41 92 13853
41 93 2691
41 94 9393
41 95 14623
41 96 4008
41 97 14700
41 98 6801
41 99 4299
41 100 15486
41 101 12142
41 102 11105
41 103 8853
41 104 10278
41 105 9174
41 106 8519
41 107 2946
41 108 6748
41 109 15448
41 110 14027
41 111 4177
41 112 14080
41 113 2049
41 114 5091
41 115 9960
41 116 16361
41 117 12997
41 118 6291
41 119 991
41 120 5915
41 121 10817
41 122 12441
41 123 12104
41 124 13219
41 125 4285
41 126 2643
41 127 14523
41 128 10543
42 43 9989
42 44 4283
42 45 7790
42 46 13575
42 47 10967
42 48 11061
42 49 3686
42 50 13081
42 51 7905
42 52 2955
42 53 3595
42 54 4691
42 55 15102
42 56 12914
42 57 6316
42 58 810
42 59 10234
42 60 5870
42 61 14349
42 62 15294
42 63 7
42 64 14019
42 65 2990
42 66 346
42 67 556
42 68 11954
42 69 3739
42 70 16359
42 71 7963
42 72 14500
42 73 7673
42 74 548
42 75 1489
42 76 3791
42 77 13646
42 78 15512
42 79 8001
42 80 611
42 81 10402
42 82 14750
42 83 9712
42 84 2629
42 85 6306
42 86 6844
42 87 9991
42 88 8308
42 89 7720
42 90 14355
42 91 3670
42 92 3325
42 93 15836
42 94 11346
42 95 11619
42 96 14351
42 97 12117
42 98 5714
42 99 10991
42 100 7564
42 101 9186
42 102 2919
42 103 16130
42 104 6584
42 105 285
42 106 1346
42 107 5769
42 108 16357
42 109 14850
42 110 9821
42 111 16257
42 112 9306
42 113 1778
42 114 4235
42 115 5585
42 116 10411
42 117 7649
42 118 15352
42 119 6955
42 120 12662
42 121 14266
42 122 10672
42 123 5135
42 124 9774
42 125 4780
42 126 8749
42 127 3870
42 128 4798
43 44 7949
43 45 9960
43 46 9238
43 47 3333
43 48 2891
43 49 15403
43 50 7923
43 51 12723
43 52 4216
43 53 1422
43 54 9640
43 55 13051
43 56 12956
43 57 2194
43 58 6694
43 59 12615
43 60 5998
43 61 12669
43 62 16149
43 63 6584
43 64 1376
43 65 6307
43 66 5032
43 67 1480
43 68 6223
43 69 4556
43 70 3850
43 71 10138
43 72 10066
43 73 3385
43 74 541
43 75 2532
43 76 13248
43 77 3180
43 78 4607
43 79 6383
43 80 8501
43 81 10453
43 82 8412
43 83 13362
43 84 10001
43 85 11605
43 86 12657
43 87 6432
43 88 11408
43 89 4912
43 90 7964
43 91 12712
43 92 10555
43 93 11526
43 94 1977
43 95 14893
43 96 3269
43 97 5307
43 98 7657
43 99 5986
43 100 8445
43 101 10468
43 102 9551
43 103 10200
43 104 5328
43 105 10726
43 106 2495
43 107 14684
43 108 1957
43 109 14256
43 110 1120
43 111 7699
43 112 12262
43 113 1148
43 114 1501
43 115 8957
43 116 1887
43 117 5285
43 118 7993
43 119 15138
43 120 9855
43 121 14903
43 122 2778
43 123 12429
43 124 2800
43 125 3281
43 126 6828
43 127 15099
43 128 8940
44 45 4625
44 46 1792
44 47 5531
44 48 361
44 49 2537
44 50 8174
44 51 6681
44 52 3862
44 53 16137
44 54 10708
44 55 78
44 56 6665
44 57 2852
44 58 6182
44 59 9480
44 60 13922
44 61 395
44 62 13591
44 63 4596
44 64 5180
44 65 4924
44 66 11260
44 67 12575
44 68 15645
44 69 15812
44 70 11894
44 71 3254
44 72 6190
44 73 4185
44 74 12881
44 75 101
44 76 6566
44 77 14003
44 78 48
44 79 5952
44 80 359
44 81 8935
44 82 11835
44 83 1695
44 84 15316
44 85 12921
44 86 3517
44 87 11312
44 88 14960
44 89 9127
44 90 801
44 91 11906
44 92 15972
44 93 4319
44 94 8947
44 95 6413
44 96 4127
44 97 5924
44 98 1631
44 99 6746
44 100 10634
44 101 13564
44 102 10457
44 103 15487
44 104 268
44 105 10330
44 106 15307
44 107 6046
44 108 8883
44 109 3843
44 110 6906
44 111 13830
44 112 8417
44 113 6541
44 114 16097
44 115 14967
44 116 8789
44 117 13417
44 118 7250
44 119 16036
44 120 7623
44 121 11215
44 122 11198
44 123 7521
44 124 3454
44 125 6745
44 126 15314
44 127 2287
44 128 7702
45 46 13528
45 47 7449
45 48 277
45 49 11304
45 50 6051
45 51 5330
45 52 6785
45 53 5762
45 54 13350
45 55 15252
45 56 14692
45 57 11853
45 58 9552
45 59 15755
45 60 5597
45 61 8488
45 62 12296
45 63 3736
45 64 8825
45 65 10916
45 66 10140
45 67 8363
45 68 9131
45 69 4082
45 70 15222
45 71 1692
45 72 2520
45 73 1193
45 74 5501
45 75 5160
45 76 16376
45 77 3609
45 78 10942
45 79 628
45 80 15487
45 81 16034
45 82 13095
45 83 9768
45 84 7751
45 85 12190
45 86 1152
45 87 15883
45 88 6141
45 89 12735
45 90 11129
45 91 2688
45 92 3071
45 93 9103
45 94 6085
45 95 347
45 96 8607
45 97 7070
45 98 16335
45 99 1789
45 100 14055
45 101 15072
45 102 1541
45 103 16361
45 104 3962
45 105 6927
45 106 7710
45 107 9040
45 108 1068
45 109 13393
45 110 15035
45 111 5352
45 112 13161
45 113 14266
45 114 13600
45 115 8238
45 116 11154
45 117 14029
45 118 16259
45 119 11747
45 120 10008
45 121 9135
45 122 2096
45 123 15693
45 124 320
45 125 12848
45 126 269
45 127 14665
45 128 15513
46 47 8516
46 48 5451
46 49 8959
46 50 12644
46 51 14272
46 52 9705
46 53 5273
46 54 15727
46 55 12840
46 56 5672
46 57 13841
46 58 6460
46 59 10470
46 60 8796
46 61 9297
46 62 6198
46 63 6486
46 64 15156
46 65 3834
46 66 11281
46 67 8335
46 68 14566
46 69 1187
46 70 8712
46 71 14788
46 72 14705
46 73 9151
46 74 8776
46 75 4367
46 76 6806
46 77 10511
46 78 12390
46 79 11173
46 80 9156
46 81 3986
46 82 5819
46 83 7787
46 84 11911
46 85 11100
46 86 8764
46 87 5090
46 88 2702
46 89 3565
46 90 13980
46 91 9748
46 92 13395
46 93 12482
46 94 12868
46 95 1291
46 96 9206
46 97 2541
46 98 14663
46 99 7741
46 100 240
46 101 11136
46 102 3157
46 103 2125
46 104 5670
46 105 4473
46 106 11519
46 107 12531
46 108 4734
46 109 1013
46 110 12391
46 111 6732
46 112 5816
46 113 2305
46 114 15883
46 115 14664
46 116 3838
46 117 14130
46 118 1508
46 119 14182
46 120 8439
46 121 6327
46 122 13383
46 123 9740
46 124 9145
46 125 6938
46 126 1862
46 127 10455
46 128 12828
47 48 3004
47 49 5315
47 50 3076
47 51 9270
47 52 11936
47 53 4066
47 54 12618
47 55 4693
47 56 5545
47 57 3592
47 58 4133
47 59 13391
47 60 9414
47 61 2260
47 62 9520
47 63 4761
47 64 9146
47 65 6710
47 66 1479
47 67 8921
47 68 15045
47 69 14802
47 70 14700
47 71 2873
47 72 9470
47 73 7070
47 74 7503
47 75 15792
47 76 3768
47 77 9383
47 78 16241
47 79 12405
47 80 9327
47 81 7374
47 82 9437
47 83 4752
47 84 4234
47 85 11455
47 86 11945
47 87 12722
47 88 13174
47 89 14661
47 90 4539
47 91 3101
47 92 3016
47 93 3645
47 94 4989
47 95 9675
47 96 5347
47 97 13434
47 98 2511
47 99 12632
47 100 10821
47 101 4024
47 102 296
47 103 4548
47 104 3044
47 105 12494
47 106 8839
47 107 9818
47 108 13751
47 109 11787
47 110 15797
47 111 11591
47 112 1160
47 113 4841
47 114 14959
47 115 15310
47 116 6913
47 117 13261
47 118 9994
47 119 9926
47 120 3358
47 121 2633
47 122 1537
47 123 9350
47 124 16182
47 125 6011
47 126 11048
47 127 5887
47 128 5530
48 49 1868
48 50 12359
48 51 15302
48 52 11214
48 53 12585
48 54 8744
48 55 11225
48 56 5279
48 57 1407
48 58 7920
48 59 4846
48 60 11926
48 61 8627
48 62 13510
48 63 9517
48 64 11775
48 65 4865
48 66 14243
48 67 3746
48 68 14025
48 69 5722
48 70 15759
48 71 11014
48 72 15479
48 73 1834
48 74 5984
48 75 12188
48 76 795
48 77 6510
48 78 4679
48 79 9096
48 80 5803
48 81 2927
48 82 14840
48 83 1234
48 84 5744
48 85 10556
48 86 3757
48 87 4363
48 88 15914
48 89 14457
48 90 6477
48 91 15928
48 92 6916
48 93 1521
48 94 15283
48 95 6182
48 96 2499
48 97 5941
48 98 1496
48 99 5327
48 100 14878
48 101 3590
48 102 10511
48 103 8496
48 104 3113
48 105 15831
48 106 6993
48 107 13009
48 108 9185
48 109 274
48 110 7554
48 111 9270
48 112 7412
48 113 13408
48 114 2020
48 115 4375
48 116 16208
48 117 595
48 118 6346
48 119 14420
48 120 14530
48 121 3101
48 122 5609
48 123 7088
48 124 11285
48 125 7409
48 126 9952
48 127 2775
48 128 3055
49 50 3958
49 51 14593
49 52 11319
49 53 8696
49 54 7966
49 55 10278
49 56 15249
49 57 13896
49 58 5534
49 59 2966
49 60 2585
49 61 6924
49 62 3476
49 63 2050
49 64 11220
49 65 382
49 66 2584
49 67 1827
49 68 14936
49 69 16131
49 70 9216
49 71 11364
49 72 15716
49 73 3408
49 74 7518
49 75 15129
49 76 3073
49 77 15876
49 78 136
49 79 404
49 80 13611
49 81 6307
49 82 1399
49 83 6126
49 84 16373
49 85 7218
49 86 16111
49 87 8092
49 88 6327
49 89 10362
49 90 1467
49 91 5121
49 92 14483
49 93 11938
49 94 14009
49 95 16187
49 96 16384
49 97 7259
49 98 12941
49 99 6876
49 100 12572
49 101 14685
49 102 14661
49 103 6919
49 104 4057
49 105 4400
49 106 15145
49 107 14363
49 108 12310
49 109 493
49 110 3201
49 111 5979
49 112 7746
49 113 5821
49 114 14284
49 115 14113
49 116 1693
49 117 215
49 118 11541
49 119 11442
49 120 14637
49 121 4681
49 122 13755
49 123 335
49 124 1395
49 125 1716
49 126 535
49 127 4589
49 128 4022
50 51 1102
50 52 6355
50 53 3559
50 54 13889
50 55 3523
50 56 12275
50 57 4460
50 58 12819
50 59 9561
50 60 15444
50 61 4497
50 62 11502
50 63 13244
50 64 9636
50 65 4645
50 66 7495
50 67 10394
50 68 10296
50 69 10919
50 70 1092
50 71 5345
50 72 14468
50 73 14872
50 74 2591
50 75 8735
50 76 15980
50 77 2285
50 78 10072
50 79 10161
50 80 8561
50 81 15043
50 82 8295
50 83 15753
50 84 4661
50 85 3976
50 86 382
50 87 4370
50 88 1732
50 89 9595
50 90 12507
50 91 1443
50 92 14604
50 93 15356
50 94 1526
50 95 9820
50 96 2976
50 97 2634
50 98 14070
50 99 15606
50 100 287
50 101 10446
50 102 6464
50 103 709
50 104 136
50 105 629
50 106 6147
50 107 10964
50 108 15745
50 109 8153
50 110 6470
50 111 829
50 112 11806
50 113 13865
50 114 10547
50 115 4002
50 116 12176
50 117 4339
50 118 10480
50 119 7834
50 120 14789
50 121 13553
50 122 14940
50 123 4487
50 124 10134
50 125 9596
50 126 4168
50 127 16325
50 128 11619
51 52 1976
51 53 4222
51 54 2668
51 55 9225
51 56 5887
51 57 3088
51 58 13737
51 59 14714
51 60 5278
51 61 6912
51 62 9874
51 63 456
51 64 11443
51 65 13760
51 66 11554
51 67 9030
51 68 506
51 69 12327
51 70 14087
51 71 10145
51 72 14608
51 73 9192
51 74 14815
51 75 13975
51 76 8795
51 77 8124
51 78 8161
51 79 1856
51 80 8740
51 81 7193
51 82 9680
51 83 6668
51 84 7693
51 85 7680
51 86 6914
51 87 13785
51 88 8961
51 89 5524
51 90 12857
51 91 11238
51 92 9567
51 93 15469
51 94 4927
51 95 16233
51 96 4730
51 97 12692
51 98 6863
51 99 3994
51 100 13193
51 101 16234
51 102 1506
51 103 9594
51 104 13043
51 105 4335
51 106 3237
51 107 12649
51 108 8183
51 109 13825
51 110 15937
51 111 243
51 112 609
51 113 5042
51 114 9272
51 115 7247
51 116 8046
51 117 6453
51 118 6791
51 119 16097
51 120 533
51 121 5934
51 122 2397
51 123 2459
51 124 6149
51 125 1549
51 126 10054
51 127 14148
51 128 10931
52 53 2002
52 54 13511
52 55 14884
52 56 13630
52 57 14252
52 58 12909
52 59 4666
52 60 418
52 61 15982
52 62 6624
52 63 1037
52 64 5001
52 65 11068
52 66 2630
52 67 264
52 68 12380
52 69 4419
52 70 13767
52 71 11256
52 72 14212
52 73 13816
52 74 11421
52 75 5215
52 76 6510
52 77 5877
52 78 111
52 79 9129
52 80 4694
52 81 2414
52 82 9824
52 83 11225
52 84 2371
52 85 1738
52 86 8217
52 87 6101
52 88 10238
52 89 5670
52 90 398
52 91 10856
52 92 3310
52 93 10211
52 94 9224
52 95 6924
52 96 12168
52 97 12835
52 98 4814
52 99 1278
52 100 4131
52 101 15221
52 102 11736
52 103 4325
52 104 1239
52 105 289
52 106 11152
52 107 7347
52 108 8834
52 109 2840
52 110 7327
52 111 16369
52 112 9918
52 113 2608
52 114 743
52 115 7172
52 116 752
52 117 8681
52 118 12934
52 119 3245
52 120 14103
52 121 14926
52 122 8511
52 123 12844
52 124 8592
52 125 9100
52 126 8192
52 127 10652
52 128 16208
53 54 7277
53 55 13968
53 56 12438
53 57 7618
53 58 8087
53 59 11250
53 60 7647
53 61 6029
53 62 6568
53 63 7165
53 64 7371
53 65 10959
53 66 16314
53 67 11029
53 68 9602
53 69 8269
53 70 2958
53 71 12221
53 72 6629
53 73 6715
53 74 11509
53 75 5271
53 76 3734
53 77 10273
53 78 2771
53 79 1452
53 80 14444
53 81 13336
53 82 4307
53 83 3651
53 84 3401
53 85 10709
53 86 14538
53 87 2506
53 88 15358
53 89 9169
53 90 251
53 91 6253
53 92 3977
53 93 1202
53 94 15776
53 95 5411
53 96 6720
53 97 8605
53 98 5256
53 99 11838
53 100 11958
53 101 14342
53 102 10576
53 103 10952
53 104 9327
53 105 2251
53 106 437
53 107 4158
53 108 8567
53 109 13064
53 110 15818
53 111 844
53 112 14824
53 113 12136
53 114 8059
53 115 6003
53 116 7313
53 117 25
53 118 3706
53 119 2303
53 120 8685
53 121 12328
53 122 16165
53 123 10556
53 124 7244
53 125 15627
53 126 506
53 127 7518
53 128 3982
54 55 14663
54 56 15598
54 57 3108
54 58 3416
54 59 8888
54 60 10056
54 61 2043
54 62 721
54 63 13450
54 64 6538
54 65 4119
54 66 359
54 67 9668
54 68 1417
54 69 11106
54 70 13620
54 71 2186
54 72 3394
54 73 1097
54 74 7597
54 75 6791
54 76 12817
54 77 13477
54 78 5552
54 79 13709
54 80 6982
54 81 7517
54 82 10299
54 83 50
54 84 15103
54 85 8308
54 86 1679
54 87 10723
54 88 8522
54 89 7056
54 90 15545
54 91 9735
54 92 7097
54 93 13597
54 94 13359
54 95 3599
54 96 12391
54 97 14906
54 98 13436
54 99 13288
54 100 16087
54 101 4722
54 102 8173
54 103 5564
54 104 3258
54 105 15586
54 106 13016
54 107 3527
54 108 9214
54 109 6156
54 110 8533
54 111 14454
54 112 7404
54 113 15598
54 114 9053
54 115 3490
54 116 4873
54 117 6416
54 118 8066
54 119 491
54 120 5919
54 121 3964
54 122 5616
54 123 7256
54 124 14032
54 125 939
54 126 3474
54 127 9366
54 128 8979
55 56 4262
55 57 1327
55 58 6877
55 59 6676
55 60 11756
55 61 11436
55 62 3839
55 63 7678
55 64 15579
55 65 15100
55 66 10723
55 67 10106
55 68 1776
55 69 1104
55 70 14936
55 71 13296
55 72 5425
55 73 15646
55 74 6929
55 75 537
55 76 4502
55 77 14774
55 78 2702
55 79 4384
55 80 6779
55 81 5741
55 82 13828
55 83 12787
55 84 890
55 85 4559
55 86 3812
55 87 11843
55 88 5887
55 89 10989
55 90 11841
55 91 2180
55 92 16151
55 93 4889
55 94 611
55 95 5041
55 96 16352
55 97 14532
55 98 1581
55 99 3364
55 100 3838
55 101 3306
55 102 5116
55 103 8183
55 104 7181
55 105 5528
55 106 539
55 107 532
55 108 4327
55 109 2491
55 110 5910
55 111 420
55 112 10762
55 113 10340
55 114 2125
55 115 12974
55 116 2373
55 117 12974
55 118 7987
55 119 9073
55 120 16069
55 121 8071
55 122 4223
55 123 3669
55 124 12720
55 125 14846
55 126 15937
55 127 10513
55 128 7751
56 57 5375
56 58 12307
56 59 8074
56 60 11248
56 61 11742
56 62 5737
56 63 10207
56 64 2290
56 65 3508
56 66 11892
56 67 14036
56 68 8700
56 69 7199
56 70 10849
56 71 1380
56 72 15148
56 73 11365
56 74 10385
56 75 9293
56 76 709
56 77 15348
56 78 11933
56 79 996
56 80 13660
56 81 2443
56 82 14839
56 83 3791
56 84 7871
56 85 14244
56 86 14773
56 87 13287
56 88 14465
56 89 15083
56 90 300
56 91 10187
56 92 519
56 93 13936
56 94 8323
56 95 6741
56 96 6179
56 97 9455
56 98 3211
56 99 4683
56 100 2475
56 101 12669
56 102 14839
56 103 6385
56 104 16265
56 105 3195
56 106 5825
56 107 13468
56 108 6630
56 109 5809
56 110 11318
56 111 8381
56 112 14715
56 113 13807
56 114 12224
56 115 2555
56 116 6090
56 117 26
56 118 14522
56 119 8236
56 120 8519
56 121 6074
56 122 1427
56 123 9408
56 124 11460
56 125 5126
56 126 13440
56 127 13507
56 128 1388
57 58 1911
57 59 15628
57 60 12962
57 61 4040
57 62 13738
57 63 1488
57 64 859
57 65 9503
57 66 12780
57 67 10242
57 68 785
57 69 3257
57 70 1919
57 71 10590
57 72 2965
57 73 1124
57 74 15930
57 75 7629
57 76 11231
57 77 1919
57 78 15019
57 79 14075
57 80 6468
57 81 1635
57 82 4329
57 83 5278
57 84 5562
57 85 5004
57 86 15909
57 87 13043
57 88 7538
57 89 12860
57 90 4743
57 91 13598
57 92 9628
57 93 3253
57 94 16141
57 95 15024
57 96 1041
57 97 1464
57 98 9842
57 99 13743
57 100 12115
57 101 3160
57 102 8061
57 103 5785
57 104 13972
57 105 1264
57 106 5408
57 107 5781
57 108 3584
57 109 10228
57 110 3870
57 111 4366
57 112 9546
57 113 11356
57 114 11161
57 115 15848
57 116 8630
57 117 8311
57 118 2536
57 119 11571
57 120 9220
57 121 12938
57 122 7580
57 123 6361
57 124 9438
57 125 10691
57 126 5435
57 127 1847
57 128 3248
58 59 10135
58 60 11021
58 61 14408
58 62 1545
58 63 3686
58 64 7430
58 65 15862
58 66 6921
58 67 12975
58 68 10984
58 69 7749
58 70 11243
58 71 12367
58 72 5327
58 73 13288
58 74 12065
58 75 12599
58 76 10662
58 77 3274
58 78 7766
58 79 1879
58 80 175
58 81 445
58 82 1691
58 83 6037
58 84 11736
58 85 14929
58 86 11089
58 87 5011
58 88 14929
58 89 12627
58 90 7016
58 91 15887
58 92 4702
58 93 5409
58 94 3646
58 95 12928
58 96 11513
58 97 15915
58 98 47
58 99 10043
58 100 7607
58 101 11613
58 102 7328
58 103 1949
58 104 3870
58 105 10916
58 106 11447
58 107 16320
58 108 16304
58 109 3284
58 110 10044
58 111 2364
58 112 510
58 113 14557
58 114 9750
58 115 3566
58 116 6760
58 117 4337
58 118 5122
58 119 8894
58 120 14619
58 121 1635
58 122 15830
58 123 2058
58 124 11578
58 125 14828
58 126 15916
58 127 3116
58 128 7457
59 60 16242
59 61 11967
59 62 4038
59 63 2393
59 64 16256
59 65 5189
59 66 14125
59 67 13751
59 68 12640
59 69 3736
59 70 7309
59 71 3334
59 72 55
59 73 5078
59 74 16350
59 75 14389
59 76 9144
59 77 16318
59 78 12762
59 79 14352
59 80 7117
59 81 7532
59 82 11592
59 83 4723
59 84 12717
59 85 2577
59 86 8149
59 87 15799
59 88 7065
59 89 2747
59 90 7385
59 91 13235
59 92 6713
59 93 7118
59 94 11810
59 95 11296
59 96 561
59 97 5615
59 98 2785
59 99 11230
59 100 13041
59 101 5858
59 102 2343
59 103 11719
59 104 14404
59 105 8608
59 106 6506
59 107 889
59 108 11266
59 109 8973
59 110 6300
59 111 10898
59 112 8325
59 113 11356
59 114 1597
59 115 16111
59 116 4003
59 117 5327
59 118 1726
59 119 1008
59 120 2851
59 121 3861
59 122 4517
59 123 2496
59 124 8526
59 125 11189
59 126 7052
59 127 10813
59 128 13765
60 61 663
60 62 9955
60 63 998
60 64 6176
60 65 13622
60 66 7080
60 67 6370
60 68 1618
60 69 11507
60 70 11006
60 71 4057
60 72 2762
60 73 13257
60 74 3348
60 75 4471
60 76 629
60 77 1580
60 78 1620
60 79 285
60 80 14928
60 81 2679
60 82 12876
60 83 7994
60 84 12570
60 85 14492
60 86 13184
60 87 11681
60 88 15139
60 89 11681
60 90 11411
60 91 7621
60 92 7108
60 93 12680
60 94 13421
60 95 7800
60 96 3500
60 97 4495
60 98 3661
60 99 12712
60 100 3794
60 101 3653
60 102 3014
60 103 4979
60 104 483
60 105 5554
60 106 10869
60 107 11144
60 108 3000
60 109 15692
60 110 435
60 111 14623
60 112 5672
60 113 10282
60 114 11034
60 115 14716
60 116 6662
60 117 990
60 118 4488
60 119 335
60 120 12306
60 121 7546
60 122 6477
60 123 6674
60 124 15195
60 125 3564
60 126 3240
60 127 14642
60 128 5321
61 62 14013
61 63 10672
61 64 901
61 65 7308
61 66 8965
61 67 138
61 68 15504
61 69 1446
61 70 7149
61 71 11422
61 72 1017
61 73 5456
61 74 5967
61 75 10051
61 76 1123
61 77 10429
61 78 6329
61 79 11983
61 80 7743
61 81 5691
61 82 8562
61 83 5581
61 84 2602
61 85 15954
61 86 4334
61 87 2521
61 88 12837
61 89 6264
61 90 9442
61 91 8959
61 92 1915
61 93 7430
61 94 12554
61 95 5242
61 96 6726
61 97 8152
61 98 12703
61 99 12765
61 100 4742
61 101 211
61 102 14144
61 103 7087
61 104 123
61 105 13350
61 106 5929
61 107 1991
61 108 7126
61 109 13404
61 110 12512
61 111 10385
61 112 7976
61 113 12461
61 114 12361
61 115 13614
61 116 10316
61 117 14470
61 118 4737
61 119 5251
61 120 3736
61 121 9426
61 122 6201
61 123 15388
61 124 14223
61 125 10515
61 126 5269
61 127 2496
61 128 1685
62 63 15064
62 64 7505
62 65 7310
62 66 2066
62 67 7154
62 68 10196
62 69 15287
62 70 6361
62 71 13330
62 72 6656
62 73 3898
62 74 698
62 75 5639
62 76 10913
62 77 11453
62 78 1547
62 79 16195
62 80 3631
62 81 3885
62 82 8910
62 83 4573
62 84 9694
62 85 15466
62 86 8410
62 87 11652
62 88 4341
62 89 9172
62 90 13203
62 91 1463
62 92 8899
62 93 9946
62 94 15897
62 95 12767
62 96 9519
62 97 12738
62 98 7069
62 99 3275
62 100 610
62 101 10613
62 102 15017
62 103 12863
62 104 12356
62 105 1414
62 106 6126
62 107 1940
62 108 2141
62 109 5921
62 110 150
62 111 9283
62 112 10372
62 113 6614
62 114 13531
62 115 8876
62 116 6732
62 117 10400
62 118 11735
62 119 9510
62 120 13287
62 121 4454
62 122 14743
62 123 6603
62 124 2351
62 125 9657
62 126 6856
62 127 9382
62 128 6928
63 64 10780
63 65 5975
63 66 7132
63 67 2026
63 68 12496
63 69 9320
63 70 2540
63 71 15700
63 72 8447
63 73 1827
63 74 6801
63 75 1933
63 76 10700
63 77 1355
63 78 3019
63 79 3438
63 80 1968
63 81 8157
63 82 1547
63 83 14856
63 84 10194
63 85 15062
63 86 13924
63 87 8078
63 88 5529
63 89 9968
63 90 10186
63 91 3908
63 92 14354
63 93 12128
63 94 2813
63 95 5666
63 96 14421
63 97 15646
63 98 13623
63 99 8568
63 100 14889
63 101 15097
63 102 2616
63 103 1276
63 104 12990
63 105 1662
63 106 11816
63 107 4971
63 108 2806
63 109 13386
63 110 13983
63 111 7634
63 112 13550
63 113 11582
63 114 402
63 115 7905
63 116 5460
63 117 2713
63 118 14107
63 119 5772
63 120 8708
63 121 9944
63 122 15345
63 123 5517
63 124 16130
63 125 1171
63 126 14144
63 127 14413
63 128 7165
64 65 10984
64 66 5474
64 67 13209
64 68 3091
64 69 7010
64 70 14088
64 71 15817
64 72 6283
64 73 3335
64 74 4531
64 75 213
64 76 12125
64 77 2177
64 78 9543
64 79 6793
64 80 8064
64 81 1401
64 82 5026
64 83 8847
64 84 2697
64 85 2002
64 86 7666
64 87 12862
64 88 8010
64 89 4670
64 90 6677
64 91 14056
64 92 11688
64 93 1403
64 94 1411
64 95 11717
64 96 10810
64 97 7062
64 98 9180
64 99 15232
64 100 13450
64 101 15482
64 102 10633
64 103 14556
64 104 1234
64 105 3222
64 106 12864
64 107 169
64 108 9138
64 109 7624
64 110 2457
64 111 3710
64 112 5670
64 113 10388
64 114 11015
64 115 14816
64 116 4805
64 117 9446
64 118 15591
64 119 1876
64 120 15738
64 121 2490
64 122 6188
64 123 3225
64 124 764
64 125 2445
64 126 11821
64 127 11077
64 128 2669
65 66 168
65 67 10871
65 68 581
65 69 1338
65 70 14959
65 71 7684
65 72 10543
65 73 3573
65 74 3793
65 75 10773
65 76 15836
65 77 5827
65 78 15946
65 79 3008
65 80 12364
65 81 10771
65 82 8752
65 83 380
65 84 3426
65 85 6736
65 86 8378
65 87 4901
65 88 1038
65 89 10595
65 90 8503
65 91 9787
65 92 7792
65 93 9421
65 94 4566
65 95 4916
65 96 10445
65 97 2060
65 98 1626
65 99 1832
65 100 4340
65 101 15621
65 102 10472
65 103 15386
65 104 15895
65 105 7602
65 106 4860
65 107 187
65 108 3063
65 109 8901
65 110 10822
65 111 13204
65 112 2182
65 113 15465
65 114 1514
65 115 904
65 116 15322
65 117 13815
65 118 2382
65 119 7909
65 120 14129
65 121 9351
65 122 7186
65 123 15237
65 124 6805
65 125 13607
65 126 723
65 127 15855
65 128 12953
66 67 3657
66 68 3054
66 69 14674
66 70 359
66 71 5838
66 72 1990
66 73 15886
66 74 15280
66 75 2471
66 76 13085
66 77 941
66 78 4009
66 79 14939
66 80 486
66 81 16008
66 82 4518
66 83 1834
66 84 13499
66 85 4409
66 86 16148
66 87 3697
66 88 7333
66 89 7069
66 90 15425
66 91 4986
66 92 15292
66 93 12337
66 94 2308
66 95 6348
66 96 14671
66 97 3774
66 98 7158
66 99 9818
66 100 11904
66 101 3587
66 102 1220
66 103 11979
66 104 9390
66 105 10532
66 106 11171
66 107 11786
66 108 4968
66 109 3609
66 110 3739
66 111 4616
66 112 15143
66 113 1755
66 114 292
66 115 12138
66 116 11790
66 117 7790
66 118 2652
66 119 7403
66 120 1235
66 121 11932
66 122 635
66 123 5644
66 124 9964
66 125 6670
66 126 9113
66 127 14291
66 128 14177
67 68 6945
67 69 14302
67 70 11157
67 71 6650
67 72 2229
67 73 5920
67 74 8547
67 75 14802
67 76 52
67 77 6354
67 78 14655
67 79 6788
67 80 7451
67 81 14345
67 82 10309
67 83 6178
67 84 4316
67 85 8106
67 86 8929
67 87 1781
67 88 13894
67 89 4671
67 90 16076
67 91 4033
67 92 2113
67 93 5086
67 94 6690
67 95 14908
67 96 6108
67 97 11688
67 98 6987
67 99 10281
67 100 12557
67 101 11463
67 102 5671
67 103 10440
67 104 14709
67 105 10698
67 106 2223
67 107 15363
67 108 189
67 109 2789
67 110 4150
67 111 11995
67 112 4073
67 113 15577
67 114 2604
67 115 5876
67 116 12
67 117 7537
67 118 3024
67 119 12195
67 120 4262
67 121 784
67 122 12789
67 123 16117
67 124 422
67 125 1131
67 126 15462
67 127 78
67 128 2765
68 69 992
68 70 13481
68 71 15382
68 72 8635
68 73 436
68 74 2264
68 75 9351
68 76 11766
68 77 11192
68 78 7474
68 79 10573
68 80 8443
68 81 10957
68 82 14956
68 83 7930
68 84 11101
68 85 11734
68 86 15886
68 87 3739
68 88 14642
68 89 8003
68 90 6524
68 91 3177
68 92 3988
68 93 15794
68 94 12116
68 95 1413
68 96 2970
68 97 11577
68 98 12196
68 99 13317
68 100 14643
68 101 9430
68 102 9735
68 103 6123
68 104 1138
68 105 12143
68 106 4402
68 107 8124
68 108 15577
68 109 6814
68 110 2377
68 111 10171
68 112 10313
68 113 16333
68 114 10693
68 115 14748
68 116 15756
68 117 7808
68 118 11562
68 119 9694
68 120 3546
68 121 4424
68 122 9977
68 123 651
68 124 7048
68 125 14710
68 126 11667
68 127 12436
68 128 5835
69 70 9256
69 71 320
69 72 4235
69 73 14483
69 74 12626
69 75 6592
69 76 10711
69 77 8445
69 78 9753
69 79 12124
69 80 9777
69 81 14596
69 82 8507
69 83 9167
69 84 12449
69 85 610
69 86 13799
69 87 2813
69 88 7348
69 89 1776
69 90 9759
69 91 5655
69 92 9267
69 93 3352
69 94 13354
69 95 14487
69 96 15412
69 97 12525
69 98 15506
69 99 9128
69 100 10552
69 101 1837
69 102 10416
69 103 13503
69 104 7878
69 105 13465
69 106 2709
69 107 8807
69 108 1314
69 109 9610
69 110 15561
69 111 6489
69 112 715
69 113 6025
69 114 8694
69 115 13659
69 116 10870
69 117 3545
69 118 6313
69 119 6188
69 120 9253
69 121 16293
69 122 8610
69 123 13176
69 124 3457
69 125 4754
69 126 3442
69 127 13334
69 128 4711
70 71 14055
70 72 5231
70 73 11950
70 74 14386
70 75 3417
70 76 5608
70 77 11262
70 78 8482
70 79 326
70 80 7367
70 81 1157
70 82 6133
70 83 9297
70 84 8289
70 85 15101
70 86 11445
70 87 3663
70 88 12767
70 89 11424
70 90 6664
70 91 294
70 92 3870
70 93 5414
70 94 11079
70 95 2637
70 96 9383
70 97 13757
70 98 13102
70 99 3467
70 100 9529
70 101 2898
70 102 9941
70 103 684
70 104 10440
70 105 10984
70 106 3873
70 107 14338
70 108 14994
70 109 2687
70 110 12614
70 111 9265
70 112 4795
70 113 14414
70 114 15414
70 115 13612
70 116 14871
70 117 7567
70 118 12844
70 119 13340
70 120 9998
70 121 9342
70 122 6013
70 123 12988
70 124 4425
70 125 15035
70 126 945
70 127 865
70 128 14863
71 72 8139
71 73 14956
71 74 4655
71 75 4932
71 76 8676
71 77 10022
71 78 11693
71 79 16015
71 80 1611
71 81 14596
71 82 14752
71 83 14828
71 84 15451
71 85 13643
71 86 16169
71 87 8757
71 88 5486
71 89 13022
71 90 14130
71 91 11083
71 92 14156
71 93 1316
71 94 6765
71 95 6857
71 96 12362
71 97 900
71 98 10915
71 99 557
71 100 11940
71 101 15529
71 102 3898
71 103 10108
71 104 12851
71 105 14658
71 106 10357
71 107 14332
71 108 10361
71 109 16115
71 110 7034
71 111 1009
71 112 3872
71 113 12261
71 114 14447
71 115 7327
71 116 7832
71 117 3161
71 118 16059
71 119 3425
71 120 5836
71 121 9729
71 122 3146
71 123 14983
71 124 8734
71 125 7399
71 126 10173
71 127 2814
71 128 10177
72 73 11280
72 74 5940
72 75 6643
72 76 4905
72 77 14328
72 78 7789
72 79 12014
72 80 5528
72 81 1356
72 82 1203
72 83 4402
72 84 10633
72 85 7290
72 86 5623
72 87 14582
72 88 964
72 89 5595
72 90 1464
72 91 4137
72 92 16251
72 93 15064
72 94 2738
72 95 12917
72 96 10117
72 97 6298
72 98 5383
72 99 1505
72 100 8638
72 101 14858
72 102 4300
72 103 431
72 104 9329
72 105 9069
72 106 3748
72 107 10729
72 108 3301
72 109 1459
72 110 12228
72 111 6763
72 112 5762
72 113 14039
72 114 1664
72 115 3680
72 116 10629
72 117 4194
72 118 12619
72 119 15122
72 120 6004
72 121 1039
72 122 5120
72 123 9012
72 124 6528
72 125 9221
72 126 2620
72 127 9540
72 128 4015
73 74 4714
73 75 9003
73 76 5481
73 77 13948
73 78 10119
73 79 6764
73 80 13103
73 81 12626
73 82 8302
73 83 4706
73 84 3991
73 85 13143
73 86 1603
73 87 11730
73 88 14620
73 89 571
73 90 356
73 91 7680
73 92 14569
73 93 10323
73 94 15525
73 95 2802
73 96 13890
73 97 15969
73 98 7826
73 99 5919
73 100 12779
73 101 7045
73 102 8744
73 103 15814
73 104 7975
73 105 4955
73 106 13393
73 107 12489
73 108 11881
73 109 3503
73 110 2051
73 111 8485
73 112 14208
73 113 4428
73 114 3065
73 115 7889
73 116 5951
73 117 11072
73 118 5309
73 119 3637
73 120 1005
73 121 14141
73 122 6309
73 123 4106
73 124 2274
73 125 9495
73 126 6762
73 127 6847
73 128 3813
74 75 11404
74 76 7633
74 77 15587
74 78 10891
74 79 83
74 80 10441
74 81 7953
74 82 15555
74 83 4053
74 84 4763
74 85 10393
74 86 2045
74 87 14851
74 88 16050
74 89 13162
74 90 6441
74 91 5570
74 92 5222
74 93 6738
74 94 9031
74 95 1042
74 96 13521
74 97 2324
74 98 3607
74 99 674
74 100 6504
74 101 2092
74 102 4513
74 103 15304
74 104 13106
74 105 6337
74 106 7783
74 107 6801
74 108 9054
74 109 6816
74 110 9523
74 111 10090
74 112 8085
74 113 2670
74 114 8994
74 115 10871
74 116 1272
74 117 10390
74 118 8052
74 119 14167
74 120 15458
74 121 8862
74 122 15263
74 123 2971
74 124 13827
74 125 7407
74 126 2369
74 127 7052
74 128 7780
75 76 4579
75 77 633
75 78 3940
75 79 10125
75 80 12099
75 81 12768
75 82 4271
75 83 15285
75 84 12687
75 85 15487
75 86 6877
75 87 4261
75 88 3680
75 89 6487
75 90 4220
75 91 13691
75 92 7746
75 93 15259
75 94 10387
75 95 16309
75 96 4120
75 97 10209
75 98 2547
75 99 475
75 100 12727
75 101 2178
75 102 16073
75 103 12654
75 104 13998
75 105 6773
75 106 1953
75 107 8410
75 108 8958
75 109 4907
75 110 8232
75 111 14112
75 112 3160
75 113 14162
75 114 14251
75 115 9142
75 116 1054
75 117 11892
75 118 15238
75 119 9994
75 120 5166
75 121 14454
75 122 1978
75 123 10147
75 124 14036
75 125 8635
75 126 5778
75 127 2663
75 128 894
76 77 16011
76 78 9841
76 79 5723
76 80 11682
76 81 5733
76 82 8667
76 83 7007
76 84 6724
76 85 1826
76 86 15059
76 87 1545
76 88 4975
76 89 15109
76 90 10563
76 91 8980
76 92 9672
76 93 3335
76 94 8851
76 95 1732
76 96 6255
76 97 1213
76 98 5330
76 99 14179
76 100 8921
76 101 9878
76 102 15743
76 103 11730
76 104 14518
76 105 721
76 106 3275
76 107 12743
76 108 16325
76 109 4035
76 110 10930
76 111 123
76 112 7067
76 113 10544
76 114 15558
76 115 424
76 116 14646
76 117 426
76 118 1765
76 119 1427
76 120 6148
76 121 11123
76 122 14342
76 123 6951
76 124 15941
76 125 4574
76 126 14937
76 127 4180
76 128 11268
77 78 8811
77 79 5312
77 80 10692
77 81 1016
77 82 4725
77 83 6714
77 84 10698
77 85 12660
77 86 15009
77 87 2951
77 88 5134
77 89 4193
77 90 12159
77 91 7482
77 92 757
77 93 824
77 94 12023
77 95 7220
77 96 12827
77 97 4193
77 98 10420
77 99 3947
77 100 9012
77 101 15931
77 102 9
77 103 6379
77 104 9371
77 105 10382
77 106 10063
77 107 4460
77 108 1380
77 109 8914
77 110 9447
77 111 12026
77 112 3223
77 113 5951
77 114 3788
77 115 2994
77 116 4640
77 117 6858
77 118 12370
77 119 6790
77 120 1090
77 121 8647
77 122 2266
77 123 3318
77 124 10227
77 125 4579
77 126 10588
77 127 13776
77 128 14335
78 79 9032
78 80 15037
78 81 1595
78 82 15148
78 83 3841
78 84 8693
78 85 15651
78 86 1850
78 87 4440
78 88 11486
78 89 13467
78 90 10815
78 91 3203
78 92 15990
78 93 15783
78 94 6421
78 95 3415
78 96 11794
78 97 16245
78 98 11911
78 99 145
78 100 7415
78 101 11644
78 102 5
78 103 3322
78 104 10927
78 105 7185
78 106 9117
78 107 5443
78 108 4588
78 109 14983
78 110 11045
78 111 14018
78 112 7658
78 113 2744
78 114 2554
78 115 11814
78 116 15348
78 117 11293
78 118 15625
78 119 7522
78 120 4468
78 121 2797
78 122 708
78 123 14857
78 124 9934
78 125 15500
78 126 15843
78 127 11763
78 128 14296
79 80 5236
79 81 12398
79 82 79
79 83 3970
79 84 14733
79 85 12185
79 86 12036
79 87 9788
79 88 16023
79 89 301
79 90 14870
79 91 9796
79 92 6259
79 93 5179
79 94 4819
79 95 9515
79 96 4599
79 97 3702
79 98 120
79 99 9468
79 100 1063
79 101 8370
79 102 200
79 103 6876
79 104 3596
79 105 794
79 106 4368
79 107 13300
79 108 11836
79 109 4216
79 110 15715
79 111 5894
79 112 12359
79 113 9912
79 114 8070
79 115 6074
79 116 12336
79 117 11666
79 118 11801
79 119 12018
79 120 8388
79 121 176
79 122 11081
79 123 11855
79 124 10535
79 125 3929
79 126 10429
79 127 9215
79 128 15102
80 81 16055
80 82 14151
80 83 6717
80 84 12988
80 85 12208
80 86 3798
80 87 4730
80 88 13179
80 89 16367
80 90 10211
80 91 11194
80 92 1381
80 93 14937
80 94 4041
80 95 9438
80 96 2611
80 97 10361
80 98 13531
80 99 2082
80 100 8245
80 101 2234
80 102 5093
80 103 11386
80 104 15404
80 105 3134
80 106 27
80 107 6053
80 108 13481
80 109 14386
80 110 1675
80 111 14389
80 112 7403
80 113 3596
80 114 11322
80 115 1626
80 116 15914
80 117 15083
80 118 5624
80 119 10517
80 120 14735
80 121 14215
80 122 13672
80 123 12228
80 124 774
80 125 5896
80 126 8871
80 127 8234
80 128 7678
81 82 1822
81 83 2010
81 84 10282
81 85 13684
81 86 14911
81 87 16149
81 88 446
81 89 2111
81 90 186
81 91 7517
81 92 3416
81 93 15597
81 94 12754
81 95 14510
81 96 11910
81 97 3872
81 98 5042
81 99 9474
81 100 11030
81 101 3015
81 102 13369
81 103 10493
81 104 7599
81 105 13270
81 106 8577
81 107 6408
81 108 507
81 109 579
81 110 2643
81 111 10066
81 112 183
81 113 5278
81 114 7487
81 115 13443
81 116 14425
81 117 9468
81 118 10703
81 119 415
81 120 14377
81 121 1898
81 122 13243
81 123 8203
81 124 3545
81 125 8371
81 126 13438
81 127 600
81 128 5480
82 83 474
82 84 5571
82 85 6159
82 86 8363
82 87 5949
82 88 3563
82 89 7962
82 90 6877
82 91 2791
82 92 9563
82 93 1150
82 94 6293
82 95 14924
82 96 10505
82 97 11778
82 98 5284
82 99 14002
82 100 13014
82 101 3322
82 102 15303
82 103 11190
82 104 2230
82 105 1263
82 106 3833
82 107 770
82 108 3409
82 109 4542
82 110 7669
82 111 10521
82 112 1695
82 113 15288
82 114 14206
82 115 13003
82 116 13747
82 117 12484
82 118 14985
82 119 16319
82 120 9770
82 121 4634
82 122 5164
82 123 9171
82 124 8367
82 125 7428
82 126 1323
82 127 4241
82 128 3488
83 84 11739
83 85 15612
83 86 2055
83 87 4923
83 88 5713
83 89 13393
83 90 1797
83 91 7331
83 92 1851
83 93 4381
83 94 197
83 95 9367
83 96 16165
83 97 6732
83 98 11456
83 99 12953
83 100 13689
83 101 6636
83 102 7504
83 103 4918
83 104 532
83 105 10207
83 106 13321
83 107 1495
83 108 916
83 109 876
83 110 6506
83 111 10116
83 112 6625
83 113 5972
83 114 2002
83 115 10113
83 116 5885
83 117 11401
83 118 8084
83 119 2771
83 120 4060
83 121 8668
83 122 9404
83 123 13525
83 124 4323
83 125 10847
83 126 5794
83 127 7473
83 128 6073
84 85 15357
84 86 7623
84 87 15114
84 88 15529
84 89 10162
84 90 11184
84 91 10397
84 92 12555
84 93 11124
84 94 7164
84 95 11500
84 96 12785
84 97 11069
84 98 9540
84 99 9500
84 100 2532
84 101 869
84 102 11330
84 103 239
84 104 3688
84 105 8909
84 106 9768
84 107 4453
84 108 8078
84 109 1673
84 110 5867
84 111 2253
84 112 7027
84 113 4414
84 114 15210
84 115 10717
84 116 9386
84 117 353
84 118 7061
84 119 3128
84 120 6180
84 121 2128
84 122 3053
84 123 3637
84 124 6154
84 125 9007
84 126 14530
84 127 5875
84 128 4687
85 86 9071
85 87 14940
85 88 8377
85 89 8482
85 90 7369
85 91 6271
85 92 14461
85 93 10697
85 94 13888
85 95 9758
85 96 15855
85 97 7694
85 98 12259
85 99 11261
85 100 13990
85 101 7539
85 102 3736
85 103 15046
85 104 2911
85 105 1757
85 106 7741
85 107 8848
85 108 9815
85 109 2146
85 110 1663
85 111 139
85 112 13251
85 113 13452
85 114 1143
85 115 6852
85 116 1111
85 117 4278
85 118 7852
85 119 4693
85 120 13764
85 121 6722
85 122 14344
85 123 3383
85 124 7451
85 125 15236
85 126 15444
85 127 8185
85 128 6627
86 87 14382
86 88 4480
86 89 5230
86 90 14147
86 91 14521
86 92 15520
86 93 3724
86 94 3474
86 95 6615
86 96 7677
86 97 10906
86 98 6716
86 99 3447
86 100 1285
86 101 15836
86 102 8449
86 103 11441
86 104 12694
86 105 5114
86 106 14916
86 107 3676
86 108 13357
86 109 8074
86 110 9473
86 111 11710
86 112 11724
86 113 6703
86 114 16133
86 115 5618
86 116 9897
86 117 12519
86 118 8643
86 119 3960
86 120 13083
86 121 14636
86 122 6654
86 123 3608
86 124 7572
86 125 10829
86 126 4664
86 127 3001
86 128 5433
87 88 5271
87 89 4803
87 90 12789
87 91 14853
87 92 10115
87 93 9604
87 94 10173
87 95 15977
87 96 9840
87 97 13018
87 98 13289
87 99 15209
87 100 901
87 101 13296
87 102 12870
87 103 12538
87 104 4849
87 105 16186
87 106 10149
87 107 987
87 108 11902
87 109 13722
87 110 7122
87 111 4750
87 112 7820
87 113 6476
87 114 4332
87 115 10084
87 116 3051
87 117 1071
87 118 9160
87 119 13723
87 120 3677
87 121 8180
87 122 5166
87 123 14316
87 124 12246
87 125 4347
87 126 10837
87 127 13280
87 128 1805
88 89 13200
88 90 2764
88 91 11690
88 92 10246
88 93 11149
88 94 12495
88 95 1195
88 96 8236
88 97 14079
88 98 9689
88 99 15893
88 100 11561
88 101 8957
88 102 4471
88 103 2476
88 104 11051
88 105 1541
88 106 2305
88 107 13195
88 108 15046
88 109 14195
88 110 6676
88 111 508
88 112 5601
88 113 11585
88 114 1055
88 115 4372
88 116 10807
88 117 7445
88 118 9205
88 119 10663
88 120 9551
88 121 14780
88 122 14765
88 123 1920
88 124 8710
88 125 15156
88 126 16316
88 127 12957
88 128 7611
89 90 15368
89 91 14605
89 92 9132
89 93 11463
89 94 14866
89 95 4005
89 96 12306
89 97 2790
89 98 10382
89 99 1437
89 100 4972
89 101 462
89 102 4091
89 103 10080
89 104 12287
89 105 724
89 106 2355
89 107 4130
89 108 9099
89 109 1199
89 110 10538
89 111 9369
89 112 2121
89 113 12627
89 114 6989
89 115 10644
89 116 5975
89 117 15791
89 118 5958
89 119 6749
89 120 13213
89 121 12067
89 122 4324
89 123 12794
89 124 14250
89 125 11864
89 126 5582
89 127 10073
89 128 619
90 91 6533
90 92 9723
90 93 12797
90 94 4117
90 95 2354
90 96 587
90 97 1038
90 98 7821
90 99 8924
90 100 5869
90 101 2921
90 102 2193
90 103 7064
90 104 13445
90 105 1399
90 106 3380
90 107 5024
90 108 14834
90 109 687
90 110 8825
90 111 38
90 112 11867
90 113 8625
90 114 12708
90 115 2431
90 116 116
90 117 8300
90 118 6509
90 119 11523
90 120 2576
90 121 7860
90 122 13490
90 123 7519
90 124 5777
90 125 2173
90 126 5840
90 127 10226
90 128 12334
91 92 3976
91 93 8607
91 94 6083
91 95 1309
91 96 5399
91 97 2231
91 98 5230
91 99 4304
91 100 2110
91 101 10394
91 102 13577
91 103 12848
91 104 12765
91 105 4502
91 106 408
91 107 4525
91 108 8484
91 109 2002
91 110 9614
91 111 10371
91 112 14331
91 113 5747
91 114 14224
91 115 6505
91 116 6955
91 117 16358
91 118 568
91 119 9881
91 120 13845
91 121 8642
91 122 1959
91 123 8635
91 124 4777
91 125 2853
91 126 2191
91 127 8837
91 128 10972
92 93 8306
92 94 7197
92 95 6054
92 96 16185
92 97 6795
92 98 5411
92 99 12257
92 100 10168
92 101 4777
92 102 4045
92 103 10822
92 104 6605
92 105 3202
92 106 4867
92 107 3855
92 108 5925
92 109 16303
92 110 9410
92 111 3067
92 112 9079
92 113 5256
92 114 5263
92 115 3833
92 116 16301
92 117 5305
92 118 8192
92 119 7473
92 120 12274
92 121 1339
92 122 16315
92 123 15585
92 124 9562
92 125 4022
92 126 10470
92 127 11322
92 128 14536
93 94 15336
93 95 10790
93 96 4849
93 97 1186
93 98 14764
93 99 9657
93 100 1778
93 101 12263
93 102 8212
93 103 13274
93 104 13994
93 105 833
93 106 13514
93 107 14049
93 108 1394
93 109 14682
93 110 4741
93 111 2442
93 112 5155
93 113 14534
93 114 8719
93 115 16379
93 116 15678
93 117 11413
93 118 8944
93 119 14337
93 120 8421
93 121 7747
93 122 12747
93 123 7648
93 124 8316
93 125 6092
93 126 9281
93 127 11986
93 128 3250
94 95 6262
94 96 14884
94 97 15294
94 98 1449
94 99 11617
94 100 4926
94 101 13810
94 102 12231
94 103 7943
94 104 9078
94 105 7571
94 106 281
94 107 7315
94 108 8724
94 109 14910
94 110 12588
94 111 13359
94 112 362
94 113 13986
94 114 6782
94 115 9894
94 116 9971
94 117 15250
94 118 10421
94 119 413
94 120 12162
94 121 14578
94 122 6671
94 123 3344
94 124 16238
94 125 11291
94 126 14824
94 127 14799
94 128 8961
95 96 3949
95 97 5552
95 98 15553
95 99 6354
95 100 8607
95 101 4441
95 102 16217
95 103 14947
95 104 387
95 105 1911
95 106 6295
95 107 9237
95 108 6535
95 109 9329
95 110 8362
95 111 14827
95 112 2470
95 113 15849
95 114 11322
95 115 8106
95 116 8996
95 117 5918
95 118 8011
95 119 9338
95 120 14013
95 121 6365
95 122 11029
95 123 1103
95 124 15881
95 125 12051
95 126 7712
95 127 347
95 128 4360
96 97 10925
96 98 14876
96 99 5782
96 100 13356
96 101 9473
96 102 684
96 103 8710
96 104 2749
96 105 16295
96 106 4278
96 107 14660
96 108 8806
96 109 10166
96 110 9905
96 111 14580
96 112 15195
96 113 11109
96 114 8568
96 115 16070
96 116 5885
96 117 11859
96 118 9710
96 119 9600
96 120 13633
96 121 642
96 122 5624
96 123 10863
96 124 13225
96 125 15046
96 126 16330
96 127 15773
96 128 12672
97 98 4239
97 99 13154
97 100 4745
97 101 11432
97 102 8623
97 103 11265
97 104 5833
97 105 15729
97 106 9234
97 107 3894
97 108 1882
97 109 5801
97 110 8958
97 111 9899
97 112 3537
97 113 7067
97 114 2604
97 115 11707
97 116 7154
97 117 5100
97 118 15980
97 119 9413
97 120 8836
97 121 6284
97 122 1486
97 123 12155
97 124 10865
97 125 4483
97 126 10745
97 127 3196
97 128 16071
98 99 13935
98 100 13789
98 101 4853
98 102 2779
98 103 10416
98 104 12770
98 105 7021
98 106 15901
98 107 10607
98 108 11891
98 109 11706
98 110 6346
98 111 15317
98 112 6972
98 113 10576
98 114 11918
98 115 3371
98 116 16063
98 117 8010
98 118 11384
98 119 3238
98 120 6554
98 121 1407
98 122 12390
98 123 6306
98 124 14810
98 125 3067
98 126 7736
98 127 15497
98 128 1985
99 100 1674
99 101 9223
99 102 15396
99 103 410
99 104 6819
99 105 13495
99 106 13226
99 107 5054
99 108 5075
99 109 13749
99 110 6297
99 111 1064
99 112 5352
99 113 8361
99 114 3568
99 115 7988
99 116 11817
99 117 1697
99 118 10056
99 119 16289
99 120 7062
99 121 5459
99 122 4576
99 123 13325
99 124 323
99 125 8904
99 126 9958
99 127 8656
99 128 3230
100 101 11850
100 102 12306
100 103 1098
100 104 14389
100 105 15625
100 106 7071
100 107 15958
100 108 10385
100 109 10052
100 110 4886
100 111 2207
100 112 8835
100 113 5961
100 114 9213
100 115 16222
100 116 5596
100 117 1411
100 118 10312
100 119 4958
100 120 12528
100 121 2804
100 122 1750
100 123 16321
100 124 5770
100 125 6671
100 126 12537
100 127 14100
100 128 5915
101 102 13497
101 103 3164
101 104 6845
101 105 13799
101 106 9019
101 107 6665
101 108 622
101 109 9793
101 110 621
101 111 14992
101 112 1414
101 113 11312
101 114 564
101 115 4041
101 116 5679
101 117 307
101 118 14938
101 119 4360
101 120 7332
101 121 3328
101 122 2830
101 123 4296
101 124 15687
101 125 2475
101 126 8356
101 127 2845
101 128 14061
102 103 9895
102 104 6470
102 105 15106
102 106 9661
102 107 11341
102 108 2189
102 109 3470
102 110 8744
102 111 2449
102 112 12336
102 113 4829
102 114 1977
102 115 2422
102 116 12513
102 117 918
102 118 14537
102 119 5760
102 120 6239
102 121 14845
102 122 6286
102 123 3981
102 124 3160
102 125 8258
102 126 11615
102 127 15656
102 128 5750
103 104 14509
103 105 5727
103 106 11265
103 107 9462
103 108 2535
103 109 12185
103 110 6544
103 111 3576
103 112 1080
103 113 11065
103 114 8794
103 115 685
103 116 6616
103 117 14654
103 118 4279
103 119 2552
103 120 7057
103 121 2756
103 122 14239
103 123 2227
103 124 8174
103 125 7970
103 126 6618
103 127 7477
103 128 13859
104 105 3930
104 106 4296
104 107 3801
104 108 88
104 109 3184
104 110 3305
104 111 16287
104 112 4063
104 113 10340
104 114 5531
104 115 2669
104 116 6612
104 117 15734
104 118 13550
104 119 4475
104 120 12531
104 121 634
104 122 13126
104 123 7658
104 124 1979
104 125 14810
104 126 8763
104 127 10506
104 128 12882
105 106 6002
105 107 13493
105 108 8333
105 109 14632
105 110 5203
105 111 9314
105 112 12205
105 113 1678
105 114 3306
105 115 3043
105 116 14396
105 117 765
105 118 13916
105 119 557
105 120 4043
105 121 107
105 122 2116
105 123 2664
105 124 15877
105 125 14252
105 126 16314
105 127 16252
105 128 4121
106 107 9526
106 108 10719
106 109 10247
106 110 3229
106 111 16045
106 112 7203
106 113 3677
106 114 14555
106 115 9746
106 116 5843
106 117 16130
106 118 13491
106 119 10889
106 120 15268
106 121 4400
106 122 13517
106 123 9505
106 124 10814
106 125 4769
106 126 4885
106 127 6357
106 128 13401
107 108 3747
107 109 4799
107 110 2653
107 111 13598
107 112 13004
107 113 6913
107 114 6888
107 115 4234
107 116 7414
107 117 5202
107 118 10994
107 119 2525
107 120 10671
107 121 3252
107 122 15416
107 123 3239
107 124 8437
107 125 7759
107 126 9044
107 127 15113
107 128 11173
108 109 7857
108 110 14509
108 111 16263
108 112 9040
108 113 2120
108 114 4660
108 115 13780
108 116 11118
108 117 226
108 118 15993
108 119 7717
108 120 5217
108 121 3999
108 122 2890
108 123 5328
108 124 11706
108 125 11776
108 126 12092
108 127 5751
108 128 4564
109 110 7601
109 111 9112
109 112 12016
109 113 7869
109 114 2331
109 115 8083
109 116 2326
109 117 12008
109 118 12214
109 119 2949
109 120 11681
109 121 15574
109 122 6837
109 123 10604
109 124 11918
109 125 7147
109 126 12396
109 127 3435
109 128 4387
110 111 1247
110 112 12213
110 113 1640
110 114 10042
110 115 3482
110 116 15078
110 117 6639
110 118 987
110 119 13683
110 120 5908
110 121 6708
110 122 1961
110 123 2847
110 124 6491
110 125 13539
110 126 14097
110 127 7931
110 128 2684
111 112 4214
111 113 857
111 114 1693
111 115 7684
111 116 4876
111 117 4533
111 118 11604
111 119 9137
111 120 9636
111 121 5514
111 122 7052
111 123 8376
111 124 6505
111 125 15478
111 126 14773
111 127 2329
111 128 14073
112 113 6812
112 114 10188
112 115 10695
112 116 9555
112 117 13724
112 118 6930
112 119 2045
112 120 14339
112 121 677
112 122 13141
112 123 3858
112 124 2847
112 125 9553
112 126 15793
112 127 7075
112 128 5398
113 114 1248
113 115 5518
113 116 7033
113 117 10052
113 118 6428
113 119 2272
113 120 15619
113 121 4704
113 122 5331
113 123 2259
113 124 11418
113 125 16025
113 126 6545
113 127 14412
113 128 5057
114 115 3705
114 116 8759
114 117 6754
114 118 2696
114 119 14665
114 120 8279
114 121 9001
114 122 324
114 123 3599
114 124 5954
114 125 3026
114 126 10415
114 127 10486
114 128 2343
115 116 13586
115 117 13929
115 118 2878
115 119 11042
115 120 10557
115 121 16044
115 122 15270
115 123 13917
115 124 16097
115 125 4563
115 126 15976
115 127 4229
115 128 62
116 117 6838
116 118 13370
116 119 10571
116 120 11163
116 121 3228
116 122 485
116 123 3128
116 124 11518
116 125 4722
116 126 16081
116 127 4589
116 128 15748
117 118 7690
117 119 3214
117 120 14384
117 121 13760
117 122 9934
117 123 12946
117 124 2275
117 125 5406
117 126 1456
117 127 3429
117 128 10213
118 119 4370
118 120 1780
118 121 3987
118 122 7272
118 123 15526
118 124 11347
118 125 1917
118 126 11198
118 127 8789
118 128 9107
119 120 13661
119 121 1063
119 122 15793
119 123 595
119 124 6015
119 125 12088
119 126 3760
119 127 9139
119 128 13683
120 121 6049
120 122 7063
120 123 9800
120 124 2651
120 125 7316
120 126 11902
120 127 12601
120 128 2316
121 122 3487
121 123 9574
121 124 15624
121 125 5813
121 126 15541
121 127 8652
121 128 8110
122 123 4528
122 124 905
122 125 8967
122 126 3774
122 127 12783
122 128 7438
123 124 4
123 125 12507
123 126 6564
123 127 11668
123 128 8484
124 125 13409
124 126 10445
124 127 16209
124 128 8641
125 126 9597
125 127 13298
125 128 11955
126 127 9326
126 128 9197
127 128 11003
