16
1 2 161
1 3 119
1 4 69
1 5 17
1 6 209
1 7 103
1 8 173
1 9 39
1 10 75
1 11 72
1 12 232
1 13 54
1 14 19
1 15 90
1 16 48
2 3 153
2 4 17
2 5 104
2 6 174
2 7 144
2 8 125
2 9 236
2 10 217
2 11 249
2 12 205
2 13 104
2 14 49
2 15 168
2 16 33
3 4 64
3 5 144
3 6 68
3 7 4
3 8 68
3 9 66
3 10 139
3 11 171
3 12 22
3 13 1
3 14 207
3 15 125
3 16 114
4 5 117
4 6 159
4 7 166
4 8 255
4 9 127
4 10 153
4 11 166
4 12 156
4 13 176
4 14 217
4 15 200
4 16 206
5 6 210
5 7 27
5 8 75
5 9 88
5 10 40
5 11 177
5 12 235
5 13 23
5 14 253
5 15 205
5 16 256
6 7 29
6 8 84
6 9 121
6 10 123
6 11 252
6 12 219
6 13 232
6 14 223
6 15 254
6 16 179
7 8 253
7 9 151
7 10 205
7 11 86
7 12 205
7 13 171
7 14 173
7 15 187
7 16 138
8 9 31
8 10 219
8 11 63
8 12 154
8 13 92
8 14 64
8 15 191
8 16 55
9 10 81
9 11 77
9 12 49
9 13 63
9 14 99
9 15 3
9 16 128
10 11 89
10 12 252
10 13 33
10 14 190
10 15 89
10 16 31
11 12 164
11 13 101
11 14 55
11 15 131
11 16 138
12 13 190
12 14 91
12 15 52
12 16 250
13 14 77
13 15 128
13 16 67
14 15 208
14 16 64
15 16 121
