128
1 2 16158
1 3 12947
1 4 3030
1 5 1042
1 6 1691
1 7 14378
1 8 10887
1 9 13146
1 10 6059
1 11 1219
1 12 9890
1 13 8647
1 14 2381
1 15 13028
1 16 7701
1 17 14427
1 18 707
1 19 7628
1 20 3917
1 21 827
1 22 3597
1 23 6385
1 24 10626
1 25 11315
1 26 4339
1 27 6303
1 28 14408
1 29 1193
1 30 10411
1 31 9133
1 32 2224
1 33 9728
1 34 10134
1 35 12773
1 36 7847
1 37 15161
1 38 9453
1 39 11827
1 40 3068
1 41 14049
1 42 4057
1 43 1735
1 44 13601
1 45 907
1 46 10835
1 47 5912
1 48 6332
1 49 7505
1 50 8940
1 51 11179
1 52 5248
1 53 3392
1 54 407
1 55 4148
1 56 5810
1 57 383
1 58 166
1 59 10821
1 60 7477
1 61 3546
1 62 15183
1 63 9103
1 64 7282
1 65 5527
1 66 5537
1 67 9799
1 68 961
1 69 15347
1 70 4477
1 71 5017
1 72 3616
1 73 10282
1 74 14819
1 75 1330
1 76 8252
1 77 7344
1 78 15445
1 79 102
1 80 13760
1 81 6799
1 82 5063
1 83 14686
1 84 7300
1 85 10588
1 86 7500
1 87 1806
1 88 13610
1 89 401
1 90 5117
1 91 11992
1 92 1873
1 93 3704
1 94 11070
1 95 12007
1 96 425
1 97 1382
1 98 15103
1 99 488
1 100 7066
1 101 4784
1 102 3336
1 103 9476
1 104 1698
1 105 186
1 106 15852
1 107 8306
1 108 3526
1 109 12461
1 110 11818
1 111 10152
1 112 11018
1 113 13652
1 114 1363
1 115 14348
1 116 2728
1 117 12955
1 118 14058
1 119 16259
1 120 889
1 121 13230
1 122 2114
1 123 14137
1 124 4524
1 125 965
1 126 3029
1 127 12692
1 128 2766
2 3 7778
2 4 10239
2 5 8223
2 6 7840
2 7 9532
2 8 11011
2 9 5202
2 10 12309
2 11 15424
2 12 2070
2 13 2449
2 14 945
2 15 16245
2 16 11916
2 17 7661
2 18 14352
2 19 6378
2 20 4290
2 21 15756
2 22 7050
2 23 15488
2 24 14160
2 25 14103
2 26 9498
2 27 7228
2 28 12543
2 29 16245
2 30 8290
2 31 2170
2 32 15291
2 33 347
2 34 11085
2 35 2014
2 36 8000
2 37 10706
2 38 3003
2 39 14747
2 40 9142
2 41 8324
2 42 8752
2 43 4405
2 44 10135
2 45 2446
2 46 1849
2 47 2028
2 48 108
2 49 2907
2 50 3919
2 51 11610
2 52 10122
2 53 16016
2 54 15064
2 55 5501
2 56 645
2 57 2321
2 58 3626
2 59 10347
2 60 587
2 61 15628
2 62 3332
2 63 1221
2 64 16137
2 65 11145
2 66 4362
2 67 7147
2 68 10765
2 69 11520
2 70 12370
2 71 15022
2 72 14382
2 73 3064
2 74 2359
2 75 1152
2 76 5417
2 77 10867
2 78 11593
2 79 12554
2 80 13894
2 81 10847
2 82 15380
2 83 13978
2 84 13597
2 85 15869
2 86 5026
2 87 636
2 88 12251
2 89 452
2 90 8171
2 91 13114
2 92 13928
2 93 14265
2 94 3605
2 95 8303
2 96 9744
2 97 422
2 98 6243
2 99 2035
2 100 5575
2 101 16075
2 102 5503
2 103 4076
2 104 650
2 105 9677
2 106 7300
2 107 8118
2 108 15026
2 109 5958
2 110 4688
2 111 16006
2 112 2222
2 113 11278
2 114 10987
2 115 162
2 116 8664
2 117 9808
2 118 11261
2 119 4371
2 120 12835
2 121 2506
2 122 14959
2 123 5090
2 124 10712
2 125 13455
2 126 13565
2 127 14957
2 128 10973
3 4 1620
3 5 11093
3 6 1696
3 7 11200
3 8 6584
3 9 10806
3 10 15091
3 11 9541
3 12 5947
3 13 12766
3 14 3992
3 15 7862
3 16 12527
3 17 4960
3 18 4881
3 19 552
3 20 6205
3 21 4410
3 22 10132
3 23 13721
3 24 14390
3 25 3556
3 26 10965
3 27 9730
3 28 7494
3 29 5853
3 30 7868
3 31 1529
3 32 11012
3 33 8782
3 34 8017
3 35 11131
3 36 6560
3 37 6766
3 38 10137
3 39 5494
3 40 5524
3 41 4147
3 42 14185
3 43 8600
3 44 1652
3 45 5020
3 46 14174
3 47 4774
3 48 158
3 49 9611
3 50 13253
3 51 878
3 52 14610
3 53 10550
3 54 15070
3 55 8743
3 56 8694
3 57 6373
3 58 15727
3 59 897
3 60 3439
3 61 2907
3 62 14625
3 63 13099
3 64 12064
3 65 1579
3 66 16009
3 67 16254
3 68 2693
3 69 5681
3 70 12696
3 71 13765
3 72 15945
3 73 3453
3 74 12613
3 75 5885
3 76 468
3 77 11284
3 78 8856
3 79 4699
3 80 4813
3 81 13033
3 82 11604
3 83 7785
3 84 6119
3 85 7296
3 86 7539
3 87 11301
3 88 13813
3 89 8109
3 90 2634
3 91 10311
3 92 13917
3 93 14716
3 94 16206
3 95 16221
3 96 2219
3 97 15625
3 98 11952
3 99 10673
3 100 14810
3 101 1335
3 102 13281
3 103 13957
3 104 12926
3 105 8813
3 106 14945
3 107 14654
3 108 5136
3 109 11377
3 110 3186
3 111 10304
3 112 1143
3 113 1437
3 114 16192
3 115 9775
3 116 949
3 117 2513
3 118 2165
3 119 8553
3 120 5648
3 121 1590
3 122 7274
3 123 6646
3 124 10753
3 125 1561
3 126 5050
3 127 10425
3 128 7282
4 5 9752
4 6 10261
4 7 5351
4 8 8228
4 9 2175
4 10 13489
4 11 8637
4 12 5440
4 13 2630
4 14 7673
4 15 2071
4 16 12790
4 17 15036
4 18 7696
4 19 11021
4 20 11356
4 21 6636
4 22 12880
4 23 10348
4 24 816
4 25 8015
4 26 14214
4 27 11649
4 28 11375
4 29 12479
4 30 4869
4 31 14551
4 32 4187
4 33 11490
4 34 8078
4 35 8188
4 36 11740
4 37 7575
4 38 11091
4 39 2001
4 40 4638
4 41 10337
4 42 9266
4 43 4774
4 44 7292
4 45 4263
4 46 5484
4 47 12140
4 48 6680
4 49 3710
4 50 10726
4 51 3289
4 52 1583
4 53 19
4 54 2333
4 55 3335
4 56 7819
4 57 5943
4 58 14708
4 59 11002
4 60 14223
4 61 1587
4 62 8937
4 63 14682
4 64 10251
4 65 7716
4 66 7169
4 67 4370
4 68 12013
4 69 9417
4 70 11888
4 71 11952
4 72 11490
4 73 16334
4 74 9488
4 75 14315
4 76 14526
4 77 4181
4 78 14790
4 79 10660
4 80 3535
4 81 592
4 82 7378
4 83 2513
4 84 11674
4 85 9968
4 86 472
4 87 1230
4 88 1352
4 89 12704
4 90 8529
4 91 6042
4 92 2028
4 93 3837
4 94 6759
4 95 14967
4 96 4322
4 97 8628
4 98 10599
4 99 13738
4 100 6172
4 101 9446
4 102 2750
4 103 10300
4 104 2136
4 105 4191
4 106 14018
4 107 3857
4 108 4521
4 109 7566
4 110 3736
4 111 10523
4 112 5750
4 113 15571
4 114 6733
4 115 11331
4 116 14730
4 117 11635
4 118 1300
4 119 10170
4 120 9193
4 121 9214
4 122 16368
4 123 10098
4 124 15083
4 125 9033
4 126 7183
4 127 7261
4 128 10783
5 6 12373
5 7 15140
5 8 1097
5 9 4990
5 10 4638
5 11 10076
5 12 15408
5 13 3711
5 14 15810
5 15 10118
5 16 3216
5 17 4437
5 18 4690
5 19 10724
5 20 6602
5 21 2123
5 22 3203
5 23 3609
5 24 4732
5 25 14697
5 26 18
5 27 12532
5 28 2828
5 29 9637
5 30 730
5 31 4988
5 32 13300
5 33 9025
5 34 3286
5 35 7502
5 36 12007
5 37 1337
5 38 11203
5 39 3347
5 40 5862
5 41 9094
5 42 15113
5 43 6207
5 44 6899
5 45 553
5 46 10036
5 47 12332
5 48 1481
5 49 14342
5 50 6695
5 51 12998
5 52 8637
5 53 11786
5 54 3794
5 55 11523
5 56 5919
5 57 4391
5 58 4781
5 59 6011
5 60 2180
5 61 1975
5 62 11517
5 63 4720
5 64 11099
5 65 4195
5 66 11972
5 67 8451
5 68 4526
5 69 10294
5 70 2939
5 71 14192
5 72 9543
5 73 13183
5 74 4227
5 75 6866
5 76 13348
5 77 8048
5 78 3635
5 79 6591
5 80 5979
5 81 2309
5 82 5282
5 83 6219
5 84 6221
5 85 9364
5 86 8963
5 87 14429
5 88 10673
5 89 12390
5 90 13660
5 91 11157
5 92 16063
5 93 3839
5 94 2932
5 95 6767
5 96 16286
5 97 13250
5 98 3371
5 99 1463
5 100 4439
5 101 10442
5 102 11006
5 103 11490
5 104 7782
5 105 68
5 106 11244
5 107 3160
5 108 14081
5 109 10000
5 110 4605
5 111 6142
5 112 8997
5 113 11633
5 114 13904
5 115 7357
5 116 8876
5 117 7232
5 118 4047
5 119 2944
5 120 11818
5 121 11924
5 122 308
5 123 6307
5 124 1379
5 125 5096
5 126 8837
5 127 6042
5 128 10104
6 7 7752
6 8 2461
6 9 15405
6 10 11729
6 11 15441
6 12 12291
6 13 3350
6 14 13159
6 15 1899
6 16 12948
6 17 1572
6 18 7783
6 19 2961
6 20 1001
6 21 5530
6 22 8691
6 23 388
6 24 1481
6 25 16122
6 26 15932
6 27 8392
6 28 2522
6 29 14215
6 30 3096
6 31 5265
6 32 33
6 33 16015
6 34 2761
6 35 13890
6 36 1991
6 37 4850
6 38 2373
6 39 12984
6 40 7475
6 41 13852
6 42 8746
6 43 12876
6 44 3616
6 45 11050
6 46 1413
6 47 5393
6 48 846
6 49 1358
6 50 5711
6 51 1393
6 52 977
6 53 5376
6 54 10115
6 55 16262
6 56 16294
6 57 6475
6 58 2501
6 59 1351
6 60 11730
6 61 618
6 62 2221
6 63 13923
6 64 6259
6 65 430
6 66 5464
6 67 4835
6 68 162
6 69 10931
6 70 3576
6 71 7781
6 72 3266
6 73 159
6 74 1203
6 75 3120
6 76 2527
6 77 3226
6 78 2627
6 79 9565
6 80 8198
6 81 7594
6 82 14359
6 83 2672
6 84 11437
6 85 2845
6 86 8152
6 87 12034
6 88 7182
6 89 7690
6 90 2097
6 91 13443
6 92 1076
6 93 5094
6 94 6948
6 95 11386
6 96 14260
6 97 10135
6 98 7831
6 99 5462
6 100 7647
6 101 15426
6 102 3654
6 103 12250
6 104 10742
6 105 14203
6 106 13290
6 107 7889
6 108 486
6 109 14504
6 110 13139
6 111 6693
6 112 13810
6 113 5614
6 114 10934
6 115 14952
6 116 262
6 117 3934
6 118 66
6 119 2024
6 120 7843
6 121 3001
6 122 14462
6 123 943
6 124 1371
6 125 7965
6 126 2890
6 127 4031
6 128 2985
7 8 2445
7 9 4104
7 10 15840
7 11 13742
7 12 2978
7 13 5785
7 14 15452
7 15 6357
7 16 2665
7 17 1457
7 18 15019
7 19 11610
7 20 6776
7 21 13662
7 22 15396
7 23 8084
7 24 9821
7 25 15386
7 26 3972
7 27 12068
7 28 6859
7 29 1357
7 30 9295
7 31 15423
7 32 8476
7 33 3758
7 34 7939
7 35 3328
7 36 4354
7 37 7465
7 38 7399
7 39 15827
7 40 11800
7 41 4210
7 42 12152
7 43 467
7 44 15619
7 45 8831
7 46 14250
7 47 9174
7 48 10869
7 49 8153
7 50 15180
7 51 15094
7 52 7942
7 53 5217
7 54 10686
7 55 8458
7 56 8425
7 57 10108
7 58 6959
7 59 8620
7 60 4515
7 61 3050
7 62 6782
7 63 8600
7 64 7702
7 65 3192
7 66 9442
7 67 10208
7 68 1965
7 69 3349
7 70 11292
7 71 13749
7 72 190
7 73 11435
7 74 6839
7 75 5426
7 76 9710
7 77 16184
7 78 424
7 79 7456
7 80 11411
7 81 13220
7 82 9790
7 83 8656
7 84 2288
7 85 1951
7 86 5269
7 87 2016
7 88 12208
7 89 15141
7 90 9583
7 91 13012
7 92 1319
7 93 14313
7 94 6441
7 95 10747
7 96 1848
7 97 2762
7 98 12725
7 99 1224
7 100 12396
7 101 11235
7 102 12373
7 103 103
7 104 13295
7 105 2063
7 106 1583
7 107 6237
7 108 3396
7 109 9948
7 110 8431
7 111 9560
7 112 6474
7 113 10084
7 114 1664
7 115 15813
7 116 10548
7 117 14058
7 118 16176
7 119 14785
7 120 15280
7 121 12540
7 122 15641
7 123 4411
7 124 10201
7 125 10876
7 126 12142
7 127 16138
7 128 6241
8 9 988
8 10 6584
8 11 5279
8 12 14613
8 13 15562
8 14 5650
8 15 13389
8 16 3437
8 17 8351
8 18 8121
8 19 10046
8 20 9036
8 21 12799
8 22 14291
8 23 9247
8 24 713
8 25 10403
8 26 3237
8 27 562
8 28 15899
8 29 3097
8 30 5320
8 31 4462
8 32 1315
8 33 8185
8 34 8099
8 35 10774
8 36 12664
8 37 8104
8 38 10287
8 39 4161
8 40 15992
8 41 3131
8 42 3598
8 43 12562
8 44 7315
8 45 14183
8 46 7495
8 47 11222
8 48 12504
8 49 11193
8 50 10113
8 51 14560
8 52 12382
8 53 6840
8 54 6648
8 55 2092
8 56 2627
8 57 5528
8 58 9270
8 59 13129
8 60 11696
8 61 6677
8 62 9001
8 63 7556
8 64 12399
8 65 1820
8 66 6344
8 67 3768
8 68 13350
8 69 5324
8 70 8161
8 71 15913
8 72 3537
8 73 20
8 74 5590
8 75 14381
8 76 7117
8 77 3701
8 78 13525
8 79 2698
8 80 3714
8 81 2489
8 82 12634
8 83 12867
8 84 9988
8 85 9839
8 86 6956
8 87 8142
8 88 4276
8 89 15055
8 90 3581
8 91 8945
8 92 9395
8 93 8813
8 94 1545
8 95 6842
8 96 1184
8 97 12518
8 98 9413
8 99 8717
8 100 13819
8 101 4660
8 102 9781
8 103 5914
8 104 9802
8 105 580
8 106 3173
8 107 14263
8 108 8841
8 109 10982
8 110 3665
8 111 3004
8 112 4164
8 113 12294
8 114 16313
8 115 11799
8 116 11749
8 117 377
8 118 3314
8 119 3682
8 120 9333
8 121 1194
8 122 11369
8 123 11014
8 124 14716
8 125 7649
8 126 5922
8 127 7739
8 128 13016
9 10 12668
9 11 4620
9 12 4012
9 13 13351
9 14 9484
9 15 12115
9 16 3545
9 17 11529
9 18 15570
9 19 13214
9 20 2809
9 21 2522
9 22 2137
9 23 8234
9 24 11041
9 25 3964
9 26 13556
9 27 14193
9 28 11380
9 29 4772
9 30 1871
9 31 10521
9 32 1008
9 33 1352
9 34 13432
9 35 8852
9 36 5530
9 37 5670
9 38 7686
9 39 9083
9 40 7487
9 41 3563
9 42 6286
9 43 6038
9 44 10236
9 45 12020
9 46 11531
9 47 8850
9 48 2995
9 49 8386
9 50 885
9 51 7754
9 52 13961
9 53 2348
9 54 10883
9 55 8278
9 56 12421
9 57 311
9 58 15358
9 59 3006
9 60 11926
9 61 42
9 62 14550
9 63 8254
9 64 16186
9 65 1471
9 66 13263
9 67 15111
9 68 11216
9 69 8439
9 70 10101
9 71 6224
9 72 9167
9 73 5277
9 74 10241
9 75 5096
9 76 2608
9 77 14253
9 78 6953
9 79 12883
9 80 7236
9 81 2786
9 82 13774
9 83 7339
9 84 10232
9 85 8375
9 86 13954
9 87 3086
9 88 12757
9 89 4056
9 90 3635
9 91 113
9 92 2023
9 93 4377
9 94 15986
9 95 1969
9 96 8857
9 97 15622
9 98 12303
9 99 4826
9 100 9452
9 101 9381
9 102 1753
9 103 4059
9 104 8414
9 105 7164
9 106 3037
9 107 15427
9 108 5958
9 109 12535
9 110 12886
9 111 5832
9 112 1910
9 113 5159
9 114 1557
9 115 12856
9 116 6386
9 117 11885
9 118 13801
9 119 6068
9 120 15395
9 121 5946
9 122 7276
9 123 15635
9 124 10531
9 125 11465
9 126 14831
9 127 16339
9 128 314
10 11 989
10 12 10185
10 13 10203
10 14 4692
10 15 9765
10 16 3183
10 17 9143
10 18 4693
10 19 10613
10 20 12047
10 21 12602
10 22 14522
10 23 4230
10 24 1955
10 25 4378
10 26 15288
10 27 6160
10 28 9554
10 29 5465
10 30 15845
10 31 13002
10 32 8649
10 33 10165
10 34 9006
10 35 5665
10 36 12622
10 37 7295
10 38 11249
10 39 6231
10 40 9884
10 41 12980
10 42 4380
10 43 6686
10 44 5106
10 45 2542
10 46 8654
10 47 12751
10 48 7062
10 49 13921
10 50 9653
10 51 15533
10 52 7781
10 53 13764
10 54 1421
10 55 12569
10 56 7179
10 57 11124
10 58 11853
10 59 2560
10 60 5014
10 61 9869
10 62 12436
10 63 8778
10 64 6009
10 65 1508
10 66 14698
10 67 10887
10 68 9134
10 69 10571
10 70 12857
10 71 8306
10 72 1135
10 73 9029
10 74 12461
10 75 350
10 76 3519
10 77 4293
10 78 4806
10 79 6555
10 80 7937
10 81 9829
10 82 5862
10 83 3560
10 84 4260
10 85 12397
10 86 14886
10 87 5710
10 88 15505
10 89 9234
10 90 12375
10 91 1971
10 92 22
10 93 11026
10 94 893
10 95 8168
10 96 8890
10 97 15565
10 98 16326
10 99 6667
10 100 9358
10 101 6549
10 102 4234
10 103 3277
10 104 11022
10 105 4755
10 106 7224
10 107 9100
10 108 15219
10 109 16150
10 110 4883
10 111 1580
10 112 8649
10 113 14556
10 114 1901
10 115 4683
10 116 1296
10 117 5140
10 118 2176
10 119 6019
10 120 9241
10 121 3557
10 122 7740
10 123 4645
10 124 7584
10 125 60
10 126 5805
10 127 5503
10 128 11960
11 12 5490
11 13 4667
11 14 13695
11 15 13511
11 16 639
11 17 12025
11 18 12208
11 19 47
11 20 280
11 21 3035
11 22 3907
11 23 12
11 24 13256
11 25 2237
11 26 13883
11 27 5860
11 28 15655
11 29 6147
11 30 8000
11 31 669
11 32 4848
11 33 16074
11 34 6007
11 35 14158
11 36 6774
11 37 910
11 38 15913
11 39 7773
11 40 13129
11 41 423
11 42 8544
11 43 2764
11 44 11880
11 45 14215
11 46 15251
11 47 16126
11 48 13501
11 49 13899
11 50 14452
11 51 13221
11 52 8308
11 53 2070
11 54 2341
11 55 11517
11 56 10446
11 57 12309
11 58 8264
11 59 11305
11 60 10646
11 61 7415
11 62 8655
11 63 14204
11 64 952
11 65 345
11 66 5348
11 67 9365
11 68 8983
11 69 3493
11 70 3035
11 71 275
11 72 1138
11 73 12460
11 74 14147
11 75 2066
11 76 4292
11 77 230
11 78 4359
11 79 6501
11 80 11807
11 81 14359
11 82 6361
11 83 12352
11 84 13278
11 85 14759
11 86 7956
11 87 4965
11 88 14628
11 89 5560
11 90 8233
11 91 13261
11 92 8840
11 93 11127
11 94 9671
11 95 7929
11 96 4958
11 97 3431
11 98 10375
11 99 14921
11 100 1206
11 101 8610
11 102 2800
11 103 11738
11 104 72
11 105 8400
11 106 7849
11 107 12675
11 108 6035
11 109 14811
11 110 9633
11 111 14204
11 112 445
11 113 4553
11 114 11112
11 115 111
11 116 8832
11 117 6900
11 118 13896
11 119 5718
11 120 4579
11 121 11943
11 122 9934
11 123 261
11 124 14501
11 125 8211
11 126 8446
11 127 2752
11 128 1935
12 13 407
12 14 2721
12 15 8081
12 16 7479
12 17 9881
12 18 10755
12 19 14622
12 20 12705
12 21 10152
12 22 2240
12 23 6525
12 24 7453
12 25 10149
12 26 5887
12 27 13740
12 28 8404
12 29 16366
12 30 1647
12 31 8576
12 32 11416
12 33 2973
12 34 9817
12 35 616
12 36 7153
12 37 1628
12 38 7790
12 39 7594
12 40 746
12 41 14134
12 42 5244
12 43 11515
12 44 7296
12 45 2452
12 46 13940
12 47 4506
12 48 5942
12 49 2196
12 50 2812
12 51 7785
12 52 11260
12 53 13288
12 54 6454
12 55 3332
12 56 3582
12 57 15742
12 58 13351
12 59 14547
12 60 9380
12 61 16289
12 62 14594
12 63 16273
12 64 14369
12 65 10218
12 66 11744
12 67 5771
12 68 561
12 69 12007
12 70 1547
12 71 11914
12 72 1560
12 73 904
12 74 7568
12 75 8572
12 76 3556
12 77 4903
12 78 1048
12 79 13924
12 80 14880
12 81 13923
12 82 3765
12 83 5842
12 84 11274
12 85 12872
12 86 12003
12 87 5321
12 88 15935
12 89 13974
12 90 4985
12 91 10876
12 92 4478
12 93 13385
12 94 7048
12 95 15617
12 96 1633
12 97 15360
12 98 14013
12 99 2556
12 100 14362
12 101 1257
12 102 8444
12 103 12167
12 104 2900
12 105 11464
12 106 5699
12 107 15853
12 108 3397
12 109 9385
12 110 4079
12 111 8780
12 112 14695
12 113 9431
12 114 4955
12 115 12603
12 116 3771
12 117 12587
12 118 1984
12 119 5084
12 120 4541
12 121 14775
12 122 9625
12 123 12172
12 124 5972
12 125 13532
12 126 14530
12 127 10545
12 128 9442
13 14 5639
13 15 6377
13 16 15015
13 17 9287
13 18 3735
13 19 13064
13 20 10774
13 21 9334
13 22 10659
13 23 11776
13 24 12236
13 25 10966
13 26 14631
13 27 4079
13 28 4286
13 29 11694
13 30 4592
13 31 14709
13 32 5130
13 33 11038
13 34 7762
13 35 14235
13 36 15309
13 37 7215
13 38 195
13 39 3547
13 40 9705
13 41 11653
13 42 3111
13 43 12388
13 44 14618
13 45 6467
13 46 4681
13 47 12040
13 48 1365
13 49 12365
13 50 13714
13 51 11314
13 52 5073
13 53 7165
13 54 8806
13 55 12975
13 56 5653
13 57 10157
13 58 2675
13 59 6075
13 60 1161
13 61 9126
13 62 7516
13 63 2020
13 64 6269
13 65 9283
13 66 8947
13 67 5489
13 68 9544
13 69 2248
13 70 2133
13 71 1114
13 72 4343
13 73 6651
13 74 393
13 75 11258
13 76 198
13 77 12228
13 78 5738
13 79 14446
13 80 11262
13 81 13870
13 82 12701
13 83 10704
13 84 11436
13 85 1000
13 86 14342
13 87 12529
13 88 7941
13 89 10916
13 90 3455
13 91 6710
13 92 7848
13 93 11043
13 94 15856
13 95 10752
13 96 3317
13 97 7115
13 98 2047
13 99 12827
13 100 5006
13 101 2631
13 102 9688
13 103 3618
13 104 2971
13 105 16016
13 106 5762
13 107 11529
13 108 4700
13 109 6806
13 110 14334
13 111 124
13 112 12270
13 113 1877
13 114 11414
13 115 11467
13 116 11647
13 117 8190
13 118 7155
13 119 4069
13 120 10007
13 121 7640
13 122 3934
13 123 15556
13 124 4988
13 125 13553
13 126 13542
13 127 12223
13 128 6131
14 15 14760
14 16 7195
14 17 8416
14 18 2809
14 19 6827
14 20 10833
14 21 7774
14 22 14401
14 23 5133
14 24 14032
14 25 13586
14 26 8734
14 27 10362
14 28 4763
14 29 12259
14 30 8323
14 31 5738
14 32 8036
14 33 7554
14 34 4026
14 35 15677
14 36 56
14 37 13437
14 38 6321
14 39 13876
14 40 11626
14 41 5674
14 42 5783
14 43 4711
14 44 8238
14 45 15785
14 46 6456
14 47 14579
14 48 15116
14 49 1909
14 50 10890
14 51 4890
14 52 11354
14 53 15655
14 54 7529
14 55 13873
14 56 6045
14 57 14925
14 58 4576
14 59 10556
14 60 4348
14 61 9929
14 62 9341
14 63 15594
14 64 1393
14 65 8734
14 66 4166
14 67 2712
14 68 10660
14 69 14362
14 70 9570
14 71 5086
14 72 5412
14 73 2803
14 74 7884
14 75 11561
14 76 6701
14 77 1376
14 78 11096
14 79 16136
14 80 14773
14 81 13724
14 82 1599
14 83 10714
14 84 2648
14 85 15874
14 86 5241
14 87 14758
14 88 4826
14 89 8392
14 90 11317
14 91 269
14 92 5381
14 93 15603
14 94 3115
14 95 2176
14 96 5478
14 97 4111
14 98 4120
14 99 16308
14 100 15534
14 101 5016
14 102 4008
14 103 12633
14 104 8767
14 105 11957
14 106 11262
14 107 12150
14 108 6083
14 109 14871
14 110 3470
14 111 16259
14 112 2014
14 113 14548
14 114 6104
14 115 13698
14 116 1651
14 117 1738
14 118 12379
14 119 12748
14 120 3002
14 121 15472
14 122 10262
14 123 1583
14 124 12930
14 125 10731
14 126 11462
14 127 4492
14 128 14442
15 16 1004
15 17 1750
15 18 15649
15 19 386
15 20 3563
15 21 1862
15 22 5989
15 23 14635
15 24 3439
15 25 14817
15 26 8881
15 27 13132
15 28 4293
15 29 12886
15 30 12185
15 31 14207
15 32 5896
15 33 649
15 34 5681
15 35 1119
15 36 10471
15 37 11345
15 38 13481
15 39 5856
15 40 6117
15 41 1547
15 42 9426
15 43 4657
15 44 307
15 45 9009
15 46 4812
15 47 11301
15 48 13369
15 49 437
15 50 527
15 51 10405
15 52 15233
15 53 13969
15 54 7139
15 55 9047
15 56 15684
15 57 5704
15 58 4143
15 59 8660
15 60 419
15 61 14059
15 62 15422
15 63 5353
15 64 4966
15 65 9895
15 66 11161
15 67 5368
15 68 5875
15 69 1532
15 70 10175
15 71 4600
15 72 1991
15 73 6461
15 74 12347
15 75 15058
15 76 4289
15 77 396
15 78 10195
15 79 3626
15 80 11876
15 81 10691
15 82 7453
15 83 11800
15 84 5535
15 85 3981
15 86 10631
15 87 10714
15 88 8672
15 89 825
15 90 9200
15 91 972
15 92 13502
15 93 8259
15 94 8717
15 95 14265
15 96 4404
15 97 6623
15 98 4160
15 99 4895
15 100 8498
15 101 6466
15 102 15296
15 103 6833
15 104 6140
15 105 15718
15 106 1932
15 107 7359
15 108 14222
15 109 4692
15 110 12810
15 111 12029
15 112 8345
15 113 15711
15 114 7029
15 115 3268
15 116 738
15 117 87
15 118 13398
15 119 6445
15 120 7404
15 121 6797
15 122 10516
15 123 7377
15 124 9964
15 125 5189
15 126 13435
15 127 15767
15 128 15111
16 17 13995
16 18 8083
16 19 13278
16 20 3731
16 21 8599
16 22 2519
16 23 1471
16 24 22
16 25 13364
16 26 5603
16 27 12075
16 28 3885
16 29 5204
16 30 10843
16 31 15885
16 32 3664
16 33 3036
16 34 7989
16 35 5256
16 36 8423
16 37 1940
16 38 4016
16 39 7429
16 40 9162
16 41 12531
16 42 13871
16 43 3825
16 44 10868
16 45 1770
16 46 11686
16 47 8262
16 48 9957
16 49 6621
16 50 6755
16 51 1827
16 52 3624
16 53 16153
16 54 3803
16 55 11542
16 56 14014
16 57 13798
16 58 2475
16 59 14669
16 60 11245
16 61 9863
16 62 5705
16 63 15777
16 64 15650
16 65 9268
16 66 2285
16 67 13616
16 68 846
16 69 424
16 70 6618
16 71 15544
16 72 4047
16 73 6102
16 74 5881
16 75 9027
16 76 10595
16 77 6574
16 78 13597
16 79 14076
16 80 14241
16 81 196
16 82 6082
16 83 1323
16 84 15056
16 85 11177
16 86 13839
16 87 4392
16 88 7358
16 89 11452
16 90 7891
16 91 638
16 92 16256
16 93 15032
16 94 15551
16 95 9018
16 96 12818
16 97 10176
16 98 5753
16 99 1755
16 100 6471
16 101 4945
16 102 3552
16 103 4052
16 104 12835
16 105 3505
16 106 11760
16 107 12822
16 108 3553
16 109 6377
16 110 14499
16 111 10688
16 112 13295
16 113 10291
16 114 12644
16 115 12544
16 116 14329
16 117 14617
16 118 5160
16 119 321
16 120 11018
16 121 14706
16 122 6968
16 123 1239
16 124 11264
16 125 16032
16 126 7373
16 127 9491
16 128 2625
17 18 15134
17 19 12268
17 20 8770
17 21 1783
17 22 11257
17 23 10814
17 24 8664
17 25 15058
17 26 16098
17 27 7230
17 28 8650
17 29 2988
17 30 3870
17 31 13261
17 32 5068
17 33 393
17 34 3390
17 35 7572
17 36 11722
17 37 10001
17 38 14350
17 39 9941
17 40 605
17 41 5754
17 42 16265
17 43 14152
17 44 15056
17 45 2964
17 46 7698
17 47 9314
17 48 9948
17 49 118
17 50 13163
17 51 4710
17 52 2871
17 53 2502
17 54 3079
17 55 472
17 56 2092
17 57 861
17 58 4845
17 59 4688
17 60 15256
17 61 10409
17 62 7064
17 63 5401
17 64 1589
17 65 8779
17 66 5805
17 67 4074
17 68 8768
17 69 10766
17 70 2840
17 71 3957
17 72 424
17 73 13216
17 74 16043
17 75 12229
17 76 11991
17 77 10715
17 78 7795
17 79 15432
17 80 14874
17 81 8005
17 82 12046
17 83 13046
17 84 5521
17 85 8611
17 86 12319
17 87 5751
17 88 15996
17 89 7040
17 90 2836
17 91 736
17 92 15969
17 93 15899
17 94 10289
17 95 3677
17 96 1192
17 97 13602
17 98 9869
17 99 12641
17 100 13056
17 101 14610
17 102 8770
17 103 10579
17 104 2392
17 105 6754
17 106 3746
17 107 15715
17 108 7749
17 109 12643
17 110 3017
17 111 4124
17 112 14194
17 113 13718
17 114 13058
17 115 5106
17 116 258
17 117 2242
17 118 1020
17 119 9178
17 120 12599
17 121 1126
17 122 8655
17 123 374
17 124 12355
17 125 14270
17 126 4992
17 127 7776
17 128 15738
18 19 9296
18 20 10242
18 21 8774
18 22 15787
18 23 1261
18 24 6755
18 25 2272
18 26 2297
18 27 4194
18 28 1402
18 29 2091
18 30 3369
18 31 1770
18 32 16071
18 33 10105
18 34 13165
18 35 15003
18 36 13596
18 37 9229
18 38 398
18 39 13268
18 40 9410
18 41 1426
18 42 12868
18 43 7583
18 44 6849
18 45 12990
18 46 12200
18 47 4743
18 48 7156
18 49 7170
18 50 14437
18 51 105
18 52 12300
18 53 4586
18 54 7147
18 55 13186
18 56 2735
18 57 8118
18 58 2869
18 59 5360
18 60 9351
18 61 1312
18 62 1252
18 63 10741
18 64 784
18 65 15138
18 66 13035
18 67 9137
18 68 15921
18 69 6188
18 70 13655
18 71 14141
18 72 10828
18 73 4323
18 74 6029
18 75 8447
18 76 1321
18 77 2360
18 78 10784
18 79 10355
18 80 4611
18 81 2010
18 82 14717
18 83 9913
18 84 15124
18 85 7040
18 86 1509
18 87 4193
18 88 14002
18 89 10170
18 90 9076
18 91 9154
18 92 13701
18 93 8731
18 94 6874
18 95 1734
18 96 14794
18 97 13798
18 98 9802
18 99 8569
18 100 9132
18 101 4931
18 102 15654
18 103 2555
18 104 12591
18 105 7164
18 106 14986
18 107 14780
18 108 2694
18 109 6734
18 110 7027
18 111 3411
18 112 5090
18 113 13528
18 114 16313
18 115 8821
18 116 10382
18 117 5452
18 118 15254
18 119 14292
18 120 8265
18 121 1651
18 122 3182
18 123 13117
18 124 2318
18 125 13904
18 126 4584
18 127 7661
18 128 9102
19 20 9326
19 21 2296
19 22 4830
19 23 5776
19 24 3765
19 25 11369
19 26 289
19 27 11211
19 28 14419
19 29 9602
19 30 14623
19 31 15427
19 32 3128
19 33 3464
19 34 15578
19 35 5830
19 36 6315
19 37 7954
19 38 2173
19 39 5920
19 40 7082
19 41 11768
19 42 5073
19 43 2766
19 44 3389
19 45 13586
19 46 8962
19 47 6394
19 48 8451
19 49 13724
19 50 4790
19 51 7603
19 52 3910
19 53 13979
19 54 16279
19 55 5000
19 56 15006
19 57 491
19 58 11470
19 59 13191
19 60 5591
19 61 8960
19 62 13682
19 63 3232
19 64 3691
19 65 2513
19 66 812
19 67 4557
19 68 13696
19 69 9370
19 70 1592
19 71 1041
19 72 13242
19 73 15207
19 74 2958
19 75 15322
19 76 9213
19 77 5466
19 78 8950
19 79 2058
19 80 7305
19 81 6507
19 82 9748
19 83 16109
19 84 9834
19 85 12729
19 86 15349
19 87 13017
19 88 5262
19 89 10674
19 90 9561
19 91 2218
19 92 11414
19 93 5755
19 94 4282
19 95 14581
19 96 10553
19 97 2621
19 98 1529
19 99 2745
19 100 12852
19 101 6713
19 102 5497
19 103 8652
19 104 9662
19 105 3002
19 106 3946
19 107 4919
19 108 13948
19 109 3207
19 110 9746
19 111 16023
19 112 15600
19 113 4415
19 114 11318
19 115 8535
19 116 13907
19 117 10415
19 118 9902
19 119 2786
19 120 7803
19 121 14041
19 122 3534
19 123 11934
19 124 4034
19 125 3200
19 126 10883
19 127 14579
19 128 15902
20 21 8923
20 22 6539
20 23 16372
20 24 8644
20 25 12648
20 26 7880
20 27 1852
20 28 3609
20 29 6393
20 30 4019
20 31 14214
20 32 2472
20 33 8396
20 34 3173
20 35 14283
20 36 5707
20 37 13211
20 38 2141
20 39 11910
20 40 10029
20 41 4276
20 42 5855
20 43 7865
20 44 697
20 45 16002
20 46 1749
20 47 2626
20 48 3481
20 49 14202
20 50 9297
20 51 11835
20 52 12234
20 53 15471
20 54 7196
20 55 13165
20 56 4792
20 57 9845
20 58 11248
20 59 1680
20 60 5003
20 61 1970
20 62 6137
20 63 4504
20 64 4242
20 65 2210
20 66 1057
20 67 1809
20 68 8690
20 69 13889
20 70 15227
20 71 9662
20 72 2552
20 73 3172
20 74 12522
20 75 8958
20 76 11549
20 77 3077
20 78 5697
20 79 16067
20 80 7672
20 81 4502
20 82 9653
20 83 2324
20 84 8588
20 85 9433
20 86 9078
20 87 7468
20 88 9738
20 89 3431
20 90 5164
20 91 561
20 92 1899
20 93 713
20 94 12575
20 95 13
20 96 5686
20 97 2793
20 98 3220
20 99 1768
20 100 8134
20 101 5715
20 102 9893
20 103 3087
20 104 9355
20 105 143
20 106 411
20 107 11159
20 108 855
20 109 3635
20 110 11005
20 111 5306
20 112 3401
20 113 16012
20 114 2745
20 115 15702
20 116 6017
20 117 723
20 118 10878
20 119 8812
20 120 5535
20 121 14084
20 122 7847
20 123 152
20 124 5253
20 125 4941
20 126 14909
20 127 3592
20 128 10786
21 22 14642
21 23 76
21 24 8922
21 25 8434
21 26 2945
21 27 6815
21 28 13104
21 29 7586
21 30 703
21 31 13923
21 32 361
21 33 1355
21 34 9135
21 35 10074
21 36 12830
21 37 1639
21 38 2471
21 39 1417
21 40 14102
21 41 9027
21 42 14537
21 43 1317
21 44 7932
21 45 4437
21 46 217
21 47 11725
21 48 249
21 49 15537
21 50 13996
21 51 8615
21 52 3490
21 53 6427
21 54 4510
21 55 5272
21 56 5174
21 57 2430
21 58 3990
21 59 6448
21 60 2686
21 61 5920
21 62 14768
21 63 43
21 64 10242
21 65 10152
21 66 6109
21 67 1647
21 68 3132
21 69 2067
21 70 9483
21 71 7366
21 72 9647
21 73 2096
21 74 16195
21 75 6088
21 76 11907
21 77 8719
21 78 15460
21 79 3245
21 80 6680
21 81 5791
21 82 469
21 83 4256
21 84 6842
21 85 1421
21 86 10482
21 87 14962
21 88 9450
21 89 3622
21 90 14390
21 91 14492
21 92 15802
21 93 6606
21 94 15675
21 95 9654
21 96 13863
21 97 4540
21 98 2488
21 99 6906
21 100 13638
21 101 8482
21 102 3526
21 103 10810
21 104 1683
21 105 13994
21 106 15546
21 107 8633
21 108 15892
21 109 8264
21 110 9064
21 111 1690
21 112 12693
21 113 13764
21 114 11117
21 115 4070
21 116 2429
21 117 15955
21 118 707
21 119 13616
21 120 4442
21 121 8839
21 122 7623
21 123 8949
21 124 3586
21 125 13168
21 126 329
21 127 12595
21 128 3833
22 23 5361
22 24 9803
22 25 8845
22 26 8425
22 27 6687
22 28 8407
22 29 6604
22 30 14422
22 31 13150
22 32 7962
22 33 5072
22 34 4960
22 35 13220
22 36 4422
22 37 9945
22 38 11966
22 39 15502
22 40 2996
22 41 15432
22 42 6300
22 43 16353
22 44 6156
22 45 15830
22 46 390
22 47 8274
22 48 16123
22 49 2472
22 50 14477
22 51 13322
22 52 3534
22 53 2577
22 54 2920
22 55 827
22 56 16175
22 57 9486
22 58 1364
22 59 8228
22 60 11257
22 61 2630
22 62 10330
22 63 5904
22 64 16046
22 65 13328
22 66 5986
22 67 3678
22 68 2000
22 69 944
22 70 6431
22 71 11112
22 72 4190
22 73 10824
22 74 6429
22 75 14528
22 76 11787
22 77 5327
22 78 4622
22 79 3868
22 80 14723
22 81 1270
22 82 1089
22 83 9493
22 84 1135
22 85 7915
22 86 12449
22 87 1769
22 88 10563
22 89 5549
22 90 8824
22 91 14250
22 92 10991
22 93 5081
22 94 16380
22 95 3451
22 96 515
22 97 11315
22 98 3361
22 99 13025
22 100 12016
22 101 12391
22 102 101
22 103 14290
22 104 308
22 105 8103
22 106 13174
22 107 6085
22 108 1015
22 109 15919
22 110 12118
22 111 8298
22 112 4855
22 113 5180
22 114 6447
22 115 15363
22 116 2722
22 117 5339
22 118 9045
22 119 2782
22 120 994
22 121 14874
22 122 15170
22 123 798
22 124 13714
22 125 13114
22 126 9429
22 127 14579
22 128 6737
23 24 9684
23 25 3179
23 26 11292
23 27 3771
23 28 2798
23 29 2451
23 30 15781
23 31 1045
23 32 14378
23 33 14384
23 34 6241
23 35 14223
23 36 14056
23 37 4683
23 38 433
23 39 5598
23 40 10859
23 41 16144
23 42 3037
23 43 15679
23 44 12654
23 45 7402
23 46 9251
23 47 11732
23 48 7535
23 49 10799
23 50 3778
23 51 7266
23 52 15628
23 53 2010
23 54 12514
23 55 8404
23 56 4080
23 57 6580
23 58 10017
23 59 254
23 60 2051
23 61 14291
23 62 716
23 63 5816
23 64 7908
23 65 8719
23 66 15172
23 67 5924
23 68 13069
23 69 5426
23 70 9083
23 71 1894
23 72 198
23 73 13505
23 74 9536
23 75 7957
23 76 15743
23 77 5456
23 78 9430
23 79 2551
23 80 1611
23 81 8728
23 82 2960
23 83 9724
23 84 3373
23 85 5386
23 86 5519
23 87 13960
23 88 5027
23 89 2321
23 90 4470
23 91 9678
23 92 14122
23 93 13803
23 94 14231
23 95 948
23 96 3047
23 97 14928
23 98 2014
23 99 14926
23 100 16064
23 101 13429
23 102 6270
23 103 15186
23 104 8195
23 105 4341
23 106 7712
23 107 7740
23 108 9603
23 109 10703
23 110 2273
23 111 15677
23 112 15848
23 113 8736
23 114 13821
23 115 11329
23 116 15382
23 117 6984
23 118 15181
23 119 266
23 120 6595
23 121 11587
23 122 6708
23 123 6853
23 124 638
23 125 15622
23 126 9619
23 127 3758
23 128 10363
24 25 4743
24 26 1901
24 27 10823
24 28 13962
24 29 12132
24 30 2412
24 31 10250
24 32 1145
24 33 2414
24 34 5861
24 35 16128
24 36 8425
24 37 213
24 38 8322
24 39 2319
24 40 15515
24 41 8375
24 42 3299
24 43 908
24 44 11578
24 45 15825
24 46 11124
24 47 4447
24 48 15733
24 49 3237
24 50 2376
24 51 14643
24 52 5311
24 53 493
24 54 7835
24 55 5100
24 56 8649
24 57 14373
24 58 1173
24 59 8862
24 60 6823
24 61 13012
24 62 11588
24 63 9280
24 64 8248
24 65 10309
24 66 8183
24 67 16377
24 68 928
24 69 7206
24 70 4063
24 71 10753
24 72 15521
24 73 2565
24 74 1730
24 75 7261
24 76 9958
24 77 8373
24 78 16023
24 79 15373
24 80 6948
24 81 14332
24 82 12818
24 83 16350
24 84 11751
24 85 14666
24 86 3393
24 87 573
24 88 813
24 89 15308
24 90 12262
24 91 4135
24 92 10935
24 93 10995
24 94 4220
24 95 3212
24 96 4195
24 97 1841
24 98 1357
24 99 15527
24 100 12381
24 101 8608
24 102 12567
24 103 3483
24 104 11106
24 105 3586
24 106 3545
24 107 13472
24 108 3559
24 109 6005
24 110 4913
24 111 4676
24 112 12835
24 113 14116
24 114 4458
24 115 2791
24 116 1616
24 117 8374
24 118 12378
24 119 10555
24 120 2340
24 121 11567
24 122 15350
24 123 2755
24 124 1733
24 125 2164
24 126 6841
24 127 2048
24 128 11396
25 26 12339
25 27 4154
25 28 5325
25 29 6037
25 30 3955
25 31 4522
25 32 1839
25 33 4606
25 34 1721
25 35 16188
25 36 12726
25 37 1842
25 38 4937
25 39 5175
25 40 2460
25 41 1269
25 42 8687
25 43 3393
25 44 12642
25 45 8312
25 46 11520
25 47 10520
25 48 5670
25 49 12412
25 50 13439
25 51 11269
25 52 7001
25 53 14305
25 54 7972
25 55 13521
25 56 6331
25 57 10866
25 58 3386
25 59 11485
25 60 1924
25 61 668
25 62 1923
25 63 518
25 64 15312
25 65 7844
25 66 9659
25 67 2198
25 68 1012
25 69 9172
25 70 7477
25 71 11356
25 72 9606
25 73 5453
25 74 14227
25 75 7931
25 76 14094
25 77 3991
25 78 14361
25 79 4365
25 80 16198
25 81 3883
25 82 4866
25 83 11190
25 84 1669
25 85 13783
25 86 1643
25 87 11852
25 88 16059
25 89 7057
25 90 9609
25 91 9349
25 92 7877
25 93 5340
25 94 11729
25 95 5677
25 96 15059
25 97 12764
25 98 5321
25 99 13243
25 100 12440
25 101 7193
25 102 8289
25 103 11451
25 104 2537
25 105 15345
25 106 11277
25 107 12706
25 108 4012
25 109 14492
25 110 10392
25 111 7824
25 112 14224
25 113 10266
25 114 5900
25 115 4008
25 116 10280
25 117 8983
25 118 5425
25 119 7783
25 120 7592
25 121 5320
25 122 11279
25 123 1634
25 124 1509
25 125 388
25 126 5122
25 127 6780
25 128 5854
26 27 15682
26 28 12465
26 29 8112
26 30 302
26 31 1238
26 32 9250
26 33 7468
26 34 9332
26 35 3233
26 36 9736
26 37 11598
26 38 9310
26 39 8972
26 40 5525
26 41 9173
26 42 9368
26 43 2350
26 44 13552
26 45 14893
26 46 6696
26 47 12260
26 48 7444
26 49 12491
26 50 15436
26 51 7578
26 52 1724
26 53 4539
26 54 1217
26 55 6040
26 56 13076
26 57 1446
26 58 10323
26 59 12457
26 60 10661
26 61 2174
26 62 14234
26 63 14884
26 64 15568
26 65 12995
26 66 4235
26 67 1761
26 68 6869
26 69 12578
26 70 13550
26 71 9946
26 72 12325
26 73 12901
26 74 1795
26 75 13582
26 76 4203
26 77 569
26 78 13251
26 79 15138
26 80 4745
26 81 523
26 82 5184
26 83 5520
26 84 753
26 85 8801
26 86 13317
26 87 2597
26 88 8029
26 89 2789
26 90 8093
26 91 8469
26 92 14292
26 93 15232
26 94 11574
26 95 14641
26 96 8163
26 97 1642
26 98 870
26 99 11825
26 100 2728
26 101 9273
26 102 2325
26 103 6868
26 104 11297
26 105 8981
26 106 469
26 107 13064
26 108 13632
26 109 11059
26 110 7719
26 111 2686
26 112 9638
26 113 14634
26 114 15049
26 115 12614
26 116 3420
26 117 561
26 118 8392
26 119 2045
26 120 1916
26 121 7343
26 122 11381
26 123 12994
26 124 10636
26 125 15092
26 126 14141
26 127 11104
26 128 2563
27 28 703
27 29 12528
27 30 2974
27 31 16129
27 32 7233
27 33 1319
27 34 4081
27 35 10733
27 36 12699
27 37 6304
27 38 14543
27 39 13143
27 40 3980
27 41 825
27 42 10093
27 43 3959
27 44 8142
27 45 3047
27 46 9048
27 47 7269
27 48 13091
27 49 6340
27 50 9095
27 51 4150
27 52 15316
27 53 5452
27 54 4562
27 55 9504
27 56 1253
27 57 5989
27 58 6212
27 59 855
27 60 7836
27 61 2757
27 62 996
27 63 445
27 64 2896
27 65 11433
27 66 9266
27 67 15856
27 68 14470
27 69 5358
27 70 106
27 71 13298
27 72 10713
27 73 6576
27 74 2613
27 75 4315
27 76 6610
27 77 9038
27 78 8818
27 79 2276
27 80 13057
27 81 2507
27 82 11528
27 83 14131
27 84 14664
27 85 10403
27 86 13569
27 87 6921
27 88 2862
27 89 6597
27 90 3622
27 91 2536
27 92 1754
27 93 1251
27 94 5884
27 95 9827
27 96 2025
27 97 10458
27 98 11750
27 99 1508
27 100 14155
27 101 13314
27 102 6619
27 103 1016
27 104 1485
27 105 11383
27 106 6692
27 107 15087
27 108 11295
27 109 8281
27 110 13978
27 111 5902
27 112 7395
27 113 1735
27 114 307
27 115 3940
27 116 5025
27 117 9584
27 118 12115
27 119 4194
27 120 13657
27 121 3434
27 122 4619
27 123 4857
27 124 14762
27 125 4448
27 126 396
27 127 15427
27 128 310
28 29 9916
28 30 8766
28 31 11304
28 32 7375
28 33 4370
28 34 16114
28 35 14895
28 36 586
28 37 4488
28 38 13554
28 39 7593
28 40 1066
28 41 5029
28 42 16225
28 43 1634
28 44 5193
28 45 3189
28 46 4460
28 47 7429
28 48 14412
28 49 12177
28 50 2138
28 51 10141
28 52 9900
28 53 7538
28 54 7860
28 55 9816
28 56 10351
28 57 15486
28 58 9931
28 59 6833
28 60 10861
28 61 5336
28 62 6775
28 63 3821
28 64 6413
28 65 6938
28 66 15755
28 67 6798
28 68 1093
28 69 7682
28 70 9755
28 71 544
28 72 13496
28 73 8813
28 74 12099
28 75 6074
28 76 1794
28 77 15319
28 78 5650
28 79 3372
28 80 3120
28 81 5535
28 82 1415
28 83 10534
28 84 5227
28 85 12761
28 86 5005
28 87 11585
28 88 5179
28 89 14040
28 90 6838
28 91 15266
28 92 4410
28 93 2988
28 94 2848
28 95 9562
28 96 6608
28 97 12987
28 98 4001
28 99 178
28 100 2400
28 101 6943
28 102 14872
28 103 6397
28 104 8803
28 105 5258
28 106 4990
28 107 12659
28 108 10117
28 109 4340
28 110 15155
28 111 975
28 112 2079
28 113 15914
28 114 511
28 115 12770
28 116 12232
28 117 5981
28 118 15635
28 119 15437
28 120 5066
28 121 1052
28 122 7578
28 123 3128
28 124 9004
28 125 4793
28 126 13231
28 127 9266
28 128 14655
29 30 15616
29 31 313
29 32 12303
29 33 15764
29 34 9644
29 35 7145
29 36 14312
29 37 8022
29 38 6717
29 39 13997
29 40 4431
29 41 12179
29 42 12335
29 43 6787
29 44 11408
29 45 7757
29 46 8811
29 47 8755
29 48 12411
29 49 13448
29 50 595
29 51 6341
29 52 318
29 53 3776
29 54 3546
29 55 9468
29 56 1595
29 57 15574
29 58 3369
29 59 4594
29 60 13010
29 61 2879
29 62 3493
29 63 2428
29 64 8012
29 65 901
29 66 300
29 67 3552
29 68 2881
29 69 14981
29 70 2242
29 71 11249
29 72 4722
29 73 2691
29 74 14028
29 75 60
29 76 14329
29 77 14528
29 78 2036
29 79 5372
29 80 5885
29 81 9225
29 82 4938
29 83 2795
29 84 5896
29 85 13544
29 86 470
29 87 6696
29 88 9782
29 89 8887
29 90 10608
29 91 9843
29 92 3701
29 93 2057
29 94 15167
29 95 4428
29 96 14742
29 97 2230
29 98 5898
29 99 4027
29 100 15385
29 101 6989
29 102 4711
29 103 2624
29 104 9391
29 105 9939
29 106 15492
29 107 8028
29 108 11380
29 109 2226
29 110 1808
29 111 2307
29 112 12191
29 113 16174
29 114 10309
29 115 203
29 116 4513
29 117 4729
29 118 13435
29 119 11431
29 120 14367
29 121 16013
29 122 6867
29 123 11011
29 124 2161
29 125 6022
29 126 2134
29 127 11018
29 128 16242
30 31 1525
30 32 15263
30 33 9729
30 34 10586
30 35 15782
30 36 1099
30 37 1776
30 38 15267
30 39 3482
30 40 478
30 41 12400
30 42 914
30 43 10253
30 44 8042
30 45 5823
30 46 4205
30 47 14067
30 48 2549
30 49 2834
30 50 6671
30 51 8531
30 52 5926
30 53 7983
30 54 15002
30 55 14423
30 56 6834
30 57 976
30 58 5217
30 59 11257
30 60 4463
30 61 7762
30 62 2322
30 63 2633
30 64 572
30 65 15688
30 66 10452
30 67 9628
30 68 9325
30 69 9831
30 70 8008
30 71 3798
30 72 14492
30 73 13680
30 74 7848
30 75 12061
30 76 6062
30 77 6863
30 78 6069
30 79 5122
30 80 4591
30 81 2341
30 82 7593
30 83 14284
30 84 596
30 85 15245
30 86 9220
30 87 6709
30 88 5640
30 89 7210
30 90 10701
30 91 14837
30 92 114
30 93 11456
30 94 3592
30 95 10343
30 96 8872
30 97 614
30 98 1724
30 99 11842
30 100 8697
30 101 3270
30 102 1052
30 103 3327
30 104 13027
30 105 1278
30 106 2744
30 107 15373
30 108 1199
30 109 6618
30 110 11472
30 111 1879
30 112 772
30 113 14950
30 114 4458
30 115 10886
30 116 16317
30 117 2770
30 118 5857
30 119 270
30 120 434
30 121 7607
30 122 14351
30 123 4559
30 124 2120
30 125 7611
30 126 9727
30 127 14264
30 128 16043
31 32 10795
31 33 7896
31 34 16122
31 35 9125
31 36 3106
31 37 8561
31 38 3831
31 39 6824
31 40 13107
31 41 2755
31 42 6565
31 43 12363
31 44 2374
31 45 16232
31 46 9513
31 47 1604
31 48 11264
31 49 11327
31 50 10921
31 51 12097
31 52 199
31 53 11968
31 54 7715
31 55 810
31 56 16233
31 57 1677
31 58 6100
31 59 4919
31 60 15159
31 61 2129
31 62 1206
31 63 1504
31 64 14987
31 65 11759
31 66 258
31 67 15556
31 68 2979
31 69 16315
31 70 2882
31 71 3074
31 72 7307
31 73 9805
31 74 12597
31 75 16075
31 76 9851
31 77 1140
31 78 10120
31 79 12076
31 80 11133
31 81 9115
31 82 6172
31 83 9835
31 84 10703
31 85 12503
31 86 11117
31 87 7211
31 88 13727
31 89 12809
31 90 7258
31 91 11805
31 92 8786
31 93 1913
31 94 7956
31 95 5353
31 96 5377
31 97 3854
31 98 3709
31 99 5693
31 100 1915
31 101 3671
31 102 7003
31 103 6034
31 104 13409
31 105 2201
31 106 7971
31 107 8555
31 108 11486
31 109 4441
31 110 15413
31 111 5939
31 112 3810
31 113 11958
31 114 1062
31 115 9867
31 116 9498
31 117 11548
31 118 12372
31 119 7438
31 120 3272
31 121 15098
31 122 60
31 123 1395
31 124 15623
31 125 12724
31 126 8470
31 127 15692
31 128 2168
32 33 13329
32 34 13477
32 35 15240
32 36 15863
32 37 10605
32 38 5656
32 39 2505
32 40 9948
32 41 4609
32 42 7746
32 43 10913
32 44 7703
32 45 2543
32 46 10577
32 47 1284
32 48 12243
32 49 16199
32 50 4842
32 51 15164
32 52 12576
32 53 4026
32 54 9677
32 55 3254
32 56 6165
32 57 2314
32 58 11912
32 59 9260
32 60 7926
32 61 14929
32 62 15153
32 63 4239
32 64 9079
32 65 11068
32 66 1088
32 67 14954
32 68 2611
32 69 11987
32 70 2950
32 71 3185
32 72 3630
32 73 8543
32 74 6016
32 75 11571
32 76 15703
32 77 15541
32 78 9951
32 79 5477
32 80 8010
32 81 1626
32 82 7494
32 83 14528
32 84 14274
32 85 10442
32 86 6439
32 87 5559
32 88 12282
32 89 6199
32 90 5524
32 91 11669
32 92 7319
32 93 2518
32 94 4779
32 95 3776
32 96 9883
32 97 15563
32 98 9861
32 99 4065
32 100 12330
32 101 274
32 102 7134
32 103 136
32 104 7735
32 105 15061
32 106 12012
32 107 15424
32 108 14774
32 109 11403
32 110 13056
32 111 11700
32 112 11474
32 113 8644
32 114 5373
32 115 2108
32 116 2496
32 117 14274
32 118 9884
32 119 7756
32 120 9787
32 121 10973
32 122 5055
32 123 13037
32 124 14409
32 125 13782
32 126 466
32 127 6397
32 128 2964
33 34 3970
33 35 7048
33 36 11747
33 37 10753
33 38 6490
33 39 4621
33 40 10150
33 41 3024
33 42 10483
33 43 10585
33 44 4488
33 45 4439
33 46 9292
33 47 5115
33 48 9365
33 49 14315
33 50 9291
33 51 12068
33 52 7971
33 53 3806
33 54 7951
33 55 1441
33 56 19
33 57 2907
33 58 6410
33 59 2852
33 60 15751
33 61 3338
33 62 10587
33 63 2494
33 64 2
33 65 16378
33 66 15122
33 67 10213
33 68 7692
33 69 4062
33 70 3254
33 71 14890
33 72 196
33 73 8695
33 74 12318
33 75 10622
33 76 8029
33 77 14477
33 78 15889
33 79 7350
33 80 1863
33 81 14282
33 82 12799
33 83 2233
33 84 14130
33 85 81
33 86 12935
33 87 15117
33 88 15482
33 89 8002
33 90 14727
33 91 7116
33 92 11892
33 93 2354
33 94 2231
33 95 7038
33 96 16082
33 97 11664
33 98 3477
33 99 916
33 100 7858
33 101 15981
33 102 11348
33 103 1100
33 104 368
33 105 1057
33 106 6861
33 107 2046
33 108 11204
33 109 6059
33 110 401
33 111 10937
33 112 2044
33 113 15546
33 114 8611
33 115 7524
33 116 7143
33 117 12742
33 118 5591
33 119 10966
33 120 1333
33 121 12580
33 122 883
33 123 383
33 124 12111
33 125 15389
33 126 137
33 127 3889
33 128 11510
34 35 13587
34 36 6896
34 37 5749
34 38 14011
34 39 15715
34 40 1037
34 41 11400
34 42 10553
34 43 11236
34 44 10034
34 45 895
34 46 15165
34 47 10324
34 48 10116
34 49 6554
34 50 14275
34 51 13401
34 52 16020
34 53 14113
34 54 8957
34 55 6115
34 56 9651
34 57 3553
34 58 4052
34 59 9889
34 60 6746
34 61 11515
34 62 494
34 63 6530
34 64 6741
34 65 2574
34 66 4113
34 67 4784
34 68 667
34 69 15655
34 70 9576
34 71 13695
34 72 12282
34 73 2281
34 74 13633
34 75 14009
34 76 981
34 77 15404
34 78 4731
34 79 991
34 80 4034
34 81 10381
34 82 7484
34 83 14057
34 84 11542
34 85 9092
34 86 8710
34 87 1904
34 88 4069
34 89 897
34 90 8655
34 91 15096
34 92 10479
34 93 4062
34 94 16300
34 95 15723
34 96 12193
34 97 5132
34 98 12530
34 99 10387
34 100 14648
34 101 6106
34 102 15659
34 103 2825
34 104 3305
34 105 3020
34 106 9886
34 107 6430
34 108 4964
34 109 10066
34 110 6104
34 111 2241
34 112 959
34 113 1465
34 114 10404
34 115 15798
34 116 14348
34 117 8838
34 118 8022
34 119 7441
34 120 2850
34 121 3986
34 122 15476
34 123 6978
34 124 8637
34 125 6345
34 126 1493
34 127 13916
34 128 8232
35 36 6889
35 37 15165
35 38 1578
35 39 641
35 40 7384
35 41 3837
35 42 14181
35 43 2708
35 44 1746
35 45 64
35 46 16343
35 47 13710
35 48 12290
35 49 8878
35 50 2495
35 51 14310
35 52 9928
35 53 12132
35 54 4650
35 55 5063
35 56 5323
35 57 7845
35 58 6826
35 59 3334
35 60 9124
35 61 2437
35 62 15160
35 63 11899
35 64 5556
35 65 4092
35 66 851
35 67 13122
35 68 12357
35 69 4784
35 70 2069
35 71 11807
35 72 15611
35 73 8441
35 74 12155
35 75 197
35 76 9999
35 77 2749
35 78 6517
35 79 2012
35 80 6252
35 81 13429
35 82 1591
35 83 14213
35 84 15
35 85 1958
35 86 1945
35 87 4585
35 88 11399
35 89 1491
35 90 13806
35 91 2354
35 92 650
35 93 4988
35 94 4078
35 95 6330
35 96 11998
35 97 14514
35 98 6107
35 99 14627
35 100 7806
35 101 2382
35 102 4871
35 103 7957
35 104 10609
35 105 5315
35 106 48
35 107 9978
35 108 15635
35 109 2144
35 110 5222
35 111 14462
35 112 11715
35 113 1567
35 114 8778
35 115 9053
35 116 11852
35 117 13774
35 118 1789
35 119 2859
35 120 15280
35 121 7017
35 122 11719
35 123 2911
35 124 2643
35 125 3697
35 126 14307
35 127 5427
35 128 3240
36 37 8315
36 38 6790
36 39 16056
36 40 15789
36 41 6845
36 42 566
36 43 1265
36 44 14077
36 45 3729
36 46 13631
36 47 11941
36 48 15067
36 49 6787
36 50 10854
36 51 2063
36 52 13047
36 53 10707
36 54 1179
36 55 9738
36 56 4098
36 57 9126
36 58 2881
36 59 9042
36 60 1416
36 61 10468
36 62 6187
36 63 3174
36 64 15963
36 65 13006
36 66 3468
36 67 2805
36 68 9182
36 69 13759
36 70 5809
36 71 4318
36 72 11948
36 73 11937
36 74 16061
36 75 11252
36 76 15032
36 77 2936
36 78 506
36 79 3249
36 80 15183
36 81 11835
36 82 16178
36 83 5884
36 84 10843
36 85 5662
36 86 8415
36 87 13144
36 88 11985
36 89 899
36 90 11347
36 91 11288
36 92 7182
36 93 11693
36 94 16099
36 95 13305
36 96 9782
36 97 372
36 98 15347
36 99 4352
36 100 9072
36 101 16108
36 102 3974
36 103 4396
36 104 11250
36 105 13891
36 106 1607
36 107 11860
36 108 7877
36 109 1035
36 110 4857
36 111 12737
36 112 3260
36 113 6752
36 114 5627
36 115 11644
36 116 481
36 117 14383
36 118 13615
36 119 7601
36 120 13678
36 121 8777
36 122 15511
36 123 14293
36 124 14343
36 125 4402
36 126 1008
36 127 4471
36 128 4555
37 38 256
37 39 6385
37 40 11644
37 41 12118
37 42 10748
37 43 16263
37 44 498
37 45 2246
37 46 14952
37 47 2339
37 48 13954
37 49 13068
37 50 6515
37 51 9297
37 52 1930
37 53 12386
37 54 7629
37 55 13051
37 56 5338
37 57 10211
37 58 6515
37 59 3747
37 60 12980
37 61 5882
37 62 14065
37 63 15470
37 64 13381
37 65 15174
37 66 2004
37 67 12412
37 68 6859
37 69 12214
37 70 7159
37 71 5055
37 72 4088
37 73 2757
37 74 12570
37 75 14415
37 76 5117
37 77 11515
37 78 10552
37 79 12465
37 80 8577
37 81 12239
37 82 9276
37 83 11640
37 84 9357
37 85 12444
37 86 13897
37 87 12588
37 88 16179
37 89 2662
37 90 14732
37 91 12968
37 92 11963
37 93 16012
37 94 7397
37 95 2201
37 96 12214
37 97 8130
37 98 9987
37 99 14982
37 100 2088
37 101 1742
37 102 2981
37 103 2412
37 104 8058
37 105 1461
37 106 13978
37 107 2245
37 108 11047
37 109 11187
37 110 14115
37 111 2795
37 112 8611
37 113 14515
37 114 4147
37 115 13213
37 116 11050
37 117 4847
37 118 7152
37 119 15532
37 120 6915
37 121 4879
37 122 12398
37 123 952
37 124 11298
37 125 9781
37 126 8024
37 127 3781
37 128 1841
38 39 10978
38 40 16171
38 41 9607
38 42 16190
38 43 7269
38 44 8184
38 45 11435
38 46 8154
38 47 3846
38 48 8752
38 49 9757
38 50 356
38 51 412
38 52 13120
38 53 16247
38 54 1974
38 55 15834
38 56 5451
38 57 5310
38 58 12067
38 59 14220
38 60 15458
38 61 5038
38 62 3566
38 63 5874
38 64 9940
38 65 13299
38 66 6396
38 67 2580
38 68 7452
38 69 8266
38 70 4937
38 71 363
38 72 1708
38 73 2869
38 74 1261
38 75 10404
38 76 10572
38 77 1569
38 78 14401
38 79 8731
38 80 8538
38 81 1160
38 82 10897
38 83 12876
38 84 14853
38 85 1087
38 86 4208
38 87 11878
38 88 11109
38 89 3930
38 90 14285
38 91 8924
38 92 4303
38 93 2857
38 94 2827
38 95 12326
38 96 14327
38 97 12692
38 98 553
38 99 432
38 100 4657
38 101 2884
38 102 6777
38 103 2438
38 104 10170
38 105 2374
38 106 6975
38 107 3544
38 108 79
38 109 11535
38 110 4902
38 111 11762
38 112 5807
38 113 851
38 114 15381
38 115 9526
38 116 8658
38 117 8349
38 118 4304
38 119 10081
38 120 12503
38 121 4302
38 122 3955
38 123 1255
38 124 1666
38 125 904
38 126 13989
38 127 5492
38 128 1436
39 40 8142
39 41 10154
39 42 9974
39 43 9383
39 44 15167
39 45 7951
39 46 8838
39 47 14661
39 48 13624
39 49 2665
39 50 15424
39 51 8596
39 52 5384
39 53 2308
39 54 11914
39 55 12592
39 56 6640
39 57 7011
39 58 3192
39 59 7895
39 60 1102
39 61 10657
39 62 15806
39 63 15743
39 64 14362
39 65 8717
39 66 314
39 67 16126
39 68 6513
39 69 11908
39 70 1836
39 71 905
39 72 9383
39 73 2118
39 74 5839
39 75 4313
39 76 7428
39 77 1337
39 78 126
39 79 4145
39 80 2139
39 81 4909
39 82 8840
39 83 15481
39 84 13001
39 85 9727
39 86 6079
39 87 13793
39 88 6762
39 89 8091
39 90 6068
39 91 3395
39 92 9724
39 93 8105
39 94 10761
39 95 10742
39 96 15483
39 97 6945
39 98 6755
39 99 2018
39 100 6255
39 101 3722
39 102 3197
39 103 5745
39 104 16165
39 105 9636
39 106 10479
39 107 4853
39 108 13396
39 109 9110
39 110 5390
39 111 10939
39 112 6003
39 113 7500
39 114 5438
39 115 13429
39 116 13770
39 117 480
39 118 15710
39 119 8296
39 120 13936
39 121 238
39 122 1055
39 123 6580
39 124 6241
39 125 11277
39 126 1211
39 127 7410
39 128 6691
40 41 13543
40 42 15659
40 43 7814
40 44 4773
40 45 12589
40 46 5133
40 47 1205
40 48 7317
40 49 9687
40 50 11772
40 51 10054
40 52 6014
40 53 4872
40 54 1134
40 55 2335
40 56 1199
40 57 4873
40 58 11409
40 59 6876
40 60 3987
40 61 2038
40 62 13001
40 63 11146
40 64 10835
40 65 15457
40 66 10857
40 67 10918
40 68 8039
40 69 13955
40 70 4979
40 71 14841
40 72 3054
40 73 2941
40 74 8142
40 75 4746
40 76 6487
40 77 15702
40 78 2650
40 79 6522
40 80 4775
40 81 6638
40 82 6738
40 83 14170
40 84 8193
40 85 4711
40 86 6889
40 87 12995
40 88 12126
40 89 16132
40 90 11639
40 91 749
40 92 619
40 93 15012
40 94 5326
40 95 13943
40 96 14391
40 97 13357
40 98 12133
40 99 5369
40 100 12481
40 101 13050
40 102 4770
40 103 4481
40 104 15490
40 105 327
40 106 9007
40 107 15829
40 108 13067
40 109 8950
40 110 14587
40 111 4733
40 112 5040
40 113 5891
40 114 8997
40 115 12368
40 116 2807
40 117 1782
40 118 7219
40 119 16299
40 120 6385
40 121 3017
40 122 13952
40 123 7737
40 124 13172
40 125 5933
40 126 10964
40 127 776
40 128 11984
41 42 7457
41 43 11868
41 44 14432
41 45 15625
41 46 7302
41 47 4827
41 48 10523
41 49 12893
41 50 1696
41 51 144
41 52 12251
41 53 12371
41 54 6738
41 55 7325
41 56 7036
41 57 3158
41 58 3097
41 59 7306
41 60 15493
41 61 4397
41 62 11512
41 63 5862
41 64 36
41 65 7615
41 66 13075
41 67 14415
41 68 15506
41 69 3645
41 70 14003
41 71 3676
41 72 8177
41 73 12598
41 74 4251
41 75 7987
41 76 6300
41 77 12529
41 78 15863
41 79 12743
41 80 3416
41 81 11649
41 82 1541
41 83 6714
41 84 15689
41 85 3375
41 86 490
41 87 3185
41 88 13128
41 89 2984
41 90 1303
41 91 3377
41 92 15317
41 93 9877
41 94 5742
41 95 5039
41 96 728
41 97 13562
41 98 3920
41 99 5111
41 100 14453
41 101 14005
41 102 8322
41 103 12360
41 104 13121
41 105 14825
41 106 8788
41 107 13998
41 108 11436
41 109 3678
41 110 12555
41 111 14054
41 112 8684
41 113 1340
41 114 9401
41 115 14878
41 116 5439
41 117 2495
41 118 4767
41 119 9942
41 120 3292
41 121 6364
41 122 9173
41 123 4791
41 124 8145
41 125 11985
41 126 11096
41 127 6887
41 128 3943
42 43 13217
42 44 8836
42 45 8990
42 46 11729
42 47 9303
42 48 15372
42 49 16278
42 50 14322
42 51 4457
42 52 10313
42 53 6381
42 54 14378
42 55 4119
42 56 4808
42 57 4822
42 58 8705
42 59 173
42 60 8815
42 61 10755
42 62 5038
42 63 12736
42 64 9336
42 65 4672
42 66 15895
42 67 10706
42 68 8601
42 69 10078
42 70 13545
42 71 15982
42 72 12811
42 73 4051
42 74 6855
42 75 9172
42 76 525
42 77 503
42 78 15079
42 79 14131
42 80 14959
42 81 5451
42 82 11347
42 83 9333
42 84 15872
42 85 7292
42 86 3304
42 87 2850
42 88 3716
42 89 1389
42 90 8203
42 91 10369
42 92 8602
42 93 10931
42 94 14656
42 95 2700
42 96 14756
42 97 4461
42 98 2732
42 99 8928
42 100 2767
42 101 6411
42 102 6239
42 103 2425
42 104 6057
42 105 6500
42 106 8211
42 107 5432
42 108 12938
42 109 5238
42 110 3401
42 111 9072
42 112 5783
42 113 12405
42 114 13195
42 115 5810
42 116 7686
42 117 16111
42 118 1097
42 119 7722
42 120 13364
42 121 10682
42 122 11967
42 123 11801
42 124 7559
42 125 10266
42 126 15911
42 127 9940
42 128 10189
43 44 2301
43 45 16020
43 46 12894
43 47 760
43 48 8698
43 49 14996
43 50 1835
43 51 15884
43 52 3401
43 53 1141
43 54 13859
43 55 3363
43 56 14315
43 57 3821
43 58 6254
43 59 2381
43 60 14032
43 61 4296
43 62 16199
43 63 5409
43 64 11703
43 65 10493
43 66 6983
43 67 7192
43 68 9787
43 69 5227
43 70 7705
43 71 15089
43 72 15105
43 73 5974
43 74 2487
43 75 15441
43 76 4355
43 77 13938
43 78 14277
43 79 4134
43 80 16198
43 81 9897
43 82 2317
43 83 5853
43 84 13500
43 85 9952
43 86 7098
43 87 3447
43 88 10324
43 89 6857
43 90 6386
43 91 12636
43 92 2434
43 93 6573
43 94 1851
43 95 3523
43 96 5258
43 97 2732
43 98 616
43 99 11000
43 100 7570
43 101 9582
43 102 4712
43 103 490
43 104 14011
43 105 8293
43 106 15135
43 107 10883
43 108 1290
43 109 6443
43 110 15353
43 111 4221
43 112 9328
43 113 7655
43 114 13598
43 115 3268
43 116 11709
43 117 6778
43 118 3917
43 119 12047
43 120 1850
43 121 8701
43 122 7018
43 123 12742
43 124 10513
43 125 3476
43 126 8124
43 127 1092
43 128 11602
44 45 12502
44 46 4997
44 47 13895
44 48 7034
44 49 3423
44 50 2762
44 51 4167
44 52 4331
44 53 7574
44 54 15036
44 55 15678
44 56 1076
44 57 13254
44 58 8229
44 59 16183
44 60 2423
44 61 9475
44 62 8309
44 63 12227
44 64 855
44 65 12160
44 66 5432
44 67 7014
44 68 9844
44 69 11634
44 70 16073
44 71 6562
44 72 14992
44 73 3971
44 74 1143
44 75 7637
44 76 10113
44 77 7169
44 78 1107
44 79 8457
44 80 931
44 81 11716
44 82 7650
44 83 15693
44 84 8913
44 85 10872
44 86 13934
44 87 4854
44 88 13904
44 89 3555
44 90 11185
44 91 8955
44 92 2740
44 93 7312
44 94 10510
44 95 5219
44 96 15333
44 97 7433
44 98 16143
44 99 15824
44 100 11143
44 101 6895
44 102 1135
44 103 33
44 104 6653
44 105 6503
44 106 207
44 107 9130
44 108 14788
44 109 13335
44 110 11735
44 111 14113
44 112 12383
44 113 7723
44 114 2771
44 115 8517
44 116 11460
44 117 1993
44 118 7783
44 119 15386
44 120 296
44 121 11764
44 122 12631
44 123 12469
44 124 13152
44 125 2238
44 126 15863
44 127 920
44 128 910
45 46 14288
45 47 7142
45 48 1024
45 49 8295
45 50 11546
45 51 12704
45 52 2822
45 53 2756
45 54 10127
45 55 391
45 56 11037
45 57 13533
45 58 14971
45 59 7281
45 60 5297
45 61 9863
45 62 14604
45 63 3192
45 64 14529
45 65 9234
45 66 13878
45 67 3826
45 68 2264
45 69 16033
45 70 1821
45 71 10233
45 72 7435
45 73 16235
45 74 7941
45 75 10086
45 76 8958
45 77 9191
45 78 11850
45 79 8183
45 80 5748
45 81 1533
45 82 9112
45 83 1544
45 84 15307
45 85 6466
45 86 15099
45 87 1738
45 88 1632
45 89 16382
45 90 16325
45 91 9787
45 92 7344
45 93 8305
45 94 4392
45 95 4197
45 96 7443
45 97 10105
45 98 3848
45 99 6795
45 100 8842
45 101 6286
45 102 15424
45 103 7907
45 104 4252
45 105 7964
45 106 10832
45 107 14657
45 108 6284
45 109 11998
45 110 4905
45 111 11837
45 112 11884
45 113 12582
45 114 9559
45 115 14630
45 116 6526
45 117 13563
45 118 1497
45 119 8925
45 120 10983
45 121 4121
45 122 14554
45 123 2197
45 124 5283
45 125 14815
45 126 10366
45 127 6340
45 128 12249
46 47 9646
46 48 1715
46 49 13570
46 50 7567
46 51 5551
46 52 11059
46 53 1094
46 54 4610
46 55 1365
46 56 1297
46 57 11104
46 58 4203
46 59 9863
46 60 6527
46 61 4927
46 62 1397
46 63 9961
46 64 3300
46 65 12227
46 66 4930
46 67 13853
46 68 13459
46 69 6771
46 70 10022
46 71 11380
46 72 5707
46 73 4642
46 74 16012
46 75 11641
46 76 1294
46 77 14848
46 78 8324
46 79 11323
46 80 8215
46 81 15977
46 82 3816
46 83 8460
46 84 6759
46 85 6673
46 86 12848
46 87 16084
46 88 7358
46 89 792
46 90 5212
46 91 13876
46 92 13913
46 93 7105
46 94 9555
46 95 4130
46 96 3419
46 97 1805
46 98 965
46 99 15082
46 100 11649
46 101 2118
46 102 6442
46 103 11466
46 104 514
46 105 12892
46 106 7192
46 107 2569
46 108 15268
46 109 11982
46 110 8768
46 111 14351
46 112 143
46 113 16141
46 114 12388
46 115 7254
46 116 3224
46 117 2969
46 118 4767
46 119 2566
46 120 1797
46 121 337
46 122 2874
46 123 3141
46 124 9082
46 125 3481
46 126 1120
46 127 9791
46 128 3287
47 48 3320
47 49 8166
47 50 4650
47 51 13473
47 52 8571
47 53 4864
47 54 7012
47 55 1326
47 56 13205
47 57 15610
47 58 462
47 59 4307
47 60 10407
47 61 12642
47 62 2365
47 63 6631
47 64 13871
47 65 5451
47 66 12371
47 67 7604
47 68 562
47 69 7404
47 70 15006
47 71 1916
47 72 8512
47 73 3845
47 74 7253
47 75 11427
47 76 10654
47 77 4947
47 78 322
47 79 14141
47 80 13472
47 81 15589
47 82 11526
47 83 9793
47 84 4888
47 85 13568
47 86 3568
47 87 4152
47 88 6779
47 89 11323
47 90 3334
47 91 1361
47 92 14514
47 93 7750
47 94 13538
47 95 9736
47 96 5943
47 97 10217
47 98 13905
47 99 14708
47 100 1007
47 101 13610
47 102 3947
47 103 5014
47 104 459
47 105 12382
47 106 3217
47 107 1108
47 108 8256
47 109 12275
47 110 15910
47 111 4768
47 112 455
47 113 9572
47 114 11236
47 115 3929
47 116 7591
47 117 10982
47 118 6282
47 119 14926
47 120 7794
47 121 8724
47 122 13787
47 123 11803
47 124 4571
47 125 12227
47 126 2604
47 127 5137
47 128 7154
48 49 1870
48 50 6933
48 51 14188
48 52 8085
48 53 8200
48 54 13490
48 55 5159
48 56 11850
48 57 5267
48 58 15176
48 59 11890
48 60 7415
48 61 9740
48 62 3000
48 63 5623
48 64 13218
48 65 13205
48 66 1367
48 67 1601
48 68 5734
48 69 4170
48 70 8104
48 71 15049
48 72 14601
48 73 5218
48 74 9283
48 75 9433
48 76 10457
48 77 9648
48 78 14334
48 79 15220
48 80 12050
48 81 10461
48 82 9328
48 83 10912
48 84 15266
48 85 3412
48 86 487
48 87 3048
48 88 1728
48 89 2040
48 90 9643
48 91 4100
48 92 4609
48 93 12329
48 94 10968
48 95 730
48 96 11348
48 97 5933
48 98 7962
48 99 4042
48 100 8200
48 101 1617
48 102 332
48 103 10748
48 104 10590
48 105 8962
48 106 10085
48 107 7916
48 108 13371
48 109 14022
48 110 15504
48 111 6869
48 112 1174
48 113 13446
48 114 8997
48 115 10154
48 116 3949
48 117 11653
48 118 914
48 119 13362
48 120 6021
48 121 13180
48 122 7310
48 123 13397
48 124 14530
48 125 3812
48 126 5
48 127 15438
48 128 4920
49 50 4170
49 51 12970
49 52 13946
49 53 12897
49 54 1561
49 55 696
49 56 167
49 57 1383
49 58 13596
49 59 13399
49 60 5336
49 61 9071
49 62 12605
49 63 481
49 64 2676
49 65 13750
49 66 13039
49 67 15141
49 68 5028
49 69 16323
49 70 7107
49 71 3893
49 72 16233
49 73 12921
49 74 7156
49 75 12340
49 76 15982
49 77 2657
49 78 6769
49 79 11316
49 80 6406
49 81 7320
49 82 912
49 83 14002
49 84 10388
49 85 8394
49 86 10730
49 87 2157
49 88 12455
49 89 12255
49 90 2971
49 91 12779
49 92 2907
49 93 843
49 94 11826
49 95 3527
49 96 6398
49 97 14757
49 98 11382
49 99 10144
49 100 3063
49 101 1704
49 102 12140
49 103 11548
49 104 3935
49 105 9296
49 106 11113
49 107 12817
49 108 7385
49 109 11701
49 110 3855
49 111 10187
49 112 4164
49 113 14206
49 114 1382
49 115 3350
49 116 3420
49 117 83
49 118 8836
49 119 9412
49 120 7292
49 121 8284
49 122 6718
49 123 8426
49 124 6188
49 125 4576
49 126 9452
49 127 2674
49 128 13340
50 51 2991
50 52 16041
50 53 13608
50 54 1904
50 55 7738
50 56 1673
50 57 3683
50 58 11522
50 59 8384
50 60 7185
50 61 8760
50 62 13229
50 63 11256
50 64 13092
50 65 1328
50 66 12521
50 67 5490
50 68 12213
50 69 5194
50 70 11575
50 71 5060
50 72 12091
50 73 7714
50 74 14369
50 75 4757
50 76 2161
50 77 15875
50 78 16253
50 79 11118
50 80 9413
50 81 789
50 82 12067
50 83 11932
50 84 12485
50 85 7156
50 86 9633
50 87 9775
50 88 7140
50 89 274
50 90 1306
50 91 6104
50 92 13318
50 93 12746
50 94 13617
50 95 4229
50 96 12522
50 97 13884
50 98 942
50 99 13802
50 100 68
50 101 1403
50 102 5785
50 103 4847
50 104 12372
50 105 8113
50 106 2851
50 107 533
50 108 5218
50 109 2989
50 110 12397
50 111 6097
50 112 11691
50 113 5636
50 114 1832
50 115 1257
50 116 7278
50 117 12785
50 118 10540
50 119 1266
50 120 10031
50 121 15362
50 122 2693
50 123 13991
50 124 3858
50 125 14589
50 126 6783
50 127 13430
50 128 3479
51 52 5719
51 53 7582
51 54 267
51 55 13066
51 56 12030
51 57 6862
51 58 10646
51 59 10436
51 60 2245
51 61 1439
51 62 13593
51 63 905
51 64 15971
51 65 7425
51 66 1297
51 67 4074
51 68 8722
51 69 15606
51 70 6963
51 71 2383
51 72 15676
51 73 12826
51 74 8074
51 75 11578
51 76 13033
51 77 11132
51 78 4027
51 79 13704
51 80 11399
51 81 2624
51 82 10139
51 83 9661
51 84 11258
51 85 5460
51 86 12290
51 87 5410
51 88 1052
51 89 2375
51 90 11171
51 91 6030
51 92 10480
51 93 7451
51 94 12655
51 95 4820
51 96 5292
51 97 7966
51 98 2461
51 99 10889
51 100 13154
51 101 10013
51 102 4479
51 103 16304
51 104 3734
51 105 4971
51 106 10283
51 107 1946
51 108 760
51 109 821
51 110 8237
51 111 9914
51 112 6242
51 113 6969
51 114 6230
51 115 2811
51 116 12167
51 117 2069
51 118 14358
51 119 10212
51 120 8879
51 121 3498
51 122 2522
51 123 7512
51 124 11455
51 125 13623
51 126 12877
51 127 13916
51 128 5131
52 53 2925
52 54 8937
52 55 1911
52 56 14954
52 57 12680
52 58 9747
52 59 10729
52 60 8941
52 61 1886
52 62 2405
52 63 15914
52 64 1675
52 65 15607
52 66 13031
52 67 5176
52 68 1553
52 69 14685
52 70 9072
52 71 3727
52 72 15880
52 73 11819
52 74 14868
52 75 11307
52 76 8857
52 77 3973
52 78 10430
52 79 8786
52 80 1074
52 81 5310
52 82 12836
52 83 13708
52 84 14968
52 85 9948
52 86 8859
52 87 1062
52 88 8793
52 89 2813
52 90 9383
52 91 14695
52 92 3453
52 93 16050
52 94 4637
52 95 1445
52 96 10638
52 97 3857
52 98 5829
52 99 10469
52 100 13402
52 101 6956
52 102 3022
52 103 9028
52 104 9432
52 105 13030
52 106 4650
52 107 3951
52 108 6069
52 109 9084
52 110 4981
52 111 9660
52 112 477
52 113 2291
52 114 12347
52 115 622
52 116 15799
52 117 15627
52 118 2095
52 119 2511
52 120 1079
52 121 1183
52 122 5957
52 123 11168
52 124 3825
52 125 13786
52 126 3777
52 127 2483
52 128 5149
53 54 12136
53 55 1539
53 56 2337
53 57 2459
53 58 3267
53 59 7656
53 60 7849
53 61 4649
53 62 1079
53 63 8008
53 64 8841
53 65 16210
53 66 4632
53 67 7104
53 68 9809
53 69 11570
53 70 11909
53 71 5018
53 72 4376
53 73 7664
53 74 4650
53 75 7659
53 76 5720
53 77 8809
53 78 4489
53 79 8921
53 80 13270
53 81 9651
53 82 14619
53 83 12728
53 84 8308
53 85 15363
53 86 9067
53 87 3794
53 88 5186
53 89 3283
53 90 14446
53 91 16173
53 92 1084
53 93 8626
53 94 8978
53 95 6453
53 96 1235
53 97 765
53 98 2883
53 99 14911
53 100 4724
53 101 15191
53 102 9261
53 103 6166
53 104 516
53 105 9207
53 106 16188
53 107 6339
53 108 10337
53 109 16316
53 110 11541
53 111 15277
53 112 11166
53 113 16294
53 114 1066
53 115 6595
53 116 15205
53 117 3826
53 118 14292
53 119 3247
53 120 7426
53 121 2666
53 122 2761
53 123 12271
53 124 299
53 125 12688
53 126 4896
53 127 11513
53 128 12858
54 55 5788
54 56 4250
54 57 5890
54 58 11658
54 59 990
54 60 8545
54 61 353
54 62 8810
54 63 5602
54 64 13747
54 65 14496
54 66 12213
54 67 15202
54 68 7540
54 69 5896
54 70 11337
54 71 13935
54 72 3316
54 73 10521
54 74 10392
54 75 5064
54 76 10324
54 77 1062
54 78 8958
54 79 1498
54 80 447
54 81 9374
54 82 12125
54 83 2528
54 84 9495
54 85 4839
54 86 11892
54 87 12479
54 88 11340
54 89 35
54 90 15717
54 91 4421
54 92 11883
54 93 16305
54 94 1036
54 95 12049
54 96 11289
54 97 8604
54 98 4184
54 99 16370
54 100 10818
54 101 4799
54 102 9676
54 103 297
54 104 6742
54 105 15572
54 106 10026
54 107 6337
54 108 6333
54 109 8470
54 110 15835
54 111 3100
54 112 13850
54 113 4324
54 114 15782
54 115 10401
54 116 14900
54 117 822
54 118 16293
54 119 9827
54 120 4492
54 121 15096
54 122 8540
54 123 13636
54 124 9706
54 125 9406
54 126 7394
54 127 12136
54 128 13443
55 56 6120
55 57 6774
55 58 10716
55 59 10626
55 60 16288
55 61 6333
55 62 7559
55 63 4750
55 64 14024
55 65 4714
55 66 15630
55 67 10146
55 68 2861
55 69 7819
55 70 4143
55 71 1932
55 72 6078
55 73 7664
55 74 15403
55 75 14131
55 76 12925
55 77 14554
55 78 9525
55 79 4885
55 80 1938
55 81 12391
55 82 6704
55 83 6982
55 84 11800
55 85 7594
55 86 8383
55 87 15473
55 88 12508
55 89 12294
55 90 1980
55 91 10657
55 92 15011
55 93 4906
55 94 3687
55 95 11960
55 96 6620
55 97 14590
55 98 13143
55 99 8174
55 100 6060
55 101 5830
55 102 15840
55 103 9886
55 104 2278
55 105 8937
55 106 12418
55 107 2626
55 108 4047
55 109 2345
55 110 1224
55 111 12395
55 112 7112
55 113 15283
55 114 9806
55 115 12988
55 116 14512
55 117 14408
55 118 4694
55 119 4713
55 120 15568
55 121 5347
55 122 11884
55 123 1763
55 124 5052
55 125 8805
55 126 81
55 127 15172
55 128 9567
56 57 15408
56 58 12739
56 59 10543
56 60 3196
56 61 3623
56 62 436
56 63 10020
56 64 4187
56 65 15726
56 66 12604
56 67 10830
56 68 14799
56 69 11013
56 70 814
56 71 9348
56 72 4131
56 73 14223
56 74 3528
56 75 9589
56 76 16065
56 77 164
56 78 3379
56 79 11812
56 80 10170
56 81 8497
56 82 16355
56 83 11702
56 84 16092
56 85 13321
56 86 3390
56 87 11494
56 88 4010
56 89 5806
56 90 14790
56 91 12731
56 92 2548
56 93 1328
56 94 12240
56 95 1226
56 96 1769
56 97 8031
56 98 2294
56 99 6644
56 100 10652
56 101 6726
56 102 1875
56 103 8684
56 104 13207
56 105 1501
56 106 14380
56 107 10041
56 108 7612
56 109 7964
56 110 310
56 111 142
56 112 8969
56 113 6168
56 114 3899
56 115 7995
56 116 13357
56 117 4952
56 118 11774
56 119 9085
56 120 3653
56 121 3664
56 122 13079
56 123 14513
56 124 14920
56 125 12830
56 126 14807
56 127 14213
56 128 14009
57 58 1596
57 59 11039
57 60 5080
57 61 15166
57 62 1672
57 63 12897
57 64 1386
57 65 6753
57 66 358
57 67 8059
57 68 11236
57 69 3696
57 70 11446
57 71 6728
57 72 714
57 73 5800
57 74 14975
57 75 6088
57 76 11929
57 77 8359
57 78 9305
57 79 3595
57 80 15644
57 81 4131
57 82 10929
57 83 9185
57 84 4306
57 85 10616
57 86 506
57 87 8996
57 88 3802
57 89 888
57 90 9190
57 91 2869
57 92 3289
57 93 3243
57 94 15099
57 95 13451
57 96 7026
57 97 11800
57 98 5324
57 99 5718
57 100 1757
57 101 4
57 102 13158
57 103 6463
57 104 1164
57 105 13942
57 106 1210
57 107 14196
57 108 11169
57 109 2074
57 110 216
57 111 11823
57 112 7332
57 113 11737
57 114 878
57 115 3458
57 116 13154
57 117 3527
57 118 13469
57 119 15826
57 120 9696
57 121 9085
57 122 3771
57 123 16183
57 124 6684
57 125 10567
57 126 13811
57 127 7088
57 128 12138
58 59 6063
58 60 1956
58 61 4239
58 62 12562
58 63 13218
58 64 2848
58 65 15683
58 66 6007
58 67 15416
58 68 12968
58 69 5265
58 70 5517
58 71 20
58 72 7782
58 73 6811
58 74 1349
58 75 9284
58 76 14243
58 77 10827
58 78 7707
58 79 11140
58 80 11321
58 81 3944
58 82 3167
58 83 9646
58 84 2623
58 85 5914
58 86 13787
58 87 11396
58 88 6952
58 89 4737
58 90 14707
58 91 14083
58 92 10936
58 93 12624
58 94 10236
58 95 4529
58 96 15074
58 97 2265
58 98 6913
58 99 2013
58 100 16067
58 101 13991
58 102 3288
58 103 6873
58 104 15431
58 105 4555
58 106 3208
58 107 11295
58 108 7276
58 109 14382
58 110 5335
58 111 9083
58 112 4132
58 113 4712
58 114 575
58 115 10631
58 116 6693
58 117 10643
58 118 10070
58 119 15291
58 120 10120
58 121 9271
58 122 13091
58 123 8965
58 124 16381
58 125 8013
58 126 8201
58 127 10509
58 128 16072
59 60 11937
59 61 10369
59 62 3627
59 63 2676
59 64 4369
59 65 15385
59 66 12962
59 67 7042
59 68 6267
59 69 9857
59 70 11841
59 71 3953
59 72 6958
59 73 13556
59 74 16321
59 75 6363
59 76 13299
59 77 10819
59 78 8304
59 79 16130
59 80 1389
59 81 6248
59 82 8901
59 83 5886
59 84 2109
59 85 10073
59 86 14626
59 87 12163
59 88 755
59 89 8613
59 90 10671
59 91 16331
59 92 13184
59 93 8628
59 94 13170
59 95 4173
59 96 15348
59 97 14742
59 98 10126
59 99 11058
59 100 213
59 101 12933
59 102 4250
59 103 397
59 104 14665
59 105 14608
59 106 12147
59 107 8443
59 108 4107
59 109 2951
59 110 9826
59 111 4595
59 112 15827
59 113 14166
59 114 1996
59 115 10705
59 116 10883
59 117 14265
59 118 15379
59 119 3068
59 120 5640
59 121 12343
59 122 5797
59 123 1858
59 124 15041
59 125 10954
59 126 7781
59 127 2800
59 128 12022
60 61 4557
60 62 11804
60 63 5183
60 64 426
60 65 695
60 66 12853
60 67 6362
60 68 5724
60 69 2320
60 70 6883
60 71 13039
60 72 8717
60 73 5649
60 74 2022
60 75 7757
60 76 9866
60 77 14074
60 78 16096
60 79 9526
60 80 3038
60 81 9120
60 82 13310
60 83 3311
60 84 12345
60 85 16090
60 86 14702
60 87 9442
60 88 7847
60 89 7953
60 90 4426
60 91 15676
60 92 9764
60 93 2979
60 94 15966
60 95 10966
60 96 8229
60 97 6054
60 98 2486
60 99 11692
60 100 1797
60 101 14738
60 102 5632
60 103 12271
60 104 3855
60 105 14947
60 106 3305
60 107 10986
60 108 10312
60 109 5025
60 110 61
60 111 12307
60 112 14455
60 113 1929
60 114 5408
60 115 8550
60 116 691
60 117 12059
60 118 1299
60 119 5407
60 120 1060
60 121 12556
60 122 8521
60 123 14285
60 124 3792
60 125 16266
60 126 5009
60 127 13126
60 128 8023
61 62 4422
61 63 3434
61 64 11468
61 65 12782
61 66 15675
61 67 2850
61 68 14208
61 69 11302
61 70 11310
61 71 5322
61 72 129
61 73 12345
61 74 1071
61 75 14104
61 76 2249
61 77 11002
61 78 8933
61 79 10439
61 80 12487
61 81 11892
61 82 6382
61 83 5808
61 84 4360
61 85 4043
61 86 12930
61 87 9686
61 88 8175
61 89 11066
61 90 7283
61 91 6532
61 92 2426
61 93 9164
61 94 483
61 95 10107
61 96 14745
61 97 16071
61 98 1072
61 99 7627
61 100 14341
61 101 3456
61 102 13820
61 103 15898
61 104 11926
61 105 7358
61 106 1968
61 107 14478
61 108 15746
61 109 13146
61 110 7637
61 111 16182
61 112 3233
61 113 11625
61 114 11677
61 115 4811
61 116 9238
61 117 10797
61 118 16176
61 119 15340
61 120 2060
61 121 5286
61 122 4021
61 123 16154
61 124 14263
61 125 1393
61 126 196
61 127 1838
61 128 13125
62 63 6446
62 64 14660
62 65 13338
62 66 7704
62 67 8484
62 68 10538
62 69 13066
62 70 4892
62 71 4584
62 72 10490
62 73 4073
62 74 5787
62 75 12632
62 76 12812
62 77 2677
62 78 40
62 79 4569
62 80 13615
62 81 2165
62 82 4924
62 83 7527
62 84 217
62 85 4238
62 86 6755
62 87 5232
62 88 1205
62 89 11628
62 90 5167
62 91 3879
62 92 1525
62 93 8270
62 94 8451
62 95 5685
62 96 14921
62 97 3019
62 98 1093
62 99 1974
62 100 7451
62 101 10421
62 102 13389
62 103 6401
62 104 18
62 105 2917
62 106 7098
62 107 9559
62 108 5271
62 109 15393
62 110 1981
62 111 16016
62 112 3720
62 113 8051
62 114 6877
62 115 2354
62 116 15413
62 117 10059
62 118 236
62 119 3210
62 120 6258
62 121 14009
62 122 13883
62 123 5613
62 124 2153
62 125 4016
62 126 10554
62 127 7750
62 128 7770
63 64 9157
63 65 14294
63 66 8001
63 67 9177
63 68 12658
63 69 12128
63 70 2829
63 71 2662
63 72 11665
63 73 12822
63 74 3250
63 75 991
63 76 11644
63 77 1884
63 78 10734
63 79 2138
63 80 13019
63 81 12993
63 82 4710
63 83 14758
63 84 1116
63 85 13402
63 86 2396
63 87 16258
63 88 14785
63 89 2420
63 90 11605
63 91 10547
63 92 15233
63 93 14213
63 94 13271
63 95 11312
63 96 7299
63 97 11431
63 98 16173
63 99 14012
63 100 1756
63 101 2559
63 102 11842
63 103 7480
63 104 7581
63 105 5165
63 106 2231
63 107 12537
63 108 14384
63 109 867
63 110 14900
63 111 16049
63 112 928
63 113 245
63 114 3284
63 115 2091
63 116 11722
63 117 7547
63 118 12341
63 119 12559
63 120 14009
63 121 2622
63 122 16123
63 123 15325
63 124 14362
63 125 10846
63 126 10822
63 127 8761
63 128 317
64 65 13653
64 66 554
64 67 10595
64 68 13402
64 69 3690
64 70 13305
64 71 2661
64 72 13844
64 73 12893
64 74 1522
64 75 894
64 76 12275
64 77 7634
64 78 5836
64 79 7596
64 80 3724
64 81 12317
64 82 3681
64 83 2304
64 84 7519
64 85 3187
64 86 4914
64 87 13406
64 88 9788
64 89 11706
64 90 2513
64 91 9582
64 92 11188
64 93 4214
64 94 3547
64 95 15974
64 96 11842
64 97 10059
64 98 2601
64 99 5555
64 100 9048
64 101 13101
64 102 12743
64 103 8956
64 104 14738
64 105 8163
64 106 6794
64 107 16159
64 108 4500
64 109 16000
64 110 766
64 111 15611
64 112 12084
64 113 14094
64 114 6493
64 115 10770
64 116 13458
64 117 14389
64 118 2631
64 119 11466
64 120 9898
64 121 8522
64 122 877
64 123 3480
64 124 12247
64 125 214
64 126 14447
64 127 3029
64 128 9834
65 66 16092
65 67 4406
65 68 14163
65 69 10705
65 70 1410
65 71 15004
65 72 8192
65 73 8855
65 74 186
65 75 374
65 76 4861
65 77 14111
65 78 11108
65 79 5001
65 80 15240
65 81 3314
65 82 6740
65 83 7018
65 84 1176
65 85 9679
65 86 3679
65 87 5175
65 88 10939
65 89 1789
65 90 8481
65 91 13522
65 92 8098
65 93 4687
65 94 635
65 95 14340
65 96 10964
65 97 11074
65 98 14389
65 99 590
65 100 14435
65 101 11475
65 102 11047
65 103 4599
65 104 12825
65 105 7976
65 106 8696
65 107 14552
65 108 27
65 109 13634
65 110 2412
65 111 8490
65 112 5764
65 113 14263
65 114 3639
65 115 12789
65 116 2100
65 117 9907
65 118 11856
65 119 9869
65 120 7028
65 121 14109
65 122 10556
65 123 5665
65 124 13797
65 125 7248
65 126 5395
65 127 137
65 128 15473
66 67 4013
66 68 6741
66 69 15809
66 70 685
66 71 14070
66 72 8301
66 73 7453
66 74 638
66 75 6454
66 76 14032
66 77 2774
66 78 14887
66 79 15454
66 80 4110
66 81 7877
66 82 13675
66 83 8577
66 84 4579
66 85 3383
66 86 9856
66 87 15060
66 88 3414
66 89 11456
66 90 7131
66 91 5835
66 92 12529
66 93 4539
66 94 6864
66 95 7917
66 96 10427
66 97 10046
66 98 9569
66 99 12975
66 100 8568
66 101 12335
66 102 5055
66 103 13569
66 104 11974
66 105 12259
66 106 1970
66 107 3194
66 108 1416
66 109 1636
66 110 10176
66 111 8308
66 112 10792
66 113 8795
66 114 6168
66 115 2653
66 116 11599
66 117 8223
66 118 6589
66 119 192
66 120 13321
66 121 2965
66 122 7543
66 123 9701
66 124 8197
66 125 2762
66 126 3915
66 127 5257
66 128 8031
67 68 548
67 69 3761
67 70 15759
67 71 10236
67 72 1377
67 73 3273
67 74 2354
67 75 4926
67 76 1928
67 77 892
67 78 15517
67 79 783
67 80 4107
67 81 12427
67 82 754
67 83 1197
67 84 9555
67 85 3141
67 86 11136
67 87 12399
67 88 3293
67 89 7485
67 90 2567
67 91 3687
67 92 16113
67 93 4620
67 94 1922
67 95 14418
67 96 9765
67 97 6283
67 98 5755
67 99 5642
67 100 7712
67 101 6479
67 102 12719
67 103 4552
67 104 15956
67 105 9921
67 106 9971
67 107 5559
67 108 7298
67 109 6154
67 110 3752
67 111 10076
67 112 8598
67 113 2116
67 114 2228
67 115 5632
67 116 8473
67 117 10445
67 118 12442
67 119 9768
67 120 11082
67 121 4815
67 122 8599
67 123 14697
67 124 1952
67 125 5512
67 126 10036
67 127 1895
67 128 2649
68 69 6454
68 70 8704
68 71 12834
68 72 5717
68 73 9982
68 74 7065
68 75 12048
68 76 1155
68 77 6965
68 78 2419
68 79 12645
68 80 4913
68 81 1515
68 82 9505
68 83 13077
68 84 6441
68 85 5516
68 86 3899
68 87 5451
68 88 5162
68 89 12832
68 90 2403
68 91 11658
68 92 8244
68 93 13089
68 94 12527
68 95 15885
68 96 12977
68 97 1252
68 98 11361
68 99 247
68 100 16020
68 101 12554
68 102 6838
68 103 15640
68 104 5702
68 105 12834
68 106 14656
68 107 11362
68 108 13884
68 109 14335
68 110 15359
68 111 490
68 112 15868
68 113 2017
68 114 3144
68 115 15849
68 116 3325
68 117 7935
68 118 5023
68 119 11610
68 120 14648
68 121 13620
68 122 7143
68 123 3797
68 124 15339
68 125 12821
68 126 8018
68 127 12758
68 128 917
69 70 11689
69 71 16337
69 72 6682
69 73 7171
69 74 10115
69 75 13084
69 76 15686
69 77 10318
69 78 1446
69 79 5989
69 80 4134
69 81 11954
69 82 2153
69 83 13821
69 84 12460
69 85 14448
69 86 5018
69 87 11153
69 88 14684
69 89 9244
69 90 39
69 91 9907
69 92 8926
69 93 14833
69 94 9585
69 95 12710
69 96 6297
69 97 7902
69 98 7115
69 99 13789
69 100 6101
69 101 1030
69 102 1111
69 103 10553
69 104 11321
69 105 7216
69 106 8202
69 107 15545
69 108 3148
69 109 9042
69 110 4423
69 111 5222
69 112 12644
69 113 15920
69 114 1896
69 115 10828
69 116 6854
69 117 5997
69 118 1864
69 119 12380
69 120 2155
69 121 8364
69 122 13872
69 123 15145
69 124 7141
69 125 4745
69 126 3485
69 127 5164
69 128 14068
70 71 6090
70 72 14382
70 73 5000
70 74 2386
70 75 9474
70 76 2501
70 77 91
70 78 1884
70 79 90
70 80 6264
70 81 3431
70 82 7601
70 83 14371
70 84 11824
70 85 4936
70 86 1580
70 87 15103
70 88 8595
70 89 6515
70 90 743
70 91 9775
70 92 12407
70 93 14720
70 94 5228
70 95 10629
70 96 11805
70 97 7440
70 98 6826
70 99 5161
70 100 11708
70 101 12193
70 102 3734
70 103 3932
70 104 1631
70 105 3343
70 106 29
70 107 9586
70 108 6863
70 109 16139
70 110 8974
70 111 11823
70 112 8426
70 113 1127
70 114 16250
70 115 14616
70 116 4613
70 117 6635
70 118 890
70 119 4555
70 120 16063
70 121 13304
70 122 803
70 123 8437
70 124 1584
70 125 16000
70 126 15877
70 127 6603
70 128 722
71 72 5328
71 73 3980
71 74 11406
71 75 13207
71 76 3538
71 77 15821
71 78 7687
71 79 4118
71 80 8908
71 81 9499
71 82 11946
71 83 4375
71 84 1372
71 85 2437
71 86 11346
71 87 5779
71 88 680
71 89 7812
71 90 1308
71 91 15060
71 92 12167
71 93 12844
71 94 81
71 95 13435
71 96 12302
71 97 12954
71 98 2717
71 99 4096
71 100 14428
71 101 10694
71 102 5011
71 103 1583
71 104 7445
71 105 1104
71 106 7814
71 107 9993
71 108 9755
71 109 8451
71 110 6290
71 111 4599
71 112 16201
71 113 4896
71 114 15624
71 115 9053
71 116 11924
71 117 10796
71 118 6479
71 119 12249
71 120 4188
71 121 12132
71 122 8465
71 123 9863
71 124 4713
71 125 11537
71 126 9145
71 127 16221
71 128 11344
72 73 12585
72 74 7794
72 75 11932
72 76 8518
72 77 8901
72 78 15985
72 79 5753
72 80 616
72 81 11170
72 82 9828
72 83 15810
72 84 3817
72 85 9900
72 86 13547
72 87 13129
72 88 7278
72 89 874
72 90 8528
72 91 2505
72 92 6537
72 93 7396
72 94 12926
72 95 13516
72 96 3216
72 97 8288
72 98 12657
72 99 109
72 100 3142
72 101 942
72 102 7586
72 103 13685
72 104 10865
72 105 4625
72 106 11804
72 107 6685
72 108 10453
72 109 387
72 110 12808
72 111 4265
72 112 14639
72 113 2320
72 114 11744
72 115 3057
72 116 7823
72 117 12111
72 118 4930
72 119 6429
72 120 8988
72 121 14063
72 122 283
72 123 828
72 124 13023
72 125 9954
72 126 11994
72 127 651
72 128 2643
73 74 11315
73 75 13517
73 76 5646
73 77 15501
73 78 1720
73 79 15297
73 80 12899
73 81 7046
73 82 16292
73 83 14711
73 84 9585
73 85 4726
73 86 11803
73 87 7687
73 88 2405
73 89 643
73 90 13054
73 91 10494
73 92 8014
73 93 1977
73 94 4287
73 95 8344
73 96 15684
73 97 1742
73 98 3159
73 99 251
73 100 7854
73 101 14227
73 102 6412
73 103 15152
73 104 7402
73 105 3082
73 106 4799
73 107 3565
73 108 101
73 109 15741
73 110 11484
73 111 901
73 112 2963
73 113 10475
73 114 14079
73 115 2475
73 116 6704
73 117 4458
73 118 3206
73 119 1713
73 120 204
73 121 11624
73 122 3810
73 123 13209
73 124 10012
73 125 6399
73 126 5363
73 127 9714
73 128 13533
74 75 7893
74 76 906
74 77 15337
74 78 113
74 79 9533
74 80 14885
74 81 349
74 82 13197
74 83 4666
74 84 10049
74 85 5213
74 86 2108
74 87 1167
74 88 8825
74 89 6767
74 90 15915
74 91 13311
74 92 8382
74 93 8575
74 94 1112
74 95 6474
74 96 15101
74 97 226
74 98 11879
74 99 5794
74 100 10273
74 101 7100
74 102 4540
74 103 6560
74 104 15564
74 105 16158
74 106 582
74 107 11729
74 108 12799
74 109 6674
74 110 10171
74 111 11118
74 112 15742
74 113 1885
74 114 13935
74 115 15312
74 116 8336
74 117 3496
74 118 12971
74 119 15308
74 120 5744
74 121 11087
74 122 10268
74 123 291
74 124 6980
74 125 371
74 126 12244
74 127 4588
74 128 1639
75 76 956
75 77 3291
75 78 11013
75 79 964
75 80 6326
75 81 2260
75 82 9647
75 83 15436
75 84 13200
75 85 7105
75 86 6104
75 87 8836
75 88 10502
75 89 11634
75 90 6152
75 91 4468
75 92 1452
75 93 4668
75 94 1802
75 95 6619
75 96 10916
75 97 5017
75 98 3298
75 99 11740
75 100 15789
75 101 2083
75 102 8059
75 103 2279
75 104 9300
75 105 14947
75 106 7397
75 107 2880
75 108 12856
75 109 6928
75 110 3053
75 111 14922
75 112 1090
75 113 13624
75 114 3716
75 115 1894
75 116 5859
75 117 12702
75 118 6830
75 119 996
75 120 13831
75 121 2729
75 122 5377
75 123 6691
75 124 5185
75 125 3754
75 126 4596
75 127 15806
75 128 10517
76 77 6943
76 78 734
76 79 14009
76 80 8902
76 81 6338
76 82 10209
76 83 11064
76 84 8083
76 85 15541
76 86 6240
76 87 5889
76 88 6323
76 89 7223
76 90 9559
76 91 1358
76 92 505
76 93 15299
76 94 6071
76 95 14661
76 96 9790
76 97 3363
76 98 13418
76 99 6586
76 100 11064
76 101 15530
76 102 11742
76 103 14681
76 104 6880
76 105 2912
76 106 3701
76 107 6387
76 108 1695
76 109 682
76 110 14223
76 111 3906
76 112 14529
76 113 7429
76 114 12290
76 115 3965
76 116 4470
76 117 95
76 118 8296
76 119 8839
76 120 9894
76 121 1946
76 122 7816
76 123 1301
76 124 6062
76 125 12541
76 126 444
76 127 10149
76 128 1146
77 78 16185
77 79 10734
77 80 4390
77 81 2989
77 82 6407
77 83 3948
77 84 15525
77 85 873
77 86 15125
77 87 2029
77 88 14087
77 89 4885
77 90 2404
77 91 12495
77 92 3250
77 93 6799
77 94 800
77 95 14826
77 96 11971
77 97 4025
77 98 9856
77 99 660
77 100 6902
77 101 7071
77 102 2069
77 103 15563
77 104 6997
77 105 11032
77 106 3660
77 107 6213
77 108 10256
77 109 8992
77 110 5102
77 111 15507
77 112 5671
77 113 5507
77 114 5081
77 115 15644
77 116 6569
77 117 6820
77 118 6821
77 119 2385
77 120 2510
77 121 4414
77 122 9438
77 123 5365
77 124 6450
77 125 12237
77 126 9191
77 127 10760
77 128 6296
78 79 4871
78 80 12116
78 81 10679
78 82 14106
78 83 7696
78 84 1776
78 85 8690
78 86 7208
78 87 40
78 88 7081
78 89 8924
78 90 457
78 91 5126
78 92 12550
78 93 3318
78 94 3350
78 95 7529
78 96 3094
78 97 8004
78 98 9944
78 99 5065
78 100 10369
78 101 2980
78 102 4453
78 103 4385
78 104 3407
78 105 3824
78 106 15749
78 107 1378
78 108 2205
78 109 14192
78 110 9905
78 111 1222
78 112 6021
78 113 9437
78 114 2969
78 115 8771
78 116 16230
78 117 266
78 118 13873
78 119 16350
78 120 6256
78 121 9572
78 122 12927
78 123 7211
78 124 16051
78 125 1550
78 126 15873
78 127 5971
78 128 4866
79 80 16124
79 81 13583
79 82 4470
79 83 11856
79 84 2473
79 85 3429
79 86 169
79 87 2260
79 88 297
79 89 5855
79 90 15389
79 91 16303
79 92 955
79 93 2045
79 94 9419
79 95 8795
79 96 15814
79 97 14723
79 98 4816
79 99 12532
79 100 3050
79 101 1302
79 102 9020
79 103 4806
79 104 4893
79 105 3060
79 106 13243
79 107 16057
79 108 8120
79 109 4113
79 110 6141
79 111 5817
79 112 12795
79 113 12891
79 114 9988
79 115 5737
79 116 13642
79 117 1598
79 118 15888
79 119 15315
79 120 3110
79 121 3644
79 122 4078
79 123 15910
79 124 5215
79 125 423
79 126 1048
79 127 15081
79 128 12607
80 81 6280
80 82 5127
80 83 89
80 84 5996
80 85 14732
80 86 6708
80 87 3273
80 88 3241
80 89 11376
80 90 12969
80 91 7088
80 92 7862
80 93 799
80 94 5377
80 95 5519
80 96 8421
80 97 928
80 98 7486
80 99 11336
80 100 14346
80 101 11283
80 102 16123
80 103 10201
80 104 8329
80 105 10216
80 106 2693
80 107 7964
80 108 14187
80 109 2156
80 110 6190
80 111 334
80 112 14752
80 113 5659
80 114 3027
80 115 2891
80 116 544
80 117 10470
80 118 12439
80 119 15347
80 120 12120
80 121 4696
80 122 14166
80 123 14949
80 124 5677
80 125 2926
80 126 12319
80 127 7359
80 128 4560
81 82 14733
81 83 7038
81 84 6089
81 85 6243
81 86 10480
81 87 9024
81 88 6461
81 89 6635
81 90 15303
81 91 14158
81 92 11773
81 93 4525
81 94 10530
81 95 1056
81 96 873
81 97 7649
81 98 3054
81 99 9043
81 100 7716
81 101 8686
81 102 13527
81 103 10703
81 104 2018
81 105 2485
81 106 13448
81 107 12324
81 108 794
81 109 14125
81 110 10165
81 111 4488
81 112 1585
81 113 9374
81 114 11007
81 115 283
81 116 1404
81 117 9135
81 118 10316
81 119 4947
81 120 4585
81 121 9451
81 122 562
81 123 4630
81 124 15897
81 125 6845
81 126 9873
81 127 6295
81 128 15937
82 83 1201
82 84 4367
82 85 1500
82 86 13846
82 87 1087
82 88 8356
82 89 15531
82 90 3575
82 91 11098
82 92 13075
82 93 11079
82 94 788
82 95 1123
82 96 15174
82 97 9848
82 98 8066
82 99 4220
82 100 1477
82 101 2688
82 102 5388
82 103 9467
82 104 2298
82 105 10116
82 106 15457
82 107 13117
82 108 6874
82 109 1121
82 110 7294
82 111 8857
82 112 12363
82 113 7517
82 114 5912
82 115 7696
82 116 5558
82 117 15183
82 118 11924
82 119 4802
82 120 9341
82 121 13149
82 122 14230
82 123 12273
82 124 13176
82 125 14947
82 126 6812
82 127 7231
82 128 1477
83 84 9845
83 85 7325
83 86 5758
83 87 4505
83 88 13750
83 89 11476
83 90 11928
83 91 3126
83 92 4232
83 93 1153
83 94 12435
83 95 8873
83 96 13506
83 97 8640
83 98 1172
83 99 2788
83 100 13229
83 101 7860
83 102 4048
83 103 433
83 104 15532
83 105 11648
83 106 11101
83 107 12043
83 108 5992
83 109 8141
83 110 14702
83 111 9063
83 112 7808
83 113 8284
83 114 4848
83 115 9040
83 116 14959
83 117 15390
83 118 8897
83 119 10587
83 120 4389
83 121 13816
83 122 15883
83 123 5712
83 124 3746
83 125 3559
83 126 7169
83 127 7050
83 128 12469
84 85 14784
84 86 14342
84 87 5184
84 88 7695
84 89 14900
84 90 953
84 91 10538
84 92 10386
84 93 13904
84 94 12762
84 95 5038
84 96 12926
84 97 13601
84 98 11178
84 99 1206
84 100 15651
84 101 3125
84 102 5853
84 103 3642
84 104 3122
84 105 5636
84 106 3038
84 107 4492
84 108 1261
84 109 4163
84 110 1080
84 111 986
84 112 5030
84 113 3443
84 114 13516
84 115 9139
84 116 1800
84 117 12255
84 118 10009
84 119 8250
84 120 16107
84 121 12320
84 122 6792
84 123 4450
84 124 8955
84 125 11768
84 126 1527
84 127 3813
84 128 1724
85 86 12452
85 87 15227
85 88 15132
85 89 4603
85 90 5682
85 91 15764
85 92 11193
85 93 3671
85 94 10157
85 95 8652
85 96 2371
85 97 6282
85 98 8700
85 99 5942
85 100 3888
85 101 10166
85 102 16075
85 103 8749
85 104 13965
85 105 9222
85 106 10201
85 107 15980
85 108 9030
85 109 7088
85 110 1760
85 111 3649
85 112 14021
85 113 3867
85 114 10230
85 115 8019
85 116 10643
85 117 772
85 118 1340
85 119 12594
85 120 1471
85 121 4658
85 122 15281
85 123 5763
85 124 12364
85 125 133
85 126 16017
85 127 2310
85 128 9679
86 87 6031
86 88 12642
86 89 2747
86 90 3015
86 91 8218
86 92 8817
86 93 6652
86 94 6469
86 95 7477
86 96 14612
86 97 6975
86 98 7511
86 99 571
86 100 4062
86 101 445
86 102 676
86 103 1292
86 104 14859
86 105 11361
86 106 4830
86 107 520
86 108 14849
86 109 2132
86 110 6501
86 111 13181
86 112 16009
86 113 9426
86 114 15917
86 115 15738
86 116 10866
86 117 2769
86 118 11499
86 119 374
86 120 14819
86 121 6301
86 122 11703
86 123 2755
86 124 3228
86 125 5145
86 126 5086
86 127 861
86 128 584
87 88 14782
87 89 15441
87 90 12547
87 91 11567
87 92 5750
87 93 13635
87 94 2372
87 95 4333
87 96 10394
87 97 8556
87 98 8176
87 99 6259
87 100 10436
87 101 5620
87 102 7210
87 103 14298
87 104 6060
87 105 4013
87 106 1098
87 107 4907
87 108 1810
87 109 356
87 110 3709
87 111 1050
87 112 10515
87 113 11872
87 114 10259
87 115 790
87 116 5382
87 117 10236
87 118 9612
87 119 12284
87 120 12431
87 121 287
87 122 4336
87 123 2822
87 124 7344
87 125 946
87 126 9141
87 127 16002
87 128 9938
88 89 6881
88 90 198
88 91 2290
88 92 8476
88 93 12583
88 94 16118
88 95 14421
88 96 12668
88 97 14769
88 98 15955
88 99 7309
88 100 8316
88 101 9048
88 102 11598
88 103 8459
88 104 2704
88 105 3705
88 106 9222
88 107 10409
88 108 10427
88 109 975
88 110 15329
88 111 13889
88 112 10354
88 113 7448
88 114 4533
88 115 2166
88 116 12494
88 117 35
88 118 9044
88 119 9043
88 120 12602
88 121 128
88 122 11468
88 123 2246
88 124 391
88 125 8878
88 126 1172
88 127 15875
88 128 228
89 90 12477
89 91 4814
89 92 4443
89 93 13544
89 94 14365
89 95 1211
89 96 5658
89 97 15062
89 98 11052
89 99 14674
89 100 3145
89 101 12812
89 102 6760
89 103 13625
89 104 8398
89 105 2398
89 106 11972
89 107 7269
89 108 13909
89 109 6700
89 110 9677
89 111 14640
89 112 10231
89 113 1623
89 114 7763
89 115 8820
89 116 2289
89 117 8463
89 118 3367
89 119 1123
89 120 9959
89 121 12403
89 122 14956
89 123 16212
89 124 15485
89 125 7139
89 126 6423
89 127 6983
89 128 7656
90 91 4359
90 92 7337
90 93 6452
90 94 1504
90 95 4900
90 96 4304
90 97 1806
90 98 15281
90 99 6028
90 100 612
90 101 3127
90 102 405
90 103 4832
90 104 7725
90 105 4009
90 106 2641
90 107 12091
90 108 14531
90 109 7938
90 110 15560
90 111 911
90 112 4954
90 113 2553
90 114 2755
90 115 1388
90 116 15415
90 117 14151
90 118 4726
90 119 2299
90 120 7397
90 121 14862
90 122 4739
90 123 3106
90 124 2499
90 125 3784
90 126 8894
90 127 7094
90 128 2083
91 92 10436
91 93 12850
91 94 4498
91 95 6735
91 96 499
91 97 1364
91 98 6956
91 99 2414
91 100 15555
91 101 465
91 102 7760
91 103 13171
91 104 13301
91 105 6086
91 106 8097
91 107 9913
91 108 2674
91 109 12012
91 110 4140
91 111 3358
91 112 9942
91 113 9948
91 114 2899
91 115 2246
91 116 11087
91 117 3252
91 118 10264
91 119 9836
91 120 9394
91 121 10950
91 122 15134
91 123 11271
91 124 7425
91 125 13158
91 126 13144
91 127 5552
91 128 7794
92 93 13302
92 94 997
92 95 9151
92 96 15091
92 97 15899
92 98 13758
92 99 11327
92 100 10904
92 101 15298
92 102 11125
92 103 4664
92 104 343
92 105 14473
92 106 11423
92 107 9835
92 108 5740
92 109 655
92 110 5899
92 111 4073
92 112 1303
92 113 2275
92 114 11384
92 115 6886
92 116 13920
92 117 7956
92 118 16325
92 119 4140
92 120 4088
92 121 5870
92 122 10672
92 123 7005
92 124 1994
92 125 14799
92 126 9326
92 127 5820
92 128 5982
93 94 2269
93 95 1296
93 96 9775
93 97 10898
93 98 6859
93 99 10740
93 100 1905
93 101 8957
93 102 10563
93 103 5979
93 104 1907
93 105 11830
93 106 8443
93 107 11966
93 108 12541
93 109 3344
93 110 3201
93 111 10691
93 112 8099
93 113 11129
93 114 12993
93 115 9478
93 116 5641
93 117 11255
93 118 13779
93 119 1886
93 120 5118
93 121 11420
93 122 433
93 123 1055
93 124 8497
93 125 3627
93 126 14640
93 127 2234
93 128 15235
94 95 2495
94 96 12942
94 97 198
94 98 1915
94 99 13590
94 100 9309
94 101 12126
94 102 4794
94 103 3489
94 104 12842
94 105 5710
94 106 8653
94 107 10075
94 108 2182
94 109 9388
94 110 12401
94 111 2265
94 112 2622
94 113 11990
94 114 15772
94 115 4621
94 116 3019
94 117 1647
94 118 16370
94 119 3010
94 120 11559
94 121 5879
94 122 6125
94 123 7833
94 124 15115
94 125 8139
94 126 14395
94 127 5798
94 128 13891
95 96 5760
95 97 11275
95 98 10050
95 99 15835
95 100 2063
95 101 14115
95 102 7507
95 103 15195
95 104 16014
95 105 4569
95 106 8901
95 107 10492
95 108 4910
95 109 6012
95 110 3181
95 111 226
95 112 3791
95 113 9046
95 114 338
95 115 12673
95 116 3471
95 117 10635
95 118 14278
95 119 11155
95 120 2065
95 121 8827
95 122 4137
95 123 12495
95 124 2584
95 125 8981
95 126 5097
95 127 12925
95 128 16319
96 97 5711
96 98 12876
96 99 13545
96 100 11013
96 101 14062
96 102 9863
96 103 15162
96 104 10853
96 105 10515
96 106 15718
96 107 14995
96 108 15505
96 109 2914
96 110 8253
96 111 8321
96 112 6124
96 113 13348
96 114 6628
96 115 10671
96 116 1663
96 117 5513
96 118 11655
96 119 1938
96 120 6352
96 121 3839
96 122 14911
96 123 14174
96 124 206
96 125 10455
96 126 5269
96 127 9636
96 128 12773
97 98 13526
97 99 318
97 100 12022
97 101 9631
97 102 15558
97 103 1410
97 104 3509
97 105 16014
97 106 5718
97 107 13763
97 108 9694
97 109 8294
97 110 6729
97 111 12178
97 112 8287
97 113 11014
97 114 16281
97 115 14271
97 116 9390
97 117 4882
97 118 2588
97 119 3423
97 120 1099
97 121 15228
97 122 13161
97 123 10642
97 124 4358
97 125 8702
97 126 6006
97 127 10633
97 128 5821
98 99 1640
98 100 3505
98 101 10884
98 102 2526
98 103 12353
98 104 12527
98 105 5418
98 106 15457
98 107 11106
98 108 16079
98 109 14346
98 110 13237
98 111 9853
98 112 15718
98 113 8013
98 114 3031
98 115 1950
98 116 8909
98 117 8047
98 118 10712
98 119 8236
98 120 9844
98 121 2793
98 122 3337
98 123 10227
98 124 7523
98 125 620
98 126 16196
98 127 4253
98 128 10670
99 100 13871
99 101 12542
99 102 6064
99 103 2569
99 104 1561
99 105 3008
99 106 10310
99 107 2669
99 108 1349
99 109 2020
99 110 10934
99 111 5414
99 112 2512
99 113 6117
99 114 2348
99 115 5546
99 116 14434
99 117 12979
99 118 4956
99 119 5837
99 120 13740
99 121 4138
99 122 14769
99 123 2292
99 124 964
99 125 4430
99 126 14198
99 127 3123
99 128 5079
100 101 11182
100 102 1726
100 103 1101
100 104 15436
100 105 2796
100 106 14162
100 107 7345
100 108 6366
100 109 6819
100 110 816
100 111 13615
100 112 12741
100 113 3505
100 114 4938
100 115 14712
100 116 10670
100 117 4601
100 118 8259
100 119 6677
100 120 9777
100 121 10528
100 122 15071
100 123 15316
100 124 3013
100 125 14896
100 126 15720
100 127 9017
100 128 3127
101 102 11045
101 103 9108
101 104 4136
101 105 12276
101 106 4634
101 107 13895
101 108 13231
101 109 12239
101 110 3743
101 111 3705
101 112 3501
101 113 1438
101 114 15287
101 115 6647
101 116 15165
101 117 12783
101 118 13652
101 119 12434
101 120 13611
101 121 3689
101 122 9132
101 123 3609
101 124 9262
101 125 12139
101 126 7431
101 127 105
101 128 13989
102 103 9762
102 104 3884
102 105 7930
102 106 13404
102 107 13341
102 108 15305
102 109 11946
102 110 11012
102 111 9653
102 112 10118
102 113 768
102 114 541
102 115 5106
102 116 11546
102 117 8979
102 118 11008
102 119 15690
102 120 5147
102 121 12882
102 122 1315
102 123 10415
102 124 14126
102 125 7147
102 126 1639
102 127 8874
102 128 6073
103 104 6645
103 105 16243
103 106 6761
103 107 3470
103 108 2441
103 109 15851
103 110 6913
103 111 4515
103 112 1835
103 113 12514
103 114 4022
103 115 1255
103 116 9833
103 117 3119
103 118 7196
103 119 2616
103 120 6007
103 121 4440
103 122 3675
103 123 13271
103 124 11263
103 125 9014
103 126 11127
103 127 3770
103 128 6824
104 105 10827
104 106 4547
104 107 16025
104 108 12664
104 109 9880
104 110 8108
104 111 238
104 112 4728
104 113 8827
104 114 8565
104 115 8115
104 116 9661
104 117 8264
104 118 10386
104 119 6797
104 120 820
104 121 12459
104 122 5841
104 123 6689
104 124 12580
104 125 10627
104 126 5025
104 127 14354
104 128 12159
105 106 13563
105 107 3197
105 108 8286
105 109 496
105 110 515
105 111 7307
105 112 14791
105 113 6912
105 114 882
105 115 7018
105 116 989
105 117 15052
105 118 8799
105 119 7949
105 120 15384
105 121 13042
105 122 3758
105 123 488
105 124 12160
105 125 2815
105 126 3209
105 127 9594
105 128 3169
106 107 8804
106 108 13913
106 109 9949
106 110 15768
106 111 9304
106 112 6408
106 113 10825
106 114 11416
106 115 3414
106 116 10204
106 117 7363
106 118 12868
106 119 16091
106 120 4971
106 121 10083
106 122 16189
106 123 572
106 124 1235
106 125 14269
106 126 7419
106 127 14189
106 128 13465
107 108 14645
107 109 3996
107 110 10348
107 111 13425
107 112 9987
107 113 1152
107 114 9598
107 115 6839
107 116 15589
107 117 3939
107 118 11656
107 119 7885
107 120 2964
107 121 2423
107 122 5648
107 123 8724
107 124 10085
107 125 13673
107 126 8527
107 127 15011
107 128 15608
108 109 965
108 110 15673
108 111 1082
108 112 7823
108 113 5011
108 114 13174
108 115 10839
108 116 15019
108 117 844
108 118 4509
108 119 15892
108 120 5141
108 121 5662
108 122 10264
108 123 7006
108 124 12793
108 125 6906
108 126 4222
108 127 5541
108 128 13216
109 110 14097
109 111 16305
109 112 10125
109 113 7636
109 114 2500
109 115 11885
109 116 4752
109 117 6840
109 118 10503
109 119 6988
109 120 14438
109 121 628
109 122 2643
109 123 8566
109 124 8049
109 125 1519
109 126 12970
109 127 5417
109 128 10111
110 111 9548
110 112 14649
110 113 1428
110 114 12861
110 115 5090
110 116 2060
110 117 10493
110 118 10573
110 119 13282
110 120 9922
110 121 9601
110 122 12883
110 123 5231
110 124 4011
110 125 720
110 126 9046
110 127 15993
110 128 8641
111 112 5330
111 113 12162
111 114 8332
111 115 7296
111 116 4785
111 117 4165
111 118 6980
111 119 4267
111 120 6062
111 121 5256
111 122 3743
111 123 8674
111 124 3660
111 125 9788
111 126 11736
111 127 11268
111 128 12646
112 113 12548
112 114 10350
112 115 12689
112 116 15800
112 117 6573
112 118 9537
112 119 8425
112 120 2674
112 121 1138
112 122 15732
112 123 15203
112 124 12378
112 125 13277
112 126 6385
112 127 5272
112 128 14725
113 114 11297
113 115 12432
113 116 14425
113 117 12136
113 118 1166
113 119 8907
113 120 13589
113 121 9050
113 122 16098
113 123 14076
113 124 6403
113 125 7580
113 126 8642
113 127 3244
113 128 15042
114 115 5663
114 116 11215
114 117 12006
114 118 16023
114 119 4035
114 120 2601
114 121 7242
114 122 9953
114 123 3752
114 124 13165
114 125 8367
114 126 9709
114 127 3050
114 128 5532
115 116 6603
115 117 7158
115 118 9075
115 119 9818
115 120 14982
115 121 13440
115 122 14174
115 123 12005
115 124 7019
115 125 11550
115 126 2482
115 127 1321
115 128 8804
116 117 13308
116 118 15015
116 119 14349
116 120 13865
116 121 6170
116 122 986
116 123 3016
116 124 2073
116 125 822
116 126 4901
116 127 10979
116 128 13877
117 118 3849
117 119 12003
117 120 15735
117 121 12389
117 122 12122
117 123 951
117 124 9532
117 125 4774
117 126 14880
117 127 6665
117 128 11608
118 119 4818
118 120 8787
118 121 12752
118 122 10078
118 123 12229
118 124 10679
118 125 29
118 126 8237
118 127 10528
118 128 7927
119 120 68
119 121 9172
119 122 16364
119 123 6199
119 124 12137
119 125 11350
119 126 3462
119 127 9882
119 128 4989
120 121 9059
120 122 10553
120 123 4202
120 124 8119
120 125 10888
120 126 7413
120 127 6236
120 128 9023
121 122 8066
121 123 13284
121 124 11349
121 125 9591
121 126 14368
121 127 7757
121 128 13592
122 123 15000
122 124 5267
122 125 9940
122 126 3372
122 127 13429
122 128 14285
123 124 11959
123 125 14214
123 126 74
123 127 14848
123 128 1282
124 125 15068
124 126 14015
124 127 10636
124 128 9826
125 126 14538
125 127 8922
125 128 11158
126 127 14187
126 128 4476
127 128 14698
