100000 2000
46149 17285
30613 11008
19658 42111
46218 1632
42584 15036
7659 16089
13159 15368
20452 47434
30416 17384
42724 40961
40068 16024
31913 47984
47863 36508
43247 48523
3008 44257
20238 48325
19735 43753
27166 18927
44661 6730
49412 32016
29124 4962
22456 38870
20449 33381
34984 7440
19610 9323
27542 43065
2565 44230
37428 36719
35942 31341
39222 3986
12586 18607
36883 19864
26702 35402
19654 36165
18104 18422
49460 27911
40139 6417
10307 19330
9738 20161
7132 47150
2047 22066
6352 6154
23183 5558
31830 37945
28607 35566
13550 32016
49453 2347
33596 16301
29537 27202
32408 47225
35575 42899
7625 1348
5414 25190
17539 39531
25501 21640
21213 20418
15244 21572
10632 41754
45634 19207
8445 22655
19414 32625
18699 37366
7835 15572
38937 3667
45650 45321
12820 27840
36008 23074
37949 37653
46511 5308
26628 48540
1773 6283
46561 33128
27818 44636
43135 15162
19843 13195
45821 10669
3484 40271
25051 16475
14395 28090
28317 5426
16035 29498
26171 47954
27673 35962
5088 26956
31293 27455
38488 2123
9099 34103
17446 32205
37952 5097
29034 29733
48380 11354
38138 11245
3530 10477
12776 44451
30603 47621
39428 24548
24502 28855
22252 27356
12626 18130
6347 49489
5756 37643
18095 23296
22707 29369
2223 37735
9092 5652
25316 8888
15780 21210
31689 49
22686 19245
20423 10821
46549 41712
27028 8125
22094 3622
28268 32405
372 42849
4177 40532
19467 7270
25589 11163
13062 27305
5302 49600
15333 48125
47901 34920
49655 39162
24946 36986
28651 9044
31888 22232
25084 45446
5433 41868
24084 47791
18674 39934
29586 25478
36171 30815
13966 14654
15248 30095
4088 47673
27631 45302
42130 11285
31810 2350
42558 37766
17724 20303
40273 24221
28898 22905
18719 11301
31562 2622
35294 22273
7959 37153
20304 26708
40560 32655
20407 15683
18077 13931
46391 12064
46388 42032
53 13836
36321 8642
8251 2386
33450 28761
12117 49427
5546 47474
11811 18261
35168 27704
37680 23411
18953 49938
2340 39434
31085 5943
5077 14420
18914 30350
5701 15620
13543 12680
12214 36158
33041 29819
47931 23789
20020 10971
15368 48834
13174 47321
15275 28119
32431 46466
48762 30256
44288 27734
7836 46202
38084 3867
36480 16769
46721 29597
36461 10380
44364 23006
13649 16099
13597 8752
10137 7255
10210 31356
42802 4073
15792 14773
18239 22353
6833 12624
7830 2388
47543 45063
48561 20207
22753 41644
1700 7574
32726 31205
37670 22115
2521 39564
25273 3112
9448 2563
16803 31974
29713 26199
45483 23665
28449 34089
19144 43005
31227 1199
48930 33912
48391 20467
17255 45398
39777 38670
6365 603
27785 20567
30100 19608
164 40289
44741 38905
20417 4934
17102 30148
14724 12558
42235 6557
1538 21311
35237 6906
46271 28576
37 44026
31399 20600
42455 35061
32546 3883
7346 49906
21332 40447
12483 26045
8427 5174
32536 46959
20949 5869
7545 33839
35876 21500
24790 37376
33225 27314
8366 7857
5718 24631
12271 10184
7213 36153
3690 49574
13496 36032
19374 48653
43332 2429
22634 31498
1526 48597
49059 30760
43375 22874
13798 36870
4456 2025
8080 5130
49038 2297
38369 21606
24880 10488
116 28346
7769 33045
28635 5946
17056 39913
34524 35887
2041 26145
21320 25641
7424 31408
48353 30803
7337 717
11785 11587
9833 37450
39415 2392
29068 26028
8684 14008
33906 2951
11589 20157
9708 35500
11428 9453
15773 19254
1665 20013
43372 28032
39316 25290
33508 2356
35602 13697
40046 32988
31015 43409
21333 40048
39126 39312
30780 41019
16431 10635
42553 1611
40391 46634
27741 31899
9496 48202
12408 43819
22364 45698
17183 19175
36458 14117
39941 48574
29622 27419
33385 8015
10958 28775
29936 45498
19304 36255
37733 13475
36651 1314
47913 2007
48082 10609
43964 48878
42203 49560
5649 35166
3643 9539
15974 29389
38320 26181
23788 8561
36089 5021
45351 42858
30548 33756
9911 35437
32200 26527
10206 49097
34505 7013
3359 43189
36621 45890
4797 40558
47129 8497
43016 3243
7649 27641
16775 17681
9895 1883
26078 11352
25905 14711
20883 16985
20153 34337
16596 11410
3831 49895
12809 23082
47991 25273
8093 1587
45204 18031
22125 44906
20565 47890
13152 20118
45449 38810
39981 13605
3617 9609
37470 22901
46285 42294
17274 47454
33614 48596
10254 25874
46059 49370
39122 33373
32587 38084
46309 20143
1400 2998
47231 37436
30194 33386
6838 48837
32246 13463
43903 19255
2804 28820
24854 2223
39288 44418
36956 49969
2568 36634
19766 2162
13597 6344
11543 3243
6844 13034
14414 39244
18388 46593
579 26953
4943 8434
21877 39787
18211 2016
24553 26497
12530 49396
11603 35611
5140 10475
37538 35284
28273 12595
26704 6233
46255 16293
9314 24030
161 37600
3569 34416
171 40991
24452 22605
15977 48591
33838 6876
11636 35222
17653 39075
24533 35897
31532 24409
24002 2211
36046 46503
19890 22769
33511 12535
34472 33743
36964 44028
32165 19126
32191 33386
21266 5301
47696 43385
23786 24574
40933 6049
43701 46245
3181 14815
20409 11883
49560 24255
23774 37369
3282 7026
35292 40438
14674 7932
33929 6613
36550 22830
22305 49277
47344 44594
35161 16862
26288 17281
3148 6528
31772 914
124 10380
34344 11907
19559 15353
14633 960
13402 13803
47082 47857
19474 16395
14535 14829
8383 4938
21050 6485
46862 34613
45638 40210
49884 18347
35033 34197
19159 15292
11436 35367
13603 44912
29773 41522
15504 8411
32283 29159
14754 7183
3422 12572
29031 33352
23101 30927
78 39022
12598 6319
40662 42783
12812 34168
42907 29715
24664 26079
28719 12498
10682 36474
38435 42706
3299 18709
44101 21014
20839 42965
28047 8134
27682 11813
33452 42885
37311 8749
36725 39551
22005 33791
16741 14762
16104 29564
7609 15196
7462 13431
33812 44151
26415 13207
37015 29894
28685 9732
9257 46359
19973 44197
16615 21620
36136 25609
23700 44813
5794 29931
42928 10960
42261 63
37306 29516
6116 14849
4296 39404
6219 26539
26849 22172
17841 6712
30908 12025
2089 36864
19590 5483
41939 5237
8758 49997
18393 48035
4760 42449
4789 22278
43626 9854
48268 26961
13301 6396
28127 29988
22991 10577
22549 19203
18306 42098
17834 32490
19906 8228
24198 41815
37388 6914
16914 21882
15227 46087
121 36657
26526 13868
38966 8071
40259 44562
27425 48805
25206 21339
23867 11215
31438 8470
27843 49724
600 38285
22498 48068
42194 23668
42236 27442
13091 40592
13601 4864
19915 39238
149 33202
28170 7825
32095 49095
30741 43650
3676 48873
49677 44277
30058 261
38122 22536
20466 14817
28088 45571
28414 21406
25146 21512
46661 29089
1058 23498
8410 27674
577 45190
40180 16292
46926 36158
10477 48004
3578 16333
15749 903
9841 38850
13383 7017
6088 10192
28016 46454
28106 20939
15449 1861
16384 2527
11789 3703
3163 19978
34881 41681
5867 38087
15191 3412
48511 44945
40104 37484
20790 34380
16064 28859
10086 37175
39948 25903
25229 13990
43192 36903
27081 36800
37767 20184
29581 18772
32220 22030
38899 9902
7331 34354
45204 4901
4112 9151
25641 33724
32077 1752
17587 15078
28907 43161
27127 23028
25970 16227
18837 6252
20583 39806
35861 44761
42951 49188
13315 18225
7200 2839
25152 13620
40916 46551
31287 24906
42908 27807
47615 1987
30785 36039
31103 1065
28388 22088
33384 16837
49604 42435
1916 17288
13493 41139
18579 19561
48926 3827
31286 49925
30541 1004
32584 9997
49371 27361
7773 36113
43930 21619
7928 3906
38799 14925
47921 20041
12064 48967
19635 26677
47485 4234
113 49288
20540 14461
39251 10739
4080 29879
20229 39629
13871 25817
39564 39106
2624 42873
31614 20892
11032 39774
33435 43443
18348 24342
17972 41493
4844 36748
1548 2245
3789 8377
43393 40475
5740 29745
38128 32896
16513 12576
42788 19163
1644 16959
48295 22602
36109 18303
22131 8205
20118 13844
46067 21577
49972 39980
1002 31780
8559 32804
15294 43717
43439 14298
49347 30867
4389 27305
1134 17117
10500 9441
41814 43546
8061 45559
5531 12391
28411 22780
14804 9064
21880 22017
42413 9788
26551 7476
18175 5257
40003 46024
47748 20084
6065 16623
20349 39587
7779 14169
31782 42501
40841 823
28050 18599
43349 3037
28485 29214
21120 4664
32793 46662
23122 30525
37911 23135
25104 46862
20783 5974
48824 20571
22649 28460
44675 20312
9371 16476
28378 11426
26754 19527
20143 21251
22075 13826
31354 33082
10297 32572
3679 17758
5470 10932
19866 5553
20464 27066
10307 5988
10374 2977
3665 13879
45966 33564
39528 34897
43015 1578
216 12819
11599 48850
24116 30967
6907 28987
22914 10770
19334 34057
49059 34611
46683 11827
44528 40162
7808 27176
17328 12088
47621 28883
28892 27270
22863 13398
30183 16145
28782 42308
25271 4603
37928 10845
12554 3409
605 21304
17589 41230
41488 6134
2210 14006
22824 46948
6946 49257
4945 31219
35868 25489
25363 21321
24480 8584
3927 17728
22063 5312
15161 8328
18562 14217
23149 25328
4582 20134
14770 45457
30932 18927
390 4365
23134 32095
32139 31371
18759 48543
28089 11211
45629 9924
43624 26345
29723 21352
42225 12951
25065 31359
48070 41821
9342 34212
32677 35897
40004 6521
37122 12577
46560 6986
46098 210
6569 1479
22727 14135
49955 8496
30888 47243
30907 48970
41124 22659
47432 2455
11307 18030
19064 45365
27110 19524
44591 40631
49893 46102
602 35487
19708 31556
34709 33424
3087 48415
318 2147
1116 36159
6697 34477
34042 5959
24402 48898
21575 15996
48537 13862
11139 27478
14057 13799
39741 17225
36219 20568
17632 18569
24243 25515
8885 31827
31074 4558
36621 18730
10051 17452
19828 21321
24974 5570
31552 11991
24080 36620
41676 27862
28068 18398
32951 10404
5003 38053
19254 24948
8275 19143
33940 11224
7844 40810
16641 23851
10017 32316
6058 5367
6576 43370
37280 38132
32004 48425
46658 26149
38468 1013
14833 21484
5283 32735
15466 22238
3401 42780
2464 44214
33170 26407
34323 15222
41968 22610
22157 13255
9176 31210
26988 37597
22392 32007
42526 29169
37355 19981
6582 48087
48538 37728
29001 23201
40507 20382
3258 44159
36885 23038
41709 9200
42441 6054
41248 2945
12500 20385
19549 48294
9348 39619
14658 47987
49641 33035
12937 39685
30616 8133
26248 45353
18799 19529
8139 26064
41534 29675
44317 6119
49187 41689
6340 38593
9432 22517
30859 38532
17586 23274
15430 44943
13943 47833
19760 2008
34739 47721
25020 41283
40130 3575
22063 48417
13389 41207
19045 21644
22452 11119
18061 17076
34239 42778
23045 13321
44784 32208
35970 46579
34071 9352
5071 14348
34462 49217
20092 23535
7094 13217
24400 28411
2377 20049
26357 34595
38146 36364
18877 12960
19666 48937
28341 9534
16969 28785
39004 10599
3747 30546
16953 6791
9164 8129
3573 22889
13009 49608
22110 33001
35983 13842
39275 42136
22980 24702
13408 8083
33609 8012
23908 23030
1555 14957
5370 39600
65 47918
41731 18010
26681 7507
2722 38580
2843 20268
18414 39890
1273 20170
39118 1659
48152 32821
21743 2191
12795 43333
21846 4003
5085 16296
39528 33700
9361 47864
1641 45204
40957 4376
30548 19787
17972 10614
12790 48872
3036 20047
9103 14462
12357 5598
33577 13568
14664 39407
30283 36968
23862 31871
30076 23387
10282 8086
33420 38439
3712 26098
46785 49420
31499 37494
27549 33794
36941 11610
16826 22367
36184 46651
44964 42760
3074 16072
30586 22430
46931 8804
18217 531
38160 34205
11869 41610
5270 2264
38383 41689
22050 32011
24413 40344
6873 24706
891 13382
22719 40497
21373 3631
21486 48790
14978 26137
49380 17876
24116 25976
20962 40995
18380 40691
5787 13628
22899 1839
28413 41891
20322 33916
24944 8438
35062 3387
7049 1947
42647 24465
2955 21793
32588 27434
6778 19297
21853 9180
43574 37082
11914 29055
48961 31634
40052 1898
14517 46002
33080 19866
34140 21440
5806 40320
42486 1376
46640 29318
11011 40647
7457 40807
22588 10217
9747 23270
23385 33488
21892 13630
43422 34603
48626 47149
29371 17139
46564 1827
3135 22846
7446 47885
27372 19687
37554 4694
36948 22126
41916 4320
36913 11977
22325 17155
38552 110
24870 19229
10568 33420
29061 13712
21546 49039
47253 10530
16644 3878
45393 24616
30603 27364
34907 7378
48269 18050
34824 4377
4906 15176
36009 18333
15489 46247
2956 31663
7589 49552
35348 4271
33316 21044
49679 9968
7410 37345
37392 4377
5991 18964
37443 26066
25906 47021
17424 36191
26029 25050
21004 24341
27742 20840
42371 29818
31347 38742
48238 9538
44554 17755
38931 32934
35243 15117
21055 20898
49771 7517
29915 38355
9002 20920
49837 28122
17488 49818
34266 10721
33502 43031
48374 46499
21711 31844
263 446
612 1151
9062 27482
34762 1478
14098 13505
13131 8614
38679 34266
16437 4282
47559 3969
25471 12084
17889 46718
38239 33725
17532 41478
13938 19428
3925 9898
48089 40576
22697 5906
49541 46954
9906 36109
16967 18396
38725 24107
9683 5112
20729 19783
16917 44943
5897 16922
9840 41028
21444 46565
30889 5585
25168 9048
9811 31972
39486 13454
35884 15796
33280 35563
35704 29648
20714 12544
3884 23806
41409 1467
34095 1720
29725 47774
35277 49096
39331 10850
28310 47458
2477 37686
17020 39625
27803 8037
23187 24630
38066 47727
16071 23274
35989 27746
43070 35004
45818 40104
35024 12843
35778 47310
25263 14968
13886 27111
29217 42617
33588 10465
48074 30325
46828 3363
47010 40836
36735 40788
8985 13773
23897 37827
12277 23945
7534 10532
39063 37439
13459 25181
6277 40232
11669 32984
9005 21484
6491 13117
5042 40581
14374 27597
45147 42455
7372 42861
40068 781
15242 18647
31997 5546
9577 26792
16953 2732
43175 16204
40121 36424
45547 32006
34940 40489
7916 31170
29969 43203
495 27437
6961 30829
40503 32193
4290 33712
5282 37781
20181 10991
33565 36430
41772 41375
47319 28547
3933 15817
6286 1546
34784 21399
38742 38100
42378 49441
33323 7318
6115 48288
26602 31088
46500 28044
36081 40749
38358 22790
39930 8627
156 38392
4918 40378
46092 21443
27103 23937
38097 13953
20555 23378
11078 43939
26049 45862
48196 29263
17283 27604
20183 30064
44542 28747
23115 48963
26245 17102
37874 49104
39400 16965
30628 8297
41712 22601
45473 31824
37528 49961
41678 31258
29405 35038
29598 15342
24309 27814
45134 39529
29660 2186
9800 46870
19095 29888
13217 12389
18778 11369
24155 33023
24438 47464
20655 23436
15438 3878
47231 13200
16113 14566
24323 9360
10455 33286
7866 2149
10217 5016
18685 19353
36858 8043
28416 45804
44735 10335
3335 23950
32068 660
6920 21588
14640 10781
3980 23197
1690 15205
13482 14956
49240 37702
2654 16741
20461 27706
27795 33772
16476 1697
9386 2831
46969 21919
35519 21690
8943 48385
28889 30755
9397 7209
20109 4798
43028 43122
10690 22620
45332 51
12691 40628
49169 33343
11621 4487
35815 44810
8052 16669
30849 35404
13853 43570
48757 48472
41285 42397
26710 20255
4977 34668
33097 19286
9826 19124
34842 39812
5255 36359
3664 48754
11680 15444
43593 5477
47013 47757
38365 31986
36773 24244
39265 31720
48003 2137
22710 12704
29191 38674
1159 22255
36954 45923
48139 34799
11951 31580
43936 28471
46176 37889
20982 20369
14889 48060
9086 12295
46353 22860
29995 25163
36666 7464
21893 7268
43045 47073
48818 22644
33060 36076
2281 35786
15166 26881
11382 399
34167 4277
4379 31430
43420 18992
19425 46252
34597 40662
8338 38926
8318 11153
7487 45150
39086 97
11821 14154
43879 22873
40166 35277
47718 5485
19079 47060
538 34727
22368 1300
17746 1312
22887 40630
45190 33565
39004 35778
13293 12808
47162 4723
35946 43681
677 32152
5675 23927
27230 9911
46579 44418
20181 28051
46926 13792
11827 43061
22483 39248
10407 46704
2669 32771
43373 1845
4481 41810
44335 45997
15818 4291
8239 36842
10322 31556
36573 40664
13802 48601
25047 2063
4583 39457
14196 47417
30292 12695
31614 12580
31129 3175
24206 28256
1859 15828
8669 18931
7061 48939
14702 44711
37041 17633
38933 6010
8547 28319
30792 42656
14196 13187
32763 21179
22194 8698
22794 44555
6141 38242
43430 18686
26905 28660
12355 22707
20934 13777
3521 29019
12 49115
40058 1928
7217 40429
28938 18594
4335 49441
34921 9574
23149 34025
26771 9166
17599 31546
14328 2306
15444 28810
4921 3110
30701 4858
6150 15399
5437 10346
48521 20899
47950 11741
12226 33361
36619 32954
12470 517
5706 19326
35626 24623
223 31765
13237 6223
14870 19751
26544 48099
3462 21216
33235 31231
40840 32296
15243 490
13063 23116
40461 22721
18330 14061
38433 390
26883 28383
37264 32536
14370 37344
23133 7140
49535 4230
25284 15035
44617 26438
1129 47788
591 5887
10021 29464
33630 6918
20330 12663
41096 4996
18872 48641
49189 25302
43820 33989
28863 37935
388 35968
11767 26266
39071 11084
26968 14782
46939 37000
30713 41924
48462 2798
26009 33488
39830 24220
32621 1245
19963 267
3828 19047
24479 12043
37354 36492
28314 36893
6519 12180
4835 33603
18957 47024
49677 47487
41150 37644
20595 43730
9995 8961
39048 49222
705 5587
27389 9261
2784 25860
17178 31917
24057 17138
11343 19553
22567 23966
4707 2439
10790 26369
21037 46292
43802 43629
12478 32460
4742 24101
45347 15792
31761 29008
25559 43376
26376 35436
31477 16370
27086 35598
40676 37670
37481 16235
32255 40907
36515 11305
42604 3216
43967 4862
10300 38449
41100 47318
17423 14597
34559 4191
11934 11572
22940 2536
14591 12988
12458 33544
22076 24194
20431 44923
2735 49565
35173 11856
27431 32774
4983 11297
6778 30814
13299 1626
46280 39640
6609 33580
17268 28236
4198 28972
4108 46236
49036 7004
14011 25953
4261 44105
37368 41122
46369 957
12598 8560
31339 33040
1390 21696
37483 14883
33237 19150
29287 33731
8008 10690
25399 36894
32877 31671
43395 38155
49467 42333
29825 22854
18554 42987
17601 38279
16193 45442
46761 22898
23024 39877
21390 21081
13235 23652
21022 14598
45429 29379
37823 8677
8479 23719
13443 18240
9077 39693
46057 77
46266 20944
3250 38114
22717 22745
24607 21110
22033 27523
47362 17064
45262 46825
28528 41822
18425 24582
12257 31814
33718 45736
17482 15266
37222 35663
26817 13819
23795 33266
16400 19714
13867 46306
48468 43324
3538 39229
17647 8130
894 21569
34764 10981
35990 39001
38705 6267
23312 1411
23243 23456
47850 30630
47348 38832
36986 34142
48009 22192
20578 363
44547 26069
6952 25419
14658 19339
43981 10533
46092 522
20075 27079
4152 48845
29819 10642
32163 35481
49058 32188
17339 40847
42087 6761
29346 36010
43265 10284
19854 36702
8898 11633
31241 5303
25169 31277
13155 44957
2913 31800
41425 20082
9726 4075
2301 19597
6739 20438
46185 10033
30379 37694
33398 26814
18386 36155
6580 12784
41738 5177
29745 34641
30579 2229
46707 9037
10055 38930
33497 41027
18137 38604
13724 20354
10860 691
37469 9466
45886 43143
42906 1827
39151 11072
1261 40084
28455 21821
15952 26906
45484 35574
19360 2224
39881 468
7338 36235
1022 4743
8630 1636
42722 29610
30970 33374
7928 20673
48541 9858
44658 42109
31959 3001
35889 22575
23331 39479
48460 42915
41103 28938
39900 2103
24996 30706
49331 4561
46143 12017
2182 4318
9725 9375
29847 6401
36242 13455
21557 26896
12205 7933
7684 9534
5999 43376
22305 477
34003 5552
49786 15959
22082 1460
32210 2316
29308 21570
22150 35993
45446 13924
10340 17161
22774 48887
21415 2782
40460 38741
5781 46916
39581 45349
42036 39659
42758 26831
7562 24880
24009 24634
21116 18926
2976 40762
23260 48426
38536 13049
35503 31334
11784 36470
16336 1140
10904 2
32730 9463
24105 19033
22638 43512
28823 16875
25830 34662
33591 10825
24105 29393
40923 42739
7687 40414
21769 8461
7632 43079
37747 44660
24817 7943
24177 39663
2812 19612
6851 4580
11457 13466
28632 29906
28307 31242
5197 20271
9275 22831
34903 37686
23658 41873
30183 12285
28875 9754
40661 3051
32994 8384
49921 5665
39508 49175
16022 43701
33843 27835
33646 25004
21472 13018
39681 4902
37053 10346
35798 5596
19848 21752
3377 22757
25319 33477
15597 10787
45287 34221
32362 33684
48939 34812
3404 26125
32494 47959
39354 10831
8703 31397
22970 1983
38579 17963
14638 9300
43592 3766
6348 28516
7176 47866
16652 3763
21589 13011
27537 23861
11776 23161
23712 45980
49889 44735
46320 35717
32863 31294
16387 35915
5750 47392
24264 32918
20854 48421
29087 36089
14369 29399
34614 1445
28139 34553
39578 12974
32590 211
5499 21404
21946 14031
48984 34337
11610 24137
23153 19277
10141 7291
2537 30830
25486 14211
1676 15238
35800 6232
17497 29646
6079 31462
10783 14622
1319 36142
40183 42288
32395 1447
36064 18901
12524 20049
8544 12753
24862 14007
11159 13628
19038 9273
27730 37147
40465 35043
40961 29813
37738 17386
8397 19764
12269 31791
8532 35611
28295 43280
46296 26442
5774 41020
18785 46835
29054 46988
21086 6123
3013 36394
24742 20836
9628 45799
40674 4879
46399 37599
9452 8339
20058 21785
32909 12319
43679 33352
14836 21790
19798 24400
38070 33507
41655 21676
14035 15508
32381 27407
23820 15559
42165 9221
37093 9002
21192 31628
14524 11087
4744 48589
41986 19103
12574 17846
43494 1371
29363 28669
21669 29108
24135 7353
7185 35235
251 25526
15212 39555
48802 38915
4304 23693
24631 17303
37476 31408
19908 39489
35003 47234
8595 30830
4205 5289
34120 39229
13317 31436
7072 35435
26975 3350
38348 3010
13784 44204
17704 20029
35755 18024
30584 3855
6094 38799
2753 34412
17532 12571
42622 38539
5266 17634
17636 5663
1111 10817
21939 37508
17873 15858
20440 22799
24680 32543
4279 46225
39274 24391
28627 31642
42095 22092
37418 46203
4357 48815
10200 23434
31328 30562
24098 28556
14554 1637
35199 17600
27181 25165
3067 37174
30870 36094
39016 34065
49917 21786
22696 12681
1201 30986
7560 889
35718 27567
48999 20815
34274 47466
35219 32767
19263 44434
27343 95
21548 12988
41087 21217
19374 20586
409 40091
44298 42243
23210 31847
8616 42251
44087 16054
7519 20086
23784 4013
8861 3646
40329 16948
48036 23495
6775 2047
35748 11656
46231 45236
41691 10970
9181 9871
32331 42956
39119 6017
671 14525
11298 25994
904 33889
9653 35131
25989 27207
47282 31233
42037 463
2754 31727
4553 42404
41023 42552
36934 38592
14156 14648
25310 34505
35202 15266
10527 36093
27110 32038
12448 13128
31719 47480
46870 14024
13186 28773
42406 28733
8644 31347
11335 23726
44052 47029
13921 2003
426 10489
20348 6856
42151 36324
26940 4202
15234 32622
45119 18769
44789 19117
2542 25265
18544 48700
38942 18889
24207 4935
24005 46582
33358 31434
6898 27551
46961 3871
729 42991
7954 42439
40519 1479
12569 46406
27896 41985
27438 38901
11446 38567
19689 47393
13913 26762
17299 49673
20216 22409
47458 15034
3990 10660
10690 25957
3865 13837
46264 31184
17262 41882
44731 37442
31478 46883
25317 12064
25816 25858
39253 5450
1784 16259
6631 13897
7460 7875
42712 22868
31029 37332
36692 26841
7302 15163
28438 19709
7508 4086
4459 22791
41312 37016
20963 29220
38422 48644
24565 31042
32899 4640
1147 40828
44120 38455
7143 45678
34962 28830
31660 44547
1427 15245
19150 12351
6859 39176
32661 37793
28578 49045
47891 14059
14295 19212
5033 2404
44341 47814
30624 6445
48613 17043
12148 12678
32046 20533
25647 31982
14464 26864
40467 41407
28910 36714
31949 48277
33666 9790
4235 1313
29234 24710
3170 22918
37396 45146
6362 9051
21935 3458
21449 38853
23562 32271
6857 46386
18577 39863
15838 34252
28980 37533
24448 17127
24614 8721
35179 22653
33178 45606
48945 35913
34563 34160
21923 23005
41330 8468
45399 2327
13183 16478
8174 39765
21218 18792
45790 18056
35496 15663
32823 17103
29031 40011
16054 1409
13179 39088
9675 24930
31398 20086
22901 12907
36020 48849
15401 4115
6801 16829
29823 19610
47908 31998
15352 7438
43725 36492
29097 17649
35620 22645
32581 17338
13948 6567
39424 8000
2820 33660
35645 40695
43735 36460
31879 26686
32454 2819
20700 35418
8047 45245
18076 47402
41646 15502
15277 31533
23400 47646
29232 41793
48562 49640
12361 42724
36971 3930
35922 48614
38203 4398
18167 44863
14220 36365
45039 25111
2263 16953
33606 46459
46540 16229
9749 15314
29634 12814
32509 8707
23032 28115
35082 5164
30278 10550
46568 39258
4056 13907
10184 30856
5702 17000
36453 34216
1160 27474
26506 7251
25899 48205
20805 35408
13167 23479
10334 22386
17196 2773
12008 22236
20205 1543
47425 16548
28711 49686
29368 28522
15806 34598
34098 10875
2284 41740
37742 37876
2637 38813
320 43162
38120 7972
11784 34585
38390 27463
34842 32658
19377 31333
27351 13875
2759 46626
