17125
467 417
348 71
427 39
3 414
405 114
284 104
285 230
111 87
162 359
477 440
276 386
145 186
158 228
301 269
146 401
389 411
92 301
407 330
493 363
331 194
237 46
286 379
411 180
8 284
13 417
144 357
197 250
67 329
102 235
274 73
29 245
394 357
393 122
162 438
384 151
229 210
112 445
107 74
12 122
203 298
95 76
282 344
200 444
255 309
99 74
14 169
414 456
352 57
62 131
159 313
314 66
100 219
48 195
359 175
96 42
201 350
373 148
208 228
163 37
442 199
4 228
308 95
31 124
74 466
302 230
28 222
297 64
32 11
125 297
337 45
64 249
361 440
32 211
429 123
210 109
54 448
119 138
444 142
421 216
495 329
382 409
342 274
114 134
130 322
382 304
230 338
319 457
426 365
168 290
37 324
406 354
353 482
223 237
315 243
333 127
397 459
332 326
285 21
183 26
35 468
214 465
188 183
32 500
32 396
480 90
432 480
168 474
453 481
485 286
310 288
474 125
376 197
17 111
375 173
155 155
133 123
446 440
477 64
313 245
30 495
118 138
162 337
82 439
313 429
116 319
67 44
212 144
309 120
176 19
408 437
406 367
236 13
99 393
384 110
424 243
437 173
27 172
491 421
150 5
133 106
493 372
115 11
52 79
169 411
359 411
361 417
442 334
218 335
458 311
318 93
360 17
249 129
324 457
167 229
441 289
391 136
479 221
239 398
346 304
3 3
303 331
67 45
100 386
132 387
298 390
404 256
419 185
293 42
131 479
480 16
127 58
228 336
217 72
131 59
375 27
201 384
397 201
262 405
40 485
7 73
40 60
313 131
89 371
489 83
315 398
258 77
328 164
331 316
28 142
302 242
444 432
181 335
395 177
36 362
454 167
229 497
500 220
291 73
418 331
440 389
52 318
61 296
172 412
126 65
366 11
463 500
407 88
391 25
130 397
403 373
421 320
35 454
162 276
422 296
397 160
80 469
64 165
177 193
243 314
250 200
200 77
184 499
97 28
293 219
155 43
388 486
123 287
336 253
64 486
180 64
37 158
448 264
439 229
55 415
35 424
64 109
78 486
248 139
379 123
266 388
380 124
169 356
262 60
32 316
343 207
243 380
462 179
85 404
93 3
171 132
395 220
2 247
329 142
310 155
417 71
265 342
37 200
352 103
69 325
70 121
482 437
306 149
260 394
370 45
108 271
5 429
493 85
403 269
54 217
300 458
309 331
315 316
386 283
339 23
163 366
380 71
109 411
356 90
15 380
441 410
416 211
182 46
69 144
350 411
328 128
403 293
427 76
301 226
427 210
492 140
434 122
427 413
41 11
458 39
300 476
490 329
348 302
112 126
292 164
335 301
311 98
86 346
265 305
335 46
243 135
408 209
252 196
301 303
3 17
425 324
359 182
277 482
95 214
32 144
197 111
73 149
11 286
119 252
254 186
200 32
213 424
252 331
116 462
89 274
74 245
88 406
402 24
294 397
19 278
67 93
498 189
433 257
433 434
261 180
438 33
146 29
139 408
305 210
327 338
387 291
304 154
244 25
343 220
360 207
101 241
230 126
492 306
246 72
162 470
246 35
296 77
436 352
19 23
333 39
231 226
89 237
173 62
128 33
137 481
175 466
403 71
491 21
389 367
321 220
464 131
246 205
329 207
204 255
98 448
112 78
27 318
31 70
37 193
465 411
370 103
298 248
272 36
164 255
340 114
215 392
295 64
27 183
307 496
195 47
270 198
472 256
5 120
456 5
154 103
388 175
155 248
321 42
162 310
357 122
87 98
300 60
430 303
124 195
13 48
31 3
283 221
67 421
111 424
108 466
54 136
42 113
428 310
274 300
436 293
1 56
418 273
256 24
37 5
352 103
167 474
174 126
16 494
266 337
149 122
61 478
80 216
27 264
96 93
3 16
135 351
150 305
21 393
401 106
62 427
410 437
241 475
493 119
341 218
80 456
78 173
202 55
213 290
16 68
354 384
456 329
172 434
356 450
333 71
156 266
218 498
495 80
349 405
467 277
433 254
274 74
22 437
261 133
16 294
500 108
279 253
142 151
415 309
227 393
209 458
7 254
197 107
89 223
304 341
402 394
180 197
403 139
447 112
398 151
459 282
138 406
256 155
211 422
282 67
81 256
337 170
112 367
493 309
59 311
311 479
371 165
262 387
381 213
409 98
148 353
148 235
227 301
160 66
496 224
39 454
201 472
360 241
98 231
175 5
233 446
250 55
308 55
164 393
321 421
315 293
34 475
265 87
210 359
458 355
35 402
97 30
18 360
219 406
315 463
412 196
480 66
381 155
212 38
471 221
147 498
283 14
65 90
358 74
413 296
402 225
265 473
416 396
69 420
320 404
65 295
125 95
262 160
364 358
60 135
338 251
42 487
171 275
298 281
43 404
233 313
416 63
273 80
262 448
112 174
99 55
340 173
471 359
334 470
77 386
140 243
183 431
312 83
195 420
137 471
220 75
94 449
25 239
462 452
397 414
177 346
461 227
128 269
356 55
237 487
329 163
195 394
35 339
135 228
139 407
56 40
469 431
371 316
221 269
286 463
428 10
144 271
326 297
354 275
28 153
410 280
62 98
110 116
211 91
227 77
111 323
310 164
129 142
375 377
42 481
202 333
99 392
474 324
114 177
284 293
130 164
445 427
335 234
177 419
134 214
31 95
208 233
140 221
177 481
288 30
93 183
120 455
102 164
486 385
145 434
217 360
476 103
127 475
266 245
66 329
454 448
431 427
369 422
305 118
253 171
103 436
200 235
480 302
294 16
356 238
457 27
170 366
338 182
92 431
162 330
73 226
496 166
155 400
446 344
262 369
471 407
317 127
276 176
132 19
312 65
469 349
372 290
79 45
340 90
421 212
51 233
470 401
285 314
216 96
212 362
330 397
331 221
60 68
204 352
74 359
280 159
491 319
164 190
280 493
10 192
468 387
195 78
194 386
158 358
457 431
430 315
157 442
74 437
128 196
46 347
274 288
320 171
474 307
441 218
322 403
33 240
426 242
404 132
96 240
85 257
228 101
345 354
59 425
21 284
338 383
406 443
464 215
490 23
125 213
280 478
367 349
240 173
215 106
129 187
240 206
294 83
440 398
400 169
15 5
386 28
289 208
450 56
53 137
107 399
120 255
364 265
331 169
377 402
247 3
61 81
278 224
3 499
119 197
80 71
310 260
466 323
231 150
443 373
83 127
216 460
415 423
168 22
260 119
212 263
170 306
66 153
256 108
117 417
480 351
69 354
267 245
104 32
266 339
476 294
123 481
282 216
196 235
171 24
436 267
406 125
283 96
478 370
411 434
61 301
119 203
404 258
217 488
412 37
288 442
137 298
389 376
232 397
136 450
253 5
401 364
340 420
180 19
69 286
160 390
322 93
43 293
236 61
415 91
346 81
171 192
359 125
345 479
229 220
71 271
222 10
215 494
458 442
172 265
426 132
136 228
169 82
218 73
58 387
254 500
429 248
379 316
35 160
151 24
444 37
158 474
316 477
228 350
258 206
436 65
389 157
85 472
108 33
86 33
311 164
357 73
114 432
380 72
480 179
457 47
318 461
301 334
116 24
271 396
286 323
73 221
19 276
337 161
315 144
364 325
84 130
343 254
382 92
371 247
466 305
329 361
368 105
33 312
428 213
331 10
474 128
122 280
58 329
118 17
192 20
446 390
143 46
111 404
179 260
401 452
249 82
189 76
170 56
401 109
485 138
401 172
120 154
113 457
130 232
168 102
142 461
135 150
475 463
159 433
106 12
346 93
84 477
192 78
59 401
493 9
31 247
46 279
213 285
365 86
332 444
232 203
439 234
324 69
225 346
285 116
316 295
270 209
151 79
203 41
71 398
251 54
297 457
247 396
180 480
281 114
118 219
230 50
4 90
498 102
196 30
49 47
185 473
99 464
41 187
177 318
459 2
162 454
41 252
28 76
83 25
138 431
428 321
174 262
140 176
26 277
492 303
340 333
447 84
42 8
116 409
108 380
132 330
353 66
351 254
457 162
452 166
111 224
155 385
157 225
305 334
423 456
409 63
82 34
178 149
485 26
325 390
401 358
159 359
60 298
183 394
143 94
68 286
273 169
450 240
422 325
134 182
22 186
471 327
170 126
408 386
5 218
415 129
396 428
353 170
406 60
304 483
434 275
478 491
317 404
38 160
89 303
295 323
364 136
386 413
205 53
157 41
323 492
391 203
423 425
427 440
308 437
127 214
416 244
291 368
247 25
257 366
63 412
106 204
153 279
235 149
427 315
408 402
278 105
84 97
217 94
349 244
258 303
153 301
255 94
305 104
278 85
24 131
343 268
73 225
399 187
166 496
446 374
190 7
297 80
5 286
386 438
248 398
206 119
279 6
468 466
155 92
52 402
403 463
169 345
5 434
48 257
236 459
306 348
34 180
114 114
58 358
310 43
284 326
384 140
326 301
332 231
25 190
220 353
479 55
443 12
167 186
333 230
289 466
359 466
192 427
21 387
381 448
273 124
