100000 2000
2880 19019
42621 24139
39800 25686
21714 42263
41553 46165
40715 26281
35823 39520
34354 7697
20802 37539
49147 36032
41258 24327
43649 20408
31631 16468
37513 45255
34533 1329
26269 13728
17156 5521
20943 25262
42845 12821
5416 22008
31988 4016
13880 26534
19570 20688
17538 28297
36972 34175
46763 33648
36732 7767
48631 34288
13900 430
21878 23436
11992 2806
8297 23311
15267 14503
32928 14866
5492 18320
11097 42993
48549 30284
36879 36553
20398 40001
26929 37011
17847 42926
7391 33761
23912 15577
32545 16469
39647 975
19669 22434
6721 45146
40355 9629
258 12908
1614 46056
21040 31787
16735 19409
785 9711
48878 5217
7062 14158
13915 44917
31152 37630
32959 34423
45701 48955
24301 39989
27820 12335
18601 7537
9296 32137
27905 7009
7244 3329
31675 42476
25538 21883
9824 47735
42609 19057
11628 21062
10645 1802
4038 27768
38053 10352
47219 1499
20313 32344
48740 20087
32779 22022
33402 25834
17814 35139
37236 34971
1411 936
40543 25050
7148 22142
24328 27389
12162 46005
36283 14766
12713 32597
19900 12964
46151 47264
25188 36577
5298 37167
22347 27486
10501 44409
36034 4
42442 32333
4322 21356
34871 17809
22889 20463
583 26179
12303 28921
788 23929
20272 26036
16353 26103
33424 12806
25481 11490
3882 23305
17992 14420
32099 36204
10102 6386
48155 23321
35968 32612
33253 7547
21228 18003
29918 49025
4171 45180
8235 17794
6005 40365
8659 39576
27376 6180
19695 34544
491 4566
46240 39032
9043 43242
36649 26996
32815 35168
40989 49592
34486 9508
39385 337
21075 12783
17391 49164
10149 34790
24888 44086
42206 641
47852 1529
27294 17824
29337 20489
47013 12950
23393 9819
21507 29369
44526 18401
47430 18909
10427 33278
40298 42129
1646 44503
49434 46469
48015 21373
2098 37381
35983 16858
21266 6602
21014 28425
31021 40597
38606 42678
27593 38630
26174 20555
10642 46230
20557 47707
8733 32856
8615 18257
3054 2762
48830 18887
31603 19919
5826 20980
5990 24755
7715 1767
6658 20074
47242 48207
2857 19976
32509 744
11903 36985
3800 23419
7749 9573
13228 38174
22065 23614
2131 46570
22564 46234
6290 800
34751 49798
2811 10848
12812 43172
43038 11478
30865 34316
353 32792
46844 17921
27362 4195
30747 14540
49663 32114
12464 4924
25023 36188
13368 29807
34168 45061
25719 36262
34744 46945
24940 1996
44701 17321
41520 24
24317 19662
29108 11228
33990 20675
41235 23182
49239 27863
2386 15163
41123 46909
24901 19104
34218 30443
40349 5593
6573 7046
10233 44682
16856 6101
36626 41561
27421 23771
3599 13219
8661 32039
7768 20157
25117 36244
22849 38816
48172 39916
23160 43797
47366 41178
25320 25265
10750 18906
39624 15496
20743 46411
20972 6955
28304 46008
31505 1877
2127 19729
2962 25016
24361 22080
9628 48652
4879 11968
7028 35586
26995 2460
39429 36608
46921 12492
30500 12159
35998 13628
38841 20429
40989 44333
27858 15085
25136 48455
27252 41993
5613 32084
11667 39992
45364 45104
11291 9388
30775 5427
18952 32519
34843 42045
21728 17711
9588 39087
38385 4187
35536 23341
4138 5581
17454 37029
37074 26974
47685 4483
13143 40720
19867 34911
11376 20582
23749 1805
28555 2705
16489 46900
35016 24071
3866 36947
32558 18162
48555 46873
34639 43885
13444 27988
37983 31728
48975 43277
41255 44156
11236 41528
12453 37147
35940 38650
30089 25018
16157 2965
4413 6884
2825 7416
42215 12760
42874 38334
9389 10499
35360 27576
33191 30697
37670 27845
28187 35380
35830 14762
19491 36132
6254 45971
9430 7752
39147 5862
45420 4155
25804 39427
4044 31897
10875 46086
15249 18820
23950 25441
27432 47042
28068 16814
30871 47600
25655 41383
48005 29560
26050 2151
15927 46635
9858 9314
19225 23715
11382 35565
39437 29534
43763 25673
8114 26869
10323 37981
39333 5429
4568 693
45642 36476
30411 40590
40818 35213
5101 26278
18893 31755
29573 48100
3663 48174
40122 5239
1345 2263
16227 29432
7405 37029
33855 24118
34179 23410
25838 9210
39545 486
19801 5403
13651 29414
4449 16361
35743 22451
30647 46992
20324 41117
3213 28296
10334 33228
16929 21810
3782 4382
26419 13412
29882 30115
12046 21545
27973 16618
47627 15835
24168 32677
43919 2217
37926 15695
42398 32509
2671 27458
48627 1045
33740 11982
37645 19564
33811 41648
11258 20950
30731 46817
49205 8160
28919 6578
21252 2514
39638 39746
21286 9925
22031 44300
3671 4825
6478 47834
41701 44786
1801 20116
12934 3609
13770 5744
2531 41544
42798 7721
37400 20102
18589 6267
25319 30112
9401 33623
8642 25450
22225 37619
18523 42326
40652 14448
13854 38091
19201 48195
30287 9884
10017 1254
35900 46848
41729 7369
11507 6972
33517 29404
7194 39186
10683 6173
7114 48992
40279 9674
19743 25147
3920 6528
18521 33193
2069 4823
31894 47931
28953 6665
48151 5845
44714 39753
24061 18610
43466 41292
18865 27978
27291 6812
24612 30320
44143 32125
22475 30598
28763 14524
18207 21775
3316 821
46449 7452
19012 16458
3678 36709
31095 24261
15385 46286
33 30637
8230 38176
23074 49527
42837 17956
521 5305
71 3626
33937 31934
8859 12138
30683 49395
34775 11900
46507 14084
24817 5537
47579 16378
48766 4210
24817 44852
639 387
8776 2613
41059 33049
867 36519
26433 39457
2975 19503
17385 15938
5358 35465
39510 32272
1194 23473
18601 17449
16545 40312
40929 9735
40771 28113
6692 32084
45493 14297
24823 35981
40948 39244
25716 11156
21664 32163
46719 33763
43141 28480
36459 2440
8120 46212
18512 13275
42376 23064
30866 7455
16265 19213
44513 2175
38973 45249
19212 23347
26044 47812
228 37424
20172 24177
48691 42447
49815 18523
30313 11788
34197 28267
31679 27001
8149 43839
49626 46623
43901 22091
19089 18525
28642 16695
25993 26357
27164 40853
36724 21047
33186 3976
5798 12935
17044 47316
47993 29168
39921 30485
13759 19416
5410 48227
31095 36354
42990 485
11408 13150
38038 48695
44871 45418
36991 24202
15 8825
44312 9943
47390 26669
9505 4119
37077 18940
23054 26695
31531 7992
4671 21366
35356 196
40121 7553
9964 41847
49707 12531
31048 392
13783 11563
34226 48477
8063 37078
2768 28644
23704 12538
20598 46536
37786 2485
6200 23108
19703 36510
12601 39837
27622 9033
20326 34677
24918 15480
4902 21754
30490 17514
13596 45496
44088 44564
1188 9062
47912 16229
22891 24734
10876 39849
26380 2117
14497 14898
23135 4289
23454 42822
39049 11736
22164 17145
19335 24765
31715 46751
20397 42739
16344 37362
27773 45589
22669 26914
45666 45834
45452 33482
4230 23328
3992 25155
23160 30121
18321 36237
12469 30244
35694 41833
10851 16446
401 44654
29971 39880
37775 3950
39260 26419
7764 8750
17047 2481
11582 49491
23383 32458
38446 9834
32255 12409
36987 46754
38984 7353
23278 32760
15026 6286
44651 34379
31592 22702
32894 31117
14218 46215
37349 19769
48740 24051
11934 44563
46532 14226
22691 8338
14286 3419
34310 22065
32693 39343
34606 8002
26837 9923
37623 44803
32913 7540
3034 23843
7062 42308
19956 23465
14244 8282
36255 14660
15483 2363
34449 48600
15390 1882
41039 29261
17744 40306
40168 17939
11513 27791
34119 8161
39041 197
9818 36051
29117 5723
42970 44663
30661 23385
48547 1881
22017 3544
46794 9798
28991 3068
41518 1375
6882 16120
46507 17808
40667 30775
37099 37874
2300 24346
46351 29360
26407 20267
28521 17773
31767 44387
49916 28600
31981 41554
23313 37070
45527 42130
17804 34412
9494 7776
44981 10346
32638 28342
17519 40135
14627 45574
24389 557
32296 11010
25462 23323
19471 21417
7332 26823
4241 20549
23312 14414
29658 2351
5465 48013
41871 33241
9184 48614
31492 37683
33555 23418
22592 31774
20568 40393
24791 25128
22964 36833
30141 47212
21480 21674
20369 34228
9357 25087
2956 17829
20333 32256
4940 9310
12162 42866
31163 42555
41837 44125
21591 45542
30 45406
27618 37408
6412 22245
18611 46893
24403 32273
10869 9724
32007 16747
30923 11076
6918 1289
29070 34618
7199 45777
11863 19079
48609 29769
4875 24760
7634 4520
18492 31797
23080 4479
20277 9160
18036 45606
6257 25184
30940 12214
26460 47821
48675 5935
42027 17579
818 24532
24565 19287
7086 20719
24403 15688
21201 29773
33672 41696
40358 6690
1041 3341
5345 39239
28664 993
33261 39094
30828 35447
16601 23014
7351 42132
30309 21428
13389 38472
11696 17000
36095 3028
13497 45640
33493 8368
25583 17095
27714 33966
2545 46610
16224 43435
1172 7989
3522 46626
16724 22754
41984 4585
7587 49008
14749 21192
28118 45140
22648 14749
21043 36184
13362 27156
10721 38209
43648 5075
45615 15932
13749 3486
35094 49544
11894 12170
19979 22858
15860 11584
19395 17083
15801 41551
11392 11310
49201 34981
39559 38467
13840 48092
5220 49328
13702 12729
16699 38736
28459 43720
49864 3828
19129 21426
5009 525
43829 6321
19423 24803
16774 3777
47090 14505
27829 4275
2396 31636
8205 9721
14883 33840
33935 46951
48649 39497
47929 21527
19325 29819
16829 28056
42028 15329
7249 43474
22204 6915
484 35310
11981 6968
28260 35858
39440 15683
32471 10584
3642 29264
27843 46079
49498 37236
28774 34143
22087 1574
16032 2493
31340 16276
22802 21022
37167 25902
269 49335
19143 2767
38909 27547
24724 12843
37946 47641
26168 48657
21852 39783
39221 5553
4384 10664
41440 8462
32344 18678
26324 9115
2362 6870
25209 47981
28149 16839
41750 14019
45676 7140
40516 4614
17229 10884
39366 7698
44422 48821
39214 33356
7238 25932
7938 23081
5766 39145
37791 39626
5810 41991
5553 38070
7997 5598
44632 47978
47404 20217
44455 30803
42552 35305
32777 31390
47049 47457
38606 888
37987 31349
45636 45354
30570 1484
14616 27506
22993 24327
7647 4827
9727 26460
41806 34728
4631 16772
44192 4372
26749 8835
36189 37985
47951 44173
14367 35413
32444 28890
23304 33465
18884 3177
35696 11002
14992 27268
25410 11744
42005 17316
28324 14576
45904 42571
31997 17799
15811 34784
25327 13449
13656 48223
2756 23776
10529 26876
16219 15363
40348 46302
28837 8200
24572 7677
43380 14922
17460 29544
8861 49812
24671 35081
115 38478
22097 40114
39775 47911
17291 30021
5816 31673
19949 20907
49804 39983
31422 37350
24438 2940
49463 16441
3606 21249
35670 35795
30251 13008
26235 6239
27004 30289
35562 34833
2848 21913
46021 15464
24620 23006
38904 24215
46884 47623
31824 31859
35338 24703
24743 11017
39837 33122
23679 36759
13565 27354
40072 35419
11047 34093
44801 27249
4145 4524
30118 38115
23408 35929
20795 33838
44693 20294
8447 15683
23760 38469
3246 23027
43193 7627
5973 1331
44720 47196
32650 19415
32495 24224
39832 6165
18488 20271
29605 40488
146 7609
45105 47440
49545 22900
36998 11763
404 25291
37228 14803
45043 28508
46902 7968
33360 20582
11247 5917
34922 3694
31652 47565
41392 33978
39124 4579
47338 48165
35018 12142
13328 23777
8443 5770
32079 31274
43931 9567
47960 9111
14172 26294
3857 9709
48192 46712
38173 15826
12998 27064
18086 567
42530 3262
26628 12832
37537 43483
10340 5895
19032 15605
4647 45258
44940 16580
35952 15407
88 23918
36412 20602
16942 46706
32301 26914
41644 15046
13577 41772
48709 31264
38586 19061
6288 41051
45794 7025
31700 48509
29308 25622
35228 34684
31716 9075
24966 46596
3073 22511
5662 2935
20961 40885
42920 26095
7253 10439
6507 20608
45321 36559
634 17015
40390 23634
41236 37352
8222 827
6615 37268
10195 17401
22625 43029
44140 39620
35844 34608
5411 40696
31184 41716
19782 19217
21896 47228
28128 12997
20215 725
15619 32092
19100 2945
37354 4618
8346 18983
24839 1364
20394 15313
14280 43925
47598 38629
19690 14102
28229 14980
34011 42191
8553 19094
7312 45198
3859 40206
13860 1675
34632 42124
2523 16031
22839 17163
41144 42463
24435 20538
41767 16161
42144 20042
40855 33825
16238 1677
7563 7171
4440 30066
16419 33481
40020 2945
23947 14020
39637 19545
398 17576
12467 21969
39495 37739
14170 33291
44438 6626
8757 17307
18047 210
29029 29609
42843 23471
16577 13027
16634 4542
6840 29039
26702 8782
45192 33020
1034 37369
3480 44342
38436 23040
30146 31951
44294 8635
22907 19599
27892 24115
36107 7899
3683 38848
35209 39883
24532 30215
47134 30673
29725 5808
27081 34179
18573 24710
34668 21382
45455 17561
11091 36751
39452 46984
45708 10259
9516 9984
10933 23760
33111 32206
22072 11085
48825 2915
23102 19322
13358 43327
40876 21253
42394 16345
11884 41877
1483 28108
17993 6163
18140 12224
35892 45769
854 5149
39205 31237
16821 12615
28272 35946
23386 28361
43097 8569
26554 18948
44784 48707
33393 3450
18022 31651
36463 28883
44967 40930
49293 47583
28731 24595
31656 41358
18324 15035
17696 44470
7002 35717
44808 23279
35895 6193
49683 29279
6122 32922
519 21024
35288 23726
47575 23901
30536 20037
4703 1335
28801 48354
33349 29344
7305 36070
48921 15252
17606 43601
31170 12423
40084 13166
25915 15706
15227 37272
6445 33379
22930 48612
14001 4208
49635 12281
4031 39027
17070 5115
33535 29241
28757 37762
48578 6310
11671 2855
3244 22758
12995 11873
39134 43533
38707 24499
35705 46412
35005 21193
9691 7625
20190 21752
43871 47682
576 6360
34845 48292
20054 14303
47989 22080
10744 39682
1134 39520
35139 16577
19395 31036
47641 39882
7844 20677
44589 18460
9066 43815
5133 34254
45432 23349
11639 15011
9567 42991
22323 44822
33866 14519
21032 16393
13624 22789
29871 44233
2786 38224
22807 8618
28900 42635
31864 29137
34268 46187
8962 32542
4135 32733
38200 18700
10684 6812
48463 17940
16044 5080
30269 9111
30038 18882
25029 47184
18505 31606
27839 20629
13883 48628
36206 35617
5487 28710
18090 35877
11294 33134
38178 34884
35341 2226
8640 15248
28448 7691
850 31973
28966 3526
34114 2663
27020 7527
9978 11111
21966 1080
40254 39775
45672 25719
49735 23627
2251 222
6177 4654
24745 14207
30770 26079
40334 10638
23086 9770
37068 6960
5136 41247
24440 7202
21815 4362
49515 31032
21704 82
19544 45215
19554 15697
27642 19396
33280 26548
11863 10177
17491 28493
47647 24773
26534 28202
8020 34251
9636 7922
38986 37160
29344 31208
2999 505
3841 48655
23780 30339
4726 20582
4578 36005
39042 3163
13486 40109
27648 1795
49829 3430
25898 27907
24327 43751
7625 15343
49933 49081
49812 30760
21579 17912
35491 6572
42441 16803
13461 40066
8733 5821
21474 1147
19490 16707
17873 31031
12006 27109
45295 4346
35273 6442
4342 7766
35030 27077
32204 30006
47062 24664
23188 11373
20313 47004
46749 18549
32352 6169
27705 17814
12306 8928
24705 15075
11941 35569
13222 13400
46272 19983
44395 46600
22126 33733
31505 8324
35063 19075
30354 3812
29245 36110
46119 24733
5331 12579
25613 40249
45653 35860
24433 49934
38034 33930
9544 13413
40249 38509
36675 36833
18651 41770
13804 31508
49287 6810
7417 14147
26504 31937
42016 34011
30630 37909
37918 45753
30232 21212
20021 12390
36027 28207
42967 43845
40561 24053
6689 5073
20643 28662
38084 8677
6996 14866
1531 43576
17756 21758
42479 11304
33795 4947
2245 20452
34257 45954
25261 36131
37090 4631
40645 4004
25749 42103
40848 25634
27592 38377
16487 8508
16404 23736
29153 29938
20584 2288
38805 4668
29269 16848
41595 36600
22667 34071
6496 19320
32502 8986
30496 48164
9178 3009
4016 36129
8013 48926
8294 49839
43185 49332
27550 29686
28641 23508
14074 4209
46597 31102
18643 25339
10556 16306
39498 3515
28412 527
8018 31260
28462 3800
44518 7589
20519 25040
43666 5612
49620 49292
32656 1350
30058 29984
28336 25638
14577 42600
35048 18454
41519 6543
40509 42051
24952 7502
22184 46229
32018 23391
24479 9307
4559 27491
37135 46674
6498 34998
21385 39466
27436 45565
37722 49053
49652 20977
38120 10888
40730 36453
27 537
32278 14972
45698 44771
35383 12269
13050 6794
48945 30521
30250 38807
6399 24544
44329 47907
12662 35218
36486 37372
28597 42644
16435 39690
40134 4468
44442 47695
30200 28558
43291 37796
38489 12543
36865 48531
41191 46907
16503 32341
32729 49086
8652 11001
24104 14421
40358 891
35243 36769
2907 3502
12025 6828
3676 30890
11372 35756
19686 44852
43837 20197
23156 951
8499 46585
2562 30316
9278 2356
19225 1454
16355 2704
21558 9564
3538 12563
39589 27719
18015 43294
44398 36896
26438 22855
40019 46542
1100 8610
23113 2958
23849 22753
28877 14940
1619 40923
20180 11969
33938 47554
19931 38208
16768 48387
15159 46723
22180 44952
49141 661
10133 41406
33127 36051
39899 7624
8071 45258
45120 31316
3921 11073
31601 9110
28178 36604
30014 23270
19315 4538
26297 36680
29221 29878
29237 43115
6949 24427
558 6112
17423 18581
20294 31776
44955 35419
18657 34903
21565 23168
38467 16863
36585 10093
39707 16808
21731 14403
28973 37948
21430 30222
414 18715
1117 29969
1896 36288
34466 934
6112 12758
4464 16887
38934 27144
44923 47704
5624 9562
13930 37628
43178 38981
5656 37588
12735 45162
1487 42385
11673 34239
18163 38948
15216 15341
39459 15573
10650 38737
1497 24317
27104 1907
15537 34373
38885 33557
14467 22591
14724 3218
31180 26815
8189 42597
46804 39718
28895 48469
23274 44411
5278 46734
24729 34230
11183 22976
46983 33846
5327 29072
2861 20114
2513 36806
41713 8833
9452 19610
23725 17864
5798 4948
24206 15962
12172 12118
6435 35147
22712 30597
14741 49473
18012 9671
5159 15997
12485 20833
4174 21155
13176 6938
39961 36723
7627 31243
3577 39672
29637 36197
5282 7742
5090 30197
35366 5606
13780 25620
36798 9957
46572 9439
44754 43544
31003 47404
45167 27000
3655 40074
27984 42554
47362 35139
3985 34581
28504 17360
20725 32155
4216 38994
35488 1427
35045 12460
12528 14912
31882 45878
5038 30335
14550 10161
7491 34594
9979 10588
17311 29819
259 37672
30116 35884
49877 36213
22098 29212
35790 30887
8943 47753
3982 17097
7486 45353
6164 19923
2358 18766
10118 25802
44828 31006
39468 34385
33466 15986
38415 10131
52 17663
21390 20939
5891 45043
12701 981
7751 3100
31423 23556
29313 20114
45370 11266
544 9098
31868 23414
24742 48702
32938 35962
7148 19445
1170 45288
49495 26930
15246 40654
127 26899
547 40559
2122 2025
29047 45550
6385 42291
13008 879
26679 11793
31614 38267
11916 13251
2033 29451
1056 37860
7127 45746
47158 34050
3434 24211
21088 18192
10989 7221
39366 33597
25928 28503
46451 32769
36614 40416
31499 31649
5222 21932
7855 28238
41320 23265
23427 33124
45144 29571
8267 46405
12857 19940
27275 15455
23782 19796
49140 41617
14865 36974
27986 25213
32385 19920
48635 41227
28411 36871
32566 25043
29033 35683
9971 46832
41748 39665
9322 29631
44456 36118
5274 45819
1523 7585
41918 38197
2652 34541
47242 27756
38930 33638
14814 14202
20507 42849
35584 48542
40097 15407
49973 48707
24894 33058
38205 24799
25604 1720
32218 32387
26278 34563
38245 2140
13425 28245
32110 1081
4383 22910
10389 14132
39023 19058
21081 35275
9934 37086
28563 41548
1799 32661
8098 10040
8907 12147
1692 13338
12689 7164
33616 25651
24610 32245
21982 8895
11798 42330
26579 35217
24341 11419
23550 43321
47145 20420
24928 20836
43100 38216
32303 45183
22395 41701
29768 35609
9421 12756
37414 7383
18060 40060
22175 16559
32663 9
10667 10341
39635 24499
48823 14950
11046 16951
19332 1032
44902 31959
17276 24339
29220 26183
45667 37221
5852 7630
2987 41956
47308 39734
21604 6396
44819 2673
45384 40904
14020 6834
36833 11095
38812 43877
1950 44472
6937 43845
14658 48442
9691 11699
6506 15367
9768 31396
1317 38211
27982 35895
6267 1860
15207 41334
19101 14331
28398 46162
2502 1490
18251 46435
7276 39936
20381 33429
38543 40187
3569 47295
15192 27128
49378 8544
44730 20722
21161 27352
13994 49079
37313 7531
16608 12089
2673 12572
11065 42918
49447 25981
9083 29807
15602 48163
16192 24237
29211 29864
3523 5939
31710 10291
26008 3055
21434 14450
11247 4315
33371 42947
35183 32307
41962 3071
30883 28207
6376 36401
16881 43851
20426 36737
7597 46207
40089 41317
24103 29066
12700 618
40279 13018
47934 43215
16791 12493
16806 3177
6293 32794
41455 34622
10291 21463
2605 31783
24398 34411
16842 31048
37377 43940
46891 4649
35429 18414
7381 23361
41631 27949
36087 49929
23547 34885
49563 44111
49439 42382
46377 40988
19807 8787
17699 25603
28814 49086
163 20065
43821 45944
14982 13755
42095 7078
27548 35140
42738 25703
49235 31852
48425 5293
5282 26610
44142 37689
29083 4066
38551 14248
40605 11405
13909 13483
25316 44674
7747 25052
12356 4678
14666 36808
15512 18881
42868 45073
161 47062
31064 22940
35023 12677
16080 40873
29262 3260
6315 25708
23380 44526
10428 30987
4772 25479
10852 39863
25901 22477
22436 48860
32431 6810
49502 31290
47438 3418
42167 3504
29958 10257
32498 38939
37821 12472
37431 37982
10377 38746
11900 1989
39066 35022
48900 44973
18923 45425
37528 46610
29797 37357
44568 22532
33929 30195
34658 47908
12616 47637
249 2048
46380 10126
38616 2144
7535 11478
19963 22526
6124 26444
14525 29233
24195 27986
28659 49031
13108 15447
48802 18123
10517 24871
35174 13130
36874 39784
21876 11531
33367 36899
36195 13617
10958 44559
14780 26792
45826 33870
35752 1026
40032 28387
43990 24872
15064 14512
12932 43507
9346 5980
17117 38352
41437 32858
19368 46340
43554 15266
647 45861
17262 3452
30448 13527
22714 8517
40774 45064
30184 39957
33775 6585
40904 7122
5394 27037
15668 12415
9764 47536
41214 19037
30854 1872
14939 43638
7464 9153
32681 38952
128 16476
30214 15445
36689 38912
26403 48252
32478 16221
40952 17617
27061 3049
30822 28050
41477 26637
33414 6941
36964 32253
2447 37177
22422 48681
6641 4907
23046 4222
44044 4131
34580 12324
23282 8518
47087 35742
33466 49052
47741 8144
16035 12451
33399 47518
12569 35827
29799 6734
46434 3184
36718 44647
28369 2968
26782 41066
19935 44677
48811 10707
24367 40030
42408 34576
25823 39245
22275 45742
16686 28668
15861 34855
48684 33617
6300 37620
14867 17324
33322 27025
27300 27466
25816 41645
43288 24380
33569 1848
23152 36378
13206 5105
30160 9544
4244 1975
12273 21471
4800 20203
16545 15988
6851 29065
26001 10226
12974 14332
39941 43070
36982 2980
21181 37844
36892 13262
3775 46829
4290 23935
6882 39845
15096 32965
48586 26784
35563 4530
26064 24583
33058 38926
4854 6175
21197 34275
2034 31608
43291 29731
42318 29335
46797 16139
45264 49229
44652 6613
27336 16307
42001 14618
29347 42758
41919 14853
47266 13312
22187 14899
18895 8107
17754 43917
44954 17445
3388 32850
10042 3474
38512 10346
45295 13522
12605 4692
46999 14692
974 14718
47617 38613
31791 31873
25232 13813
46211 10018
17613 15255
42102 22208
45024 8110
38480 30942
13145 25079
7483 11724
25856 9625
44916 37519
15825 4512
21619 32423
29579 18358
3453 9882
8191 45640
23437 9210
6891 48936
43071 44005
4142 24976
43720 3793
21188 16713
16909 23001
41610 34602
32126 10053
4731 17109
47356 19291
4986 48554
47780 12088
280 31224
48419 42749
29350 23297
1248 31183
46777 19079
40138 31295
44327 14170
31337 3730
37642 39140
6984 19107
968 6777
12936 4914
43285 31381
45973 21879
26734 29820
34246 49430
40903 2389
40300 14138
24643 19255
32532 44873
15813 22563
5930 692
11321 49190
45042 32489
11607 22540
5490 49610
31842 20722
38306 28268
36977 21299
36968 7349
18824 5389
32686 14322
34225 25352
24608 30214
4753 3075
12414 26153
18366 45177
47093 38476
47390 28084
29941 7273
35214 43596
35636 39978
42311 32307
47638 19249
44602 35170
2599 29242
44599 34368
39561 18529
32579 5311
7457 34714
39715 16292
21697 2661
6860 47778
16244 37875
19451 12078
41062 4568
37785 41751
16351 49323
15792 43926
39102 27471
41954 39924
34510 11710
21339 28049
1792 20556
27060 32749
43212 35311
29976 8342
40887 37141
49532 9858
18459 19820
3037 32187
13052 26931
41738 20091
44960 40626
5560 9914
7220 18986
18778 43348
42671 32118
19167 4145
22958 25798
39461 6434
17778 18680
16008 4492
20239 7654
10462 45367
36178 11065
19798 24087
30734 44633
33098 3753
48111 39892
44418 8050
31451 995
27074 22861
38200 41776
41482 12144
10718 6871
20803 2673
23735 47607
5246 21451
12496 26922
44080 15506
45912 26413
9640 14683
31584 17058
20212 43535
4666 27589
33171 6983
41281 9656
20128 39141
32855 34759
13254 21821
24875 16267
12882 27237
25191 49697
16547 8234
34260 36921
27059 27051
13386 23897
26501 25761
20741 38179
47779 41308
11269 5935
43104 32745
24682 4590
