1000 1000
247 338
24 490
356 433
490 324
347 11
428 318
376 475
109 460
147 409
90 20
353 316
372 278
55 430
316 478
98 421
10 141
196 45
324 83
414 170
27 429
371 313
199 310
383 488
150 179
163 287
94 414
286 127
479 376
126 31
388 482
301 355
226 42
105 2
119 282
354 105
463 382
50 306
395 61
105 139
81 311
119 415
264 204
178 135
111 95
441 447
2 405
275 340
365 220
219 451
352 42
366 398
389 28
417 250
164 204
286 384
282 156
84 110
278 352
494 431
2 165
186 386
29 390
299 408
311 212
98 446
75 112
327 251
204 290
435 191
119 147
119 444
235 99
85 328
252 193
441 206
411 169
478 64
413 111
400 122
220 414
368 435
301 313
254 137
332 230
181 250
324 228
239 101
302 295
470 437
68 264
324 314
147 146
212 235
26 496
405 336
381 60
325 457
221 324
152 403
51 136
46 127
107 304
205 373
322 237
437 449
292 261
226 351
315 180
289 464
282 272
284 69
164 448
82 100
245 126
135 297
284 61
313 136
233 100
90 112
377 223
34 338
140 425
277 8
277 426
80 136
51 304
136 450
120 13
210 13
413 17
60 81
446 438
333 487
228 317
156 463
302 432
487 235
432 124
291 67
162 333
476 479
301 44
335 15
183 154
125 10
5 129
386 68
167 133
79 109
314 194
241 228
145 137
334 52
259 210
389 203
312 452
151 476
488 442
357 359
259 197
229 408
271 409
243 265
165 108
118 412
396 484
414 121
146 243
358 260
272 440
229 260
469 81
376 401
431 33
264 33
267 254
391 342
466 286
225 93
62 261
291 355
234 261
281 147
289 6
390 129
208 71
441 299
17 412
469 177
250 318
388 259
321 215
349 198
50 51
490 310
487 400
74 482
293 7
249 170
409 170
109 161
450 98
383 491
444 430
221 362
98 482
209 361
192 137
66 355
315 193
255 173
487 82
428 262
297 355
91 459
75 166
436 87
360 292
485 75
467 79
410 191
444 384
493 61
49 62
337 472
458 147
17 44
127 170
308 469
345 483
174 56
228 380
226 319
21 283
185 9
340 296
83 37
220 494
151 191
312 434
64 302
98 485
425 430
163 186
209 112
432 413
324 17
281 73
191 241
277 205
108 152
403 445
61 89
209 50
449 49
275 148
108 377
331 354
473 383
481 329
128 481
30 368
231 468
69 452
138 435
18 180
105 260
88 68
351 284
209 3
40 276
61 195
460 252
220 477
330 196
251 156
53 361
485 468
118 446
172 497
239 227
369 85
400 108
438 288
484 290
462 37
487 109
245 264
373 121
298 289
451 91
122 10
333 90
148 229
218 213
243 464
440 225
81 178
93 263
110 205
86 300
171 152
355 486
16 134
30 11
306 171
66 127
440 255
131 247
308 155
445 478
332 200
416 109
404 51
105 126
169 392
213 440
17 28
222 80
220 162
185 497
68 15
257 150
57 383
480 224
441 484
95 460
307 149
348 374
387 309
474 295
497 372
268 195
360 470
427 182
225 343
184 213
326 263
102 447
428 182
155 20
287 95
128 139
269 68
176 27
373 72
293 70
128 498
133 280
379 178
313 421
339 71
42 369
449 13
405 274
466 50
490 64
224 360
469 147
27 365
141 407
384 478
238 191
88 205
449 328
241 471
116 80
264 456
478 349
174 195
212 345
372 442
157 211
59 485
448 468
259 462
109 326
106 304
138 168
281 459
60 67
153 456
342 436
478 261
28 128
280 336
159 383
84 294
500 123
386 36
61 190
433 92
261 151
77 197
313 110
210 401
400 156
100 152
163 19
253 467
82 41
134 345
299 315
34 57
202 430
361 431
394 167
443 349
408 290
20 69
142 227
337 452
191 172
265 126
239 380
341 403
2 352
158 103
465 375
68 415
312 113
316 354
426 447
26 151
170 360
196 173
102 253
191 445
74 449
395 409
88 187
493 482
2 318
198 340
439 393
225 147
270 81
387 271
127 474
223 456
401 314
296 363
453 387
94 393
359 273
399 294
313 172
160 476
31 464
207 425
361 406
233 170
109 316
232 368
303 16
409 334
1 317
92 139
458 161
331 36
117 383
179 199
325 67
409 454
48 93
60 23
422 157
157 107
222 457
191 27
154 169
148 259
96 333
241 170
123 42
209 134
179 470
419 223
11 159
395 142
192 88
273 492
427 58
156 223
299 447
227 397
358 65
148 404
284 39
222 72
10 243
310 4
389 422
445 395
22 233
74 20
171 343
138 182
74 406
289 151
219 2
116 298
422 276
448 416
396 2
363 76
89 335
84 346
191 153
300 178
469 22
277 324
22 299
135 344
168 200
212 113
429 46
278 344
119 62
223 69
297 4
444 438
57 143
302 401
53 117
383 184
401 107
233 55
226 270
346 322
24 259
382 44
98 367
455 305
207 498
214 369
93 452
130 96
105 121
90 465
393 3
150 26
281 122
412 167
160 334
319 193
76 187
375 134
244 253
16 308
26 46
170 488
243 226
218 425
253 409
299 452
125 260
73 460
227 180
86 100
421 323
415 281
220 3
148 49
159 299
264 447
353 224
321 224
191 150
289 22
183 151
484 191
268 167
480 295
53 76
347 198
160 154
338 160
164 463
21 369
494 70
15 407
419 283
450 108
231 84
111 397
497 127
459 423
64 99
208 39
340 48
419 97
488 172
314 13
413 138
378 120
271 436
125 147
486 447
378 310
42 384
372 340
364 207
81 143
26 211
60 269
148 425
74 487
477 100
307 234
165 318
45 244
252 91
346 90
301 129
54 265
45 81
257 136
167 78
263 354
144 83
11 14
24 111
192 306
306 64
442 472
383 26
484 132
161 262
193 384
249 267
254 340
80 264
185 401
183 57
357 224
371 305
209 166
241 137
236 182
402 370
384 461
199 326
308 71
52 250
103 35
429 202
254 354
190 201
499 155
138 494
433 270
8 96
340 433
238 113
373 72
183 83
420 52
428 394
148 231
80 65
300 437
329 260
273 386
96 235
466 239
183 320
42 442
357 466
38 278
453 50
245 261
258 188
49 355
117 331
283 2
492 488
447 370
468 433
56 172
102 346
251 314
478 437
305 42
41 129
276 375
111 184
39 37
53 455
455 152
451 66
413 53
219 155
221 195
199 238
95 499
383 192
305 30
138 417
234 116
355 231
131 39
313 491
25 307
328 298
488 267
285 287
429 152
51 444
306 256
242 391
5 291
2 305
326 315
78 468
186 44
238 416
139 394
288 374
453 246
439 346
455 420
250 343
95 47
94 415
488 216
50 275
143 353
493 249
157 283
56 368
375 303
323 109
237 34
345 384
436 97
366 61
144 170
90 61
100 77
171 92
348 488
45 201
110 55
373 8
82 370
301 172
176 146
237 299
281 125
16 219
18 278
230 10
152 57
314 51
456 416
373 42
262 329
324 327
22 8
459 465
180 125
146 84
465 221
211 144
105 55
202 425
196 372
445 75
495 301
120 14
141 253
85 364
92 305
174 449
237 335
44 187
169 337
307 39
244 145
91 307
16 365
217 64
31 109
465 217
11 245
165 267
442 107
129 3
335 336
62 338
365 25
494 492
438 401
73 193
280 162
476 92
245 93
241 169
56 438
322 44
61 43
365 418
397 327
396 273
98 188
326 413
208 101
441 241
6 478
13 1
477 192
449 341
125 311
276 341
81 206
350 305
343 66
454 254
172 314
138 199
212 428
32 251
230 223
498 171
37 434
285 170
168 5
387 255
283 100
435 300
222 97
162 27
91 422
307 79
269 399
143 378
108 474
312 398
49 149
450 250
136 320
251 65
183 233
3 368
461 339
402 284
83 391
11 399
449 80
55 201
68 480
266 71
264 234
463 156
437 171
273 433
202 409
331 446
361 72
12 288
37 171
197 76
110 286
374 225
283 94
472 341
154 94
120 418
138 190
197 263
217 92
33 425
385 172
267 343
308 169
118 276
241 61
126 390
443 272
272 285
119 339
358 263
302 123
419 374
94 259
489 330
64 119
282 217
91 396
200 35
385 249
95 432
154 351
299 163
355 429
434 186
64 418
405 421
22 390
391 359
273 414
167 256
333 373
193 410
488 338
227 440
362 381
476 149
348 398
394 76
101 457
223 69
248 7
308 397
18 263
454 261
401 35
471 36
113 363
51 136
363 166
123 45
390 443
454 308
80 39
403 10
44 237
130 187
59 211
333 428
392 319
497 273
394 488
465 1
344 383
372 395
466 59
42 416
110 166
166 259
206 470
167 386
77 184
10 388
21 145
474 167
2 232
161 406
337 192
67 297
295 436
73 35
184 360
446 300
413 436
122 368
158 497
126 396
396 359
454 468
418 457
248 325
51 193
190 471
51 435
333 320
397 250
285 307
439 237
316 364
59 41
209 26
199 310
266 272
141 70
429 129
49 35
66 175
449 472
426 127
119 117
68 235
62 420
477 261
348 117
361 295
220 481
148 312
3 230
491 122
441 469
162 203
81 276
300 483
361 465
71 458
175 186
182 418
184 134
