100 1000
11 28
19 49
32 14
8 23
6 32
38 11
32 13
31 3
14 15
49 48
3 9
19 24
8 12
2 20
4 29
36 29
10 48
16 5
23 50
40 47
33 4
37 4
45 39
29 19
42 37
18 39
47 38
32 19
12 43
25 33
32 35
32 32
34 46
39 39
16 44
2 49
14 14
36 46
16 23
2 27
2 18
20 21
46 42
36 34
41 16
43 23
12 41
33 36
1 2
6 2
3 17
25 49
50 40
5 35
24 18
6 24
47 30
17 9
2 33
37 21
20 29
22 34
9 16
30 41
11 43
42 2
31 29
46 2
40 8
18 36
13 27
26 11
10 17
31 15
49 7
20 43
14 1
38 20
31 1
50 26
19 25
38 15
19 8
14 3
17 36
43 44
14 23
46 7
39 7
22 16
37 46
6 35
50 23
39 28
5 36
29 45
17 22
46 41
47 2
6 7
11 48
37 34
19 17
47 44
4 34
36 2
11 15
6 24
29 39
40 33
19 21
29 35
49 22
27 12
26 12
40 25
23 1
28 45
10 28
32 21
39 48
10 13
23 7
11 21
7 14
8 22
34 20
13 27
22 45
10 3
27 33
20 29
3 7
40 13
10 22
19 15
6 2
25 16
49 26
25 16
3 28
16 34
45 29
23 45
48 2
21 41
47 11
48 2
10 24
19 21
7 38
11 43
30 48
31 21
1 33
17 7
21 41
36 29
48 6
20 46
22 29
24 43
21 2
25 47
6 46
6 31
31 40
1 35
20 21
35 18
38 11
6 2
39 41
50 29
17 42
11 48
3 23
7 11
17 47
42 26
25 50
25 43
41 28
47 3
49 5
48 45
25 18
8 13
8 23
31 45
41 14
43 2
30 39
15 29
25 50
37 13
48 44
29 9
24 16
12 8
42 25
15 8
38 46
2 8
40 48
42 7
50 1
6 38
28 8
34 18
12 10
34 18
42 11
25 32
26 41
34 22
29 31
23 25
4 4
26 24
34 14
48 42
37 6
6 1
43 36
12 28
11 38
22 21
18 23
20 22
23 31
37 48
13 18
37 13
39 44
25 23
18 38
1 49
44 41
30 11
18 19
2 24
41 10
1 47
9 15
34 48
31 37
37 19
9 26
35 15
5 29
29 5
27 43
9 27
1 23
47 4
26 21
29 12
42 33
40 7
30 22
5 49
4 28
43 41
40 39
5 49
8 26
30 32
2 37
12 31
31 41
26 25
39 49
23 22
50 17
12 37
10 11
15 5
44 31
30 5
27 45
6 32
3 39
36 35
7 27
28 42
9 15
47 34
31 50
37 41
10 46
8 10
34 24
46 31
17 5
25 6
3 21
10 7
10 28
15 33
49 16
30 32
5 20
9 4
19 18
6 38
3 2
45 14
40 17
17 11
6 49
7 16
8 9
20 27
39 9
46 19
5 7
16 42
5 20
11 31
42 40
17 9
29 15
26 8
31 44
1 7
3 34
15 12
28 15
20 2
28 29
34 8
9 2
14 19
16 22
27 16
45 38
21 12
12 38
21 29
48 30
18 13
46 11
27 45
38 16
5 36
43 17
10 33
15 36
27 15
45 3
33 19
35 23
28 20
40 15
2 32
11 33
7 41
16 27
28 13
13 33
7 50
13 41
49 20
48 37
2 2
22 28
6 19
17 47
19 47
29 48
25 18
3 41
9 6
4 32
31 28
26 38
31 17
24 36
33 43
4 50
26 46
45 9
31 3
14 20
47 10
20 16
11 15
31 29
26 8
39 48
6 14
2 49
28 36
42 14
9 13
41 9
30 18
50 38
32 42
27 40
28 27
50 50
19 41
19 32
39 14
49 28
34 2
44 25
16 18
21 7
3 39
18 34
38 32
34 44
37 19
47 22
26 44
2 22
30 39
26 8
28 23
4 13
28 48
34 1
11 22
47 21
28 1
35 39
15 45
15 40
20 2
39 50
49 8
4 21
16 17
25 32
43 16
48 22
22 24
29 44
10 29
8 37
4 10
46 41
9 3
2 19
48 12
8 42
39 15
23 38
10 14
36 14
38 13
50 22
36 44
11 43
26 34
35 12
27 4
10 44
10 7
35 27
49 14
27 6
18 34
38 3
22 38
33 31
18 3
16 5
48 34
32 27
18 10
27 47
13 3
28 8
28 16
27 13
43 43
1 26
47 23
34 44
17 10
4 47
49 31
9 43
47 38
38 22
38 41
11 16
50 26
17 7
24 48
25 23
42 35
16 22
46 47
9 41
1 32
43 31
46 13
48 24
37 48
1 39
28 11
38 20
31 1
28 48
18 4
8 33
16 46
46 44
48 21
41 5
30 17
8 43
29 18
1 32
39 12
32 21
21 20
19 45
41 10
50 30
44 22
47 24
35 20
1 43
28 5
18 47
20 30
30 31
43 40
16 4
40 26
5 23
42 34
41 43
8 5
32 22
25 1
18 13
2 10
2 15
3 8
33 22
27 35
28 27
35 30
11 48
23 20
27 39
15 50
3 42
41 17
16 48
10 27
1 48
3 9
30 12
21 11
5 19
19 39
50 1
12 30
5 25
25 9
7 34
32 4
47 28
36 39
2 34
42 25
23 13
11 44
33 23
44 4
12 10
46 39
33 25
20 31
48 46
44 5
16 11
17 1
39 5
2 36
42 21
6 47
15 22
12 27
46 50
5 44
15 4
4 35
29 47
17 8
3 24
43 15
37 7
23 30
39 46
47 22
26 20
12 44
1 21
49 15
22 23
13 49
7 39
37 4
4 10
15 39
15 8
9 23
17 18
43 37
7 32
27 43
24 5
36 45
46 11
40 22
17 3
4 32
19 11
42 14
46 1
34 23
29 46
4 11
2 46
15 24
22 17
47 46
4 36
28 29
24 48
19 26
14 28
22 17
41 4
14 14
22 37
17 22
27 17
6 28
28 32
42 36
47 36
50 38
38 15
9 40
35 3
20 3
19 18
28 26
34 35
14 16
14 33
5 37
44 33
29 41
48 20
13 37
5 38
18 7
6 36
4 1
36 49
31 25
22 28
11 38
49 15
16 8
15 34
42 1
34 45
48 42
39 24
10 45
24 1
48 1
9 11
4 30
39 47
11 16
48 17
9 21
47 7
26 20
25 38
10 11
37 31
50 24
49 26
13 50
9 19
6 44
40 12
33 8
6 43
21 45
4 7
17 47
21 23
24 13
20 48
3 21
49 27
36 3
38 50
50 3
28 15
24 29
5 1
4 15
40 43
20 26
34 8
12 22
44 3
50 26
34 44
29 33
45 23
21 13
9 47
3 47
8 35
39 31
18 10
13 50
14 4
27 4
28 43
34 9
33 40
10 45
32 16
31 20
22 44
42 49
27 36
9 9
49 43
10 31
2 5
31 41
36 4
28 1
18 35
8 35
2 29
5 7
19 7
27 5
36 35
9 5
27 45
26 20
36 17
14 11
19 24
43 12
20 44
13 46
48 45
28 35
2 43
50 36
49 24
34 35
31 12
48 3
43 29
12 41
36 24
25 39
4 19
6 46
49 13
48 44
28 22
32 23
43 35
24 40
31 11
20 36
40 43
14 35
24 5
16 22
17 26
21 17
14 32
7 20
19 16
4 30
50 36
18 24
23 45
16 40
45 33
50 17
12 27
12 12
31 1
17 24
25 20
8 39
18 28
1 36
49 15
17 2
45 5
6 19
9 9
5 41
7 27
18 45
10 40
31 28
13 2
37 22
3 30
37 34
45 3
25 13
20 7
49 10
43 49
43 47
35 17
21 36
35 21
28 1
17 7
38 35
7 44
40 48
21 16
1 38
42 37
1 8
32 47
28 5
48 43
48 15
12 42
48 20
18 11
50 11
34 23
10 35
19 49
36 36
39 20
27 1
28 40
21 49
14 11
47 9
17 30
10 16
17 43
37 12
32 1
1 49
25 15
29 41
49 20
19 28
10 13
5 47
28 27
11 27
20 23
15 36
49 35
37 49
48 40
18 29
48 5
12 42
17 35
33 21
10 14
43 22
27 36
25 2
32 45
48 8
9 43
29 44
49 41
42 31
34 11
16 26
39 34
27 23
12 15
41 42
38 25
34 36
36 42
12 35
27 31
1 1
1 46
41 33
33 46
43 13
23 45
45 28
32 25
14 30
12 18
3 43
40 2
47 5
41 47
14 50
37 27
46 31
14 20
14 23
9 49
37 25
27 25
40 48
16 10
41 20
43 15
16 24
9 24
28 43
36 26
32 8
41 4
9 23
43 18
4 11
33 16
36 46
8 37
40 45
19 14
39 12
28 38
20 19
19 40
12 5
27 37
19 16
7 12
2 42
42 43
11 9
37 10
29 23
27 25
36 22
25 23
35 46
50 7
2 41
36 38
38 32
25 12
22 26
4 4
42 41
47 2
42 24
47 25
4 17
7 24
42 11
22 18
36 3
23 42
31 45
38 46
17 16
38 31
28 36
24 30
43 36
3 12
14 27
49 42
50 30
42 49
29 19
40 27
25 1
44 7
16 14
