1000000 2000
470463 133529
124442 140387
24381 114857
323279 451000
151219 335069
423860 287031
372254 36133
170552 181145
380849 213596
122056 412060
201167 260224
253826 385830
101114 477515
287725 305238
466046 6604
461240 134386
310391 201548
412067 242016
427261 262671
35550 55823
469879 142386
246203 475004
82297 307825
107333 260300
181541 15503
330755 346769
100258 208134
81307 95029
480717 204939
305191 172450
87912 125366
286583 124033
183787 46585
450012 3585
164886 402484
191715 319093
74498 265845
202124 41760
50447 139479
375933 264706
312620 110803
393731 493756
96001 226894
481438 58120
353043 174843
3491 497238
229608 285863
57058 227317
353621 204061
246824 221508
125531 376909
99170 185874
112014 158807
235650 426481
180835 337563
172231 111668
435835 279169
189284 254614
465704 69926
95823 330995
451897 413921
285659 281642
270053 111639
216817 238189
330208 412235
100077 170272
423522 18720
14552 189406
222820 238629
385383 335775
479318 184608
56656 270090
73060 232879
329991 194534
388059 35701
46204 65254
5738 423154
191315 147481
221369 450951
431109 173688
200183 55268
256619 427855
233674 100366
405065 227730
380573 74407
334140 214339
378259 114579
257838 448962
417539 249875
473069 392422
324519 21118
356573 107211
245489 131827
147994 219162
62199 71868
302893 405109
177012 132100
240019 175240
247430 127623
270979 413865
60176 300526
480709 131706
107409 98471
241284 326775
434554 460880
178836 96775
158347 144430
112661 169025
286106 6353
77786 125904
260776 21897
371024 91734
244595 72552
359289 244744
107056 393812
470311 369879
15132 266755
41941 184846
251725 391559
144147 231744
59994 18055
258174 401850
311036 342083
307833 307290
59547 356110
170732 414504
494991 371340
468261 266066
259085 342377
89152 397511
265488 463942
130544 30009
98591 51650
361459 86489
209336 151715
319560 379559
242112 239988
269123 453150
144034 277144
104116 499555
498321 363118
26282 337592
275462 293452
267434 60979
289055 190746
127063 83266
115388 345052
14 27622
226601 373976
499736 7718
145690 100045
54945 10678
142772 288940
257368 419732
66976 309075
68065 66026
179931 88343
159573 303062
372324 250991
112918 55879
354605 332313
155930 240765
416487 455458
279444 420565
55773 352941
229734 368758
347793 150376
313923 169493
455802 169043
298789 389423
270913 495858
490079 136955
312337 400101
235454 136659
51934 279241
198132 475972
247461 299898
236202 140588
434017 110985
246515 225542
388615 461101
302541 326836
120413 365641
22450 75578
143272 499475
409548 421620
346576 286809
253707 369996
111119 411944
135659 305648
381070 435124
401208 187998
75638 2296
290478 332380
339334 85204
364923 297293
8792 13585
68703 213084
242896 424500
323540 462528
398963 272653
330985 258235
5555 409362
225816 54666
466717 426477
34760 41957
110713 158939
4391 268724
29165 410693
87513 85064
313016 444093
434828 268413
114901 44773
75484 379517
67313 352417
76151 496193
242327 337696
314720 271223
173290 184697
259080 397160
325692 154967
496044 411522
387560 26995
382058 80080
118677 377861
146306 499669
398115 189658
101141 289434
167208 392333
407422 420692
30657 227969
368787 172655
340027 464215
385237 442160
281554 329473
317015 54631
28810 182142
22629 57620
419542 177434
342149 400817
438736 256261
269528 435917
431421 211623
280094 164001
283759 53490
405433 243300
390753 44351
306488 408468
106793 407906
218217 172130
102166 239553
147749 273739
184332 379371
431143 149111
58847 154090
269985 133351
424604 16837
279705 420589
22462 256078
163259 118926
454834 13626
267639 348718
86867 262069
373079 473972
464995 51732
419181 66134
86506 284969
414171 15358
211998 308727
331605 461373
110803 309548
432720 125755
113559 408412
287346 64798
218399 20576
55438 488109
150552 265416
289543 174687
230659 8028
100289 1338
27167 137923
416194 318978
144565 135587
281028 92859
42996 492930
431739 21733
145433 97926
48759 121517
85726 352108
138309 365191
458382 13467
162238 22218
416694 289144
415121 163478
110980 346184
289053 279258
435718 119762
466145 178704
369935 226768
192592 304103
219202 493909
100368 310221
30676 255808
186516 205981
266052 319874
310699 138813
318562 165378
259458 446139
73018 185740
498623 62257
190478 115227
236182 229464
357275 432039
471271 6052
6275 251495
185291 416458
98089 494399
156542 207781
20659 329744
147744 402530
9125 229693
360225 484826
83615 347134
155357 422820
73938 117745
370240 45898
461155 364813
366443 495117
335598 306147
478122 25665
156841 72014
170878 298655
314992 108402
159212 384335
115530 408583
434780 406233
367169 291851
190703 294498
358320 39881
400506 213593
188470 447942
76472 197068
474842 58487
332733 193546
330480 473096
223809 37400
237748 30665
387603 57107
374551 82228
271080 437289
124388 394663
452420 289493
354755 74833
313147 71427
248003 107427
283207 119807
41850 142520
401023 248915
438451 284000
121123 58196
184478 53712
106809 132076
490822 486418
37803 101197
33492 70229
180651 409895
294734 470800
59115 296165
99591 150031
299939 339698
448032 225454
315405 400135
436145 121495
9279 236589
485923 141917
299413 440452
429129 215465
188550 471662
79296 71786
336051 27452
158198 44982
176162 86746
496770 166015
309633 397294
453368 339526
197329 191779
199818 59736
92368 52878
58401 149859
77060 140495
79239 202515
463221 229593
54390 324600
60078 146599
371487 469000
34459 111027
339796 53287
188966 142508
324185 58082
461605 126537
324235 104349
72611 337
16615 96089
91913 208339
109870 55779
165966 346038
84944 235209
462224 230232
304197 407581
357892 483370
257006 484212
446496 86321
73709 460101
57616 326733
161341 206895
86199 28799
281163 411339
449465 474244
338968 58360
371574 50092
478458 424386
198601 249648
91759 410523
375832 436299
237516 52547
407758 121084
311982 319559
445674 424550
271967 126188
240668 217700
458986 474234
158404 430631
177311 278737
193480 499675
193343 284891
213446 250050
373588 236942
204799 354757
219051 189258
451249 39733
478788 49382
168920 252432
4756 263365
285449 483197
230512 163607
403136 268510
106416 394142
313160 373992
357105 482531
154396 381469
301800 261101
363957 345971
186158 409849
269230 200700
10257 157932
303368 172548
73728 386925
394182 374363
333446 261424
322665 233526
473016 727
417617 257307
70756 473890
129438 37428
49149 316071
470748 340282
8861 135193
465335 410012
384257 390081
171143 237351
140687 326045
39635 6935
411307 313304
131281 450344
90 435936
468488 110133
476525 460125
396531 399872
178000 491203
394525 412697
129395 204846
142869 441309
38897 467340
73258 349048
483210 386244
486418 231975
246 491181
454982 63439
393665 50924
124045 152411
182752 315852
236605 375746
491645 459572
366971 370841
441971 385884
375989 349861
139145 324136
118251 434024
167172 167389
120638 89852
266434 280724
66806 233249
296439 40438
301515 145419
298244 245044
107272 107221
395999 425351
80254 418688
213008 2364
486252 100406
306230 551
367271 23733
458317 350745
383374 312256
51694 207010
167404 227238
362218 335284
423345 12935
457053 192734
224311 469034
430569 242512
145659 336829
121402 116947
426025 39323
358307 383157
266508 350430
233491 166772
285895 469496
206585 354920
391473 298111
387474 50663
119274 83891
251532 232298
89776 360848
348724 145164
113971 174373
255009 274003
451143 329948
224664 12086
265323 191617
82827 203704
440717 447416
208928 420440
58773 93552
77381 25617
316638 151828
459259 441970
158682 194747
479109 328753
332941 283290
179916 313396
65921 43341
64601 158956
179243 478378
358018 471551
106940 139123
168821 18495
248100 216418
173924 473240
445549 108499
359660 141163
353083 207603
420944 4133
434431 5862
8301 21826
246516 409378
416665 119514
303140 230211
350352 147942
308572 413517
287535 141719
92378 221464
325656 208897
369038 22355
492894 138433
328810 59579
256954 295704
105123 302623
387984 114823
425993 34718
298927 77363
270730 44092
112243 355456
292892 91515
190912 159151
441623 142679
453592 381891
412881 108030
149924 203688
131164 212938
487542 320846
138275 83650
381633 92128
292012 38358
49130 243941
73533 437068
490654 90100
152506 471045
253684 246017
436240 481287
235630 173643
131523 291819
162628 362401
154108 426314
25933 255071
70119 324732
355682 458678
310196 244096
432739 468974
111959 170731
319859 316055
84215 248553
320330 321417
478572 126268
140963 124613
294559 89786
271697 266469
317995 34507
391102 181155
154463 177747
239966 257917
488 56973
22364 105583
207065 346214
390677 365498
422031 450131
354642 1815
277221 216673
428221 316871
166975 225670
316083 137842
254087 189449
15810 44348
133505 217723
70723 49538
337918 474610
24501 20334
7872 331715
158705 292733
153719 57325
317359 353312
126128 349724
367852 232044
111760 145987
305066 63641
448130 12663
62891 269578
130032 79577
135558 360147
459872 159400
3141 244197
241327 289521
370250 302692
47482 179278
15857 476579
274048 499688
357721 105399
267619 479662
367353 409210
50694 25567
99555 113716
243880 285016
17295 85670
140164 394578
83985 437885
176439 404498
476641 85436
217742 23101
17146 331923
344150 131248
47302 44365
393170 228395
363788 178586
13836 395691
231302 45968
99628 136414
439687 138591
281593 40785
228369 269929
279368 103610
300893 400641
369039 65063
60554 11907
245810 171532
174898 203562
409141 243688
94962 479797
430656 249602
438897 31255
466197 440097
45973 273539
31053 311400
317609 69253
491686 390888
372847 318602
122505 383552
346888 8132
177024 204167
67575 383024
346252 182458
422332 240371
299702 53909
30209 243268
268553 16131
118114 294193
462727 442714
330838 186351
13360 162631
451935 171757
147509 499388
203413 476601
171838 330523
74333 274386
414943 366084
253591 399683
258115 299004
356633 344557
234761 338993
442039 249615
347578 73738
203164 219431
404379 342992
404073 263864
270076 305696
468380 482424
430808 32325
137155 452496
105559 207474
305116 42673
131172 114665
248245 429299
192521 485042
432069 161797
404365 273217
383070 444236
71755 15090
437810 476175
235481 188857
35172 301144
164307 436489
460557 189653
433011 385938
370581 145650
323344 118594
331543 191418
33975 287663
370988 46103
157171 381993
389540 173133
189338 303011
146912 346934
292116 353474
158288 238040
257030 239095
284972 198465
379089 169115
17556 331785
253193 246966
133498 302231
176248 116846
331872 347036
165582 237566
118218 278913
455909 73993
6358 176415
125676 122788
221711 101812
299125 53038
464351 449418
483774 336455
449884 244924
251728 56138
56250 14568
454033 163549
473570 23491
423121 410929
292574 478372
87264 422136
365549 128750
186352 315592
360079 233865
52373 123150
24269 447013
347929 355919
63946 239823
299506 25558
200833 373539
209918 353784
497385 208313
414171 235703
79704 298738
380943 142568
254485 22634
103315 279485
34575 404525
305412 330553
393060 340691
264411 320664
104236 471978
375766 265668
179314 143394
157668 87970
325648 377156
151931 356994
291134 86432
332636 457225
124038 400849
312793 252507
368949 488719
282492 373939
287229 490812
195548 18787
51634 436762
149994 353911
498121 371304
23615 232458
284173 155382
94516 121489
196923 263142
479474 429888
275289 292565
329636 115154
413373 175538
194640 234784
468651 46009
276535 14146
322052 287502
59303 346554
398360 343367
339497 27261
291764 347323
48999 476754
294692 263806
93378 473397
212852 174630
216907 141523
415841 47924
341206 460591
219461 301128
497435 354619
13042 293714
149691 368965
30478 24995
309621 262573
17565 204304
383999 446068
300473 270421
67337 174570
311135 289060
228716 231045
360290 3724
453135 351814
229419 67732
227389 218559
154195 375157
239173 307238
450893 466144
17912 25646
22612 128756
344275 270519
284053 289182
198286 48148
439436 429619
450793 386100
110646 257997
392694 99449
252222 115078
118924 475758
229648 185010
178622 310041
151330 339663
309694 359608
450079 292125
225587 182014
144724 425847
261685 186840
405427 349266
278448 327500
446372 30679
108210 256335
412427 402487
146769 277130
329695 351671
132378 148154
379218 187158
494260 72524
232471 425272
47765 283008
186202 290073
7513 285329
134912 158355
273 144732
441837 499932
467700 16361
422121 93405
427330 198704
400398 174376
364722 358119
78193 488267
159453 20592
169254 333873
449191 41877
418446 16783
358662 51623
400026 159440
367946 492430
21593 18343
44008 134935
495896 448291
414005 78497
169984 108466
398597 413626
259244 39638
225516 259884
448356 450239
420490 75486
149072 221110
327131 241937
10639 359450
237643 427532
141584 225
479329 155615
414196 140752
180861 131497
189444 416607
455837 330875
35119 34535
92870 319741
477781 439071
26184 457327
17471 182118
407871 456120
138775 314890
360718 292477
128237 137094
29812 48937
365978 395726
424999 74962
86532 497594
458859 13526
481948 205469
163729 271199
87994 84365
79276 256279
348426 139929
160415 361394
423225 442946
439616 482832
464649 464341
103286 359123
325231 393021
341342 499940
133618 200236
67733 221347
469871 486875
216313 76186
150812 248027
3284 73949
115375 41447
15325 762
293085 86063
251398 170463
227624 95856
458548 437648
33267 217620
295375 215686
62845 443888
483033 19955
170709 14773
184484 318162
425987 440048
51926 371383
413757 201873
155817 164405
303962 167493
456368 477580
123277 257112
63411 75491
473329 213526
321066 387236
470297 40346
189398 170269
439204 446282
424656 322541
276396 440173
296361 439431
29784 65400
325508 10368
309062 170788
334229 413926
390136 241468
403394 320429
160698 198889
130962 345492
171097 487617
463003 462961
259731 263732
275859 26594
168466 235097
153813 57346
12469 388621
108673 182119
167710 30512
110353 351490
365831 177195
437934 264463
375043 114421
85943 113466
31295 342294
68528 381416
255223 261763
225161 85111
100596 188559
121100 280992
111273 168637
269728 124616
74460 4764
148939 289294
168980 457330
24519 82858
406246 76206
299963 390972
371033 123581
353206 465479
56197 177526
444838 217874
420019 87221
299069 250982
468345 386028
289170 8372
293925 416855
74893 406424
108106 448793
346363 62948
427086 403930
488725 290201
122059 93992
227622 318817
189492 318222
159505 401121
276250 47132
400097 50521
21537 322708
309667 161101
416686 339650
476313 120293
11305 224073
82658 112335
199371 124126
291363 496016
399916 282143
268884 33330
366428 111037
123343 269314
122236 221505
388369 450635
475968 212019
353440 415613
137057 131766
216684 85276
274038 24891
121621 258865
323192 240110
20880 189353
374395 60819
276938 91186
355531 198187
111730 471576
78218 193944
428707 360246
27266 112228
218089 279894
109969 144313
192206 497395
172376 368316
261552 153282
437094 441828
61609 434183
243601 37263
150156 264457
333721 377952
316914 272986
253836 241082
33096 371392
43255 268581
123432 435317
82359 138974
356170 87160
158792 83952
441403 359662
240039 247565
249830 1308
154031 371870
187537 111170
475244 118736
339131 493719
356551 404594
174802 142600
71216 455458
56231 230461
254907 400536
453235 349215
6566 234090
307366 279526
135793 248278
293834 432089
413494 103328
69323 125143
426943 365241
333695 49068
98319 338479
391109 360146
132281 269575
25443 33103
350693 302511
369036 452795
471107 489914
344370 477532
468280 465757
319991 321281
461812 332534
91167 328004
156073 329350
89377 280252
177680 2953
257527 64515
398145 415436
487170 464134
374500 24451
401344 349225
108598 391406
166943 136932
288987 95978
3145 325085
182266 438887
233179 45902
166456 304005
44825 79471
330618 289760
402433 140152
342243 49261
464311 372721
299254 266227
300059 27444
481428 267614
29999 206503
401399 168014
102596 177574
342017 333992
366471 316981
220165 190950
489815 311077
78037 489686
386451 47259
145051 376963
138754 145880
260817 188028
316415 487679
433748 377529
294093 118539
42047 208465
263762 308634
210269 64283
407480 218826
284995 174332
179521 133583
346731 203652
277562 351945
107254 380235
304466 201752
107346 151523
495555 67298
442102 297040
292763 145373
28889 71557
408106 458007
299963 66075
309485 309402
354329 485791
483641 324900
120350 308964
297166 237968
175149 316186
135460 499885
273143 459820
225635 195834
159835 242613
454478 194426
366260 74184
477373 184807
441241 121202
449821 136594
126861 441740
299340 217719
232071 374130
205189 338264
82457 137038
248133 31488
268534 74963
268918 192187
360251 137011
105803 331018
262673 255302
157623 17777
1400 413396
19329 172525
90333 263706
377506 460173
423299 419409
150290 26887
121010 386435
220511 107629
242146 196795
395911 84750
90229 13913
269857 440118
223628 38070
271160 37122
312511 19098
117191 208580
252843 85566
333355 455156
227503 72547
255773 479314
260670 263748
8421 349126
295572 327858
214224 245030
46242 278992
350894 125798
468861 248259
67883 203059
444437 225572
75676 391651
197858 328938
82241 154975
379315 366503
287503 307775
211525 215599
79492 422135
158551 53362
283505 399334
162024 83459
116496 345925
479374 243902
446621 499659
229553 85274
10894 350339
192960 172225
95456 428210
201404 51185
180491 490685
462687 188575
384098 434563
371804 205074
272629 233418
108240 450724
331935 351511
228074 25861
90728 108141
260664 407396
473806 155990
292752 120602
486122 428778
486044 446728
375388 308169
429650 146651
113698 4903
423556 450439
114437 147626
142538 258737
427036 98602
296628 327494
325945 496800
433608 261813
137669 238593
323213 119543
241291 231482
450026 51582
485079 267999
300251 31193
111412 145059
497587 51109
118251 108555
335694 146151
434510 67844
196088 202890
314537 184354
156205 135636
244037 432052
318556 336700
29742 319060
285820 103803
490995 180249
155569 490436
230583 364140
362895 237566
303010 395835
172134 117541
74597 182005
20555 379144
244233 81446
297137 383127
178281 382734
53926 366390
191765 411035
84194 222329
324244 102784
107177 285283
496665 126536
113465 15368
104598 328419
421243 432236
145390 309924
347308 24290
118274 1885
461357 115772
332934 38140
201192 356263
122100 1294
299026 433634
374630 389462
499014 85564
364604 32768
392704 248307
203642 401664
75862 110590
339282 448745
210246 195962
77874 25426
224454 455084
498653 208162
26672 79034
198750 293733
185937 337243
281993 423201
478117 312138
475369 44881
77157 375739
56376 99510
318275 305854
45436 489323
499965 34798
203525 212958
215525 390313
86325 178598
424398 12758
86891 440532
44605 476617
328820 88614
167714 393235
43542 398761
50715 378851
498042 168695
494955 88217
120961 416889
291798 105063
390106 497627
194359 304050
132094 463174
19741 404952
417891 363325
406451 99097
353295 230038
80204 375047
108699 181049
18504 105196
127997 319764
250661 228513
60811 373761
155936 240406
280153 77682
491593 175554
45953 106442
491971 133938
142856 209235
109902 333207
155110 221984
330267 10882
379175 150599
107784 452027
444864 345700
245571 268675
18985 116063
227704 431269
210691 193273
128613 2981
69188 10335
224663 286908
266627 153906
182613 440916
286131 467515
480091 328587
457165 24365
21801 104928
405280 229530
361554 408686
487868 58524
399757 286037
148680 24331
116313 459290
238961 279624
419990 377128
329110 473878
118959 495648
304098 248841
337311 471721
388945 264230
164772 411185
374951 285316
256178 442996
234596 150059
391267 121360
108146 195734
175141 34088
149070 78229
415597 490506
106216 333158
427269 420677
234425 27692
446668 286888
63158 492783
165712 116757
290828 210236
142750 26225
290597 151916
492088 36281
205521 449440
228138 5108
471658 272007
131533 28131
142151 253859
66950 334435
363361 179683
287779 333552
158586 454866
237601 203286
219337 118695
58328 144883
300488 458630
78752 474377
483355 331191
463169 163018
456271 83473
406524 16141
357857 409518
227711 226909
211740 390665
157701 206750
360755 371000
124384 212607
278984 112410
480221 415970
396997 41575
214468 419120
18221 352463
70800 383172
164797 93805
254250 326665
59405 308629
83794 42514
191401 482296
116706 167728
156242 269492
214886 371241
270766 352707
174847 152720
484455 132669
176330 109128
73835 111652
309908 331122
327737 40882
25459 289408
403023 76982
55952 20692
293577 128139
372078 98136
446570 334422
75111 107897
131215 488934
113290 33678
235379 476628
432556 54201
339947 60586
306760 438333
69770 31282
14724 415891
62693 326102
197814 205723
427732 121379
235695 282341
41067 50566
311519 201703
209503 235687
484890 112242
149952 39621
131335 318985
416645 472021
88202 280269
57122 221201
214447 39867
150072 234342
237739 323496
264579 147050
467211 399528
159093 341057
286315 462741
374519 273406
111476 191081
176480 178557
226431 62771
396429 245173
197918 226021
357823 223519
403467 497452
314603 414384
200748 246830
319701 292688
7918 117142
281647 487088
142876 412524
186217 328010
386324 33649
275995 479085
435943 163657
119735 189491
337749 169513
351252 159255
9649 304555
436134 105492
475123 188691
186423 161513
414281 437551
94053 166745
155937 422341
52398 213388
170539 228256
178402 93505
289476 122953
359517 81837
259474 313483
315799 18603
178942 205892
61208 364883
153397 96623
375006 442391
422264 61392
146333 409866
324100 245451
383167 32725
459457 208531
423439 434627
262114 413279
453266 293868
422091 87450
352943 34937
172474 469376
56383 143148
87578 121690
268125 262188
280028 78988
128310 278668
152988 479853
341623 350447
229204 428382
479743 173602
235054 234299
80316 100657
52470 19086
181598 448233
213095 490238
17948 100444
228199 337438
161751 444199
463584 91183
156412 361003
457248 382295
335453 74815
60600 126752
398408 358358
260001 484225
76234 275912
151809 77084
33269 19964
286730 340033
85441 56526
289398 324311
407612 199781
392335 166240
186032 261129
186073 410127
432358 446992
346018 457371
99135 444865
458867 167348
424950 271619
467833 429290
469470 260631
17160 371034
285710 86911
382634 393489
402281 203444
106490 33507
310220 26414
279929 142902
384489 140715
261120 186464
173497 460016
437891 272981
334973 281013
104547 177742
400382 136996
251324 127030
87700 359700
469133 103287
317119 110509
348641 231269
384904 96069
468808 449429
321726 434664
398631 231316
117556 166277
456580 359535
295671 52117
106730 96932
377232 304425
411515 105196
389295 228997
237987 400506
20138 275464
322492 30924
272391 336431
392028 215943
181161 401272
55001 259646
412093 170623
215925 7840
470348 320294
441020 147917
219466 243834
103393 269504
365807 214021
56436 232731
6713 45179
43754 30394
461194 383121
316188 246596
162874 481780
455253 315628
419408 310568
105148 282870
83657 328780
77097 13310
295018 105388
297423 217182
119451 279127
239052 163806
63786 368523
478124 322694
112541 28238
51465 75040
376169 45913
452235 221455
255845 346550
19390 29812
192434 213140
79010 272338
448000 44920
345500 174763
21508 91774
91612 96305
191576 438881
120579 154090
451195 372688
493498 69601
140920 441847
426677 292779
153600 334304
384651 491484
299445 88615
263765 354599
214759 380059
464661 35969
326821 54658
151559 374057
283875 210930
6743 223383
182516 348409
16948 482123
265474 328088
128971 117890
357798 456715
398669 168605
487576 181260
329977 489576
131003 219925
314060 32595
134503 492571
262241 230717
119994 152430
35082 324127
363240 43463
423353 333875
491427 415833
328709 449428
355610 416791
370705 27865
169587 28616
356601 477755
218313 207927
343160 333452
377722 278637
58075 344865
117085 446168
109985 412609
330745 350504
23333 180338
233196 67056
152541 9427
274540 138534
247908 362080
410914 458586
301607 214099
273015 3038
366540 446888
313556 398045
493157 335095
3076 426270
168958 138968
181875 293613
16658 364637
298025 319377
257215 5434
339780 271065
76192 227900
94152 422949
171235 327400
248720 274965
315820 151802
391919 254548
278222 418125
2442 96181
448940 284942
3867 191451
264116 313324
375715 308811
156623 361592
93962 102894
145488 101831
44451 445304
471566 170540
88257 410975
388442 105010
173470 75478
393985 179922
113062 329219
362684 69726
366853 333054
136953 181299
223942 353187
147636 249415
84467 39261
204332 83617
413723 404564
303227 333666
337385 358943
183547 233375
297137 21438
257710 435072
69150 249812
304845 497233
111206 366166
454471 350269
225415 59137
191790 169456
376500 99347
279304 310699
192287 56488
295055 106023
253084 461763
447860 329147
490767 269039
408209 442932
189861 42721
13531 470084
409579 67634
342127 310797
483523 290775
1965 489095
56799 477290
7826 337854
193742 310403
395700 299609
436197 47172
213415 358087
137512 272561
70783 428926
485192 27265
461075 130116
82534 386124
9945 210533
422531 480395
327793 479049
201321 87145
51527 164071
203178 260483
350668 393981
152793 351516
75787 196338
166601 266330
290357 344088
30506 15127
170980 458400
275829 394045
242457 102601
365434 78099
29492 239280
175317 428617
479257 220083
404850 225329
143163 262727
96885 267196
134673 134492
206978 225638
280114 404949
233006 220744
364655 461499
425713 335540
224953 342358
238968 489388
141357 138581
44704 42629
112256 356720
405783 154883
492667 216196
166831 459438
479880 81135
169012 86275
301698 230257
432244 295827
202283 28469
347082 411050
171643 186302
287985 368787
235678 188406
115832 338793
350416 338112
136063 290609
138134 289849
317818 179934
75635 259441
76253 13738
384776 328408
84150 427387
236927 328805
309513 57833
443580 350313
80626 349841
244414 421084
133027 165935
469243 423914
250969 463324
254758 492173
314335 211302
310781 143835
207680 106910
232423 343379
133956 207221
261999 95548
449117 341781
299034 2839
349325 389467
459709 349091
34377 404141
498303 482146
322110 454547
470967 241908
160650 454494
407548 58658
153189 5226
206433 11677
145707 333768
436491 269635
274721 89374
321302 428353
421688 193179
81250 160197
281917 270701
371205 123904
420471 426444
403268 359699
168881 190099
61703 353546
322550 244915
205682 155549
345909 459149
431323 203306
322449 281639
420199 96358
31497 173448
279733 121837
364090 292144
67815 323357
70113 83733
197086 375506
109854 40385
405310 1712
120544 445851
165025 302493
477552 297412
6372 323720
229903 495514
220203 53464
208034 366741
385377 22539
20689 410203
76419 168618
183600 223279
10591 472608
231406 157316
119108 263890
229766 56213
15026 250746
158805 156367
273416 328386
322225 487447
171959 296243
138318 426050
214717 174954
147656 433419
394617 95906
324397 219552
11353 56275
446305 437132
21891 243216
299621 392732
147547 327785
60651 217390
235667 132582
6315 264351
186029 204326
110821 448055
9559 225798
295878 106456
154658 227599
210374 201039
276528 483005
134070 25419
77447 343349
30215 364608
334433 286895
482862 111079
32616 161486
56106 155010
109888 105488
69145 261465
181177 171459
417674 344175
38383 247119
318211 178028
148596 471565
457552 434702
103381 401998
389591 209114
387672 307592
404200 244788
364235 33331
205289 200606
458908 371065
244563 276672
300000 242183
321182 441238
51541 306987
129705 42437
80975 183033
152616 177091
45550 110875
473721 73314
429829 467003
375493 4444
466832 2654
75223 431699
72222 154432
483504 479327
201504 321172
128392 165755
450782 24826
319270 76408
392352 271248
355175 492548
249408 325621
127587 18358
175217 238124
96024 469034
159778 120414
383119 160196
154 156820
243021 6028
237235 374049
265930 236987
