18775
340 357
6 161
188 30
460 298
332 306
234 296
215 264
346 498
203 379
304 115
424 187
406 338
186 253
334 471
4 146
448 350
268 469
166 242
379 301
74 267
429 130
299 16
118 2
139 338
350 388
192 201
113 310
329 167
94 212
125 202
433 472
156 212
144 450
192 320
233 150
57 440
437 389
187 372
421 420
179 213
66 329
261 255
20 445
365 9
240 219
446 159
226 206
360 268
106 288
343 126
438 224
378 9
154 334
225 425
355 200
309 35
5 372
425 64
186 418
361 137
73 150
367 107
440 220
347 158
401 394
19 301
374 478
195 120
149 373
210 175
132 500
66 420
205 21
234 212
187 8
66 29
85 180
48 346
335 124
496 234
108 125
245 282
8 234
65 103
229 57
453 397
301 73
3 226
464 220
202 291
262 123
470 378
332 475
269 149
433 475
143 209
336 124
476 441
198 166
266 57
319 296
322 194
52 191
213 167
215 388
294 380
499 3
115 126
422 426
198 290
167 161
169 340
208 483
143 316
485 306
170 473
320 307
420 171
429 451
229 488
188 219
148 462
39 321
443 145
178 482
79 331
346 188
71 265
22 432
473 430
279 472
69 37
217 215
420 443
44 395
250 477
421 103
261 480
58 330
247 315
426 323
114 421
195 405
21 116
53 146
11 133
84 92
473 83
74 419
348 238
178 335
337 331
55 43
68 443
363 84
442 313
194 306
394 333
240 68
18 367
387 436
249 41
333 43
90 116
140 196
321 255
244 241
17 26
209 272
485 128
268 149
39 332
323 207
28 205
469 47
341 98
60 80
440 130
255 144
105 483
336 192
205 199
309 142
269 285
252 247
87 373
426 365
335 114
176 118
279 315
165 235
100 31
497 108
297 460
236 4
408 311
289 336
44 404
436 100
121 208
242 164
176 39
312 241
110 120
333 166
43 383
119 277
362 221
114 49
39 266
447 452
303 326
47 283
33 5
62 135
465 118
24 117
434 407
35 485
321 85
15 222
337 14
142 292
23 112
186 367
225 411
36 337
288 354
417 21
291 266
78 418
499 139
109 247
360 129
125 17
132 281
398 342
112 94
122 150
350 320
310 424
112 369
97 109
375 224
335 377
196 432
430 374
413 25
498 35
412 495
130 417
442 316
154 40
36 481
246 359
335 231
143 196
1 492
213 309
205 140
152 459
254 153
433 301
426 437
97 369
283 381
400 236
13 480
480 439
62 437
103 50
494 304
71 50
245 2
490 8
166 128
226 370
123 303
445 221
222 421
102 103
337 161
121 53
486 215
180 247
434 201
169 11
113 420
79 412
379 217
365 465
88 405
384 167
328 435
331 464
485 215
160 152
168 454
496 337
313 406
145 63
150 119
327 377
361 25
254 474
247 218
365 30
340 5
266 45
485 207
180 208
160 110
260 404
500 429
428 378
347 16
120 71
327 24
451 482
35 405
230 117
368 331
373 173
74 279
17 341
361 107
347 151
266 264
326 261
495 334
270 415
193 368
85 454
343 399
493 46
281 471
208 238
467 330
77 148
486 275
313 99
470 364
438 476
430 144
189 447
460 398
67 216
31 223
92 455
206 338
146 254
143 128
350 376
461 157
130 378
35 237
222 498
302 212
322 258
310 462
264 477
402 276
308 499
305 329
230 237
285 174
267 117
311 366
417 227
433 74
182 36
155 162
295 247
289 376
90 248
241 355
46 202
192 220
490 413
444 259
496 304
479 341
312 237
92 472
192 160
415 127
45 21
198 11
280 121
295 355
281 205
138 209
290 255
196 102
84 271
32 242
253 408
48 422
294 376
438 24
389 25
328 412
334 357
94 256
272 234
349 26
172 461
376 281
408 276
25 492
181 54
476 164
276 334
246 215
59 225
390 249
356 491
111 309
270 326
221 192
164 483
230 308
429 240
179 34
285 95
390 161
346 486
174 208
36 212
330 163
251 148
448 399
293 26
381 151
417 283
272 157
467 374
74 152
179 313
238 500
169 127
268 296
279 147
171 331
148 348
128 423
170 135
347 59
152 483
403 431
208 463
320 340
157 21
479 371
496 27
2 306
370 114
25 19
284 242
336 213
216 75
479 473
227 370
30 412
192 301
23 233
438 425
368 167
60 65
477 167
212 58
167 212
408 152
231 64
53 51
32 316
212 400
234 493
72 242
433 39
298 204
400 181
142 375
480 324
126 414
29 24
27 253
440 476
163 374
387 433
275 68
172 27
288 204
55 209
426 320
208 21
343 154
203 264
62 116
373 151
315 460
152 185
330 137
317 131
204 425
395 229
125 468
248 143
212 72
387 265
127 344
169 275
184 84
114 114
211 376
454 1
32 495
226 279
49 71
206 408
495 460
297 305
137 214
312 101
165 92
123 63
145 86
327 189
264 442
42 406
46 494
38 306
344 111
306 327
38 229
320 160
115 436
353 317
122 375
193 1
232 333
230 79
194 270
172 37
306 203
302 417
427 59
272 331
318 459
360 114
315 246
40 474
72 225
246 426
429 267
85 370
216 350
26 171
82 435
444 335
444 355
355 302
216 404
71 40
355 218
249 499
188 141
326 362
70 314
89 346
471 422
480 496
87 81
446 188
184 302
439 491
370 298
431 53
395 114
168 299
265 433
218 462
196 299
43 214
289 201
61 95
81 93
291 357
241 92
268 30
419 37
18 139
176 128
87 57
141 372
290 174
268 96
75 8
163 286
375 389
365 369
481 242
329 182
439 212
68 440
457 22
294 209
398 193
360 343
44 419
10 271
361 437
81 406
90 418
132 446
421 92
108 430
401 330
296 15
471 496
268 93
51 322
18 104
466 84
418 198
286 117
93 368
172 277
248 223
191 267
443 339
305 344
360 245
495 239
100 201
134 312
27 409
94 196
179 239
449 112
40 150
257 50
195 284
360 168
145 146
47 340
429 18
189 375
131 372
430 212
392 113
260 123
431 436
68 317
132 182
40 428
20 388
451 273
197 80
390 19
69 270
314 108
86 494
293 99
312 160
253 225
488 346
451 233
205 398
315 210
359 177
354 224
446 247
149 116
234 369
128 279
56 292
71 457
181 22
431 398
450 161
316 158
160 187
301 437
458 107
176 41
264 367
15 222
460 166
240 369
145 473
349 290
231 229
461 283
229 352
185 442
456 441
302 427
155 332
209 351
71 61
34 15
208 445
84 340
21 306
489 371
265 44
41 122
272 79
384 232
320 311
187 429
183 158
264 280
149 373
237 264
438 496
358 290
157 152
206 53
408 399
279 458
377 219
34 436
374 259
27 142
370 80
339 330
442 451
59 202
77 334
258 312
58 123
232 277
313 118
234 493
323 205
476 463
474 250
158 185
306 410
85 81
84 344
146 257
494 277
338 121
23 129
259 66
55 83
264 363
361 364
219 87
60 11
464 344
325 326
221 420
489 385
403 267
232 331
218 409
313 355
485 412
463 191
455 37
434 108
357 245
138 352
88 326
268 359
395 65
296 358
309 434
221 449
292 456
28 101
67 244
106 147
335 3
28 477
161 422
90 98
239 244
396 408
37 268
182 39
80 87
465 120
169 387
65 232
149 23
322 172
159 281
492 359
8 104
287 239
292 254
30 73
240 230
368 226
356 343
194 34
55 289
322 55
459 104
207 29
497 150
242 257
153 234
58 253
221 2
85 159
304 92
56 238
462 403
61 393
435 255
404 371
358 469
43 21
407 339
434 427
95 368
288 451
367 101
194 36
81 229
313 273
366 495
173 400
292 162
238 252
489 124
217 157
239 60
218 466
369 160
301 227
351 195
255 80
75 361
455 108
79 206
287 466
273 375
499 290
312 298
177 76
335 12
154 90
263 278
326 17
251 342
285 473
99 410
346 305
187 66
422 362
474 348
73 150
180 342
92 154
241 71
416 422
367 386
314 131
365 462
439 66
80 53
227 177
219 417
24 335
221 415
246 490
459 151
222 120
467 302
234 344
69 302
15 207
422 427
293 397
196 437
378 479
277 310
151 10
87 194
143 156
458 217
88 28
80 41
109 145
167 357
277 232
132 1
51 297
90 460
64 35
293 276
79 7
25 419
270 312
162 173
89 208
105 281
7 139
493 59
204 495
41 494
190 242
412 340
488 139
324 486
31 320
153 106
15 361
232 143
416 381
279 48
284 444
54 472
326 141
240 406
138 400
229 247
9 415
123 155
95 458
309 321
349 495
484 412
49 242
372 367
470 446
208 493
83 320
82 438
389 255
429 444
244 133
98 387
177 373
269 302
159 108
448 113
215 228
222 151
354 460
183 107
346 174
385 341
89 246
109 126
314 227
135 1
436 405
235 152
160 222
355 341
207 450
384 306
88 390
149 403
445 466
198 487
151 226
242 440
165 52
320 392
88 161
35 4
457 148
176 384
262 16
11 56
199 413
369 168
44 202
411 466
305 386
159 102
73 338
336 143
160 51
191 470
268 202
308 305
391 146
281 67
76 470
53 450
260 422
416 227
71 75
99 45
69 253
253 311
135 98
398 363
58 414
454 77
