2385958
32555 2983
49746 48951
23767 685
44768 36316
21287 10830
48594 40550
10438 7377
20299 32560
35625 13604
46072 3062
26014 16287
16554 9184
33440 2826
24994 14600
23557 23941
29359 14546
38106 3940
46744 29760
21773 44832
29075 32080
18070 20570
20621 12270
1539 22069
14448 10931
37727 38602
9441 4815
25081 23727
34943 17848
8545 41198
4248 45088
9670 11123
29863 33004
29476 31801
39077 15326
18775 42306
34408 32226
48243 4187
40614 101
47628 5170
15491 27161
49909 4324
27277 28664
28758 6716
15373 2808
20711 22127
30419 47709
6976 14807
9807 45936
16632 42025
6243 45881
42861 8662
34194 16502
18701 7204
26731 40099
33781 49260
10304 22820
18039 31298
16649 7765
10127 4181
46932 12972
38689 42684
9207 15886
42010 3178
49512 49306
34983 13795
22748 36682
26990 10080
6951 15291
21005 14778
19158 34396
6917 48133
848 9985
19653 1369
32173 23099
39479 41282
3792 38729
17394 5634
15859 47032
12807 11969
9701 46049
18710 29157
40845 40308
27262 37058
43854 19521
2659 14705
26205 45057
5311 876
16862 6740
27719 24457
29390 35057
35561 2635
1617 12228
25756 28622
20138 14179
30373 30758
47286 12270
12878 723
16160 44408
41851 29619
5811 26176
45960 32457
24145 17211
11667 2199
20092 19205
44176 47977
30702 25116
28973 19620
33292 3151
47381 42369
49623 20009
25765 11034
14166 47437
23485 17608
17498 45458
33248 49135
19253 9251
44334 84
15552 16278
26499 27528
33847 19084
43077 45491
4191 46384
21662 8911
4534 26731
5562 22771
2613 37958
34743 37268
8436 44495
47003 9412
26369 47889
34990 8079
4170 33226
741 41927
14672 16421
24410 23930
35879 49374
41322 46092
5705 21366
26533 26856
23327 8815
13208 12134
28271 34933
8896 284
22663 38125
16813 9375
44689 42679
10994 42858
18318 28478
40804 35758
11435 48182
16050 37276
39342 45642
46589 8674
39649 7787
16462 49746
42409 46487
40931 38734
13752 48213
40698 14078
13953 43633
25699 2436
19071 18178
22557 38657
33243 45514
20146 15813
45857 40862
35351 19260
14665 25537
44031 33906
23771 32118
15342 34446
32701 29432
8341 3668
23297 2569
19295 48917
38904 42833
44602 9706
48237 45504
48087 49398
7563 32635
10641 16057
27131 36741
15925 11820
49651 17159
3780 11509
42869 17373
23932 22915
48559 37654
34770 26268
35529 45793
13766 6663
32730 7380
30834 49436
24651 6963
26524 33988
9929 13834
13293 14311
33682 5173
1346 8579
41728 42504
45289 36509
12544 8548
45275 34750
46361 6657
49865 24842
12253 12648
43102 28489
29951 33147
33028 45013
22845 7664
33125 6475
41703 14840
25786 11159
46388 20640
5267 27330
5018 6058
9479 26411
17349 32268
44272 20433
8891 47866
44233 35166
35791 26368
28425 20631
3765 6474
35529 46903
19717 47148
25913 33188
12488 38112
37356 14988
35027 20907
39308 3958
18889 37655
49339 37918
32287 18936
41916 5048
40866 2896
10391 16684
38161 49852
31306 22504
894 30888
21388 13485
2581 1703
3388 31609
22789 28886
2375 10355
17000 46138
30163 47002
44208 28538
33220 43223
37693 3512
27497 40557
28612 41731
18184 48916
14964 31269
37856 6955
27687 23254
3341 34289
19600 27156
18434 21417
8862 2291
16012 8773
1047 38543
6560 37338
9271 12900
9376 10493
27547 10490
11353 23632
31729 18728
49400 44170
20901 48755
6517 42767
42889 233
48573 10510
37071 29325
40536 7896
25328 29141
37995 7663
48246 18823
44656 36159
35627 27782
1659 37698
41947 26965
27841 20987
6370 39563
36952 3794
8539 1944
2477 48428
31538 28929
28429 34369
13503 13360
40054 29430
36066 22770
38096 30575
40208 25542
9241 2223
114 26161
44209 21425
1635 20092
32509 21908
43007 27508
26568 29202
585 45409
24575 8977
48644 20231
27301 35229
40330 14941
20740 45670
19517 25799
30886 3478
36571 32504
25956 23137
20498 22030
48242 3262
41551 46196
26893 22697
36473 17548
17840 2959
10657 33600
17944 24046
16088 8922
49798 32423
4556 12669
22865 3853
38429 3665
46379 27265
5393 32435
15362 30637
13538 42159
26681 3555
27581 26686
28430 19301
23379 30463
19452 1980
48972 23664
33226 32910
44451 19293
14931 22608
3377 45890
9794 1048
25309 31123
18474 47636
24512 40652
17079 32032
42927 10463
13416 21656
42395 41205
45621 24687
36247 44976
20151 15015
26299 31038
25905 97
45515 13011
10028 46717
5453 36399
5983 27798
18773 43746
13531 11574
43992 23186
845 40759
26365 11626
2021 1782
22449 28231
11237 40170
38040 2673
49311 47379
39134 1998
825 34267
46643 7282
22872 16821
42272 7818
26508 5831
10328 22348
10205 18800
36993 24814
29851 42197
18633 4418
19700 41024
22331 44930
23370 11077
24522 49664
26364 43419
37493 40136
40905 45099
41711 27283
43649 18074
35515 35417
13904 40251
22791 47959
27354 37074
11300 12185
14447 28218
11247 38850
49879 43334
34374 45159
10728 7936
44631 7061
36131 30113
35383 1849
840 24821
17987 26331
7483 48221
44099 6366
7781 26067
44515 42424
45413 3545
43184 6667
38077 19902
19827 16556
45884 9309
42881 4975
28484 37778
14909 25926
18963 36136
13025 29421
16095 49038
27312 45875
9767 46560
24816 21510
38134 27887
27755 23691
46843 30018
35577 41418
47419 10976
19594 49389
44269 9776
31366 6196
36316 34690
36778 37910
46686 36915
43905 15635
47863 8133
18493 11770
7719 23961
32450 22218
15787 43818
17485 19599
24209 47828
25053 10244
32199 48513
6821 22693
46444 31080
39407 29168
5975 47250
23207 23607
49507 14137
33224 13849
46233 45735
37159 9760
16212 31165
5701 14595
12549 10958
21797 33146
38685 2719
27136 43802
12116 24826
7702 21406
47847 37625
43113 33669
33875 37203
32291 44514
36130 25143
44371 31893
47028 25604
42084 40307
16321 31090
5080 46456
12599 34053
10077 22874
18132 43598
24016 33187
40056 41005
18878 15080
13746 42206
45223 32863
17051 43002
30491 35711
37179 12598
31469 24578
49918 31858
34370 11941
21438 19374
16502 6088
45493 19697
15482 11825
17264 874
23466 39786
23130 43760
42122 20874
2130 47243
225 42082
9900 19188
17043 48741
19934 46841
42044 33638
48558 40744
7708 48975
21809 9626
42448 41341
6916 18333
6064 16436
12602 10011
34666 44693
31840 13278
40247 8268
42712 11278
23587 26377
19323 45469
19210 30127
10794 36304
39080 21853
42876 19274
22616 29007
19907 21279
11153 46955
17226 49613
8756 1103
38032 19790
22837 30592
37041 49058
39311 43206
15252 5865
5305 12633
5403 41050
32807 17099
27638 17422
41730 33216
14416 28583
12473 10239
38219 658
29340 5883
10671 28713
35204 19325
4597 29506
5458 29518
35922 43793
41176 38265
816 12722
15417 31569
7517 44971
48108 22392
21513 3115
45644 15582
6913 28661
32600 1724
33524 7440
19733 8637
6710 32818
21647 49147
46357 35108
28914 8674
2836 13577
42024 8029
45831 20204
9404 29755
10533 25388
19729 43593
48844 44980
25243 30595
20923 6361
14458 28866
41026 8512
18170 30175
46911 47570
16312 29092
12911 24009
29189 14675
9109 46232
22609 7395
25437 33631
5004 49012
13005 41850
30024 1567
14838 39543
22587 11215
14033 9026
37305 24530
37928 17191
45659 20195
17059 6792
41896 31893
41175 26617
13630 39532
38634 21303
19590 42769
6321 26667
37718 4277
25500 41425
14214 42057
24254 10784
36999 12971
9251 15865
19195 26913
6742 35046
12803 15211
18338 36085
18389 1463
25619 5686
49416 4503
25828 8968
16520 7577
13239 45875
28509 49937
8826 3477
3858 12534
34422 16877
25020 38900
45636 3548
3323 46284
33329 49219
6614 3575
26251 43398
29405 34919
22611 44980
19256 3807
24730 37394
32406 2015
31788 4340
7108 38734
41807 21737
1659 29157
17409 42385
38035 31419
10375 46812
3225 38155
34862 5555
2022 45551
13898 44794
33554 30825
17335 29228
31830 12452
38442 42440
35236 10728
23017 39010
33912 41640
37405 46009
19446 26122
45183 37019
44732 21424
15703 19704
14009 21680
36425 35337
37477 16631
2123 10833
49360 41050
3586 19317
8176 1381
24810 45328
13511 46830
4109 36511
121 49110
36124 42653
25721 1656
10925 16463
41729 31744
34828 39553
3018 35188
26610 29992
4634 15288
42614 17483
23403 11784
24367 48950
44007 40389
47634 32005
17486 2345
3296 43659
27763 47361
47039 39644
8846 29490
39623 30352
29148 22032
43917 26866
22041 36666
22251 48268
40783 8922
21963 32860
44879 24120
12681 36327
39317 35981
26493 21139
41151 32865
20975 25635
29871 35813
23739 49746
47233 28570
11281 35734
43626 24260
46766 38787
24047 47549
21492 27167
205 3968
17051 32220
37904 9101
44542 28225
29284 3779
12869 4630
130 23366
25368 20646
19464 46706
36471 38498
47511 39139
48082 42160
9197 27455
43820 4334
7593 21137
41115 27316
11895 33644
13667 5126
14066 43174
1040 22199
14463 44838
12553 16924
46080 12102
38270 26562
12559 22425
47699 5662
35748 22310
5218 27055
5254 3287
44409 34514
4400 31198
22910 4734
40095 3893
28295 34524
21871 49971
40127 10477
20012 11402
1622 4462
10087 18531
31376 24632
39294 28006
48793 6521
25565 42589
4478 6217
37346 672
44689 13726
39662 22501
9819 7509
29962 2337
38895 3476
28812 43415
34517 32201
42978 34752
33993 30156
27453 48736
683 14780
33204 33857
49219 13804
19168 4930
29770 45681
21136 49901
7336 34815
15218 31182
23088 20969
22385 3126
37655 6044
6292 30175
19144 8272
14301 17334
38820 26884
13537 48584
37555 9490
19259 19601
25403 313
26143 13777
14303 23772
44075 43153
44664 17925
8363 5919
5546 45181
39176 40330
13355 37266
22585 22162
2831 10736
40369 28953
1668 43660
33378 48107
40130 40657
3139 31375
9865 24897
14255 8676
5432 9600
21258 28284
17712 30141
36186 9691
49862 48127
45122 36625
2239 38611
44863 13915
36463 23950
45310 43221
5525 30905
47803 6384
36581 32226
22940 13975
35326 6426
44800 49773
17813 38775
8945 17225
39534 21872
47795 38769
17630 39670
44484 36091
24628 19047
24458 7889
46152 22331
4545 10094
33446 8421
33681 28630
43563 21613
21535 12722
31187 10737
13662 33831
41950 18758
6079 20842
39633 44539
4287 45712
41856 2993
48176 25761
33828 3878
26413 3693
35226 1963
8839 4371
9167 10567
29482 12814
5468 29294
45086 9906
45819 15031
26623 10347
30239 17550
10594 1872
3342 14007
36812 3093
6895 13268
19385 13990
27519 34072
43084 17755
19620 32579
37162 33853
20549 27309
22437 49608
30532 42108
31098 6037
43655 15985
31377 5903
22798 20326
6016 38779
19897 35543
7669 20652
35092 35018
19198 1893
19930 37275
24354 3593
24908 15490
39293 10203
42430 4400
309 45322
23838 21073
14622 12851
49797 21966
44274 8667
4573 12511
35186 41445
29996 15751
49926 39554
10765 19032
16319 31698
7917 29444
41759 24834
17120 38511
36695 3487
25344 30309
30590 25966
47647 16553
17596 24340
3800 10123
44908 38611
43750 13809
24820 24012
18274 11657
46554 37692
10901 22306
19310 34356
37235 34961
47230 44191
20429 25655
2045 20370
33106 41509
23976 5848
2057 40383
26363 17
30082 8754
34651 19772
15538 15613
39710 44263
24758 26520
20473 3149
34002 41886
2835 3771
39209 11349
17320 46768
31353 429
4168 24830
38138 12537
45438 39470
27234 26189
36906 7916
28742 39471
23412 29413
42277 48056
37130 3532
7605 28860
42630 9001
20762 7841
36012 3415
13954 22641
32403 13913
46166 30797
2847 36585
31335 28335
8844 42726
2893 47684
2803 35137
42531 5183
23284 49194
12684 26524
36053 12641
11912 5148
38984 514
26045 16658
9195 18326
38922 20368
11449 11890
5231 35907
18892 40379
32446 2404
19136 44892
10740 6367
1953 3221
44982 47835
20733 30744
42651 31737
26355 3933
11981 46146
6045 39821
47387 19198
24465 22314
25800 36568
18582 26539
4161 28406
27641 42999
7284 28488
14216 14818
29471 7571
15177 11936
3317 32618
33107 23571
42510 41774
19958 12246
44017 42461
11857 38837
21218 49874
3538 45970
40132 14645
41079 21762
49017 21443
16977 9654
30927 63
16323 6298
38037 45208
25210 21924
33690 14246
14426 11286
30999 47016
3605 48009
40654 43199
31473 33533
42760 49120
37509 26648
5934 12348
9062 4914
30845 7563
46479 29419
28874 2652
27493 39385
49134 26098
4553 40428
3985 24224
13490 46670
49687 12043
13892 18322
46087 7482
24189 3684
47601 47038
3167 46966
15749 22820
4852 16213
37171 34574
17181 34590
47493 49506
24680 31066
28986 6172
11906 35066
39973 8235
30632 19937
18262 45292
28419 8578
18375 14607
21861 10751
27209 39369
10066 47457
25882 15945
38663 46022
36472 42733
49262 13782
47568 37638
21737 49988
36200 23521
24118 6550
9049 17263
3583 6494
42195 43756
33728 3128
15923 33386
12570 39262
36001 12402
22798 13312
4814 42350
32394 31805
19474 39044
1242 40504
23890 40716
38178 25816
47801 49702
37020 17155
5893 8279
22310 17042
18339 10436
30322 9795
4146 7908
11188 26175
46774 6869
31142 49630
38142 28059
12208 4467
8647 11200
22864 16644
4438 22214
13326 13903
24010 38721
39118 48204
7055 26339
14553 43265
28330 26586
34082 26629
2281 38025
8287 17785
10775 10718
48946 2988
40281 29882
12534 24662
46928 29759
1720 10519
46508 34558
47193 32675
48507 14307
4133 49251
6922 27460
38294 5841
39128 2461
28019 12565
30670 26217
5191 11411
18127 30198
47015 668
17986 36275
16266 49788
48206 28330
39174 47365
48497 19771
5622 33810
28936 26721
8059 44802
6928 14601
29474 722
25982 10441
18831 29022
42920 39483
26594 24001
5061 44097
15986 13061
45128 39580
21958 7615
6349 31090
15473 44473
10947 31276
41360 28838
1030 1172
43758 27647
23910 15300
8969 42303
12950 34966
43262 6777
5397 5097
3914 39890
36836 18572
16602 43016
15076 33097
46167 32743
34753 43670
7491 34398
44314 49933
6917 19129
34355 48036
30074 31750
9563 14768
38297 19549
39107 7625
9795 6680
24383 49724
13411 49520
15965 10150
6788 28645
7944 22787
25101 28602
47538 7935
29953 4998
26349 36734
22074 45061
44309 4999
8619 13195
24792 23175
21181 3588
21190 45873
45649 39293
13484 34654
26327 32554
16883 32606
10029 7587
22548 42086
42384 15097
5726 31517
43786 37557
46926 29363
11056 48484
22397 34796
36709 20352
3950 15957
22386 20990
4949 45694
3318 6362
29086 28545
6494 2483
48962 27996
43808 32902
40782 19322
10131 44573
29860 43726
183 39474
46933 35632
41349 28763
14515 41807
28982 1606
44821 19184
25491 32047
1665 15299
7364 12013
8629 24554
30782 40394
11028 22770
43424 11752
15495 26102
16845 35948
2857 19746
10095 33919
40621 39847
20419 7274
484 31950
7224 10496
21718 45157
41459 12845
11387 47481
39846 10962
20058 27566
25751 7610
41095 26361
47260 8542
43028 46097
44505 33370
48746 1355
23230 24062
25999 27000
32239 41253
26723 45734
47812 39506
28146 44082
25862 13525
4712 23370
6144 9078
20278 40208
11798 10265
49266 13189
28156 41602
22575 30413
27737 40548
46870 16160
22232 23298
27609 5877
34112 30377
9895 12151
22688 11063
36349 31661
38970 31394
22283 33789
25942 42543
26088 27920
6895 21235
44151 42273
4019 35827
21848 45746
42178 37289
9784 30198
37940 40840
10918 4029
49798 19073
20907 7497
42203 17672
30844 8797
24740 1834
27481 19230
9894 17594
1286 242
32921 3700
42779 38213
6148 44264
20127 44481
32663 2186
4618 34894
1404 28758
49405 6094
30916 2044
9395 43284
45986 48528
17678 40989
8578 30906
27708 24127
49599 29407
15648 21252
119 22131
47329 3153
15476 36262
28434 21611
43771 26081
17008 23665
25121 15864
33055 31570
45477 27545
39841 1065
44173 25430
3485 9749
14901 1045
11064 37227
35105 9616
48977 14937
23662 35754
18574 6949
35675 39320
29576 26017
20287 42329
43824 34767
21908 19489
18978 789
37143 14979
12775 4532
4818 34940
48365 41258
36943 35210
45483 12295
29256 44136
38986 31506
713 15181
31584 37997
48540 48701
13261 37058
29544 48237
5966 13582
22247 32281
36781 14208
17335 19573
37521 19660
37341 28076
35288 36554
24503 14437
45474 19718
26283 28618
30760 20657
27272 44569
19302 11299
18022 39693
4099 41946
3603 47846
6963 28570
23076 49418
9762 32392
24021 46328
32434 8406
6906 15220
21472 12512
42975 41790
28249 17784
19097 17246
49801 32875
34713 42106
13402 29156
34217 46337
36493 22965
36251 43349
28734 15672
35894 21521
47738 10508
3747 23475
17898 3783
28787 48835
6396 40256
28999 19566
47678 524
25601 3629
21709 10780
264 44490
41543 1867
21338 2865
41693 43245
35112 41253
1831 41963
37604 32509
33333 46798
1604 1988
45906 27958
47472 44036
1961 21129
23936 9754
42774 35499
34530 31174
12560 10351
38689 45436
48890 1981
34131 14199
33525 38334
26427 47701
40779 43406
33439 42
22290 35386
32928 18598
41627 36434
48280 46278
41076 3503
37729 294
19965 7393
33977 8672
31604 41181
45101 6748
45846 48770
43600 24907
48218 8556
37410 23968
6148 47978
17321 18224
43841 11958
43733 28465
27827 33167
30146 28535
24407 22466
7851 27576
32556 24476
5473 4359
9862 2253
47030 32228
19759 25835
37870 19549
23164 29053
47607 34765
41818 19872
30735 48761
24858 43576
39910 45231
45577 1087
40533 35266
14759 16667
5545 14335
47647 41831
15378 13446
10869 49286
1278 40488
40313 35230
33967 14730
15080 6447
5724 25303
39096 27921
1460 15060
2885 30081
19592 20052
25662 14378
18259 41193
27410 19513
25405 6853
1033 48864
29324 12095
10643 18110
14822 32338
7622 17381
18319 22062
11596 27343
8449 31487
24261 6178
42081 43703
42397 5708
21989 38209
49388 27649
45546 15896
10300 5042
3803 39540
5226 36084
46294 40442
4200 24821
9501 15197
4619 9801
10191 25996
30757 36466
43393 46572
7028 14398
5897 47004
17003 28718
33529 16971
10211 11222
1292 30190
13632 3586
15187 12804
6597 3697
2981 9110
42355 46849
18024 16935
1464 31717
21542 8816
5619 49139
41267 22021
35869 9493
22734 49083
20977 2039
45814 38256
47231 8229
6971 11533
26280 5671
3921 460
33180 37617
39113 41886
35161 2915
14293 35807
36435 31994
39460 32840
17070 545
33431 18518
17341 48954
45369 15654
17012 8961
38315 30674
34702 4729
16458 13044
47945 10503
22102 24760
10425 36474
31155 30288
24842 30977
28917 11211
30529 28994
46610 38847
20942 45084
48576 41560
18313 39962
17771 47202
5462 7051
13549 3794
38856 38297
35522 25913
27192 21097
39892 29911
4334 20564
38413 36957
16471 34414
1843 39370
47879 39706
12507 13447
34890 19649
46003 29045
8077 42296
43028 8178
34880 11194
10956 47235
25886 36793
21012 48506
25445 8130
46878 44306
9059 7589
33270 42354
5767 19210
39305 11286
20232 19418
43888 19114
30035 48109
48190 28184
29494 31012
26630 24109
8608 22898
15507 46509
25821 6204
29950 35106
18792 13338
30300 20597
42944 45314
39539 6943
4526 45254
9925 32670
44392 10341
35494 3966
28490 16378
43847 45525
21073 28481
19355 10843
34977 26378
34143 600
33263 15973
38547 24003
44966 28311
9665 5198
13069 37157
40574 27949
39796 36874
16826 38633
9373 29370
16893 2415
45384 47936
42090 19042
23078 16960
49839 37172
46615 6459
5126 15395
44983 48047
36880 25874
42891 31752
40463 31976
18150 34564
17326 29221
49150 40185
24744 24055
6899 21044
8831 19514
25636 5029
4123 22400
18665 36993
33602 21422
17259 18763
30287 44595
35470 1836
13697 35184
26607 26208
20449 45311
16218 13373
39765 13385
44128 2141
36729 18727
39023 21871
7649 43230
11903 21654
26443 24372
4472 23159
43704 46103
11506 33065
6018 17834
12301 34954
27843 40513
2838 10009
30186 908
1243 39904
5731 845
47218 48031
10260 154
36480 36589
25843 16622
29574 3838
30988 45912
34125 33313
22151 15602
8046 17594
43346 34793
9173 9909
45192 18921
37852 41752
34361 27301
9527 14900
10500 20564
4804 49130
12455 2216
13856 25653
34815 24460
45700 24069
29989 48729
31644 9208
3049 6682
3898 2136
37462 30795
3388 43149
31319 41916
13786 3354
5145 48276
25152 4329
9578 1198
21761 6982
22924 26418
6162 16638
28208 32053
49767 22859
7932 9501
34316 43689
28483 20257
25879 3519
12886 2356
4568 16224
11940 32474
38711 14043
44280 32132
31531 13649
45258 45246
46860 27077
10844 26691
33816 20239
13305 30565
455 47102
42865 7344
5772 29272
17419 25130
27401 16865
43827 23720
9317 11590
37514 45428
38743 40935
24544 14330
49063 19448
33450 22537
2478 31337
11148 43314
10585 1691
11399 31781
14078 17250
1484 24591
49600 18437
6542 36038
33186 43505
34622 5743
33465 9173
15833 28167
30405 25618
42840 37192
14920 48504
43251 40415
37922 29605
5935 40089
12181 20418
8249 26504
11671 45037
29355 41406
29266 1408
27570 13156
28027 12007
19729 3987
48854 8378
32479 2330
3193 14926
43863 30801
36507 35321
49241 11339
37442 14551
28505 418
45740 16798
47467 37576
41641 30614
33825 30403
31680 2628
18839 18643
17853 9306
28268 22753
39162 19309
49450 38807
31303 44882
11956 11908
19716 27743
44857 39882
27937 48151
22318 31623
65 48697
23491 9155
23241 49713
14723 36057
27006 31818
21526 34484
13914 25505
37171 43027
26010 1372
46784 25528
1464 44254
38977 17762
22568 3891
23645 28601
38996 42857
40780 23434
8521 20015
30583 36634
15752 41596
27134 13533
26998 28529
47266 2395
19248 8291
49047 14661
16712 18700
40893 28704
1180 43824
18651 19756
35753 22320
29974 12793
47376 14745
33380 10507
3821 15263
15741 3383
24899 49154
25391 9709
14865 3988
5525 35070
32308 25135
47512 17937
26569 21385
40848 24120
33639 5400
14783 32686
42701 21012
22511 39754
13417 11148
26774 6363
41355 20698
19688 7368
45006 43506
12316 48500
17504 46756
14314 44875
18168 47903
24465 16729
27496 41026
14703 32693
42620 29571
36282 8895
32146 26959
36735 35938
24313 33515
28973 12809
42546 35247
45031 4283
5687 42430
13610 40445
16873 37434
8782 9693
12497 25929
40136 34566
45520 6143
1008 23535
26673 8740
9153 47289
12179 12005
16832 11897
7714 33882
49830 37748
7150 168
26186 30422
2400 46049
16968 29149
38398 19318
42481 3218
6482 4095
40625 40986
27191 29512
33442 16339
8289 39704
9825 1089
48585 40420
46874 27928
4616 26106
22321 8616
23791 44819
2226 9394
17543 15323
42954 8763
8224 32447
40874 9695
30523 39713
43787 45190
33308 10564
20654 27637
32934 35544
13037 18922
1172 26843
28006 11234
21989 32729
7168 23914
27817 24890
15399 35899
48023 11736
27739 3401
47011 2227
17870 48945
16829 9874
22000 14324
17400 42347
35791 37754
162 17065
26098 49736
34878 31511
31306 23886
4998 26257
14896 49241
18277 18051
23628 48286
2274 25206
47699 49770
49619 22148
47226 30926
34206 39366
31532 33768
17612 18327
22636 3593
33788 1529
18471 10781
45099 18718
3302 8902
43712 23165
33715 28486
28879 16834
42590 39161
49064 31033
1830 1476
3125 49846
28881 29076
31557 43109
8053 43648
44705 29220
22751 4994
20630 47312
38143 19832
25688 6496
21347 33925
44955 18850
1464 23948
40454 14655
18201 40284
11726 24767
26134 17144
3145 4744
36345 47082
37314 17102
39033 13894
42576 28942
37773 11494
34262 650
14692 13447
33681 49094
24973 7008
20609 19905
33860 36463
13651 47834
20762 39411
37834 18157
2586 35239
41665 13902
22380 38529
13156 35666
26995 28410
25335 4753
42645 19630
10636 5235
3743 36413
47194 2001
25894 25013
34180 23271
36368 42382
30868 11850
43854 23091
1263 8051
47618 19228
23758 5488
28152 27255
38749 5914
36847 25870
25745 23934
11035 44015
35863 13003
28454 28112
13339 41351
7089 32369
42759 40542
25971 1983
35672 32935
36915 44681
36188 31580
6003 35650
38218 15610
29009 8769
27153 46467
13719 21564
1304 45038
235 8612
48092 20596
41547 8106
28449 27364
38799 14199
4114 30152
45790 26369
11824 10301
40294 24541
5340 7156
45566 21717
4931 37909
5821 5482
40732 27965
4137 49221
38603 48188
36053 11763
8318 33600
5808 10127
23113 44463
38307 43543
988 31358
17147 3539
1719 19354
7559 27961
23531 32774
18428 12375
37364 14445
33720 20993
34147 42509
9127 11083
23950 47587
21322 15728
23675 45789
27090 6062
12717 46086
29540 1249
44064 37044
28692 47905
38648 34745
17705 2963
15521 14606
49263 7446
39304 10646
5791 46719
37971 30331
32923 22666
19530 46463
19912 46706
15094 14776
23056 41103
18651 31045
45673 203
47512 15000
4732 26200
20666 46391
6909 27920
39586 43166
32013 21850
18889 4451
19438 8148
27980 27643
32122 17615
33293 36969
46434 14610
2349 42624
40797 30713
26223 18606
36884 22811
24642 22934
33888 3137
2632 47899
33394 18113
29033 14289
45057 20604
5643 23081
16926 48921
39866 27549
19014 24582
13451 25679
4591 14843
46889 47937
30927 35140
45885 10892
44073 33024
7721 48863
35743 44684
