10000 1000
4034 2623
2330 3351
431 4271
4116 759
1410 2032
530 3969
361 852
2968 4540
1228 4770
4920 4185
2822 470
232 1189
2806 258
4215 1368
189 2940
1442 1786
3785 1693
2795 4788
220 2919
763 2632
1648 35
2213 3007
3329 2816
4050 3443
3770 4826
3249 3145
2677 3723
264 1810
1454 2531
2520 126
1740 3727
4170 3929
1976 3808
1339 337
4600 3045
2572 1044
2704 4277
4415 4978
1291 3055
3507 4241
1346 4537
1196 1228
3029 2293
3042 2310
4485 2848
749 833
2850 2495
1603 4704
83 2083
806 162
641 2909
3072 4586
2172 3803
4658 661
3593 2340
4585 2354
2341 1134
3094 1121
2345 738
4126 1640
3862 4806
2624 69
3418 2342
3805 1300
3688 2883
3461 1082
3279 2517
4061 3614
3486 1800
847 4218
2149 2782
2462 2132
4965 2311
1379 486
395 2711
4336 4305
3853 2601
3633 714
2813 2823
777 4282
831 3611
4893 3641
4114 4775
1638 1531
2101 923
3513 4898
4811 264
3395 298
2546 4119
417 4014
4208 1373
4867 4255
667 38
1871 2195
1840 1788
1686 3436
902 3573
101 2547
1212 953
97 2400
3409 4442
4640 4045
1337 1790
3949 3538
2828 937
2149 154
3383 2085
1800 1224
2531 3922
2153 4907
3288 3121
4262 3135
3950 1470
1282 960
3144 4621
862 4529
950 1851
2930 1877
1474 1398
2591 1004
3883 3526
4234 2533
4422 591
1973 4388
3376 930
3117 4576
270 491
3561 1829
2762 471
3435 4529
2525 4351
2771 514
2927 812
764 3710
2966 925
4061 1665
4539 4464
2389 968
1386 3205
3542 855
1920 1521
3647 75
2042 4819
4707 3893
706 1356
2525 1217
3908 3921
3549 323
2058 1286
1497 4885
2988 1972
2091 3783
562 3371
4512 2907
2420 486
3320 1137
2559 267
2076 2318
4715 4472
2061 3030
3951 2122
4228 2586
202 1456
1458 4156
336 270
3606 2781
4089 837
4172 3555
3920 21
4316 2837
3279 2965
4264 1598
618 2173
2120 3723
1652 3276
1394 1165
4656 3803
1495 4222
3504 4216
588 960
1327 1224
1469 3731
3454 4389
4492 4152
2244 53
2601 4062
2172 2388
2708 3750
343 1368
2322 807
308 848
3964 3045
1712 2900
4075 707
633 4448
1845 3601
4630 1424
2509 178
4790 4662
18 52
4563 3899
3051 748
4616 2981
1952 4929
3572 3004
1838 4388
1800 700
1499 2643
3880 564
2363 2919
4316 849
3819 3701
1285 3237
2743 1738
2758 4902
685 1663
2133 2093
2868 3210
142 4174
2648 965
4335 1035
1253 2004
124 1167
4180 1181
405 1424
910 4153
101 2589
4767 3565
3842 4126
2591 2591
300 2952
3026 3778
4592 2866
2562 1750
738 355
4036 4204
2355 2064
2507 3893
1208 455
206 1382
1640 1576
1408 539
4482 809
2405 3370
4317 958
761 860
4778 3522
174 3349
4093 3135
2480 3362
1742 85
3133 157
4441 3190
1247 833
813 3143
4644 1506
1501 1297
3990 1387
2107 168
2756 2895
4895 2535
4882 4926
2113 2555
4798 1460
788 4556
145 4733
1998 500
160 2687
3609 3113
1040 4895
1104 1780
135 4819
2018 474
1252 4784
1916 3067
3362 1035
2704 4057
500 4876
2350 358
2853 4896
2093 2113
3348 2953
922 2108
1481 1381
1805 4089
2520 3276
1536 1447
2853 2817
3250 87
4078 86
1449 4666
2305 2890
753 3036
2189 1509
3909 3821
136 2349
821 1084
1062 989
759 2481
3538 2546
2869 4149
1842 3443
4101 2738
3203 2655
4560 3327
148 2501
492 1230
4010 3726
274 1605
1546 1516
3824 4600
2068 1643
3563 4145
2393 1324
3215 3149
777 2211
4254 2890
3290 1828
4532 2396
278 4159
4321 2777
714 641
4511 1487
4778 1899
1353 3931
2395 20
2751 3481
4220 3599
3349 1117
284 1859
2228 4217
3438 3204
2596 4256
2581 4599
3231 3670
4823 242
3083 2389
2565 974
4136 1705
3589 2816
2868 134
1892 158
2268 418
3353 336
668 2731
3563 2045
760 2991
907 633
3035 1923
1337 2441
190 354
2245 3853
2577 71
4219 1205
2849 1770
3851 3352
747 2638
4976 1676
1357 4777
4238 593
3013 876
4344 3279
3532 1794
4057 1564
502 2231
4696 3752
1172 1551
1830 753
1227 4462
469 240
1688 4444
1816 3167
3903 3420
4526 565
4930 721
4490 2433
568 4241
2416 87
4529 4193
1761 3125
609 903
411 807
4503 355
2368 4016
3260 3584
1746 3615
4725 3552
246 4479
2110 2049
3979 1410
40 1695
3982 2400
3802 1832
1291 2090
3185 4474
1993 1534
1500 4146
3893 2765
1669 412
269 4179
1368 498
3569 1372
2221 4665
2635 207
3201 771
1020 669
3862 489
51 2904
2530 4477
861 4343
1988 1608
3195 2736
410 2419
4235 1644
507 3418
2956 4329
4016 1503
2449 3937
360 2987
4961 543
69 1222
985 55
2302 3829
4295 4808
829 1439
3435 2862
4191 3391
3404 3516
198 1553
1660 1495
1391 2033
2001 2549
2426 1347
1644 796
2959 3752
3043 2981
3059 4438
1443 94
4112 3621
1373 2311
1662 3049
1904 1936
3060 3077
4434 2593
2605 1110
2465 418
1075 3991
2955 947
4610 2015
3912 1854
49 109
1332 1754
2978 948
4788 1177
288 1635
597 3269
117 4613
1730 4641
1136 3044
269 4530
1315 1802
4772 309
2588 4556
3827 835
2561 1700
4860 3306
378 1352
476 3174
2820 1978
3262 2111
4760 4231
2415 638
242 4134
4685 4130
727 2349
1351 3348
4801 3961
1372 2117
4419 1488
474 2973
656 2550
1212 2086
1091 1986
226 550
345 1509
4057 3749
689 1071
739 3274
3221 659
4321 840
4519 1735
4044 2729
4428 4927
1240 4708
1768 2288
1048 147
1838 4448
3642 3583
201 672
15 4261
632 2639
2321 1813
548 4207
4610 1338
1569 3526
3263 2692
2854 4164
1555 2609
4535 1885
706 3173
4882 3323
2443 3541
2402 60
502 4585
904 532
3620 3998
3333 1947
1669 2008
921 2780
1358 1167
3075 4402
2804 3618
2638 3923
3311 1993
490 4521
3941 4861
2946 1952
4010 165
1531 3952
4192 3533
1403 2919
1640 3830
115 2838
2648 4012
3304 1200
3821 2613
3432 1626
3418 2266
3369 930
269 80
3125 1162
2698 3900
4966 2356
3191 3259
2735 2639
303 1097
1613 646
4846 3239
2231 4109
3622 1624
3886 1895
2794 4346
4091 4964
781 838
589 1268
473 4253
2274 1092
3498 4514
3229 2902
4421 4986
27 174
3459 2445
3670 3664
3523 4918
44 1839
1316 2207
1062 3068
990 3947
3669 820
2321 2285
234 4129
4916 4052
794 333
725 4863
4815 2060
2275 2229
4445 3396
4080 2074
4184 3330
2804 3140
1267 4985
4335 2481
4011 3530
2119 4610
362 4609
4235 4506
2796 1016
411 2978
2697 4865
3696 1148
3632 1162
2073 4914
2762 100
2947 2938
3965 359
2187 2162
3341 88
4719 2261
2057 1853
3757 82
3829 2750
2346 4970
3093 2080
1121 1252
1734 1922
78 2914
4236 4928
578 3464
1791 2172
2877 947
2200 2229
1384 704
3328 3497
3678 656
1442 2579
2333 334
4699 2843
830 4939
1701 1752
2473 4048
540 2424
3648 1365
2754 607
1912 2889
2574 2449
3994 4678
2703 4323
649 4395
1126 3285
1515 1231
223 2995
4332 1137
3498 2165
1235 3205
960 290
3303 615
3028 2287
2645 39
1217 260
4584 18
1797 4037
3898 1717
748 2018
869 3575
2364 1541
1409 3019
2306 1113
2968 4185
3993 374
3073 2262
838 4850
2063 1175
4208 1135
1950 4792
3605 4750
1659 1443
1760 4875
404 4904
2530 3836
841 2245
1514 1611
1068 2463
110 1934
1951 1540
1198 4821
1947 1393
2922 165
1502 4383
4621 3280
102 3313
3919 617
213 4611
4942 3828
3707 2761
3813 3341
3607 2294
3699 1455
1129 4806
1230 1552
1094 3806
2353 1621
2839 4230
4715 892
96 4988
341 66
1519 2163
2788 3856
4572 1259
1605 1205
3452 4494
2676 1634
4538 1317
1552 4747
308 1862
4587 1695
4602 4546
1261 2126
854 947
2837 4218
4799 4624
2196 325
2448 1853
1671 4808
1277 4579
721 4338
4463 4277
4357 4583
4713 3069
1707 3846
876 3003
4909 121
4741 2464
736 4994
1777 1859
4405 3442
902 53
2275 4116
1473 3426
951 1716
4873 3967
1144 2959
2091 3288
2642 1459
995 4846
4678 3983
2374 2329
3698 2436
2963 736
2990 2335
4771 4576
158 2799
2253 922
1958 180
995 174
176 4913
1618 991
2237 4467
4548 1356
1120 977
3242 3149
4581 4993
1005 3292
4848 4976
3675 3338
735 2023
2013 3076
2139 929
4199 1784
491 75
1843 58
3669 2652
3397 3668
4533 1194
3348 3755
999 3089
1511 2693
4630 3033
1466 1192
3056 825
924 1668
2157 1115
4079 3900
1193 755
1619 1506
2622 1317
3176 3000
1106 2853
2604 2267
3394 1533
1042 2880
3392 275
1209 2933
990 3409
3417 4060
2440 3317
2498 824
3854 1651
4298 1212
3158 1492
4886 1061
70 554
4084 975
2110 4542
4741 4102
103 1372
68 3869
3169 824
1131 2648
3786 2779
1762 774
7 769
1741 4240
454 1050
3860 2940
2246 995
2135 3757
249 2433
4776 4661
590 981
4787 3395
3953 65
4472 3838
2664 3874
675 678
4914 3865
2294 1541
2366 2438
4142 3136
446 4455
721 4093
631 177
2299 210
752 3343
3077 3506
890 3188
3313 3064
786 1676
1997 2098
3789 2758
1363 2901
4472 3785
3293 2304
4117 2640
833 220
4277 4376
1116 2737
1350 4340
4081 508
1551 1285
694 3658
1150 4105
1740 4696
3928 2363
3566 166
2917 394
1838 2043
3620 4168
1339 377
2426 1915
474 4696
892 4986
3291 4911
3294 777
1267 2540
4226 1923
3542 3577
4032 2241
4378 2335
3582 2681
4523 4063
4720 348
4889 343
2868 4037
916 636
2004 4286
1050 3612
2869 1336
1049 3112
3565 2688
668 4104
1929 1666
24 1650
873 849
510 2340
463 1758
2709 3488
2373 1396
4753 718
573 3609
2428 4309
897 1344
2086 1999
2789 1048
4410 218
2514 3576
3825 3598
4030 2481
3062 837
2680 3538
2961 4772
3054 1056
4165 2868
2 4864
1604 4650
4086 3236
732 4018
3924 1908
3214 241
3735 3711
3747 1482
2953 4877
1276 3970
3751 1525
1427 914
469 3959
1155 3992
4161 4877
4354 4985
3405 1018
4705 1142
4045 3231
4579 2979
952 4402
2778 4190
1773 3099
2332 3146
2766 1100
4610 1577
2542 3215
4376 4621
2307 2325
3833 3267
2087 3031
1806 2290
1602 1936
3186 4011
4095 1365
3913 1583
4435 1312
3146 3056
2082 695
3418 1741
3308 1691
2387 1210
4689 196
1067 3115
3228 2538
2176 4385
1309 3575
2366 2327
4765 3245
2663 1354
4057 3112
1528 3545
2628 383
3598 1760
269 4095
3616 4070
376 2256
3013 3007
1812 3866
4658 3071
1405 104
4257 3115
1537 3414
2030 2572
1945 2025
3625 4962
556 1026
1219 4022
4575 2983
2413 2508
347 409
1358 2855
3726 1503
4032 3985
1017 305
3713 587
168 1296
4360 2980
1199 4235
2151 828
3213 1584
2511 1900
2881 4277
1151 2805
4680 3337
1282 1857
4963 1435
276 3154
3448 1354
2228 1483
109 203
845 1781
1449 1165
2813 4070
2935 2767
675 684
2063 2229
4538 2316
4784 2233
3036 1441
3985 288
2669 4730
4089 136
3526 2573
4938 1564
847 3547
3577 2516
894 4849
3955 773
2775 4727
962 2237
4773 3005
1662 2166
1162 272
3097 625
4897 2807
3588 3460
4851 3569
