1000000 2000
147364 462047
134973 46186
60324 88327
235260 205845
373972 476738
262696 47862
351356 377453
61941 194917
367530 169959
168195 194029
87559 58843
471452 58629
497956 453912
496219 18275
349009 15417
21357 303613
483569 444670
265614 217281
219021 95967
131458 228820
301417 426476
439334 311624
126187 255704
364694 349766
443694 486867
152022 286471
396540 90094
427318 369972
460202 123471
216779 495129
11420 34214
47407 426747
19737 199902
265137 444630
4950 299003
89301 314230
226931 265258
147105 166840
382779 241229
285516 49403
224679 54054
153831 304170
194353 393112
462475 478489
392038 20927
143602 394649
118173 159245
492881 430544
86845 245745
123760 382848
395083 455372
16147 64770
274585 203830
371979 233335
336736 147651
176714 38501
103483 387782
335912 264842
345585 50700
429101 278012
441134 77478
140707 173204
22847 459871
301587 357756
262309 254355
456297 389125
43644 79110
394912 323562
307597 154982
491390 367267
437938 20642
205713 143921
491225 48220
474142 247391
250051 488222
343139 161565
218026 157678
241417 100209
125544 390263
80901 2496
74684 24262
267205 390085
20691 113006
3469 83085
216302 178888
195265 158736
128423 216318
389107 455140
208237 14985
498470 43050
239246 110495
285352 300911
373863 219040
239269 113502
295746 387923
73913 43798
163348 297189
33342 185310
265703 50555
327128 257267
341820 1488
458531 248544
80243 213022
207273 428562
212042 191740
456441 213151
485838 381763
124200 170207
446575 60950
365236 489510
180803 480070
256947 408293
467784 7204
497039 127754
465592 150826
418360 277527
340189 63780
313885 78143
13501 29508
120455 2158
30292 79840
249839 106021
113962 68212
435406 341042
16034 396590
330188 343786
243958 345932
293915 338888
398381 495621
371141 191051
29731 83916
326022 463080
178016 244425
182202 179072
36973 485621
372314 479118
244901 168969
387908 112919
457748 197736
395701 238256
396897 393504
421478 3206
361518 425628
339848 10109
331425 252678
440918 12565
29306 465440
424862 426462
352759 367078
496486 156536
207427 18285
85520 99008
336331 10070
447266 426225
303296 120339
379147 54089
180010 221975
301343 384140
229570 376770
47521 327123
209795 28206
34021 267239
191150 432913
216748 272026
488060 37433
95017 228438
2115 46713
269356 24202
72681 497388
101141 80132
357710 33388
438575 391237
404737 265268
432510 312561
346437 186744
196580 444239
38644 183663
474219 326944
135959 53478
282952 183204
198464 248694
139376 214600
22209 468906
376660 18772
394276 175201
250074 448577
368265 130784
234873 358548
447375 165728
14907 110710
142680 492507
458326 356097
78027 75285
418314 103233
412959 252660
400910 396073
170844 490289
213441 386895
107773 402798
289113 124099
430072 85703
66757 122048
171334 280963
229385 478992
155854 140729
389427 412470
104905 121843
368089 32864
170503 315998
235836 412729
322000 394915
45922 270291
109242 263280
324093 387505
60355 244199
385090 39366
498923 101229
204497 6997
76619 416939
28434 216867
258341 50654
265495 147245
380692 89217
177135 382648
463138 492840
448564 11524
292689 390854
389919 398745
142909 427765
231619 10042
56808 358925
127436 19243
364999 476211
32620 186283
192611 219368
64948 452880
379022 356665
155386 15768
356489 362780
250419 386418
53256 493188
328607 398722
141583 234883
136510 405909
121487 469506
447491 179562
432860 308283
330336 194571
401622 395522
391025 185675
337395 57893
454481 324784
336115 499594
413641 13316
83925 406762
348516 102656
118215 240649
344334 191843
222088 155625
243580 446441
119485 95214
460190 194170
113334 384666
87421 87341
256025 394899
102968 281659
213618 74064
248709 286662
70973 53681
495565 266924
441587 428117
177047 329571
331063 413400
103229 272812
173710 12232
98593 271293
496028 200942
371730 463253
413756 56478
176914 71035
102441 340558
365912 116206
195569 240035
81560 350018
188741 641
468686 382029
401084 183293
460643 63611
84220 276573
360929 315215
7193 425813
129370 498492
26768 175494
346762 17511
401946 193389
339130 390878
136782 19402
311187 41851
64372 13697
45352 387989
289361 66988
187721 86755
263738 402702
230991 330594
91162 129130
488818 389092
45831 73798
2517 298820
238938 101530
138312 262728
179880 170014
55995 116243
254883 385427
313487 62485
1180 146595
442966 354628
457070 352778
59084 113887
39326 230524
352086 82573
233873 268844
60594 340441
179079 17012
258548 364828
236398 264504
343072 217877
59716 222558
432539 228671
288841 437978
491713 127382
499632 149038
53493 119563
236259 397802
350651 231828
99491 398697
361452 208283
154960 54878
333529 46673
107890 162480
172579 416883
252596 311852
227826 50985
178699 420794
268837 432069
234291 33356
449958 79896
71235 25866
349535 457311
368526 81568
227496 379201
21792 66367
475338 352922
68102 79340
99920 390018
68622 140566
437707 432580
199313 266994
222007 95199
308258 457484
83652 12570
159326 15990
69077 103196
338443 196989
148866 77703
312527 157533
235698 198323
475027 74930
289579 213356
68019 494001
224232 293332
117201 482500
364824 114144
336134 488190
436079 113800
331515 312109
232787 226377
345913 273711
163061 121393
291613 65462
345732 470419
350789 375077
162674 17244
238919 157245
146109 437394
333063 327291
156788 215640
114984 178061
180172 106855
354060 136716
7471 319404
298900 313502
211207 357894
479000 335955
12825 396126
66893 29240
157780 82468
74206 486022
286283 129572
135676 205528
145796 317505
71625 15248
20586 180097
61031 386942
493713 131807
38682 452672
443826 434852
297345 408693
177518 294075
434049 263801
430763 386104
492712 358545
404053 155722
114101 379826
19215 320307
460420 278774
309522 45409
479832 480199
484551 163226
288729 118429
351933 235998
467575 45914
56712 25582
217109 245365
251455 309440
371152 367814
369362 305351
411338 190514
497068 384472
143216 150987
299586 19096
351078 397979
233330 249915
296327 273862
275183 255932
449926 499588
190046 299803
296638 399523
264654 192787
246513 496919
274430 298003
440525 289929
103690 125299
486687 7303
359610 239780
389399 346357
337682 281353
445865 295051
2074 182526
304296 367510
110980 474478
104599 143957
141642 48277
463904 181252
448078 297873
467063 377197
129139 41515
170233 67524
352048 314939
186513 85993
221098 153752
234120 4904
47920 11739
206625 224073
322666 485603
37941 468699
119057 131028
314698 376313
85014 406871
181583 214022
285651 135979
170622 272461
14157 353203
452231 250179
327008 277574
9135 472020
52861 164817
30519 295455
425962 179955
111502 86472
209452 292209
37795 38926
477666 316165
488351 265533
200372 355656
2912 325540
296865 396651
143364 265302
146425 422428
21306 146776
415477 148955
210847 378530
259139 129164
425048 188237
87766 435949
315875 54174
298071 393349
276057 401607
364422 262667
178812 194689
424998 293330
350976 159220
182373 163984
168400 121215
496367 497074
312775 408200
60290 257597
484645 447648
187100 20543
226350 85613
138576 321328
252118 82052
18934 73729
249294 56763
274962 398598
234723 335576
292209 376766
464933 249460
187832 99149
476009 131197
233305 471118
42907 361675
198046 90564
128612 324468
158730 185988
271517 117370
376007 192097
436502 338520
246750 382677
312431 477096
266083 316539
158320 301615
178674 88387
257891 464507
161471 211964
312816 102643
303588 163645
139724 56493
233711 43280
490518 375038
461395 153537
179947 168946
465855 361690
340115 269829
446824 451870
117938 306905
419683 25906
407470 295196
440997 98823
249135 151274
126228 119474
382533 60782
421287 132218
228358 247657
239786 137207
100379 302965
135795 297800
487783 19580
185068 361930
44384 307293
211443 468126
329513 359245
188513 325763
139299 206044
32280 460154
197536 305859
179171 336505
76422 406883
77814 20559
350550 252455
180907 293899
115211 293414
362362 309387
362904 385833
426400 338971
36813 325885
395624 43692
416856 116917
399486 280636
243056 178598
331798 19696
34879 204572
199935 124769
387163 394307
124337 122430
128551 493340
267321 352668
295683 449436
184532 170392
319601 178075
461867 391015
290866 485980
174712 347117
398779 336014
175350 454341
337501 315958
407775 421460
246708 19851
200561 452549
450156 190380
117201 57188
475819 397879
50929 395320
149113 201424
407149 235769
29303 15184
199932 33606
5319 414744
452301 270491
429314 440917
392630 165319
416313 169733
198628 92684
387874 453848
339891 21800
154375 114051
337464 494682
130887 187819
69157 373435
214457 232212
360361 340743
102221 104132
491555 330763
91629 483279
306062 426887
462664 83430
141428 199206
237116 325672
294717 482631
358825 4099
485243 306069
107170 492020
154019 345498
144324 242820
475176 437487
321363 228112
288502 455860
175445 379074
355006 42862
93537 364213
127244 383473
230057 256882
464435 72072
306582 104635
157494 9246
244739 360328
71657 353459
188918 47449
265711 184249
379369 34380
239933 192942
285623 441107
454406 28465
308560 230406
40785 141271
396595 311044
210457 391765
426567 216059
37190 483429
469050 464498
220625 409578
152101 124199
367413 383502
416431 418137
348152 472227
282434 433915
481515 327219
170041 201091
478133 381799
158281 27352
465348 7924
377174 241548
310562 203613
385111 191476
333945 10721
165779 209597
52264 30276
313695 271972
197350 137580
43896 217567
256034 396124
55984 255009
251195 95528
215587 413994
288937 471942
486083 282178
233087 309977
271721 217806
141271 49669
329648 469215
271762 483506
68363 326607
437270 264559
9820 458467
99643 56375
335742 206970
464129 54702
356230 53747
355138 448975
402273 233917
390978 153316
265321 448590
454910 61015
27098 227641
121184 466823
17685 361420
388732 261788
18707 109338
170816 467200
182877 456472
472291 64798
61514 423383
13805 64593
68002 324742
419777 167234
320517 75119
200348 434224
311247 492394
123328 119628
391505 77045
78172 252831
84117 48305
89151 199126
409958 374295
18281 172820
307870 435706
458246 446399
257483 117450
225704 392913
86853 53129
240741 275502
56239 219301
251649 159109
18607 345409
96144 182849
459939 419963
187712 96520
188845 50935
195093 87726
471409 225017
364918 12141
296258 359370
45874 32735
222019 447237
4596 182592
180393 7391
312767 172305
468245 331802
166138 267307
155812 163645
233344 316236
361972 357689
57804 152760
353226 77024
317625 139323
396973 11431
453862 494079
20047 161031
62962 1580
292751 466434
220889 333439
190453 174254
377152 358214
336348 146801
135770 475177
128783 448791
155557 245541
236287 211944
53307 251435
49369 104865
48833 181566
246516 145824
281387 246526
458541 143341
103762 154428
445403 377826
349870 324565
392421 318958
52214 39249
96186 112971
77851 375473
320790 355758
184233 22124
343911 151028
366163 496375
207081 156292
448538 149368
397661 211132
447106 272034
84266 409442
289956 95232
80838 177078
472963 348365
225561 393690
183053 337566
332681 276111
316111 420277
31356 235812
155059 317676
199465 459277
25316 338182
216990 490643
379 299966
470424 355141
18181 29259
56886 342490
149722 82896
76567 29087
211310 179498
67682 168200
85721 409250
432998 346154
176737 254402
241635 420757
144273 497477
390503 225916
333362 294267
181642 2476
457543 365091
330063 167005
490743 124935
416108 267539
238878 165281
358499 147998
5709 376902
37023 338290
73343 401124
195774 193730
441355 192408
86783 355264
104063 889
486272 264001
244058 783
25034 52472
392589 287616
416598 473797
7227 145121
265108 75492
174592 478038
11921 221796
410038 296588
261238 401976
185967 96653
445740 75153
268840 41991
83817 227591
167511 3528
441288 152664
4488 405929
453373 226264
367928 432893
92304 430062
185216 168604
261313 429154
5323 336074
274790 345616
287334 324780
407590 459093
33692 376309
22612 108720
358425 425009
394327 141086
215252 310932
257216 299891
441087 245266
369315 106916
364629 69325
360333 84625
133805 359228
321131 462454
420618 275797
334086 448225
205931 81655
106260 248107
405426 375107
79550 349992
143444 70681
197159 189530
447142 271543
391855 69563
369901 481470
61552 356280
24977 146924
115281 473620
449833 240139
294612 218386
357359 110578
115817 10376
331270 196038
442285 144203
205330 37900
427375 405214
379539 439083
39210 477272
429532 341606
375349 46333
371272 25748
419763 86868
211154 214932
354946 190901
203674 74673
304400 776
275895 468474
206905 289392
333828 358665
38207 121585
106720 192408
143771 263571
52897 262886
431580 481992
325281 492898
352042 140555
107918 192486
410591 490640
240023 354356
278300 201617
156159 92896
232435 452329
248673 223218
321691 71036
107955 73173
235022 212153
212056 232550
424580 8863
156178 324954
269822 130800
85350 362151
162905 137147
161941 434492
425380 314944
437828 179205
456185 409428
488171 265852
489215 291096
252718 107069
183442 455838
249863 411992
18748 191299
489624 436509
373527 394927
168580 153328
208579 261100
479086 419213
317569 323835
397221 380906
350209 403279
373795 34642
108024 7773
451006 461287
469239 72568
54816 438125
364958 311537
238316 377375
334720 238532
274072 384165
58467 120777
272293 324333
177850 388574
59422 463629
375270 288315
436092 369273
382452 478353
97848 130698
415478 305716
208995 445230
180088 499986
10714 349238
144985 367869
168334 123133
81485 156135
263659 446272
462044 276603
217526 197181
88124 359038
458243 448511
64100 148783
369400 326633
115312 483374
261498 417416
170310 50666
271092 399779
134591 448526
404455 334600
428197 43736
470789 492996
134855 106646
473849 470157
35046 27997
159704 324722
499176 270969
20242 250465
454239 174130
191580 167310
488491 389232
412251 296496
210333 455603
224275 63946
418237 128304
241197 36673
309491 273841
346379 481586
239819 93448
356005 35981
300174 76211
316218 324333
284698 57777
153481 110659
127032 269852
231582 287335
101742 150799
403800 63582
414423 56872
85761 426662
153895 51365
345023 483479
128064 481545
123440 361313
372944 437893
74207 66489
392468 246526
473537 410923
32196 67265
150237 230226
49941 374067
98546 369205
79721 189553
281358 226700
450001 351208
141446 76818
34722 392431
47691 471973
205267 332653
22713 194887
350049 474069
345748 498926
194113 406852
198400 374709
447781 398885
316058 110430
93103 248416
408445 187869
255051 107242
450297 143103
71121 167283
232063 237685
276231 488634
17200 239498
207029 144991
23393 285295
23773 448957
428346 369542
339453 76808
146229 11859
384251 353852
371107 293744
352066 327323
478597 279962
181794 243299
364653 315616
31285 290748
214516 330226
444653 220665
418694 151627
370570 247213
182542 174504
292797 368871
150044 234027
362679 277121
442966 178399
407886 85317
450397 327817
157563 95529
94708 333109
169564 29665
47807 130197
207178 1292
303443 110763
170578 479128
209314 309545
451794 158867
497890 336331
442033 301697
281263 457453
215290 447081
97532 273897
117665 64690
430153 484273
217475 371738
61201 220903
339652 227098
356948 291382
145042 65016
221298 388897
390443 106947
84173 436728
114797 75292
151986 489827
420500 1523
173364 148920
470945 87064
73316 18626
227370 180859
67439 15118
142298 459129
160551 172968
198091 314202
484519 6082
411774 205132
162475 266668
101312 127555
313920 4196
97062 294384
165396 230191
25936 162623
399656 163954
471904 215283
348588 385156
99343 476615
34931 174885
17235 365421
388294 128661
90119 433188
133503 4714
124889 33528
397287 140990
161155 270938
286264 348300
425658 90272
159870 424778
202518 434885
36124 196739
308143 149744
497734 203312
424249 324869
88921 114504
452578 54696
314992 55803
200862 358528
190290 478353
178356 343696
19306 169898
63425 60805
49699 148409
425358 143943
348651 153716
141712 143659
44518 93085
406017 255397
156589 85710
18837 65318
54002 149357
230024 449570
336712 227886
257941 5979
400186 163400
49877 206795
204025 314427
267415 224037
405115 99913
347009 227279
235789 245798
198816 194655
21185 38451
98425 284963
319470 80115
334988 206650
15955 243323
345590 285097
482518 349716
254951 90352
103918 184951
197300 81690
57560 435008
443704 255907
310706 420332
379584 265242
9821 24618
109594 20151
134263 20583
436115 379877
137280 365232
325202 194758
182009 348446
55947 177849
119195 158480
62279 392382
297780 335113
315055 104346
235118 227245
482170 2085
405010 264121
132893 285406
216889 458257
94829 381923
205691 286373
114125 470687
372917 81921
405719 39770
157289 89823
80263 145418
99908 320887
258957 71136
405608 374851
495131 262755
171816 31167
107642 209882
229948 214691
473058 414935
94852 409322
367534 355127
382723 383016
498802 311724
370608 22536
455818 372708
255166 163630
413078 293838
258968 100788
82387 168469
25642 318247
292866 28611
42885 225241
184429 73911
357185 352745
239686 49286
28266 359689
62524 405376
276124 150993
368456 366125
271244 330325
350806 198458
329505 359850
459888 479053
151966 217220
398300 367629
423509 226170
27867 295457
1792 119145
273231 387275
252954 482669
228501 225191
341068 219570
480154 401213
152122 54553
259159 75770
425891 253944
68792 473470
83999 450910
173353 351238
371677 209650
324714 110653
316775 128996
143034 472484
27677 137392
382395 479601
307376 77300
441733 84441
56568 192183
308861 315707
1916 3773
470707 340547
125642 172019
47897 125772
487234 486498
50400 42650
496778 269715
130711 148270
295443 26932
222974 283147
135401 453424
445746 329649
12215 401392
395461 236494
295728 27971
96503 31198
54634 41589
347228 38422
339969 439102
128878 340278
362328 264990
27520 332533
378589 479014
9806 167211
279663 176498
154324 130536
276243 251052
419957 330280
371436 463872
58129 290240
171182 42759
112767 190763
48654 213673
121640 54132
141365 279488
306444 288864
151248 406951
65871 243479
245469 403320
252603 47938
218527 373012
133936 338877
88196 163026
184679 154131
169239 325584
123073 353471
241007 195904
147187 213034
294304 208628
271493 176025
386057 302879
34499 169256
330903 45374
128411 130225
115322 207899
294424 235021
10604 350671
165780 390845
36058 143274
45785 338369
19360 17351
21638 94514
258148 19029
112066 79403
392664 480624
192150 459817
414947 448827
186013 447924
110282 492290
361511 494931
187488 27795
168802 386549
448713 207752
422299 129725
154194 126021
418730 254199
329643 358824
335452 354715
31132 23260
96698 327143
362660 283652
150454 79510
456987 183069
166191 138152
184792 38570
489158 478883
354952 399761
363341 20677
371496 73806
241915 495810
467063 323661
60639 52914
391645 51991
16995 116397
281354 264834
239946 232939
236508 190443
433449 423898
307478 103752
154860 121387
328790 248603
142885 237692
71983 497049
94820 243947
263758 40614
184262 304893
464091 357648
249034 321710
132329 136649
278270 232915
196181 278777
484858 425405
112160 26653
37253 365062
13157 195277
204383 244013
90090 56868
448520 401202
496994 491034
236017 28701
15038 220590
64032 156040
12715 311603
271291 326700
122814 462779
261822 358915
355450 6050
85162 218523
240547 208457
122479 433140
323142 170810
177985 103549
219865 242370
261546 453528
184270 350923
262340 280341
26130 339511
350380 251199
347443 12138
187625 176967
12632 437648
386438 269521
14263 77304
57472 309870
31524 178124
415907 73997
323537 361325
395761 200980
220782 66627
329840 399200
322871 82998
375837 433121
460147 494760
335701 458939
217804 76299
55700 15147
247449 388648
61674 174971
241946 435025
308962 129149
280073 324281
441864 352976
288424 206472
257887 26888
13368 158751
82521 78410
242015 131811
369675 93326
406118 445649
393658 394648
448558 218401
460333 99344
410471 195429
376900 214310
258477 32172
25857 184958
300232 474709
168843 477126
94397 140537
107437 139658
255705 260522
357296 329578
135521 43477
440493 27441
223973 211095
235027 204327
177042 7640
259922 285986
59709 87563
56517 227727
376356 251762
57507 393389
415730 200191
204401 456856
355153 104412
383603 362283
410672 104145
122444 324422
419186 330704
464479 415565
206862 97830
461021 17716
383247 296750
276515 255317
45776 490867
477233 257080
213038 80813
286730 84674
312793 130013
293042 90570
306764 83679
442457 162398
89979 385456
326586 320167
184492 198504
248174 488794
216697 365821
146645 33915
2797 366136
123273 144190
64015 286278
66103 162799
470764 131984
494486 266211
409680 55185
424494 353000
253104 341508
57565 225868
216162 146314
438175 434789
462513 457012
362834 288763
167966 151692
401712 178890
169854 249488
144398 402761
313749 369562
213873 407132
338589 374668
432052 459432
355983 450183
127663 493586
20164 204346
7795 150552
130735 327706
303981 348952
326542 50635
292632 488176
486472 204692
484327 440166
495300 123043
309996 28930
334384 359674
192606 28677
484798 490382
81340 441771
396005 468987
176379 301547
492337 41247
473479 185776
149450 302500
401657 313029
372147 404638
232724 179416
144056 185790
202298 371392
363239 469409
248855 388746
165571 61667
51550 93891
247289 160631
348949 140765
54375 326589
75273 368959
23761 13076
180115 391023
375737 158589
201925 193970
464795 260441
414376 224312
145196 256830
256785 441932
223492 395183
216382 377589
353939 6195
56024 185704
276367 152407
209982 183325
275179 275756
397693 146421
419817 176684
42365 398251
443564 253238
63542 143346
196870 335341
380488 170191
32319 207986
197084 414699
183152 333350
236603 11605
482916 286585
180658 10570
330964 131939
390920 409507
482341 111371
427737 63622
200421 233578
276122 306935
433230 361868
177024 216983
450480 86855
186590 457655
14294 111436
368527 494926
328869 433162
273095 103757
263157 136909
433658 259906
372975 401780
359867 6159
12483 333426
380099 22630
394865 212286
212689 300226
141989 227181
341622 417694
217661 103663
168648 413552
40314 335046
324410 65085
455609 94530
186458 315229
139653 20391
375458 60673
488622 218110
120153 238490
363791 327131
426486 151364
97630 133477
497672 269610
269076 368091
66005 346661
384329 19077
183959 495903
477398 497740
194930 485898
327835 391601
483959 88263
99421 22253
157963 460877
221136 179812
348492 157928
476538 224095
71096 370379
472325 233812
170622 299049
219111 407115
454887 302652
465899 419197
342592 122641
144960 313694
442206 261751
354076 375642
333 435530
242397 333638
355648 324756
238648 414167
397059 365204
34353 491405
91544 120179
194225 176071
65166 73889
239118 312720
120783 43436
441454 64562
476867 358384
127371 443926
58494 273287
146106 33613
184868 391240
111140 182036
25678 86617
454417 478096
195606 154691
128894 184762
281101 221072
338829 27021
322602 372171
444925 256720
489224 431521
425325 387154
327527 498399
332305 120770
389530 497641
286008 229369
254803 254350
380108 487214
147109 31315
449003 478825
221754 389408
239079 326589
80733 10075
120212 272154
188901 454859
413099 456259
173314 316158
406375 117193
163923 236658
194877 463331
290268 135573
342686 46885
192876 482188
341641 101412
279748 413350
84490 358709
124547 320681
329377 440638
454018 55560
309684 340912
201563 196865
104406 79156
496500 439862
60002 175693
310886 386047
357928 231438
279723 74347
387785 202385
112070 415230
412255 298733
343767 482349
434564 480943
8751 19077
415502 342057
405785 275691
175567 114842
63476 315430
169106 106062
457318 226169
89776 408069
409548 306649
173403 69131
325845 87843
18527 127259
131652 28318
353949 340518
47546 79744
498061 488864
357423 316067
389447 71531
317013 435642
93308 98376
469485 88784
46333 352171
408918 238718
370811 105600
67184 441886
1137 249800
93027 264900
436984 343116
254688 273854
411841 198670
240530 463878
191906 2926
417543 19118
148145 179580
113479 38884
431139 309860
57367 249233
486789 377644
380834 124471
291433 28277
376971 291282
7737 376508
61052 489544
206849 235802
208814 323950
13943 89589
224 202667
106677 124773
141306 430646
233785 445547
371659 158491
403214 213654
419250 45093
484322 176956
401198 26008
376034 294819
251909 295922
96408 297162
48282 154387
439783 6289
322444 119094
180922 173262
353841 379579
381105 116074
69303 296115
321980 209856
194352 305158
33391 450772
353055 3005
154892 209562
1385 234393
329736 186582
144723 449608
21024 369658
352621 31433
250583 330388
333902 307870
480615 259600
323101 295343
430998 264637
31182 123604
205832 100814
220161 421645
459034 331940
93741 233440
294606 305986
47341 364634
418371 173979
97642 273690
160757 189404
401201 183144
54303 135562
27112 280034
412481 481186
137181 449773
30467 167646
368428 93498
287264 488607
34417 322992
427374 184128
113202 339335
409911 40580
350255 242063
268471 187424
230223 383506
150134 139797
12493 457525
408713 280745
265489 34489
338386 434952
63063 411470
19335 292309
279342 325417
336718 132097
341907 204979
212468 321000
219349 194490
330113 352175
215772 274605
386304 109623
176608 99856
472123 184821
137784 241864
34205 379341
298631 475126
166294 202419
109807 296174
216936 193980
336767 73559
117598 267766
45439 400908
38437 372184
408003 176120
223271 49907
476885 67196
421704 280553
24690 51385
396389 370937
498754 233965
279695 89840
73791 320085
172931 286998
98601 403023
307274 120991
387524 465884
40427 186521
295861 477685
6150 80430
399710 17610
369317 248497
407479 106539
166192 419376
13340 292854
343357 370415
396088 192616
354469 399726
405583 487560
477943 453228
281965 278289
325984 125712
482288 202710
147370 69627
80651 98778
356266 486329
103837 120802
124962 84171
378132 92327
354368 340666
282889 140138
54907 438320
304657 84654
169815 76429
58495 179884
424848 143108
146896 72164
254083 389623
34572 264039
496844 18533
447762 403689
183637 11503
211721 296858
419169 303982
366124 60361
214582 195051
257478 233630
225569 393253
195372 440946
412772 157492
114298 330838
178132 401994
167961 419263
94178 181964
300975 4170
153108 138456
418012 337019
251406 103726
368 148946
139627 488249
15002 354001
58584 12097
112878 347900
350625 205496
155072 281624
482057 162378
249986 294468
124971 206209
259137 341427
309359 245099
348761 164060
472032 174668
330223 26952
111439 452962
82276 424296
395104 385650
134152 483030
46914 155922
246294 397921
285677 497531
483818 425571
221108 268529
235158 72520
454555 74983
64589 333394
211495 141176
2300 213038
386108 367001
262345 117673
260236 122895
263301 75718
128231 465932
171638 105997
109301 224385
378949 21423
205495 314629
303225 294243
154165 158183
345336 52798
475465 245033
450498 302376
405329 163605
277505 473345
476339 294568
59764 86720
398510 302412
11062 314203
474782 207589
29287 129578
140082 330298
12330 114279
27662 109855
156396 44556
247447 29322
85100 300046
469633 291515
159641 180068
103905 185955
155599 367894
84684 36500
50131 440812
440770 176587
197540 90470
36982 278655
152510 47897
493494 234649
386843 349774
289956 285945
185242 332748
220172 100140
75880 456118
293128 22121
214791 55203
65214 220090
473281 42747
40895 191955
299555 340453
158659 188912
355028 40103
351327 144044
178118 88950
392790 235974
403198 200124
401612 139555
161910 474369
237753 466779
262269 287583
212955 25920
398053 38841
384462 56259
160079 196903
94063 259129
333890 348316
407906 404912
285962 281373
26726 113946
104206 155420
321077 462191
477758 452410
469793 297230
478783 224956
133235 252322
327070 376667
330149 204004
383470 427007
133132 407132
220733 267799
254350 31440
234781 78400
306956 112715
112954 342304
181912 264205
357072 117775
487183 168748
