100 1000
21 20
19 27
34 25
3 4
11 7
44 37
50 44
26 9
48 26
33 13
50 41
31 40
27 13
5 26
21 31
49 9
30 1
1 3
50 43
27 28
11 47
43 43
33 40
19 28
15 35
22 13
15 47
42 15
10 47
36 12
24 17
35 8
2 15
16 17
27 12
48 4
12 24
34 23
12 15
3 46
21 7
44 33
38 47
16 30
3 31
40 14
13 49
20 18
38 30
3 36
45 41
17 11
31 35
21 7
42 15
31 6
1 14
26 44
10 18
5 17
33 45
49 43
12 39
22 29
37 39
25 48
23 29
18 28
41 7
9 7
16 45
25 5
13 5
21 22
11 43
49 47
10 21
2 46
18 14
49 24
26 10
19 34
8 31
3 50
48 14
50 27
48 29
42 45
46 25
20 19
50 48
25 19
22 8
44 46
49 36
26 47
20 49
27 39
20 14
41 6
28 32
15 5
24 27
46 31
6 26
49 41
12 5
20 38
7 15
34 23
11 2
41 41
22 11
40 41
38 29
13 13
21 11
36 35
21 42
9 22
49 18
21 47
7 20
35 15
7 45
17 4
32 5
32 29
45 31
33 31
50 29
9 36
27 14
22 42
29 21
21 28
47 35
38 20
11 35
11 48
16 23
6 15
33 41
45 7
34 28
15 19
27 49
13 48
29 42
41 23
26 20
26 28
34 12
32 19
11 35
31 38
20 4
29 16
6 36
24 13
20 1
26 44
7 29
34 11
37 19
49 17
43 48
43 16
42 14
46 19
15 39
42 43
31 33
10 16
8 9
32 11
1 46
48 6
37 26
22 20
38 28
38 15
18 49
15 25
21 7
41 8
33 9
38 14
37 20
11 19
47 38
1 22
1 3
48 44
18 35
32 33
3 4
2 24
35 13
34 47
25 30
10 33
47 10
12 19
34 21
32 40
16 16
8 43
42 12
35 26
41 18
41 50
33 18
29 31
6 11
20 30
16 4
25 48
2 32
9 45
3 38
44 1
47 24
11 43
15 12
19 3
20 23
28 8
44 26
10 29
21 34
42 5
6 9
2 44
10 17
23 17
7 2
6 6
1 22
4 45
12 30
45 19
30 44
5 8
42 20
23 18
33 40
41 30
44 12
2 37
11 26
23 46
18 26
19 39
12 30
23 27
16 30
10 34
15 8
35 37
23 33
16 41
37 12
21 27
29 49
33 9
28 5
9 24
33 27
10 26
28 50
12 28
38 37
9 42
29 28
46 25
28 6
45 2
3 5
36 4
26 16
4 16
42 12
6 15
7 33
38 13
36 29
26 1
48 2
18 10
48 35
28 40
40 47
13 23
31 32
50 3
22 48
2 18
30 6
21 16
8 4
10 30
1 44
30 50
40 31
37 15
46 28
49 6
17 45
26 42
7 3
32 30
15 29
45 25
48 43
33 3
25 20
20 22
23 49
13 10
33 40
41 17
45 4
2 18
7 48
43 31
10 29
4 37
6 8
47 19
37 46
28 15
23 28
25 13
10 34
20 21
4 44
27 44
3 47
40 32
49 17
16 44
8 34
5 37
10 15
44 28
38 42
38 48
15 24
1 2
21 19
3 50
20 22
34 30
41 48
12 5
48 23
8 50
27 45
9 25
7 50
37 10
41 23
41 40
6 24
31 32
49 32
44 40
40 16
4 15
14 16
24 49
40 17
50 12
25 37
36 5
48 36
8 4
32 30
35 11
39 40
42 30
48 28
11 14
43 20
29 41
30 25
4 20
38 43
16 46
24 3
11 14
38 36
1 50
21 19
39 10
9 6
29 21
14 13
37 14
20 50
10 22
33 7
9 43
26 33
32 35
18 13
1 32
43 28
21 10
2 15
24 23
3 19
42 24
32 16
29 28
18 46
25 20
17 27
1 17
28 17
12 31
27 25
11 35
8 22
3 47
16 31
40 28
26 26
24 14
32 38
48 42
37 2
21 47
5 19
16 1
38 9
47 44
13 33
14 42
4 12
47 16
17 14
48 40
4 12
1 15
10 14
41 30
39 22
25 23
36 25
7 22
46 26
13 8
24 18
35 31
18 15
45 1
5 7
39 48
43 19
42 50
21 26
35 45
41 15
44 42
19 26
11 46
44 20
41 23
45 32
15 3
39 35
27 2
48 43
23 6
18 38
48 16
47 13
50 20
24 25
30 22
33 36
28 10
10 30
43 22
1 43
23 20
13 17
24 22
35 1
39 28
31 28
36 35
30 25
39 5
25 8
18 2
10 15
50 42
8 47
7 41
13 16
15 37
26 33
47 31
44 31
12 2
15 40
35 17
45 21
35 25
33 35
46 3
49 48
15 27
41 17
15 34
4 46
23 45
22 36
31 41
47 35
6 21
28 49
25 40
26 11
46 12
46 1
13 36
47 35
42 48
8 46
30 18
7 34
37 40
7 12
15 13
2 25
8 35
25 47
37 14
7 31
46 37
47 49
43 39
5 12
21 6
29 44
3 9
36 12
29 12
5 1
1 3
48 3
34 50
49 10
27 46
27 17
47 17
35 23
13 41
43 31
25 13
29 42
27 22
21 40
37 29
29 23
10 19
43 24
43 15
7 4
14 9
24 45
26 4
49 20
32 18
37 39
44 43
41 48
5 19
37 39
28 31
36 46
42 38
25 25
44 9
23 28
21 47
39 36
23 22
33 7
39 20
27 15
23 31
39 29
1 28
3 43
14 11
34 17
22 37
2 9
3 37
19 23
48 25
36 6
37 18
9 8
9 49
48 44
33 23
33 41
14 34
30 15
9 24
35 48
37 43
31 11
7 10
46 18
34 7
4 7
26 18
20 38
41 13
33 26
26 17
10 10
5 33
46 35
9 43
27 22
30 32
34 48
41 28
15 36
23 5
22 48
45 2
30 32
20 34
5 20
42 46
29 25
19 3
41 43
49 46
25 50
40 32
19 41
36 44
15 14
42 35
29 27
11 20
50 1
28 50
47 42
44 23
41 32
30 22
21 10
49 11
20 39
15 42
48 18
22 2
20 43
10 42
33 41
15 7
43 22
23 40
50 43
6 43
26 28
25 33
23 6
23 20
44 40
14 19
48 39
4 19
48 48
13 43
22 28
15 35
48 31
42 45
37 17
12 35
28 14
18 6
7 6
10 7
3 16
46 40
32 19
11 45
29 50
46 25
2 15
8 1
31 27
28 9
32 18
34 35
40 34
12 25
32 4
33 46
42 36
11 13
34 33
6 10
7 23
37 47
28 34
24 27
7 29
36 27
14 13
48 2
15 10
32 3
13 49
49 11
42 22
23 10
25 36
27 4
22 28
19 46
42 14
12 18
28 37
21 23
18 26
5 47
27 25
25 41
13 25
50 8
13 46
38 23
35 19
24 19
37 1
31 14
22 36
25 12
1 20
43 29
12 48
1 13
24 48
14 50
9 1
32 33
50 45
30 22
36 28
44 14
1 18
26 26
39 42
27 9
2 1
6 26
5 18
32 24
47 29
36 20
23 17
13 49
11 36
14 44
38 42
23 11
18 40
43 40
21 44
28 23
39 22
42 47
8 41
6 12
10 36
42 32
8 24
33 15
1 32
4 8
50 4
45 18
32 30
8 5
36 45
29 35
37 2
49 36
21 36
46 4
44 38
1 14
16 48
47 50
29 47
34 25
7 39
48 49
5 13
22 36
20 40
16 37
2 12
46 4
15 27
22 27
45 47
6 48
16 27
17 11
47 19
47 32
47 11
23 2
49 12
49 40
40 47
40 20
13 15
8 46
34 3
8 45
7 42
6 12
46 21
30 20
24 2
14 45
11 43
30 32
34 47
5 11
49 45
14 18
20 12
7 6
39 40
21 27
5 19
5 24
48 5
8 35
2 29
14 33
46 24
10 29
1 35
11 7
42 39
17 21
27 24
45 5
42 42
48 29
2 18
12 50
13 32
30 28
23 42
11 18
30 46
39 1
36 10
6 45
7 33
9 40
37 31
44 8
17 50
45 2
29 2
38 29
19 38
46 34
27 34
17 19
43 7
29 45
49 43
33 20
40 45
7 8
7 43
12 17
47 22
34 26
19 18
43 10
32 11
38 14
39 13
24 15
5 10
17 10
29 8
3 12
14 26
21 36
49 3
5 49
14 4
2 42
10 18
37 38
1 21
18 10
38 10
22 30
6 43
48 11
16 30
33 14
34 41
43 30
48 34
35 32
1 33
43 8
4 28
21 23
32 15
31 23
21 49
24 22
29 21
43 10
2 35
36 49
26 5
6 31
2 17
31 32
7 33
8 37
34 47
35 44
33 43
4 35
9 35
6 37
5 35
47 9
17 33
40 36
1 8
24 18
16 11
38 38
6 23
17 9
10 21
5 19
30 17
22 11
13 48
49 37
37 43
38 47
10 36
31 17
17 8
33 19
44 10
33 3
24 4
41 38
15 31
18 48
27 42
42 32
15 21
17 26
16 46
8 9
37 48
6 12
31 1
36 18
14 35
14 43
28 39
5 23
21 6
12 12
46 2
3 28
