1000000 2000
405869 439444
387792 380453
396811 353325
279264 429210
13141 467112
489763 439844
248391 483313
404567 35350
293369 103394
1621 81130
265121 36898
90304 400637
61566 179266
395530 235388
71820 118044
217392 197168
480158 62278
258735 146626
145430 4393
87409 445433
212773 321294
306898 287719
203313 244289
221303 39921
475120 426742
288072 46838
356421 254884
228992 298011
414734 96933
282254 279975
373452 139806
412422 329287
388818 163164
379088 104183
476607 368775
126892 65134
350223 10201
443200 7366
301225 37255
147073 288939
86708 230986
126008 346188
424883 336472
494355 107177
388541 312415
351813 399936
200850 417000
365906 15580
336131 82633
181511 216063
214322 390384
226408 391829
220664 168759
9706 311771
337329 294637
154940 5126
35555 92963
22113 418869
495887 317278
347726 33774
224995 349307
76444 50627
381262 107830
51616 325235
219931 66442
132830 9005
365939 340739
308386 307629
339646 449805
343832 151456
399282 377202
419208 457068
217637 86730
428072 355588
470509 459935
42131 128048
463130 126099
7040 377100
83745 317244
286563 491580
248455 59528
442854 469866
61033 361185
201245 368961
399931 300722
309556 354590
84767 178465
417495 487625
435073 461328
6804 381696
95664 441423
326502 197341
277585 19599
228764 97154
347576 428875
203261 456013
194742 243173
264793 408238
448571 437867
343826 43901
367434 38993
119389 315371
479585 132952
211482 277801
177594 33434
258208 189817
236148 71227
331827 426132
260018 214869
1997 188915
382670 274707
251292 174402
87889 2244
445291 487397
264900 67161
376263 277550
403436 214596
362088 131621
468991 111208
335133 450091
498953 28347
247289 68980
155629 270503
46222 158201
475930 2247
270698 452090
44919 218459
349812 1455
195124 221456
499849 467979
423161 183522
181129 13169
497340 364269
493308 248716
21973 405936
412927 235687
390366 483288
66131 37705
469969 399575
164091 302038
378666 106541
277188 190043
372510 439625
378053 456161
369820 309138
488991 40945
280691 423816
53926 407297
101713 485392
490866 493697
163657 375627
254775 488117
124817 63274
119708 152887
169270 189088
135091 315553
429883 173396
211646 410326
342387 462054
229336 64060
10563 229027
389738 444552
179220 358400
334364 174237
1245 436999
362925 160402
40495 475428
388362 427835
297948 365964
231117 276142
227354 367927
434422 109433
495276 347129
1340 441808
260492 87039
69396 112944
229102 31514
6690 120561
333784 79256
256311 374322
457750 396928
2084 291533
360671 85545
268847 83909
312077 433151
14923 353681
393326 373542
303812 82283
75800 295704
110677 467561
114922 342248
289669 432439
272262 187121
272467 18537
497095 407653
384638 469826
414046 47012
59546 207387
372176 496499
301304 386753
404156 242328
962 6403
59361 364033
368761 88572
261625 144247
50705 241812
29785 445309
100655 101780
437939 85530
163933 386650
294111 458725
235976 169343
458262 2739
327579 107854
471418 32423
48132 320018
310886 326710
185703 293232
448716 136540
230053 15722
167278 232473
409377 462363
17742 241862
323850 472917
237293 124070
64565 257119
417023 483378
488759 84703
375080 494425
328271 41534
294299 481848
125668 40321
489988 29394
290897 439714
234697 109104
153356 333361
401650 13785
117953 274729
286336 145296
217839 284114
189925 208669
302929 344045
131626 89899
168496 162929
55579 353884
14815 292509
357677 402447
485123 349937
233415 435891
473313 133058
300240 354805
264370 273631
211619 417472
409781 152813
26983 75217
104102 237850
356812 259463
343097 10236
379493 132010
146333 23534
377042 483308
111303 35895
290834 487106
207399 316398
287657 115601
243582 157380
222435 3852
450762 176794
388923 328271
85263 454076
202531 280418
75002 91294
42385 456762
430113 427023
305574 376889
309114 254024
461781 449890
301400 401624
97906 113022
59268 181295
196152 93370
404196 435429
367325 104912
224279 251247
6715 441524
141251 387406
336176 266244
92873 150642
394182 336265
350830 177135
372227 443104
149633 253541
471149 81911
435799 290813
167679 202841
472408 389205
84874 204707
289879 132864
289568 121999
150729 473825
199514 81843
262537 157137
237511 188593
48147 257193
198607 333920
177107 448983
206339 480623
430996 54795
248850 131730
247981 254491
136475 298125
361427 260665
334158 482906
484957 218556
68993 272123
1625 344943
109683 420913
412028 225736
288717 381309
46451 454522
77350 383804
52892 91788
11264 447501
434766 433768
229005 352717
308559 476885
150786 110132
168713 109334
350945 186361
444738 161124
190239 32977
138332 380257
328505 71977
433986 314423
119184 352287
252345 307334
314463 398467
275721 138212
463784 397276
420031 279792
77747 356075
70626 189672
303060 113222
461877 307271
383206 354423
352369 423978
152655 132097
69371 171660
435641 345105
274070 115077
81609 150786
85483 52832
2087 167031
475599 516
385210 103589
102428 103577
122787 328268
85049 46331
98819 230219
117095 243227
295993 210107
413759 257177
168986 250382
166966 282737
74133 143802
159373 336631
387957 51393
495111 287633
365712 364625
220477 10106
74952 285303
188991 30475
77896 298189
263645 397610
479738 178992
67818 456862
239392 150986
277917 484514
136223 485009
105541 455550
39127 216102
348634 270508
103313 96303
413095 370022
174883 10130
210453 365540
341191 205615
361793 301241
154863 77117
68834 437193
354203 187729
52356 244482
484556 462788
379984 224193
448814 373966
141228 451080
153005 272314
198758 477594
301600 325942
472790 219136
355838 463246
335072 239726
447976 348724
449648 196541
39096 414050
102685 30735
462967 35740
472043 17652
147704 248348
409541 94419
201553 396354
305287 221142
25806 412345
114950 483831
176453 37037
15642 372867
447057 277702
264319 53838
172825 324177
487678 334662
209783 310250
54236 228581
255670 110948
216975 317292
389140 280050
205471 209075
241743 393989
456926 194277
437785 272721
448946 42086
417791 77245
325410 131853
99960 200947
412014 128173
496500 279029
147915 404271
203636 414259
240696 107451
62 366902
279197 233482
39122 198325
105505 396309
251701 247298
353507 245079
389284 138686
125451 395575
88849 213534
491749 214918
186714 230422
498203 264276
381862 434161
423708 440373
292573 268588
189651 149240
158505 354843
125492 315527
33289 177911
220929 123606
10822 31272
490177 373105
311999 297401
368704 232658
259442 93515
410407 320016
42792 304077
32894 331419
286045 243703
223752 349250
17988 7242
261677 64667
205674 30441
380723 256471
161414 110601
129698 427164
257001 113299
215141 221523
48749 310782
258276 388832
109722 391814
276957 166138
475512 381545
424973 312954
179356 498913
392519 130118
418753 152131
473876 367035
144548 199771
488788 419519
228470 346833
355111 328812
112471 61413
20138 288614
382785 267695
242529 377293
209901 106676
164067 399226
390967 245923
352482 9935
429881 230368
353416 105768
430183 384292
239415 26967
188096 38514
91313 267188
399466 463758
86765 273591
247252 443529
450100 60019
335274 473148
416843 113555
358028 365328
52656 80480
383861 214962
97151 232891
246900 142616
216706 236276
482847 357954
48649 29906
185460 174376
257831 179916
289191 350906
250114 107802
217535 149975
77356 237180
324935 33611
306636 283869
443788 472527
409248 127677
346284 20278
140950 388395
288797 297904
62578 140101
40242 489348
47781 83409
5420 66461
153130 46653
2594 360186
432039 200836
388320 422912
1338 249127
182088 336602
196511 87834
184463 346448
174526 154043
412723 468593
101076 200473
51441 431524
334661 168289
101928 303725
163921 334674
481302 336281
264986 65181
439658 162538
140601 80897
77845 297980
211913 141419
404958 158803
143825 205751
143869 2842
477404 391499
312635 33179
190630 266832
458084 201168
336753 344457
142775 316527
211706 466791
125388 450865
439750 365808
311148 75322
219177 184998
141143 377858
296203 253781
147293 345049
150790 174753
177716 397752
194400 327365
436087 24598
209377 332611
380827 497240
389454 152418
174711 327743
176125 172358
352748 481601
229823 457941
335680 320431
315055 196342
264150 227817
430532 408976
253946 386267
453814 141171
60615 448461
87988 46935
323574 409212
322176 444264
172929 272220
238604 327886
455051 28300
442173 486018
415414 238472
313574 337109
27656 131404
43836 114265
450254 103139
241888 82924
76225 40310
85390 277787
379070 275328
70665 159319
470239 44053
158035 177133
317837 266839
398348 363566
215490 396584
98353 279184
133230 55470
426741 125266
263391 254625
158413 22079
189696 99950
39383 247245
62246 461873
255616 170976
376276 187355
371979 472980
791 323419
247298 19536
248307 306038
406156 118839
156590 119557
449643 90630
280982 297997
348200 125753
495717 282604
132749 247005
53684 67867
188914 122022
95346 285694
225686 61990
154472 485265
155150 23905
306571 220154
382654 481440
376040 183568
11417 16692
262373 164347
154773 484393
436206 6575
402967 451927
214366 296691
356812 411270
186216 18154
432125 108156
209226 349506
322760 200615
132684 444378
384650 95515
160608 493149
160954 383379
282506 423655
185368 124291
341300 258033
454143 343024
271167 306332
120227 7704
462673 212029
267511 412788
219001 434293
441961 222008
444041 54561
168605 117986
262009 177360
207417 247823
478942 391180
184043 39493
289452 139012
230816 248429
408748 143703
250815 95699
423310 486168
205392 121819
152454 29917
164375 371488
5549 358050
470883 316917
387283 99629
356324 9031
483599 482688
69163 447818
135607 387908
127385 285048
284337 430820
150988 492014
216356 201380
310202 241026
213079 262933
10023 266037
223322 35949
29068 196678
432136 466867
429815 60728
470393 245542
360948 246750
289562 453883
472538 72336
31738 304986
293079 344790
154113 164438
373856 103480
460008 5543
392904 423575
225461 102122
253530 376495
310429 120495
345301 435722
451001 15472
229070 250972
46331 197565
220862 232692
137171 4395
45192 360527
60308 311587
381488 281148
173396 499045
374743 403695
320909 360981
99402 415736
275944 431593
389267 291951
57865 142724
411457 303982
421410 481217
361486 148292
250444 474641
444167 46214
377488 188381
209739 211905
152908 362267
41299 385236
192866 441815
139763 333623
490789 139331
355943 370747
412727 283657
496159 205134
90504 136852
241379 208115
338974 126435
304051 208077
196304 186361
151658 285254
51260 123296
290969 279553
199104 8905
363516 343757
353729 56291
33947 70310
206349 122501
491838 300424
429307 50753
72633 389123
137115 57106
320983 243586
196747 75831
220008 137140
188447 357900
390667 106410
380117 127373
295030 388869
188968 339199
389896 355052
99722 208067
370734 458129
450760 376113
390935 462475
387261 37316
416267 345892
471778 227829
107576 167643
313778 314388
164981 73039
405140 120193
450395 370329
234567 449121
227052 481647
160482 239005
129500 76493
398059 129027
71332 179325
114367 273712
343064 233350
227818 110562
81232 8369
249496 324268
405648 295531
147817 336711
299984 105689
375538 65261
55951 359705
422344 295829
292855 494928
180338 193087
498688 113796
445248 59966
423145 321462
22441 211632
282700 333917
419805 167103
405445 257252
336390 266360
427094 21242
47792 474086
135189 386778
385438 174396
248802 150039
253771 330950
87303 289841
202462 453068
404864 394390
297966 462429
477099 494208
348102 211161
274809 169431
46400 182805
174562 257614
62161 139560
48404 127147
203915 105725
208527 467187
467604 27583
31786 334439
401610 70988
384883 229367
138726 92515
359394 143468
319427 211826
139814 311858
79337 277347
100429 478646
113168 124569
123602 485739
151832 390701
50573 360223
328924 157820
422004 180167
153097 9872
372826 99506
42843 31925
96401 350428
101240 288474
57379 9238
94272 120537
360441 92550
183933 116177
251443 218402
180477 458054
413738 161789
62387 379344
76280 216614
344721 48847
176188 207396
206198 411771
296399 467711
426695 274144
366371 191098
191190 34267
476112 86977
20438 129887
257724 337151
477402 340297
111951 284698
298833 62716
267009 402956
126000 472731
112603 311863
152352 128409
492950 130691
373306 174429
100162 204269
17591 211578
281071 64069
408721 72040
199670 305631
400940 113984
378155 240119
45065 298904
426630 281204
77937 122619
107507 27158
123052 415139
75850 122087
316582 395261
360717 13848
123664 483665
151402 187181
438431 295252
67618 66030
343117 193992
181973 57402
324243 490055
242028 111910
312835 209671
401793 64030
246632 423045
58138 114945
193329 237415
493737 475419
410279 382224
435568 207234
357097 98460
5991 439725
16779 251449
158230 105449
333391 209084
393326 338470
292366 384086
163036 81583
443449 182002
318652 296909
75375 311558
80565 403305
45866 440307
96599 170819
89950 86443
473928 292279
272271 24970
295827 403131
103793 465012
51977 337311
288545 93595
46088 230574
354422 321576
136093 214351
105415 202387
183090 120452
194248 173203
57604 423427
161590 328867
204873 221701
143804 38119
360899 146987
447987 497038
232770 22405
190703 317594
469381 12836
375068 456144
412484 70132
365539 373153
380405 499114
1342 51018
196312 446997
401072 362695
367518 290437
498201 304264
421950 497177
445724 18957
23800 311304
149245 17818
407302 261115
106580 215191
32866 287502
58434 373279
418019 351904
226876 379152
179514 29058
120134 413214
159766 166980
122982 330972
149925 173231
304815 355922
389610 392489
43152 315564
97034 77159
248250 127299
287797 469431
113503 132069
218833 392400
296846 118477
468889 462215
265243 432316
353700 490291
219164 320938
428407 333632
300914 309379
92576 374575
4591 408169
395908 4452
460104 427637
163926 305561
290368 465366
445245 180811
91038 259978
283707 153466
276247 57435
341751 71120
184531 476113
203370 8064
446543 303842
260916 490698
97422 92309
404609 207482
248093 176900
410780 224192
368854 39522
222571 404429
99676 49000
439566 260280
89919 437471
167700 180151
287661 488584
221966 176793
419462 83612
261081 336490
456156 167040
474820 256611
350539 114780
417389 76452
453337 281733
209401 292413
153833 101037
376133 24344
277322 200239
83474 477726
336780 538
356333 438634
363743 145144
365320 310060
53768 159887
8058 144609
446 428091
282807 451135
139125 173584
122315 287841
81658 27061
11450 472470
130644 219368
432529 287246
287775 250999
453936 86919
296678 140183
230850 368484
170509 136441
421135 358002
272396 130742
258683 296978
146464 466066
88254 266672
98161 251935
475948 23333
383398 52168
33722 378400
9245 222648
59695 348822
183300 189138
37925 251185
487491 228466
395800 18509
330961 116695
450844 445565
383018 318287
329534 127196
22271 455700
89832 403261
67639 134701
172237 74212
60954 463686
266301 62185
439588 88142
313572 474631
156376 330661
165525 184721
40637 436953
221515 242205
54992 423951
288314 294085
360379 48018
274247 44679
47643 116034
75110 366809
295651 134842
70791 102978
141541 412276
387710 251875
107789 157468
451940 120012
251114 64654
329916 239727
57474 67973
18318 405476
358466 29389
293460 38376
156270 341301
336987 61354
264084 282783
342738 82620
2411 352868
10580 24612
360974 486100
96944 401070
27022 153944
376991 335165
275125 145660
110197 296131
123672 168808
369601 443824
24296 162253
4320 147493
202889 412842
212908 45961
374397 145305
166851 294273
327400 486145
389676 424947
137139 126962
211201 377388
387861 390444
458064 195473
394056 227687
323762 97102
381207 331215
32116 393575
178105 139042
245249 168924
21803 482463
490923 221257
327963 363817
295049 67888
139351 87879
279209 425800
389162 250631
371665 361553
321731 82884
80504 306364
121065 100139
61998 149393
448206 16569
329457 265187
31737 204610
126619 308006
136649 70570
404310 12805
452931 201674
86210 195498
257907 271659
402916 424692
267838 123279
123417 438026
227722 396311
225148 86085
27733 474990
303088 318889
452429 292862
238921 155720
251036 448655
207291 210412
263996 388679
469022 97642
369500 391095
52671 487600
91466 224078
427065 418232
974 156579
64454 201471
229834 229635
289784 87829
314899 461628
390596 141542
158474 214420
406740 459830
210042 73396
112700 423340
403915 2402
312650 157080
391268 198554
191960 351932
374464 60244
65409 30147
276375 133040
140174 63796
352478 344442
412542 272597
404999 211436
439191 344356
222145 52765
316464 308992
70503 57144
126869 319265
94884 445880
216626 375550
443209 456144
322935 306788
450754 325500
69502 379362
378943 287099
154450 156246
109709 282488
30966 225132
63302 99108
182376 246294
106128 423949
495641 22378
181458 234820
441708 437654
324506 369283
360451 251817
70754 211637
191462 119256
246578 437582
70954 37482
201651 256859
139501 92143
240124 1524
345004 149613
478646 112465
246561 208246
93415 90702
182731 118795
142375 18878
181185 30826
144865 275771
328969 26441
357796 134854
421130 436394
365419 417957
253492 368645
196123 128429
228834 125355
144439 32695
457184 39597
392976 24317
432814 48746
393567 141816
160078 58535
254844 121321
285889 426819
475864 417325
332387 274887
375950 178121
377341 275241
372747 289653
111948 336905
352389 152996
440606 387145
352911 348347
274485 178163
351591 291251
498853 157753
3323 81692
79472 146060
193467 491700
97392 425101
256463 74316
226974 25394
385827 289427
94009 227399
73097 58697
68376 374424
396480 381757
469701 160755
273181 272014
5352 154696
325077 348509
290250 346191
4661 442495
297390 412612
236568 433001
373749 484172
243625 133830
194836 178268
110899 164357
57492 257984
93006 42718
473051 322890
297892 38814
475497 154152
198692 394199
322610 23101
430762 13329
307997 207064
362393 38761
199509 285035
393532 334672
138967 329878
117228 459258
138834 107931
160989 63354
152656 414601
390377 34376
190282 344653
204395 256274
22258 409763
483737 429553
453039 135593
152875 460799
404600 437191
233702 97009
414777 61978
299389 187688
60829 245719
340913 319124
20751 78928
491955 95062
407444 146982
254264 132450
364583 104592
387252 467892
348688 426773
369740 428008
375491 431267
469609 172287
132748 437048
284667 165072
365366 141131
311614 380306
452965 49116
36805 387449
125374 449315
296710 310704
306471 84252
356644 260898
231553 80411
261171 4427
489886 471182
119262 438498
442937 78511
426380 271890
114036 223826
244329 489688
2256 481614
362186 6044
353489 131120
452965 388689
304152 46464
801 413557
109137 8462
49498 475472
485760 263201
464649 471086
418274 411875
45124 100966
147680 273909
429451 393867
208466 65674
388168 83751
5913 416558
179940 446419
166748 424643
258842 57321
173630 223506
267703 182911
311347 409769
301892 358258
305413 75101
453428 418479
216278 253708
51652 55450
73798 53708
178199 383986
65665 166198
108555 179394
151589 329866
345035 348984
261183 233480
338670 310771
104238 331999
235066 93718
305137 53307
416523 88733
97123 106117
196849 156423
407468 197841
36030 363446
121465 213879
475937 217056
155571 79127
475137 477399
288448 270321
105980 322341
158796 434816
146139 79952
209041 414378
360335 238796
62357 237780
191449 212238
371834 342251
310408 333859
278427 358164
90349 195199
65789 140616
42270 195395
51260 175690
72248 162052
88076 251334
388887 294823
443071 434691
426286 214391
247607 51152
449002 176334
469292 160757
83040 220597
43174 180212
385190 256299
96802 454459
370141 267823
359973 64898
473834 49162
93744 126107
53656 47758
384532 321083
192628 154358
66025 204880
191931 376438
56418 269130
166848 367046
130635 11423
456381 151084
449483 320631
399333 408806
55992 214396
289356 421722
343434 21637
59721 336857
319889 337030
147590 273549
327793 120786
407254 150079
494570 97055
201168 173734
477730 117309
438059 94561
119498 327456
155888 95781
375735 392670
184320 146649
454446 349948
75256 308346
473016 175378
52034 122155
469002 437997
249747 65340
73988 456520
313543 174970
465969 479318
266383 346979
213547 253863
298821 484777
458464 99376
11837 268476
406930 494566
104167 334756
187969 330997
319497 441718
419988 418118
279787 486261
288602 151124
453544 329451
431867 336593
363639 379902
58430 457599
25030 474227
317953 289339
107563 797
277723 489569
123083 372570
32471 109709
4946 370471
419993 137032
71420 448107
286514 297913
192682 62686
177384 209855
69803 377757
430961 97309
285215 313675
165731 440241
185369 12476
304054 213815
248650 21026
17092 440339
208352 381407
221366 322235
464766 267016
338072 173925
489760 466734
199067 459145
288863 129079
383867 218379
437922 327989
80878 391766
323042 202206
91385 298325
494325 154576
81265 225798
378251 321381
7804 48286
210783 3207
51758 456129
29020 485371
327050 295618
428949 153279
311992 444752
25988 195998
108168 456270
343153 127117
192134 241548
453548 230619
264579 414458
331219 420002
78938 109645
358230 496807
245649 300676
144468 150379
81141 169799
326113 478801
25457 58839
155335 244086
387602 36408
462232 63153
32409 117315
263468 31873
28247 222251
441066 348356
466819 466064
319519 64934
356596 401237
422924 325136
242148 80758
129895 35946
347414 23516
251651 23246
453777 420061
66036 373141
219007 486644
77826 307790
160138 8355
294475 4833
343390 243011
17817 310475
180983 48328
177718 184624
104251 253692
446936 18271
53504 315278
445431 460094
408697 98461
420107 54957
229923 465128
245408 69924
377197 190164
96541 249944
489670 223794
104216 212441
99081 272008
399895 263651
294310 63182
435296 47604
17994 200758
156666 369583
241110 227354
369901 453076
58 410229
465144 59803
156957 178110
16360 236138
370993 383727
200790 482513
461716 112115
51294 244044
346191 319761
268741 306045
120741 156466
29173 181491
19113 321086
176994 468257
494857 445282
492374 151088
293687 73862
404369 250911
291197 449600
192957 203827
123660 414317
138702 42726
374034 144125
140349 499889
287463 47780
199107 354152
499556 109335
310185 237237
204789 55796
26754 371632
290795 35934
104589 228730
293073 252834
347690 93992
12344 203554
217971 388480
63664 64006
235472 215107
80761 233552
457347 402680
358004 297670
265057 123221
262524 167148
232740 54057
311499 264181
120444 450268
284582 109262
217075 114839
457653 124018
393626 420812
330587 293710
209109 340054
57662 243306
268966 190106
5988 371189
172250 193581
496075 424461
345482 350661
353421 146060
91687 306573
390389 393393
118059 392802
41305 400829
232291 51800
237183 330287
277494 267806
290986 10965
293432 448468
178118 50308
292594 291197
201081 364647
319514 375878
134171 247649
84445 497846
26737 149315
340922 480072
259272 458688
353015 427141
374592 231444
14478 393024
130379 113031
141771 358067
41812 338190
252817 112517
230824 277161
192784 328978
473549 27446
279422 352439
325846 148701
309107 182016
12757 34931
86678 220978
75960 440050
8217 236503
156870 384394
253231 343217
137527 379323
400843 176085
291448 177109
86689 139238
51124 242018
478672 136893
485138 268806
408386 50945
281322 441190
61758 437693
64992 286640
8142 118647
135950 5502
3493 162257
159938 2935
329682 426115
431037 426679
272616 219262
183488 112249
474405 104162
194305 99146
44598 146180
467169 315161
271462 234074
498982 153997
131080 424699
161248 434067
460551 380193
62967 421285
477582 156870
49729 351972
232233 377456
140041 373974
52769 226642
242702 217074
219539 450422
72618 442020
260059 229854
159596 390056
289834 453873
12642 20024
316713 248683
478336 88104
173923 22384
175404 267460
189134 280952
91065 75282
419505 176395
250688 300856
191583 473729
7138 198954
437452 296594
474011 394409
350757 337606
23604 270595
180928 209410
372350 477468
315248 327673
443098 136222
257382 199907
285785 204611
333506 160356
449382 469053
119383 58905
32840 349824
11277 129360
104556 379236
68396 484145
183566 408306
45447 146836
350163 8485
341608 64770
146827 388032
370724 74015
150225 5632
175470 291748
222686 496412
432265 477232
367236 237378
175902 382802
251238 71541
115185 105293
340635 102481
338038 95434
347765 487891
224704 180558
284857 128036
24851 49469
435994 353308
107483 440677
28795 125090
492881 414743
196419 38722
486322 123855
445096 300425
307210 443241
258838 474840
1920 307982
207871 231040
127340 53559
199597 21848
376527 301399
275823 133879
348950 489278
226458 168361
428016 274875
340771 203938
165515 397715
44473 3694
217834 148827
126804 206170
272964 342084
25405 461911
274223 225330
364257 295749
209983 363180
390533 451742
163726 268201
422614 341630
477316 424375
217368 246352
158005 192293
230484 177173
362977 248613
373350 315419
218019 196128
285501 386659
460498 14486
143661 345799
450721 422610
466283 92721
12092 294317
208856 490148
154529 116511
473136 222443
68617 454569
220917 196846
21955 71489
383596 118244
271253 255197
151414 105206
9748 158444
24201 43853
30723 29881
105737 87488
349755 22283
58343 117576
313863 313124
316154 251541
393907 385717
1207 443937
89266 304509
77093 192267
34117 391708
184375 444423
466475 295451
434216 361771
105557 207474
490720 108365
130622 74478
394848 171175
436049 427196
492925 461433
427633 59672
210428 410890
424317 276976
357127 393388
105825 266551
29962 181159
153455 57394
390743 4196
274386 237059
59206 368575
392368 343629
282551 325640
479944 47705
420755 14845
327021 238577
449093 96862
173101 177680
312877 493709
217480 151318
221915 309253
299054 243994
274226 459446
114841 315066
486430 78804
132238 310480
227983 396177
366551 365066
427132 148891
242007 279450
498275 485078
206151 380440
41448 255221
394980 395029
17454 401169
383466 251311
77947 391123
41930 316424
489715 235080
6880 274400
269030 206872
305577 78681
58187 263796
129180 33782
115899 259551
251185 388412
464754 129585
449217 461072
316295 297218
96406 416801
412317 473493
7029 67550
721 19135
258274 238953
322102 273993
101888 385353
134981 183021
29141 403987
14981 407248
417545 326011
200449 470818
272746 196529
212375 231446
255883 306856
78154 491700
223201 224015
154336 21224
327390 78783
97773 29034
10931 426448
217325 192983
486476 229243
404289 59528
432276 91635
62512 50150
385106 289198
237456 321591
70975 326717
58626 226235
475442 60862
105381 82219
31439 418176
325177 286091
369035 493415
486269 228940
54205 494058
460545 96269
458734 63082
89740 209029
138761 146115
108303 192953
431048 86846
400680 454352
171248 151325
72071 272247
183140 88387
184710 154398
168550 256715
92887 470696
254633 252605
118246 457845
477419 103561
56964 355761
180459 404691
121323 178226
2868 53513
100736 385349
364954 444219
468669 490534
64853 330714
90235 149095
33516 185262
40581 122037
484460 123521
84243 412728
246234 254172
365958 393416
445409 302823
360374 206951
311609 426047
426515 310901
117127 416949
450743 164350
382011 402170
71440 303290
432140 441552
194937 408138
468684 6048
350487 454985
221833 78053
285964 174821
426337 336747
69722 408737
465020 344552
52056 94375
119222 77140
342577 267467
88326 304471
240065 365021
242900 71762
298359 105406
211358 197981
451380 426534
263613 145966
150738 257101
432969 131620
236143 426727
35300 480564
339606 333944
257614 364275
419097 75584
304759 416648
106571 423408
440656 96012
434004 163857
164879 48158
8141 425513
207933 101119
99120 257073
450454 91717
414380 115730
324666 54432
183798 116854
48467 168312
428246 275910
42778 362513
43977 137565
473355 131592
32399 259481
11610 282003
60240 55880
350102 140813
197236 343158
271476 53324
495245 323931
456701 266299
202044 488941
64922 21589
79812 420273
226878 259776
151390 191836
215960 15737
402359 123147
