10000 1000
222 44
1411 2445
1553 4062
3220 4170
2818 2911
3724 1727
3235 613
3528 1204
622 4221
2764 2351
3267 3963
2682 306
1522 3647
1143 797
3776 2831
3229 2001
1000 4098
735 288
3937 4599
4476 876
1062 1903
64 1908
665 466
2944 2207
1951 3724
4556 6
3355 4975
14 2325
2208 3948
2456 2125
3834 4212
3936 1152
3091 3320
4505 3514
2285 570
1124 4507
1963 2255
2394 2148
4983 1638
2606 2852
2928 1295
3592 3476
4802 2149
1586 601
2761 4062
3244 1474
882 4302
1117 3709
764 3718
1484 1531
47 650
4473 3998
192 1659
3478 3482
1286 765
162 4705
4486 4550
1418 3749
4822 1926
3747 4389
2828 3601
439 4264
3129 4778
1592 934
1787 1679
4252 1720
4653 2230
3952 4488
1203 2537
594 945
1189 2417
1175 3049
584 3179
2802 2742
3191 2407
1565 1146
2706 531
3540 1210
3354 4237
2545 4050
1680 2890
117 915
4501 3652
3220 4773
1027 3283
4515 3076
174 3328
2847 2726
1485 2473
2318 1400
3542 1140
452 4462
1441 3956
4438 145
4749 1334
4090 2739
3391 4181
4859 1921
1028 1339
3753 2706
4797 4840
2141 2466
775 3533
2983 4944
4816 94
3515 2536
4759 693
4674 1918
433 31
3606 4712
4555 3116
4199 3017
3584 2782
217 2215
2565 4841
4370 4556
1737 3672
1079 855
2992 4855
4415 1544
4034 362
1519 1892
1525 656
1569 3364
288 1027
3450 176
1349 536
3714 814
4539 1924
1154 3084
1204 2683
536 2604
1072 1835
4172 4720
3068 4005
59 3299
165 4490
159 999
3873 1125
569 2385
4105 2316
3971 1932
4800 70
2491 2648
4070 4184
4471 3076
2193 4135
865 1237
16 598
731 2915
2479 478
3853 776
462 2746
739 574
4412 1950
1278 1734
646 2271
581 245
4160 2350
1084 2036
1508 4362
2450 2645
3107 3552
3650 157
3393 1314
4918 3793
1346 3361
1707 2749
582 544
2177 1633
1573 2843
3373 161
97 4093
4069 3544
3958 2005
4857 1122
2782 235
324 2822
324 2976
3954 530
1118 1502
2564 168
891 212
1381 3034
3321 1650
2977 4362
3476 957
4879 2360
508 2692
4727 2790
2296 2506
3273 3807
1368 1560
1275 2239
2882 3564
4718 3210
1372 2879
1023 4716
3882 1492
2458 2985
2343 3824
4715 4040
857 3771
2902 2714
4024 1443
2086 3976
3274 474
3802 1550
2742 4607
4148 2246
2054 3659
733 1829
1967 579
2040 225
631 3354
4308 2556
2633 2995
2120 3650
124 1997
3684 3675
4485 1633
3790 680
1387 3844
4319 2184
2144 2834
2224 1336
4938 3531
1213 4860
1516 307
4713 3154
2088 4871
1595 4121
778 3840
540 1791
1670 2764
4071 2214
3127 4771
1173 1793
372 2588
552 4639
3531 116
672 3695
294 2502
1521 2275
3971 864
3723 3073
778 3367
1230 1445
4817 3418
614 2547
1039 2984
3647 3559
1183 1106
4771 2414
1379 4489
438 4658
4314 4076
1722 907
957 1860
326 2724
1428 146
448 3516
3152 4586
3140 1664
1601 3955
3498 127
4248 3923
72 624
220 1397
49 1293
3244 4014
4578 1804
1714 2890
1601 1771
4926 4534
947 3191
4469 2459
2760 2031
853 396
344 213
4674 957
1723 9
3421 4386
2338 3258
2886 4964
4374 4719
1372 1046
4566 2392
1006 3721
2884 3943
2202 1357
1285 2172
2363 3827
3697 3880
4454 4370
1552 4079
3798 4091
2176 3299
3484 1064
825 4137
4537 3758
158 1405
1794 155
1905 2521
142 1246
1665 1266
534 4575
109 1376
4628 3805
2692 1002
2935 2066
1043 3716
1171 4295
3749 1496
4854 2550
426 2076
2500 1876
933 4138
1342 2910
3749 4534
1465 2374
186 303
3659 1770
1884 35
2547 520
1893 2439
4723 769
1534 592
406 65
648 3870
3696 680
1096 724
661 3418
1101 663
4956 1753
636 3817
924 4693
2729 1702
4688 2701
955 4908
2981 1341
439 806
3011 2413
4457 2976
485 2711
1274 3613
1130 2619
1493 2243
3753 1018
327 1375
2292 4454
258 285
3059 4095
2920 4831
749 2574
4249 1259
694 3761
4739 2946
2638 4767
2150 3786
2846 1721
3405 3568
1372 3098
398 3652
4218 2279
4192 4496
3086 4872
723 2540
1007 3756
708 502
1123 1617
3331 3
1411 2445
2987 1341
2210 2437
1768 4434
3091 1916
3754 3407
3927 807
1894 1911
2791 648
3494 3262
3707 2501
4335 528
4406 3619
1245 2714
2477 3664
1370 2022
3448 4690
1277 2233
740 3628
820 1897
4453 483
3191 305
904 1811
540 2417
4566 1765
496 4076
906 4208
4935 1916
3771 2554
1128 2422
4918 168
3351 3085
1064 2379
2852 1090
2639 4201
4876 2913
2610 121
4202 4047
716 4348
2369 142
2819 4606
3511 1017
2133 797
3385 1778
4682 3929
3115 698
3269 3795
1417 4623
1250 1255
2378 1182
4830 899
4145 3514
4895 3548
4874 3050
994 1044
3638 1919
3707 1341
1221 1413
3918 3470
754 1673
2370 3277
147 2987
1576 3496
2418 2803
4222 3238
241 1750
4171 1763
2483 2700
2156 945
4050 2359
3608 3732
4054 3392
3207 4598
2396 4479
618 1541
1913 4277
518 27
4725 1933
1139 4586
304 369
4169 2108
2265 1866
1488 2995
4889 996
3615 4838
440 3013
4018 1503
3338 2579
525 3039
922 4261
4336 2652
4756 1973
4966 1984
1270 3983
4263 3933
2061 1454
959 2049
1639 2302
2175 4570
10 1538
3147 408
2827 3226
1198 1934
4412 3011
3245 4021
632 2072
1675 4124
889 842
1403 4596
1425 3377
4993 1162
4930 959
695 2644
3878 1078
1457 874
193 437
3757 4236
2809 50
1186 1592
2828 4
1895 4662
153 4883
4827 2253
4750 794
864 1154
3698 2679
4328 3785
3140 4406
4056 3737
2881 1139
545 1394
2219 2184
2156 1731
2454 2797
2066 1017
3541 2744
3776 4966
2468 2609
2378 2789
4705 1992
4220 3673
2143 2535
4904 740
3900 2514
2276 4283
4004 4879
4810 4499
1266 1837
1977 368
160 2867
992 350
4136 2491
2748 1166
3902 4300
1482 4293
3421 4763
4954 2948
378 4240
4958 3648
349 3595
4546 1428
539 936
2414 830
2482 4501
4591 520
565 2177
3759 16
3120 1643
3324 517
440 26
708 3434
1417 3176
3790 2195
1927 3972
1859 329
2589 3645
2060 3980
2861 4138
1326 4914
2108 2748
963 1721
1894 4403
4072 3796
2871 362
4176 4378
1391 2763
4135 402
543 4488
3308 3562
821 3095
2828 2375
4330 3632
2886 4273
4500 2413
393 2959
2726 1188
4330 2635
3335 4133
4181 1963
4089 785
2271 4575
3566 635
286 3244
3101 3397
2410 298
4856 4757
4360 1305
549 127
4490 4411
1594 1992
666 1844
242 3102
562 244
1816 3435
3611 979
863 4618
2592 766
215 4170
3084 817
2778 4218
2270 1092
4158 4564
252 3593
3255 939
731 1935
3490 1726
4203 813
4980 2981
3695 1938
4971 1493
533 2834
4245 3220
1158 525
1948 1528
644 4418
1702 2908
3557 1491
2370 2847
4305 2593
2757 4873
4240 2698
359 4653
309 3019
1312 4325
4760 293
983 46
290 4560
616 4522
1073 2679
1353 1530
3873 1487
3082 3043
1647 544
3826 676
167 2058
948 2645
3164 1251
2326 2433
4349 2988
1773 1176
1989 1036
2734 1574
4542 1525
3048 1032
3209 1425
1736 1147
1058 2202
4528 1481
164 1144
2248 4333
1684 4504
2094 824
2 2725
29 1106
3960 2338
4643 3727
1366 1539
1315 1166
4606 4816
3021 1149
2064 4656
2134 1939
4032 2813
3994 2727
1009 3087
3011 369
2576 3460
3882 183
2393 1734
2444 3262
1680 3640
3479 3771
833 3910
993 3964
305 1594
359 557
4823 1342
406 38
4384 3670
1021 1499
2757 3412
4825 3369
3787 4465
3858 1025
3034 2434
3373 3710
4147 421
1221 1327
4691 1690
2558 1580
1443 2817
1507 4273
1603 1685
2529 3349
675 1816
3790 2581
364 3372
3115 2177
2837 977
3571 998
3774 4959
3508 2747
4710 2674
1597 4469
2354 4557
648 1591
609 4531
4808 3289
3882 2981
2736 601
4902 921
1071 4105
4912 955
3363 3997
2741 237
3978 1981
1878 704
192 3456
1049 4748
1233 4159
4893 1427
540 3561
1858 29
4051 2651
3752 2250
2213 1552
266 4068
1671 4510
4886 1626
11 179
3865 666
188 4587
3515 532
4108 914
1095 2537
1866 3032
472 2528
1638 2341
2297 3050
4267 3730
3744 1145
456 585
3495 4204
1536 4956
1061 1161
2710 713
4727 217
3564 4596
2563 4927
4542 667
1518 4163
2983 391
3723 3234
4431 3170
717 4245
2598 3124
3203 386
2110 1365
942 205
3261 782
2284 1647
2079 3170
3427 1761
3085 4862
2325 2956
4770 1834
2000 4812
248 799
3303 1074
2106 2559
2670 1346
2853 4390
3086 3403
553 3405
4137 2048
1340 4070
4918 4157
4446 331
984 991
4542 4717
2506 1973
2399 2324
1238 3540
4112 2351
1427 4592
3132 4063
642 4606
935 4866
3363 2890
103 4992
4 4840
4848 1729
1694 155
4360 3900
2155 1111
4286 2631
1030 2127
2367 2988
1293 4357
4027 4005
2401 3023
4915 149
3983 2635
889 200
4328 1679
1767 2640
3639 739
4507 1306
1737 3562
4862 3000
3321 4476
2255 4603
3069 3819
1616 3006
1692 4760
3709 3345
3871 2034
868 1072
4520 534
4414 838
542 3401
4383 2464
3535 1963
4532 98
4160 4038
3788 637
4788 1823
3749 2636
1972 3955
3153 4383
4285 1292
2696 831
698 1762
4138 1417
46 1622
3985 1420
2196 942
4296 2258
4651 2339
2935 3564
2253 1338
481 3494
2245 1382
1072 961
3610 3392
4402 2303
3046 4449
2808 1558
4452 3857
3399 1173
3390 4963
1749 1126
780 1131
3135 4246
4549 1104
933 129
1228 3161
1184 4182
551 4944
1207 183
1256 4565
3982 3658
619 4060
968 4726
3327 1435
4095 4347
3990 765
3820 3256
4393 1187
3773 3950
648 2588
2196 738
315 3700
4926 4677
1757 302
3310 1912
2511 4393
620 4501
2304 3272
2234 2998
728 2913
365 3196
1020 2353
3130 210
1161 4215
2042 3729
1471 3514
1662 4586
4881 4603
1447 1985
4400 143
3927 187
1010 3841
337 2603
4194 4911
575 2658
1055 2541
1658 4275
676 779
4009 1620
4932 219
1851 1328
1554 3164
4834 1018
4049 4245
3991 236
3883 1894
3795 447
2463 202
1440 4465
950 2376
3546 3933
768 2958
1968 4110
1509 21
2943 108
41 1779
1018 1235
3201 1500
3430 673
697 1917
1240 1914
1753 4389
2090 4903
2226 1383
2081 4914
3943 457
4463 2235
1209 1862
3524 1701
3970 3189
2141 4064
4597 1162
2936 4740
1905 4601
3538 1589
3831 2757
4518 2987
698 3916
433 1060
3580 1919
2527 1735
2206 1682
3332 3939
4668 4169
3189 2386
451 826
3710 2458
4030 3896
4091 4698
2015 2392
1039 4791
3518 4741
4699 3983
1903 772
1274 271
1268 4841
2498 942
2616 772
2621 2101
4724 2070
4117 116
2505 403
480 2766
3386 557
2640 1945
2659 1466
4767 4957
1652 3834
1857 3240
4665 3719
267 4972
2228 2406
3659 2569
2012 1886
4141 4549
3940 4698
2442 1846
3307 2578
3793 3860
3161 3868
2357 3964
2288 4506
529 74
884 3972
1823 1237
2702 4933
137 2979
3250 3746
2987 1096
4250 3417
2004 1634
1452 1807
2109 1792
707 319
3582 3773
531 2628
687 3583
932 3182
3669 3538
1813 716
2466 4721
1654 3454
2490 3456
48 1774
477 4857
2664 4635
3364 2412
