512 5825
1 317 -45
1 309 61
1 371 23
1 102 -32
1 495 65
1 438 69
1 93 23
1 9 24
1 64 2
1 57 -26
1 370 35
1 504 -38
1 143 60
1 342 -89
1 25 51
1 82 54
1 96 10
1 326 36
1 469 -72
1 276 -26
1 405 2
1 89 36
1 378 57
2 442 -30
2 10 28
2 67 83
2 262 41
2 316 71
2 335 54
2 327 7
2 27 23
2 158 -25
2 262 50
2 385 9
2 78 63
2 139 46
2 58 -48
2 38 14
2 464 88
2 378 -75
2 51 -88
2 119 0
2 286 54
2 492 -80
2 15 -85
2 404 84
3 157 36
3 343 33
3 363 -64
3 169 -34
3 487 11
3 420 -20
3 327 -61
3 422 85
3 61 -46
3 332 -76
3 54 14
3 451 -64
3 193 59
3 362 -8
3 321 62
3 61 -7
3 290 -92
3 20 -81
3 129 97
3 199 -34
3 208 64
3 62 -60
3 25 72
4 227 -3
4 308 -44
4 457 58
4 485 -16
4 172 -16
4 453 14
4 398 31
4 70 97
4 329 82
4 71 -30
4 381 -67
4 317 -30
4 196 -42
4 397 -59
4 99 -3
4 161 -95
4 28 49
4 57 61
4 328 -50
4 451 -20
4 216 -57
4 384 38
4 171 67
5 256 32
5 174 13
5 103 98
5 134 -8
5 392 60
5 417 -51
5 26 50
5 171 3
5 251 44
5 360 64
5 102 40
5 174 -70
5 168 42
5 194 -71
5 112 -91
5 313 -28
5 220 -47
5 332 -19
5 261 68
5 401 -70
5 87 42
5 485 -81
6 496 53
6 318 56
6 431 48
6 494 77
6 123 90
6 29 -97
6 425 -40
6 430 -69
6 9 38
6 63 -76
6 410 81
6 488 99
6 90 4
6 303 -70
6 174 -56
6 228 99
6 45 -78
6 309 69
6 489 -32
6 105 97
6 404 -16
6 280 -86
6 59 -78
7 456 -21
7 466 -19
7 227 76
7 128 28
7 313 -46
7 407 -68
7 318 -97
7 230 -40
7 213 -94
7 336 -44
7 133 -37
7 164 -31
7 431 -15
7 16 42
7 383 38
7 295 -43
7 373 95
7 349 -21
7 243 -51
7 244 -42
7 64 -25
7 65 50
7 353 89
8 134 -99
8 294 -94
8 102 -57
8 308 66
8 67 -23
8 50 10
8 476 -22
8 377 34
8 403 85
8 290 -7
8 430 27
8 303 -75
8 201 -77
8 131 43
8 21 -89
8 49 88
8 389 8
8 32 -92
8 267 32
8 130 20
8 386 -88
8 138 18
8 315 -1
9 264 -47
9 33 -39
9 328 66
9 136 21
9 509 18
9 105 10
9 268 -78
9 449 46
9 25 -64
9 67 98
9 184 -42
9 126 -29
9 283 29
9 499 -65
9 331 80
9 181 20
9 12 -4
9 118 38
9 124 87
9 269 -45
9 230 -14
9 353 -62
10 72 97
10 173 -71
10 510 -78
10 477 -29
10 43 22
10 91 54
10 409 -1
10 38 -93
10 193 -53
10 345 64
10 28 -82
10 443 4
10 233 -97
10 480 -64
10 303 97
10 28 -98
10 353 36
10 382 87
10 309 19
10 467 0
10 133 61
10 79 -57
10 147 -3
11 280 63
11 423 -49
11 488 68
11 46 -58
11 15 45
11 90 -26
11 178 48
11 92 95
11 295 -78
11 34 73
11 91 56
11 231 69
11 367 -80
11 261 -1
11 25 12
11 338 99
11 386 -57
11 169 -10
11 436 37
11 36 -46
11 163 -36
11 305 37
11 492 35
12 172 -4
12 16 34
12 292 65
12 447 14
12 73 -90
12 361 48
12 191 1
12 498 30
12 66 -7
12 227 1
12 287 65
12 187 50
12 155 74
12 93 16
12 115 -84
12 319 44
12 440 37
12 377 -7
12 102 21
12 28 78
12 417 -25
12 106 24
13 38 -32
13 28 3
13 460 -30
13 355 -89
13 245 35
13 192 85
13 74 15
13 29 -11
13 439 -88
13 481 -94
13 75 78
13 488 33
13 88 12
13 34 -79
13 376 10
13 501 32
13 459 36
13 229 85
13 378 -37
13 228 -57
13 202 -35
13 222 -21
13 433 -62
14 314 83
14 508 -44
14 128 62
14 377 -67
14 188 -4
14 105 -85
14 59 17
14 385 -23
14 421 -94
14 146 -12
14 25 82
14 288 73
14 38 -96
14 186 75
14 348 -52
14 299 -80
14 317 77
14 495 52
14 340 74
14 307 -91
14 258 51
14 467 -31
15 158 -60
15 334 44
15 323 77
15 257 95
15 185 -42
15 124 31
15 329 -49
15 299 23
15 304 -40
15 360 -6
15 511 -75
15 104 60
15 70 -20
15 338 -69
15 373 -87
15 201 83
15 104 -51
15 208 24
15 273 23
15 281 -16
15 62 55
15 432 -67
15 341 -30
16 46 61
16 418 18
16 294 6
16 134 8
16 309 -44
16 427 -85
16 510 87
16 38 91
16 79 -41
16 127 14
16 179 38
16 62 0
16 146 -75
16 242 4
16 418 -61
16 495 -73
16 375 -40
16 210 -47
16 469 16
17 111 -84
17 170 28
17 476 70
17 314 -58
17 196 57
17 192 -71
17 69 -92
17 341 -15
17 24 71
17 275 -90
17 495 9
17 103 93
17 207 -96
17 498 -40
17 363 -30
17 28 45
17 468 9
17 201 61
17 450 35
17 486 22
17 220 84
18 157 -56
18 112 14
18 37 -18
18 479 88
18 95 42
18 72 39
18 206 59
18 259 51
18 307 24
18 326 -1
18 188 -49
18 35 41
18 267 38
18 66 -1
18 261 66
18 59 -33
18 235 54
18 164 -69
18 313 99
18 294 73
18 43 -43
18 432 67
19 167 -13
19 248 56
19 74 1
19 402 -53
19 140 -38
19 47 69
19 199 -49
19 188 -44
19 338 92
19 178 -65
19 414 -72
19 434 -29
19 324 -7
19 311 94
19 507 84
19 297 59
19 375 -25
19 159 73
19 480 53
19 370 57
19 298 96
19 461 29
19 261 51
20 301 20
20 364 -91
20 373 25
20 83 50
20 290 2
20 236 48
20 55 -6
20 248 -1
20 236 89
20 273 63
20 346 -72
20 467 -60
20 469 86
20 258 80
20 308 -42
20 473 68
20 490 -65
20 249 -25
20 435 53
20 326 50
20 287 -81
20 296 -44
21 419 -69
21 344 20
21 420 76
21 56 -20
21 491 93
21 115 71
21 484 -100
21 339 -18
21 198 98
21 394 62
21 355 -52
21 145 8
21 359 -20
21 449 -60
21 52 82
21 229 86
21 331 75
21 323 80
21 474 -27
21 345 -47
21 457 -50
21 104 34
22 35 43
22 363 54
22 230 37
22 149 87
22 335 -36
22 360 -71
22 133 86
22 369 -89
22 231 71
22 56 -67
22 496 -28
22 478 -14
22 149 -10
22 40 -49
22 64 34
22 323 5
22 437 92
22 145 80
22 225 -99
22 212 32
23 144 54
23 147 -44
23 75 -58
23 499 -43
23 147 4
23 511 -56
23 219 -6
23 168 41
23 386 -59
23 64 25
23 382 34
23 381 -29
23 292 -56
23 491 64
23 366 -90
23 202 -5
23 424 25
23 317 -57
23 500 -100
23 126 96
23 42 14
23 411 -50
23 293 61
24 415 -97
24 483 -4
24 512 24
24 217 71
24 97 46
24 216 77
24 167 53
24 81 88
24 75 19
24 302 -47
24 216 -23
24 268 -36
24 505 -89
24 491 -39
24 240 -35
24 243 70
24 188 -32
24 414 -83
24 60 5
24 199 -38
24 349 -99
25 272 67
25 322 -42
25 48 -2
25 274 -80
25 436 65
25 198 27
25 465 28
25 399 73
25 193 52
25 125 10
25 124 -24
25 313 94
25 272 -59
25 238 -40
25 481 -89
25 363 -54
25 373 68
25 408 47
25 291 -24
25 61 -42
25 438 -86
25 86 -33
26 62 86
26 386 12
26 240 -61
26 427 85
26 306 -20
26 464 58
26 467 32
26 364 65
26 288 -47
26 225 -64
26 311 6
26 385 -46
26 273 -42
26 353 -41
26 498 84
26 114 -48
26 380 19
26 127 42
26 255 -39
26 183 52
26 307 15
26 364 78
27 389 -79
27 56 14
27 315 -84
27 255 65
27 105 86
27 241 -93
27 94 -62
27 149 -97
27 474 52
27 443 -67
27 473 16
27 368 82
27 347 -48
27 462 -27
27 278 69
27 84 -10
27 490 -42
27 397 -37
27 224 -3
27 361 -42
27 288 86
27 29 84
28 425 90
28 418 -41
28 42 39
28 176 -37
28 121 92
28 55 -87
28 459 -14
28 470 -93
28 165 84
28 61 -66
28 68 26
28 512 28
28 332 -38
28 198 -86
28 384 -23
28 217 -86
28 75 64
28 465 -15
28 419 93
28 437 47
28 43 -9
28 265 -30
28 316 57
29 498 9
29 320 48
29 284 -68
29 265 -39
29 155 88
29 277 -49
29 365 -98
29 209 -62
29 325 49
29 235 -98
29 321 -36
29 367 72
29 500 -36
29 330 20
29 104 -98
29 160 57
29 85 43
29 471 93
29 215 5
29 134 -24
29 262 -88
29 454 -61
29 259 -18
30 425 35
30 328 -68
30 193 -30
30 96 5
30 331 -25
30 287 18
30 186 -87
30 320 -85
30 209 -63
30 66 -26
30 490 -40
30 405 89
30 302 -43
30 213 -66
30 352 60
30 106 64
30 510 -5
30 78 57
30 490 89
30 399 -1
30 313 51
30 95 29
31 424 51
31 414 -39
31 501 -81
31 470 23
31 174 -54
31 490 5
31 247 31
31 102 -38
31 53 70
31 80 -56
31 362 59
31 496 -33
31 196 -46
31 502 76
31 363 -80
31 44 -68
31 222 -82
31 466 -64
31 426 89
31 106 39
31 428 -24
31 236 -97
31 317 -98
32 74 3
32 210 24
32 396 -41
32 83 -70
32 285 -49
32 192 13
32 355 -91
32 325 55
32 395 10
32 259 12
32 394 12
32 256 -7
32 483 16
32 325 72
32 135 -13
32 482 22
32 372 -78
32 435 85
32 367 33
32 420 62
32 242 91
33 366 -1
33 87 -95
33 163 -20
33 259 65
33 506 11
33 222 -62
33 501 92
33 206 65
33 194 -71
33 111 -13
33 86 92
33 323 2
33 175 -22
33 251 2
33 237 -70
33 382 64
33 181 51
33 367 86
33 195 -52
33 291 77
33 305 3
33 136 -40
34 77 -18
34 458 -91
34 320 -4
34 181 54
34 391 -11
34 220 19
34 213 15
34 250 99
34 35 28
34 230 -38
34 236 -44
34 347 -68
34 398 95
34 490 -82
34 60 64
34 200 61
34 362 52
34 365 52
34 483 35
34 153 -25
34 127 13
35 125 -49
35 237 14
35 481 -69
35 168 10
35 208 25
35 148 -31
35 76 -42
35 500 41
35 181 -15
35 119 42
35 373 53
35 353 11
35 62 33
35 285 -44
35 117 -22
35 137 65
35 186 -62
35 127 42
35 269 22
35 113 -64
35 60 83
35 435 -49
36 203 99
36 435 -21
36 220 -99
36 132 62
36 139 22
36 421 35
36 164 3
36 440 1
36 139 95
36 458 46
36 221 -80
36 248 98
36 429 89
36 216 -51
36 145 -32
36 180 -49
36 418 -31
36 444 -74
36 64 -63
37 290 -71
37 163 36
37 453 -96
37 313 45
37 209 28
37 165 68
37 321 91
37 193 46
37 450 97
37 256 -91
37 411 1
37 301 -93
37 485 6
37 194 47
37 454 17
37 105 13
37 369 -84
37 162 95
37 149 14
37 58 -53
37 252 -48
37 443 34
38 255 98
38 313 -48
38 179 26
38 132 23
38 394 4
38 172 40
38 489 27
38 224 16
38 344 -17
38 472 84
38 238 -15
38 313 7
38 221 -25
38 464 97
38 215 -56
38 289 -70
38 94 -30
38 90 -95
38 443 -96
38 321 41
38 221 -70
39 48 63
39 381 -66
39 47 21
39 67 9
39 89 77
39 348 5
39 334 62
39 236 73
39 95 -21
39 243 59
39 345 -10
39 163 -34
39 448 -78
39 177 81
39 475 -34
39 427 -13
39 333 -57
39 303 23
39 186 -3
39 506 15
39 467 -30
39 112 -84
40 243 12
40 496 89
40 167 -92
40 178 -47
40 201 -66
40 307 -45
40 282 84
40 340 50
40 102 -9
40 339 -33
40 274 64
40 368 -57
40 427 -94
40 456 83
40 373 -40
40 232 31
40 425 35
40 207 -57
40 448 -25
40 412 -65
40 393 26
40 48 -92
41 380 68
41 144 -81
41 362 99
41 264 -14
41 93 -27
41 412 21
41 458 63
41 446 -25
41 56 -8
41 71 -98
41 401 20
41 501 58
41 48 33
41 375 75
41 433 -91
41 44 -73
41 157 -9
41 150 -32
42 404 -23
42 373 41
42 310 49
42 44 -80
42 299 -96
42 61 -33
42 334 88
42 350 -11
42 217 58
42 197 -19
42 460 64
42 464 47
42 370 -53
42 468 34
42 132 -71
42 472 -23
42 145 8
42 209 -56
42 51 11
42 319 41
42 286 65
43 253 -21
43 223 63
43 495 83
43 142 -61
43 253 -15
43 461 16
43 119 0
43 93 -82
43 225 31
43 465 82
43 435 -29
43 194 -8
43 371 -14
43 246 -82
43 410 -1
43 334 77
43 140 22
43 247 72
43 495 -3
43 403 34
43 309 -72
44 207 25
44 135 60
44 386 -76
44 415 38
44 486 3
44 508 14
44 490 22
44 99 26
44 430 -16
44 436 -31
44 454 -91
44 233 -55
44 237 -20
44 285 -52
44 484 -74
44 376 12
44 185 -83
44 132 -98
44 211 29
44 62 99
44 118 93
44 346 39
45 257 51
45 212 -74
45 215 48
45 467 -62
45 71 52
45 355 -82
45 501 29
45 479 -6
45 462 -41
45 412 36
45 396 -74
45 413 -21
45 209 -29
45 104 -16
45 166 48
45 241 7
45 195 20
45 466 16
45 461 -16
45 91 91
46 113 66
46 475 92
46 254 -86
46 100 -98
46 351 -32
46 427 48
46 474 -53
46 370 -22
46 372 82
46 121 -99
46 133 43
46 156 75
46 266 -3
46 199 -91
46 157 -33
46 328 -17
46 79 -91
46 151 -61
46 101 12
46 333 44
46 452 6
46 476 -72
47 335 3
47 412 64
47 215 39
47 182 -29
47 138 -41
47 455 -63
47 469 26
47 279 -45
47 66 65
47 168 67
47 493 -97
47 459 -71
47 368 -2
47 59 -75
47 395 68
47 332 68
47 490 -4
47 174 49
47 148 8
47 74 -22
47 208 -36
48 295 93
48 506 23
48 166 88
48 413 -60
48 498 -79
48 176 -16
48 368 -38
48 432 91
48 371 6
48 132 -54
48 471 1
48 98 20
48 327 39
48 97 -64
48 183 -66
48 80 47
48 134 -22
48 399 48
48 310 0
48 361 36
48 337 -96
48 287 10
48 84 61
49 321 -61
49 245 -46
49 294 -54
49 155 -70
49 484 99
49 462 69
49 355 81
49 308 -5
49 78 20
49 503 -31
49 335 -27
49 271 1
49 213 95
49 110 -17
49 132 56
49 276 60
49 190 -4
49 184 45
50 230 -93
50 297 -66
50 366 48
50 390 -5
50 246 -9
50 243 -80
50 85 71
50 295 53
50 370 -79
50 446 -97
50 109 -93
50 399 -35
50 65 -7
50 120 -35
50 77 59
50 358 -36
50 275 70
50 287 18
51 172 -59
51 87 -29
51 101 15
51 424 -54
51 452 70
51 314 -66
51 98 -35
51 298 95
51 85 -12
51 422 -73
51 405 -59
51 224 98
51 90 51
51 261 -77
51 346 -89
51 155 7
51 55 48
51 70 -59
51 408 -38
51 457 77
52 95 8
52 215 56
52 355 -33
52 343 -39
52 412 81
52 151 -23
52 125 -24
52 197 6
52 479 32
52 271 -7
52 462 -93
52 267 -64
52 280 -20
52 416 -36
52 468 -70
52 266 8
52 249 75
52 226 49
52 425 54
52 256 48
52 143 -89
52 358 -12
53 482 50
53 510 8
53 213 -64
53 487 -10
53 193 65
53 427 -38
53 71 61
53 332 27
53 177 97
53 491 3
53 209 79
53 248 -41
53 296 18
53 444 40
53 386 71
53 278 56
53 208 65
53 107 -18
53 498 -28
53 280 -37
54 437 37
54 276 -58
54 269 -43
54 120 43
54 217 7
54 134 77
54 281 -94
54 167 32
54 109 97
54 504 51
54 281 91
54 372 61
54 140 6
54 200 -20
54 276 76
54 469 2
54 339 -68
54 183 -78
54 345 32
55 214 74
55 429 28
55 69 -94
55 205 8
55 122 38
55 397 93
55 119 90
55 455 -9
55 375 -43
55 397 33
55 119 23
55 160 65
55 402 82
55 70 12
55 227 -29
55 415 32
55 418 -11
55 488 -26
55 86 51
55 220 26
56 330 -46
56 419 68
56 434 35
56 344 26
56 143 58
56 69 70
56 491 -59
56 281 -8
56 207 27
56 59 -30
56 82 22
56 104 98
56 374 -70
56 213 62
56 83 -91
56 223 -72
56 214 -73
56 174 28
56 412 71
56 215 -5
56 291 30
56 439 -59
57 304 12
57 217 -41
57 352 18
57 367 -88
57 274 93
57 333 56
57 129 -44
57 312 -68
57 110 -50
57 223 -23
57 232 -35
57 376 -18
57 497 -86
57 82 -10
57 127 -9
57 421 -77
57 175 21
58 479 40
58 282 -90
58 128 71
58 498 -31
58 295 4
58 114 -81
58 186 35
58 410 -67
58 152 -74
58 366 42
58 496 -58
58 292 -57
58 265 -45
58 116 -92
58 84 -15
58 491 -34
58 115 -89
58 63 14
58 306 -37
58 358 -76
58 247 30
58 334 -48
59 425 -75
59 374 91
59 128 79
59 97 -49
59 455 45
59 312 -42
59 112 -77
59 254 -2
59 494 1
59 482 54
59 306 74
59 305 77
59 508 -70
59 357 75
59 449 -81
59 371 32
59 306 49
59 418 62
59 152 98
59 435 -20
59 402 8
60 91 -64
60 144 -53
60 128 -66
60 200 82
60 363 23
60 283 76
60 270 -85
60 127 -63
60 470 1
60 323 -45
60 91 20
60 376 -82
60 286 -80
60 378 -89
60 221 98
60 508 2
60 506 -51
60 207 91
60 401 -29
60 224 -21
60 263 -98
60 249 -43
61 507 -25
61 416 88
61 381 98
61 282 25
61 427 92
61 96 -38
61 414 -26
61 175 -73
61 264 4
61 356 82
61 404 -46
61 398 63
61 269 70
61 510 -91
61 351 -75
61 180 15
61 100 0
61 78 -22
61 168 42
61 71 -47
62 235 46
62 454 79
62 396 57
62 468 66
62 148 -12
62 115 -66
62 305 -56
62 87 -88
62 317 -3
62 357 74
62 266 79
62 67 -9
62 359 -2
62 422 -14
62 435 -92
62 394 -28
62 202 11
63 203 0
63 457 -12
63 507 32
63 463 -7
63 404 92
63 222 89
63 461 -52
63 192 -9
63 107 -66
63 463 -69
63 129 -89
63 442 89
63 95 -74
63 285 46
63 310 9
63 491 -15
63 229 -38
63 488 -88
63 107 89
63 122 43
63 228 69
64 284 40
64 109 68
64 91 -26
64 190 18
64 174 11
64 112 -44
64 85 -83
64 314 -57
64 219 42
64 500 -71
64 471 -50
64 501 3
64 107 74
64 149 -80
64 406 63
64 113 -11
64 346 85
64 264 -91
64 335 -72
64 385 -91
64 142 -17
64 147 56
65 421 -100
65 353 -17
65 277 83
65 277 -67
65 114 74
65 137 3
65 238 -74
65 290 45
65 472 53
65 215 67
65 450 -4
65 385 26
65 78 -2
65 73 19
65 185 21
65 241 -52
65 371 -76
65 389 -80
65 216 46
65 136 68
66 289 91
66 424 -69
66 354 33
66 302 -61
66 419 -5
66 219 -43
66 461 18
66 485 91
66 90 -72
66 85 39
66 406 -48
66 77 5
66 196 58
66 236 -37
66 141 -69
66 170 -22
66 316 -93
66 290 -61
66 146 -50
67 460 3
67 356 45
67 352 97
67 194 -61
67 379 -93
67 373 -69
67 148 31
67 225 -52
67 459 14
67 245 -24
67 167 -88
67 201 -60
67 323 -83
67 296 49
67 478 -29
67 82 -63
67 396 -94
67 250 21
67 446 74
67 110 -37
67 314 -9
68 458 -32
68 163 -94
68 370 23
68 402 99
68 440 31
68 252 85
68 88 -53
68 511 63
68 196 53
68 212 -10
68 134 16
68 354 -31
68 426 -74
68 299 -38
68 332 72
68 371 -50
68 311 -46
68 390 -37
68 499 -23
68 159 11
68 230 52
69 420 -68
69 131 52
69 80 22
69 102 55
69 253 -40
69 350 97
69 416 87
69 253 -83
69 316 -96
69 165 7
69 235 89
69 142 54
69 125 -85
69 374 -43
69 333 61
69 72 -88
69 174 72
69 416 -45
69 106 -69
69 96 94
70 299 -53
70 182 -2
70 279 -100
70 301 -65
70 409 52
70 500 -10
70 398 99
70 161 47
70 450 75
70 490 -32
70 335 94
70 370 -19
70 415 -84
70 305 -79
70 323 -43
70 293 -26
70 173 -27
70 335 26
71 257 -38
71 132 -44
71 129 -81
71 476 -55
71 422 93
71 96 -12
71 257 70
71 293 -70
71 496 -17
71 99 -25
71 142 31
71 324 -74
71 72 86
71 303 -90
71 462 -63
71 202 -30
71 295 -24
71 337 9
71 491 73
71 84 48
72 216 -19
72 220 82
72 104 -76
72 215 93
72 320 -13
72 145 19
72 502 62
72 492 -44
72 239 8
72 502 87
72 177 -89
72 497 -65
72 329 71
72 476 91
72 192 57
72 365 -92
72 401 2
72 209 34
72 403 38
72 257 -60
72 456 92
72 276 30
72 488 -40
73 401 66
73 238 39
73 479 -28
73 298 37
73 381 59
73 240 2
73 390 -57
73 280 57
73 157 -77
73 76 -77
73 268 36
73 133 3
73 130 72
73 262 92
73 412 -62
73 352 -50
73 507 -61
73 108 34
73 430 -17
73 219 47
73 363 98
73 173 92
74 263 31
74 495 -2
74 333 56
74 283 51
74 497 -39
74 255 -44
74 436 26
74 510 31
74 285 48
74 212 -6
74 490 -72
74 208 63
74 123 -69
74 387 92
74 333 37
74 345 -39
74 425 61
74 89 25
74 124 12
74 324 -2
74 500 -39
75 215 -52
75 330 -15
75 287 -15
75 191 67
75 296 -1
75 239 -42
75 323 15
75 355 -24
75 328 40
75 255 21
75 374 43
75 354 60
75 461 27
75 470 33
75 198 -45
75 117 2
75 442 16
75 102 -38
75 138 -65
76 187 -90
76 98 -19
76 126 -36
76 95 -60
76 295 -78
76 393 -8
76 105 40
76 83 -97
76 314 85
76 429 -76
76 151 8
76 185 84
76 287 -6
76 224 -92
76 505 -67
76 87 -8
76 346 19
76 142 44
76 375 24
76 512 -74
76 450 35
77 230 -49
77 168 58
77 254 29
77 198 -5
77 175 -49
77 392 45
77 409 52
77 264 48
77 357 44
77 209 -36
77 400 33
77 98 22
77 265 -84
77 197 -49
77 417 -11
77 264 -1
77 486 -65
77 379 -82
77 117 51
77 333 94
78 307 -92
78 461 30
78 139 50
78 315 59
78 87 90
78 107 -29
78 375 39
78 336 -39
78 486 49
78 179 -61
78 509 3
78 191 36
78 303 -61
78 309 -78
78 359 70
78 263 44
78 415 -95
79 429 -63
79 126 38
79 311 41
79 178 -77
79 467 87
79 248 42
79 479 -96
79 349 90
79 353 -39
79 359 73
79 133 35
79 131 99
79 327 -88
79 241 -7
79 486 54
79 187 97
79 244 -50
79 227 9
79 501 -14
79 228 85
79 337 -25
80 240 37
80 167 26
80 317 -11
80 258 89
80 408 -88
80 311 90
80 348 45
80 392 -41
80 370 69
80 246 -24
80 461 -92
80 488 89
80 297 -34
80 474 25
80 204 -46
80 454 -55
80 380 89
80 467 22
80 242 -18
81 304 73
81 425 49
81 493 38
81 211 -94
81 507 -23
81 461 18
81 184 14
81 494 8
81 385 75
81 372 -41
81 129 16
81 503 -100
81 394 -6
81 364 90
81 118 -67
81 470 53
81 394 -60
81 133 53
82 358 -79
82 127 -53
82 245 -26
82 298 5
82 135 37
82 184 66
82 178 31
82 376 -42
82 357 69
82 342 -10
82 196 -45
82 433 -84
82 218 50
82 307 -91
82 314 -69
82 150 -57
82 195 31
82 210 -79
82 313 51
82 245 64
82 257 -43
83 399 -71
83 171 18
83 331 -71
83 228 -46
83 115 -99
83 290 64
83 220 83
83 339 23
83 342 87
83 482 -9
83 253 93
83 109 -96
83 342 -50
83 195 -58
83 344 80
83 277 -97
83 314 15
83 397 0
83 179 -83
84 225 -72
84 176 -66
84 118 -88
84 455 37
84 419 70
84 356 -100
84 104 16
84 413 13
84 481 89
84 177 69
84 192 98
84 274 -94
84 443 -9
84 106 -9
84 337 -35
84 293 30
84 364 -76
84 333 -87
84 104 50
84 383 -93
84 288 -78
85 87 16
85 368 10
85 95 53
85 371 -49
85 122 -22
85 452 13
85 218 -42
85 239 1
85 497 85
85 331 80
85 91 93
85 192 -20
85 223 -31
85 165 21
85 363 -7
86 399 10
86 292 -12
86 198 -6
86 483 -38
86 328 90
86 297 39
86 157 59
86 241 -62
86 182 54
86 348 19
86 330 -85
86 245 36
86 467 19
86 469 26
86 470 -48
86 347 -33
86 89 75
86 201 48
86 282 70
87 157 21
87 245 -13
87 275 -48
87 363 0
87 308 -20
87 332 29
87 485 -100
87 458 8
87 470 -50
87 480 2
87 150 -62
87 112 93
87 350 -73
87 162 52
87 301 -58
87 243 63
87 155 -14
87 372 25
87 114 94
88 176 45
88 130 78
88 210 8
88 110 -85
88 147 68
88 186 37
88 151 15
88 324 19
88 170 52
88 316 -80
88 326 59
88 508 -56
88 92 -84
88 230 26
88 495 -25
88 259 -78
88 377 76
88 408 96
88 308 61
89 337 9
89 455 78
89 151 -59
89 275 -95
89 118 -74
89 497 -47
89 480 -1
89 331 -91
89 282 3
89 324 -55
89 153 0
89 129 -89
89 172 -94
89 310 82
90 376 5
90 281 83
90 335 87
90 302 49
90 343 -47
90 326 -69
90 405 26
90 274 50
90 111 40
90 454 -21
90 493 -32
90 248 62
90 126 13
90 312 37
90 361 18
90 355 7
90 488 -26
90 352 -73
90 165 96
91 338 15
91 218 73
91 343 -32
91 155 -98
91 313 63
91 231 21
91 360 -30
91 451 -75
91 427 -31
91 184 -81
91 199 84
91 369 -66
91 222 68
91 454 -62
91 296 -25
91 241 -31
91 239 -18
91 336 95
91 357 -57
91 355 -57
92 140 71
92 419 2
92 500 -98
92 396 -14
92 123 -61
92 496 34
92 95 0
92 387 -51
92 207 41
92 457 -90
92 346 -63
92 302 -39
92 244 -13
92 321 49
92 331 -19
93 444 23
93 204 -42
93 223 92
93 409 41
93 354 -85
93 134 26
93 393 -14
93 124 -77
93 121 13
93 192 -26
93 389 -42
93 411 -29
93 329 -99
93 511 86
93 465 -39
93 102 69
94 388 67
94 391 -98
94 292 -84
94 97 25
94 298 66
94 151 15
94 221 -60
94 434 33
94 162 -5
94 395 95
94 132 52
94 378 -84
94 512 -42
94 344 -52
94 255 -16
94 369 61
94 173 80
94 454 -86
94 334 64
94 171 -3
95 431 -35
95 232 -82
95 437 69
95 245 9
95 387 -67
95 475 -70
95 190 16
95 466 -47
95 410 25
95 273 62
95 348 46
95 351 73
95 505 86
95 277 -34
95 232 57
95 226 -88
95 102 55
95 349 -76
96 298 -28
96 243 84
96 365 -77
96 417 -73
96 262 99
96 176 -46
96 331 -88
96 451 49
96 391 23
96 217 -86
96 187 -92
96 388 13
96 255 75
96 344 23
96 100 -9
96 242 -45
96 432 -25
97 473 26
97 244 28
97 206 -81
97 486 -94
97 139 39
97 175 19
97 145 74
97 279 -19
97 388 0
97 359 -53
97 249 -23
97 450 2
97 422 74
97 111 -69
97 161 86
97 260 -18
97 164 81
97 492 -2
97 125 -57
97 352 -75
97 491 -31
98 474 46
98 218 -99
98 322 34
98 422 -65
98 144 0
98 405 89
98 114 53
98 354 78
98 265 95
98 161 58
98 480 -33
98 402 -24
98 151 9
98 410 15
98 489 71
98 135 -79
98 287 -19
98 235 30
99 357 -88
99 497 -94
99 411 -42
99 178 -81
99 462 -42
99 310 -47
99 460 -21
99 251 -53
99 330 70
99 349 -76
99 101 -58
99 135 83
99 178 -59
99 476 95
99 366 -93
99 268 73
99 191 90
99 114 65
100 457 44
100 505 -42
100 236 -69
100 475 -3
100 492 79
100 503 -34
100 419 -77
100 469 -49
100 348 39
100 319 53
100 325 -27
100 190 -83
100 342 84
100 284 21
100 192 -83
100 470 22
100 455 -28
100 298 -91
100 316 75
100 131 12
100 388 1
101 108 51
101 470 -24
101 435 -1
101 246 -29
101 187 27
101 288 44
101 461 48
101 382 -6
101 416 75
101 488 46
101 231 -50
101 163 -75
101 474 80
101 419 -51
101 302 17
101 305 23
101 485 -29
101 168 9
101 129 -86
101 103 83
102 275 -31
102 457 20
102 265 0
102 258 -18
102 480 1
102 119 14
102 404 -59
102 270 57
102 229 -22
102 272 -16
102 290 -95
102 362 -1
102 389 -81
102 364 43
102 486 -46
102 266 -63
102 122 -92
102 321 -18
102 478 56
102 199 62
103 190 46
103 432 79
103 366 -59
103 112 -20
103 267 65
103 389 10
103 433 79
103 134 58
103 253 75
103 512 -44
103 124 -46
103 144 36
103 282 -11
103 218 -82
103 224 96
103 344 48
103 303 -31
103 146 73
104 238 -52
104 433 21
104 387 -63
104 371 -38
104 205 -60
104 251 56
104 253 -64
104 292 82
104 171 40
104 448 -63
104 124 4
104 156 48
104 112 -86
104 371 -18
104 366 78
104 385 -36
104 490 -26
104 442 91
104 488 70
104 325 -48
104 323 6
104 292 77
105 279 39
105 449 51
105 234 -38
105 444 36
105 365 -61
105 443 -94
105 175 -51
105 295 17
105 275 48
105 238 27
105 419 90
105 137 -19
105 444 -72
105 438 29
105 425 95
105 441 83
105 231 40
105 490 87
105 503 -5
105 210 -95
106 286 -10
106 343 -100
106 492 10
106 405 12
106 458 -36
106 395 48
106 289 10
106 499 -81
106 266 -42
106 183 -29
106 507 83
106 372 -83
106 493 73
106 270 -53
106 423 7
106 112 66
106 267 -53
106 348 -67
106 185 -98
106 233 -73
106 409 66
107 490 -90
107 397 -42
107 290 49
107 187 -99
107 199 -40
107 224 -100
107 204 91
107 403 -72
107 463 57
107 197 -77
107 157 -38
107 446 89
107 395 -89
107 507 -29
107 208 -11
108 273 -32
108 243 70
108 499 -92
108 135 -89
108 159 36
108 172 -89
108 443 56
108 115 -81
108 245 57
108 150 4
108 474 25
108 484 79
108 392 10
108 385 -25
108 317 99
108 209 -67
108 230 -10
109 293 68
109 330 -33
109 427 -38
109 357 47
109 364 30
109 218 35
109 321 -7
109 255 50
109 167 -12
109 364 -88
109 118 93
109 418 -28
109 283 50
109 164 64
109 235 55
110 196 32
110 447 -13
110 323 -70
110 368 -77
110 118 31
110 422 -20
110 257 94
110 472 -57
110 401 70
110 258 -48
110 330 51
110 232 -25
110 392 29
110 357 42
111 236 -52
111 188 39
111 368 93
111 179 -48
111 230 -100
111 447 29
111 260 -1
111 499 -64
111 434 28
111 148 -37
111 250 -16
111 310 -73
111 437 -75
111 116 -19
111 383 29
111 406 5
111 497 -5
111 478 65
111 125 43
112 163 -12
112 244 -36
112 348 34
112 377 89
112 234 11
112 133 78
112 162 -87
112 424 -64
112 273 24
112 172 -14
112 125 67
112 251 90
112 303 25
112 400 -45
112 209 73
112 121 45
113 246 -3
113 363 -95
113 355 4
113 380 -46
113 322 -25
113 373 -48
113 417 64
113 370 22
113 257 54
113 136 -74
113 287 -5
113 488 -26
113 496 -58
113 426 16
113 307 -79
113 497 -100
113 381 54
114 485 82
114 187 -49
114 146 -7
114 445 -16
114 158 -44
114 476 48
114 200 31
114 278 93
114 171 -41
114 314 46
114 427 85
114 371 -36
114 226 50
114 483 3
114 459 -88
114 457 -77
114 317 14
114 226 -27
114 437 -83
114 240 72
115 124 27
115 151 5
115 323 -39
115 240 22
115 233 71
115 306 -80
115 172 42
115 197 39
115 370 12
115 314 51
115 355 2
115 504 4
115 416 80
115 325 18
115 119 86
115 255 26
115 117 -6
115 264 28
116 172 -20
116 401 76
116 328 40
116 148 29
116 401 -27
116 475 23
116 433 -19
116 331 81
116 134 24
116 172 -45
116 260 -59
116 248 27
116 261 14
116 225 28
116 268 77
116 118 35
116 224 25
116 366 16
116 334 -90
116 419 -17
117 205 63
117 294 39
117 341 16
117 131 17
117 487 -23
117 194 62
117 310 93
117 350 25
117 142 -23
117 169 59
117 415 -45
117 204 -89
117 257 -12
117 194 -88
117 309 -90
117 156 45
118 365 -30
118 359 -56
118 263 -13
118 266 -54
118 395 3
118 403 -26
118 469 33
118 264 -24
118 176 -95
118 355 96
118 469 -36
118 122 98
118 217 21
118 307 -53
118 127 -70
118 492 -45
118 344 -13
118 370 -58
119 182 -84
119 480 -54
119 160 30
119 470 86
119 312 39
119 224 -37
119 339 70
119 468 61
119 227 86
119 224 96
119 218 21
119 509 29
119 303 54
119 417 67
119 334 77
119 345 -91
119 376 -60
119 430 -84
119 285 99
120 188 -19
120 361 -34
120 240 77
120 291 11
120 346 50
120 481 -32
120 308 87
120 443 -63
120 387 0
120 208 -3
120 329 -91
120 503 -32
120 303 47
120 298 83
120 436 86
120 264 0
120 391 -47
121 243 -87
121 476 -60
121 366 -84
121 492 -22
121 341 41
121 426 -69
121 508 -10
121 160 23
121 361 -25
121 431 -82
121 225 63
121 328 -86
121 155 22
121 384 -91
121 356 -47
121 401 -55
121 411 36
121 173 -50
121 414 41
121 291 -59
122 398 36
122 385 -89
122 414 -24
122 361 -82
122 395 36
122 134 -40
122 445 85
122 433 6
122 172 26
122 124 33
122 487 28
122 349 20
122 405 -54
122 203 1
122 403 -58
122 310 41
122 263 -65
122 494 -34
122 303 54
123 398 -12
123 487 25
123 244 7
123 203 98
123 327 -79
123 417 -6
123 440 -14
123 412 -44
123 398 72
123 359 -94
123 233 -25
123 318 -67
123 200 51
124 203 19
124 417 51
124 435 86
124 225 -4
124 289 -76
124 312 53
124 375 -90
124 485 31
124 128 -46
124 444 86
124 481 -49
124 243 0
124 246 79
124 153 -94
124 334 -66
124 437 91
124 244 95
124 128 52
124 483 28
125 161 -15
125 372 77
125 366 -26
125 362 38
125 361 37
125 358 -71
125 215 81
125 416 -34
125 206 -87
125 213 22
125 277 59
125 421 79
125 502 -10
125 477 -83
125 253 21
125 348 -78
125 198 -77
126 216 11
126 170 -11
126 485 -98
126 267 -33
126 175 39
126 320 56
126 438 -93
126 424 25
126 346 -6
126 424 35
126 212 71
126 260 -93
126 498 54
127 491 -41
127 259 89
127 415 -70
127 412 -97
127 293 -74
127 152 -41
127 484 -2
127 288 -57
127 209 -4
127 384 -22
127 336 22
127 192 59
127 493 10
127 217 -17
127 454 18
127 346 -28
127 332 18
128 268 -35
128 386 -83
128 401 -75
128 410 61
128 350 86
128 340 -61
128 327 60
128 188 -29
128 212 71
128 286 55
128 263 -61
128 267 41
128 485 -25
128 223 -39
128 373 18
128 478 23
128 503 -33
129 337 65
129 216 43
129 216 -39
129 303 23
129 504 58
129 244 38
129 415 25
129 380 53
129 256 -97
129 468 92
129 310 25
129 335 -33
129 488 62
129 209 -36
129 466 25
129 430 35
129 352 3
130 326 -53
130 429 -70
130 136 38
130 133 -58
130 235 96
130 483 7
130 427 -57
130 158 -72
130 282 -75
130 503 -49
130 501 30
130 285 -69
130 251 -98
130 297 -83
130 426 -48
130 444 28
130 497 33
131 425 5
131 508 65
131 472 57
131 359 -9
131 359 -93
131 466 -52
131 437 -24
131 183 -29
131 208 63
131 400 -22
131 454 -92
131 506 -77
131 135 32
131 442 -58
131 188 -52
131 329 -57
131 265 -39
131 299 -40
132 361 -78
132 444 53
132 244 -90
132 471 7
132 510 35
132 375 83
132 277 22
132 249 -11
132 313 -94
132 454 69
132 237 15
132 203 -66
132 218 29
132 217 89
132 172 -60
132 490 -77
132 177 63
132 363 -98
132 464 -29
133 217 -1
133 464 -29
133 184 73
133 230 -48
133 157 -65
133 306 66
133 196 8
133 510 -57
133 146 0
133 270 74
133 254 97
133 221 -31
133 512 -67
133 505 23
133 290 -19
133 214 54
133 144 42
134 388 77
134 472 -2
134 225 39
134 439 31
134 399 -28
134 267 -49
134 138 -71
134 498 -31
134 477 -71
134 167 -53
134 151 -2
134 467 -96
134 200 54
134 322 86
134 232 93
134 331 -82
134 448 93
134 459 44
135 412 72
135 261 -54
135 294 -72
135 275 -62
135 384 1
135 220 74
135 511 63
135 398 -25
135 236 -16
135 177 30
135 175 -78
135 500 89
135 236 15
135 182 -13
135 377 -96
135 332 41
136 283 -96
136 494 95
136 334 95
136 355 94
136 341 -54
136 486 -81
136 445 -6
136 216 34
136 190 -4
136 390 78
136 481 -69
136 450 23
136 246 76
136 385 -80
136 465 -28
136 458 -87
137 289 69
137 467 -47
137 366 60
137 467 -45
137 248 55
137 251 -36
137 245 59
137 260 -17
137 473 -22
137 387 69
137 312 -24
137 271 -1
138 173 -77
138 429 -9
138 180 -51
138 310 31
138 264 73
138 400 -7
138 337 -35
138 471 48
138 510 -57
138 154 -42
138 183 73
138 437 -14
138 454 95
138 185 50
139 330 75
139 365 94
139 323 -43
139 462 -47
139 391 -55
139 217 -27
139 412 85
139 205 30
139 266 -70
139 479 19
139 166 69
139 223 -90
139 462 -29
139 301 -21
139 427 37
139 324 77
139 413 -24
140 194 -85
140 395 77
140 414 68
140 361 -90
140 157 -25
140 193 -83
140 221 70
140 175 67
140 181 -31
140 242 37
140 442 4
140 191 50
140 318 71
140 401 -72
140 299 -86
140 263 -54
141 421 60
141 310 -44
141 435 12
141 315 39
141 448 34
141 325 -93
141 179 -83
141 447 -88
141 439 17
141 206 0
141 499 87
141 206 -20
141 303 -51
141 479 81
141 362 -39
141 370 -56
142 251 -13
142 440 -28
142 270 22
142 384 61
142 391 3
142 221 80
142 464 42
142 204 19
142 503 44
142 276 49
142 337 -30
142 359 -22
142 146 -91
142 491 29
142 339 -20
142 319 51
142 316 80
142 283 96
142 493 -97
142 357 20
143 431 -41
143 254 4
143 425 80
143 317 31
143 342 -95
143 264 -28
143 500 8
143 191 -22
143 193 -72
143 384 39
143 198 -40
143 511 80
143 511 -8
143 348 -54
143 160 -49
143 161 7
143 377 34
143 196 -51
144 484 60
144 327 81
144 419 -34
144 397 27
144 338 42
144 452 59
144 284 86
144 204 26
144 314 -22
144 481 66
144 238 7
144 210 -74
144 296 30
144 349 27
144 291 79
144 428 -8
144 173 50
144 433 -32
144 193 12
145 372 22
145 381 -99
145 393 -71
145 419 96
145 219 81
145 249 -81
145 388 93
145 206 -71
145 146 -21
145 486 -64
145 308 -86
145 210 57
145 432 -33
145 426 -21
145 342 24
145 262 -78
145 392 18
146 490 12
146 268 52
146 385 2
146 286 39
146 321 -66
146 286 90
146 166 -54
146 444 9
146 371 3
146 188 -5
146 360 19
146 406 36
146 470 -45
146 255 -50
146 262 12
146 361 -37
146 318 -86
146 507 42
146 167 5
146 297 8
147 269 -6
147 165 -85
147 158 -47
147 484 -85
147 188 -39
147 242 12
147 503 -30
147 440 20
147 405 -38
147 457 32
147 163 -43
147 246 -70
147 349 64
147 254 32
147 456 18
148 178 -35
148 228 -68
148 399 -13
148 288 -59
148 209 -21
148 238 35
148 270 -21
148 407 -17
148 451 -5
148 383 -89
148 177 17
148 211 -9
148 502 -92
148 180 -13
148 163 19
149 469 -25
149 334 -52
149 178 38
149 512 -99
149 458 -57
149 196 -7
149 392 -25
149 215 57
149 303 -23
149 164 24
149 465 65
149 388 -92
149 267 -50
149 334 -34
149 455 -58
149 484 -77
149 209 -59
149 168 -18
150 282 -18
150 439 30
150 396 68
150 372 98
150 373 -8
150 291 -65
150 167 23
150 222 -52
150 349 -18
150 464 39
150 276 0
150 328 -57
150 384 -62
150 365 31
151 233 25
151 167 63
151 313 -60
151 203 -19
151 154 -60
151 300 58
151 197 80
151 259 5
151 342 37
151 263 89
151 405 -86
151 473 45
151 242 0
151 399 -24
151 305 21
151 405 85
151 338 -4
151 471 60
151 380 75
151 342 85
152 356 -89
152 194 10
152 394 -71
152 475 42
152 264 63
152 286 -70
152 412 12
152 203 -79
152 428 13
152 497 74
152 331 49
152 236 -26
152 232 -18
152 487 -1
152 482 -70
153 257 -50
153 482 54
153 243 -5
153 307 8
153 504 43
153 270 -88
153 172 0
153 421 -1
153 264 -24
153 477 92
153 373 48
153 256 83
153 475 -93
153 212 5
153 303 -73
153 316 1
153 452 34
154 397 13
154 175 79
154 499 83
154 175 85
154 426 -88
154 209 89
154 447 -22
154 498 67
154 370 -9
154 248 -50
154 368 23
154 398 -28
154 201 -64
154 244 64
154 200 -19
154 489 79
154 354 -23
155 179 -1
155 380 -30
155 280 95
155 238 -91
155 291 76
155 351 40
155 195 37
155 399 35
155 496 82
155 313 -31
155 309 56
155 160 95
155 363 -10
155 384 76
155 500 23
155 339 6
155 237 88
155 245 10
156 170 -12
156 373 -45
156 450 -36
156 208 19
156 210 -7
156 218 87
156 462 -92
156 274 -99
156 386 8
156 163 -23
156 478 56
156 191 -79
156 444 74
156 420 -9
156 339 48
156 485 -48
157 438 43
157 285 -55
157 380 97
157 404 23
157 497 39
157 390 89
157 432 5
157 492 77
157 334 23
157 464 -86
157 259 35
157 213 57
157 184 33
157 317 -14
157 368 -83
158 476 18
158 263 88
158 501 8
158 238 52
158 256 -52
158 187 -2
158 250 -79
158 448 11
158 313 1
158 321 -19
158 195 78
158 338 86
158 452 -46
158 169 -90
158 228 32
158 502 -89
158 338 78
159 465 41
159 453 -82
159 323 -92
159 368 69
159 222 16
159 237 35
159 293 6
159 313 -72
159 447 54
159 498 -84
159 178 75
159 174 51
159 273 3
160 246 45
160 262 -18
160 192 -100
160 269 0
160 347 48
160 267 -59
160 219 -63
160 315 79
160 487 -41
160 456 63
160 395 45
160 270 -76
161 451 48
161 218 -76
161 354 10
161 399 59
161 456 -13
161 340 12
161 273 -19
161 453 -85
161 351 -77
161 224 63
161 481 12
161 191 -82
161 507 1
161 275 -38
161 475 39
161 230 -16
161 410 1
161 324 12
162 263 -97
162 302 53
162 310 64
162 216 -86
162 254 -40
162 406 54
162 393 -30
162 321 -60
162 362 -42
162 225 -92
162 368 -43
162 175 -2
163 308 14
163 358 -56
163 416 -66
163 249 -58
163 245 49
163 207 -43
163 441 -81
163 392 -83
163 311 -18
163 423 -34
163 271 -17
163 337 -32
163 355 -7
163 290 88
164 480 1
164 328 81
164 447 -84
164 365 24
164 452 -47
164 472 -41
164 281 22
164 282 -36
164 171 11
164 173 41
164 367 -8
164 329 -58
164 165 57
164 414 20
164 229 -15
164 414 41
165 243 83
165 184 -8
165 343 -49
165 213 -68
165 508 -10
165 311 -35
165 506 27
165 246 -65
165 277 16
165 377 -24
165 461 -54
165 420 85
165 451 41
165 294 98
165 430 -42
165 254 -21
165 384 -32
166 371 26
166 490 32
166 296 -69
166 440 58
166 236 -7
166 473 74
166 256 -52
166 440 23
166 333 -82
166 208 97
166 272 -10
166 305 36
166 407 -79
166 357 77
166 400 84
166 350 -56
166 177 -46
166 309 41
166 486 -39
166 203 82
167 394 -97
167 420 -45
167 206 -17
167 390 57
167 241 -74
167 214 -12
167 431 40
167 314 -25
167 206 -48
167 411 -73
167 454 -70
167 334 -82
167 179 -33
167 261 -3
167 384 -78
167 495 -9
167 253 40
167 212 -32
168 393 -73
168 371 96
168 256 6
168 471 -63
168 376 10
168 314 37
168 284 77
168 420 -30
168 230 -8
168 487 4
168 257 -19
168 361 -14
168 432 13
168 357 83
168 404 22
168 224 -60
169 200 79
169 200 31
169 434 20
169 305 -3
169 356 -71
169 413 9
169 190 -27
169 465 -10
169 461 74
169 386 56
169 326 58
169 320 74
170 265 -89
170 299 -19
170 471 63
170 200 -71
170 222 99
170 186 3
170 335 52
170 171 -44
170 191 8
170 393 -21
170 243 -92
170 359 -81
170 190 35
170 460 66
170 434 -18
170 307 -77
171 198 85
171 286 -97
171 454 33
171 177 79
171 257 -17
171 206 77
171 436 -32
171 508 49
171 287 72
171 420 29
171 444 50
171 227 -40
171 311 -12
171 327 50
171 448 -30
171 464 -85
171 256 -11
171 281 71
172 386 61
172 501 91
172 210 79
172 492 46
172 422 -62
172 364 38
172 375 30
172 299 -53
172 412 93
172 369 -37
172 314 -71
172 460 49
172 387 -23
172 228 13
173 390 70
173 500 -80
173 499 63
173 177 39
173 487 -47
173 337 -59
173 401 93
173 499 80
173 263 -22
173 430 -95
173 386 -73
173 488 10
173 369 75
173 354 72
173 504 40
174 460 90
174 309 -81
174 229 -79
174 370 34
174 352 -89
174 510 -93
174 359 35
174 314 56
174 232 -92
174 187 59
174 179 -96
174 327 -46
174 249 89
175 362 -82
175 467 -40
175 214 28
175 183 -66
175 441 26
175 247 78
175 413 51
175 433 55
175 282 29
175 347 85
175 504 8
175 479 -29
175 353 63
175 374 80
175 318 24
176 375 -24
176 402 62
176 229 -78
176 180 66
176 454 -97
176 394 -94
176 244 -78
176 183 -34
176 228 -40
176 265 -51
176 257 47
176 359 98
176 292 -97
176 195 24
176 428 -64
176 229 -73
176 390 -85
176 436 -56
177 486 91
177 388 82
177 421 -58
177 437 -63
177 461 -37
177 364 75
177 387 59
177 274 -16
177 365 -100
177 398 5
177 207 28
177 371 -78
177 361 50
178 335 -7
178 287 50
178 392 41
178 311 -68
178 304 -51
178 321 -10
178 364 -34
178 493 46
178 276 91
178 416 1
178 509 35
178 220 21
179 317 -51
179 202 3
179 186 96
179 265 61
179 219 -65
179 279 9
179 213 -67
179 302 -43
179 363 41
179 368 -17
179 310 -85
179 207 36
179 224 -33
179 324 41
179 278 -5
180 279 48
180 461 -87
180 334 -92
180 510 72
180 416 77
180 398 -56
180 186 11
180 186 54
180 480 19
180 273 76
180 277 90
180 311 -54
180 236 66
180 320 -69
180 448 7
181 344 -89
181 216 -61
181 309 -73
181 309 -36
181 466 -67
181 314 -10
181 469 76
181 379 12
181 462 44
181 430 47
181 371 10
181 452 -6
182 227 -87
182 415 -37
182 458 -65
182 497 -63
182 229 -25
182 419 -99
182 248 58
182 449 -59
182 400 -37
182 198 97
182 486 -98
183 362 84
183 262 -9
183 349 0
183 203 0
183 324 -2
183 317 -76
183 306 -60
183 511 -82
183 419 26
183 472 -20
183 294 -33
183 474 44
183 190 -29
183 398 -59
183 398 91
184 483 52
184 336 -46
184 396 13
184 250 75
184 428 73
184 496 -23
184 487 28
184 202 19
184 266 77
184 317 62
184 393 84
184 364 -1
184 189 -49
185 511 59
185 303 -67
185 219 -10
185 480 -42
185 306 62
185 503 -56
185 423 5
185 415 49
185 277 19
185 336 -3
185 404 39
185 213 -5
185 394 79
185 308 -84
185 381 -87
186 212 -22
186 251 45
186 219 68
186 359 36
186 262 -97
186 456 -86
186 203 -72
186 386 53
186 241 97
186 483 -84
186 391 -78
187 228 16
187 197 -10
187 299 -84
187 393 81
187 368 -72
187 297 -81
187 400 -78
187 362 -68
187 376 -11
187 414 97
187 219 12
187 242 -8
187 443 -83
187 364 59
187 294 13
187 282 -88
187 434 71
188 349 -87
188 231 -35
188 457 15
188 511 98
188 468 77
188 189 -84
188 464 27
188 372 5
188 478 -17
188 449 -40
188 252 -67
188 501 -77
188 462 -51
189 195 38
189 441 -28
189 505 55
189 430 62
189 394 -86
189 298 21
189 455 -27
189 387 98
189 441 49
189 400 -2
189 451 50
189 427 -7
189 202 30
190 466 -48
190 300 -51
190 375 -48
190 416 -12
190 294 42
190 295 42
190 480 -43
190 325 24
190 300 -21
190 341 -57
190 201 -71
190 263 88
190 253 20
190 499 70
190 468 -63
190 375 74
190 454 82
191 478 56
191 503 53
191 327 -92
191 376 76
191 453 15
191 457 -52
191 193 -6
191 306 29
191 212 -37
191 277 -66
191 395 98
191 417 4
191 277 18
192 277 -2
192 243 49
192 198 -48
192 310 84
192 380 -92
192 322 28
192 508 -90
192 216 40
192 426 -64
192 424 -64
192 275 -70
192 269 36
192 327 -39
192 218 89
192 307 -31
192 235 53
192 428 -63
193 236 -65
193 442 98
193 494 83
193 470 -99
193 248 12
193 280 -92
193 342 18
193 204 -79
193 423 98
193 198 -96
193 456 81
193 255 -6
194 461 13
194 440 -53
194 286 29
194 385 27
194 275 -69
194 490 35
194 368 72
194 493 85
194 430 -10
194 281 -93
194 459 -1
194 245 -55
195 264 54
195 287 -93
195 379 -94
195 272 -99
195 496 32
195 499 -78
195 352 -61
195 390 -58
195 355 -100
195 294 29
195 221 -39
196 483 -13
196 411 35
196 503 -61
196 415 -81
196 403 52
196 458 -99
196 497 4
196 419 23
196 368 35
196 363 -5
197 386 88
197 394 -80
197 241 -97
197 241 92
197 512 -5
197 405 -38
197 268 52
197 307 -25
197 484 42
197 323 -31
197 484 61
197 509 17
197 311 -93
197 234 -15
197 389 5
198 284 49
198 361 11
198 439 4
198 276 -11
198 323 67
198 502 -89
198 345 -61
198 469 30
198 431 47
198 325 86
198 445 -41
198 488 68
198 390 54
198 422 -27
198 206 49
199 237 -46
199 385 69
199 373 -80
199 308 9
199 425 20
199 389 64
199 347 7
199 470 -3
199 468 -42
199 503 79
199 316 28
199 224 28
199 460 94
200 414 48
200 319 40
200 327 -68
200 308 77
200 407 28
200 262 27
200 228 -27
200 400 64
200 428 42
200 253 33
200 389 -63
200 327 93
200 238 -43
201 464 -57
201 267 10
201 404 34
201 250 -15
201 222 17
201 375 18
201 308 -99
201 371 50
201 283 78
201 392 28
201 355 15
201 308 94
202 352 49
202 352 -50
202 238 -100
202 227 65
202 434 58
202 371 59
202 290 -21
202 455 9
202 393 -47
202 456 -45
202 314 0
202 327 55
203 269 95
203 456 55
203 417 52
203 247 95
203 240 4
203 371 -39
203 482 82
203 403 -68
203 332 -45
203 230 -55
203 312 -87
203 332 -7
204 434 95
204 345 -89
204 237 8
204 465 26
204 380 -62
204 484 47
204 325 -51
204 310 -81
204 229 2
204 386 32
204 325 -66
204 413 -78
204 469 32
204 473 1
204 437 -99
205 360 -34
205 398 49
205 315 1
205 279 2
205 299 82
205 348 69
205 223 -84
205 257 39
205 507 53
205 297 -70
205 235 -52
205 430 32
205 291 49
205 247 -54
205 445 47
205 357 79
206 356 -69
206 278 -82
206 359 57
206 485 -38
206 432 87
206 438 25
206 491 75
206 277 86
206 241 -10
206 275 -53
206 496 49
206 462 91
206 262 -10
206 485 -27
206 323 -42
206 391 -14
206 334 -94
206 455 -82
207 449 -35
207 315 93
207 277 -22
207 459 82
207 323 -22
207 494 15
207 247 67
207 441 -94
207 410 -14
207 213 -28
207 359 -26
207 367 97
208 488 22
208 440 -9
208 396 -66
208 358 81
208 347 99
208 364 -65
208 243 -87
208 284 -74
208 280 -57
208 225 -7
208 271 -50
208 239 -17
208 226 73
209 470 -92
209 497 92
209 327 15
209 263 -63
209 299 63
209 329 13
209 329 -66
209 426 44
209 432 57
209 316 -51
209 304 -92
209 405 67
209 418 87
210 281 -38
210 308 -33
210 436 -76
210 273 -70
210 273 -93
210 314 -58
210 314 -54
210 343 -94
210 369 -24
210 274 34
210 331 -58
210 292 -78
210 337 20
210 442 -2
210 333 -72
210 240 1
211 482 34
211 503 43
211 497 2
211 288 34
211 447 72
211 462 42
211 321 -61
211 272 -44
211 469 -53
211 325 36
211 228 -75
211 269 -11
211 241 -80
211 473 4
211 372 -11
212 506 -71
212 397 -34
212 490 81
212 254 93
212 456 -99
212 268 64
212 346 51
212 444 14
212 400 -20
212 363 -5
212 511 -100
212 381 90
212 293 -43
212 336 -51
212 287 -44
212 453 20
212 357 -12
212 463 -4
212 232 -70
213 425 77
213 479 -75
213 435 -14
213 382 -11
213 222 60
213 266 1
213 373 -50
214 432 -85
214 406 16
214 371 72
214 386 -70
214 398 78
214 370 -99
214 508 -100
214 322 15
214 366 -98
214 438 -84
214 244 44
214 479 -44
215 252 -82
215 421 -33
215 335 83
215 262 93
215 233 56
215 429 23
215 302 -67
215 387 89
215 448 -21
215 392 31
215 243 7
215 368 15
215 496 -61
215 340 76
215 429 10
215 309 -29
216 452 -68
216 475 -82
216 319 -40
216 301 -24
216 449 66
216 223 37
216 362 -68
216 296 -33
216 330 -62
216 231 52
216 491 59
216 391 -70
216 229 -36
216 319 13
216 431 -67
216 296 -2
216 407 86
216 353 -99
217 220 57
217 369 -25
217 285 -50
217 225 26
217 468 77
217 390 -31
217 241 -48
217 501 -76
217 328 -8
217 488 -77
217 332 71
217 385 11
217 402 46
218 466 39
218 356 -67
218 297 57
218 296 48
218 225 38
218 447 -85
218 290 -73
218 492 69
218 316 23
218 317 -54
218 423 -52
218 406 -64
218 303 -27
218 318 -90
219 270 -51
219 237 4
219 447 -83
219 435 42
219 463 -6
219 332 8
219 297 51
219 377 -86
219 446 -59
219 416 -21
219 404 -34
219 272 -39
219 249 77
220 466 -19
220 485 24
220 420 87
220 256 -20
220 327 -40
220 482 66
220 495 -82
220 255 -9
220 274 -11
220 313 73
220 307 -46
220 291 -14
220 299 95
220 306 -100
220 255 83
220 486 -85
221 248 8
221 472 88
221 389 27
221 293 26
221 501 -14
221 475 -33
221 509 51
221 227 -92
221 299 -95
221 358 27
221 425 -44
221 414 -24
222 470 -67
222 478 0
222 339 98
222 233 -3
222 390 -45
222 242 -44
222 271 49
222 395 95
222 408 56
222 234 17
222 258 55
223 465 50
223 466 98
223 307 -52
223 266 14
223 289 -7
223 314 -44
223 413 -60
223 462 87
223 476 -16
223 239 22
223 295 -52
223 481 40
224 499 23
224 386 -3
224 505 -76
224 502 -99
224 358 32
224 466 82
224 315 70
224 469 87
224 425 67
224 488 -42
224 248 -12
224 371 -90
224 376 96
225 457 30
225 335 -69
225 371 13
225 333 -54
225 294 -31
225 384 -62
225 418 1
225 429 -20
225 471 -25
225 344 -15
225 302 64
225 355 -42
225 313 -81
225 249 26
225 358 -23
226 410 12
226 344 96
226 460 -20
226 506 12
226 465 41
226 447 65
226 316 76
226 239 -49
226 316 -37
226 502 80
226 431 88
226 250 -77
226 402 53
227 271 94
227 239 89
227 394 66
227 323 89
227 383 -78
227 468 96
227 436 62
227 483 40
228 334 -86
228 420 78
228 410 -91
228 239 24
228 337 63
228 340 72
228 445 15
228 417 -25
228 231 -9
228 336 92
229 233 -77
229 465 77
229 337 -54
229 430 52
229 346 -43
229 495 20
229 490 -24
229 387 69
229 305 -49
229 430 -88
229 251 83
229 288 -55
229 382 77
230 396 44
230 387 52
230 280 -21
230 338 83
230 482 -98
230 273 -17
230 508 -39
230 393 -48
230 425 15
230 373 55
230 314 86
230 255 -36
230 270 33
230 357 -13
230 460 73
231 399 96
231 498 0
231 455 -56
231 337 -8
231 354 24
231 253 98
231 476 -61
231 266 -37
231 332 58
231 318 -17
231 369 -56
231 495 26
231 456 39
232 342 91
232 298 75
232 281 4
232 400 52
232 310 20
232 410 -23
232 265 43
232 334 70
232 496 48
232 288 14
233 489 40
233 507 2
233 404 -86
233 355 -33
233 292 -65
233 497 91
233 299 -99
233 296 50
233 506 -65
233 306 73
233 411 -22
233 403 26
233 241 52
233 436 -97
234 388 79
234 458 39
234 453 -82
234 247 -98
234 286 81
234 385 -60
234 269 89
235 359 32
235 384 -47
235 279 30
235 239 -78
235 377 59
235 309 -34
235 441 -54
235 446 26
235 374 32
235 383 -76
235 428 45
235 301 35
236 315 -28
236 280 -32
236 273 -34
236 253 -77
236 460 47
236 289 -62
236 415 96
236 368 -8
236 397 -82
236 268 61
236 483 61
236 297 -35
236 464 92
236 387 -68
236 339 -44
236 352 61
237 434 -15
237 435 81
237 329 -36
237 489 -92
237 407 -15
237 470 -56
237 344 83
237 384 5
237 464 37
237 428 -53
237 261 -91
237 491 33
237 347 54
237 423 -54
238 303 -24
238 441 14
238 310 -48
238 486 68
238 296 -37
238 274 -23
238 471 -41
238 450 -71
238 387 21
238 342 37
238 474 -45
239 283 48
239 351 53
239 324 -69
239 334 -6
239 386 -73
239 377 -30
239 470 74
239 282 -89
239 431 31
239 341 -77
239 299 -99
239 350 57
239 499 69
239 331 -43
240 355 70
240 281 17
240 445 15
240 349 70
240 288 -30
240 275 43
240 314 -92
240 473 50
240 299 78
240 392 60
240 304 94
240 262 -28
240 458 -34
240 310 77
240 443 -97
240 376 70
241 334 79
241 263 72
241 341 71
241 253 -13
241 359 29
241 452 36
241 282 96
241 389 -30
241 265 -44
242 487 40
242 430 17
242 319 35
242 378 57
242 410 33
242 311 -82
242 266 24
242 493 -48
242 381 97
242 322 7
243 340 -98
243 347 -15
243 407 -83
243 441 20
243 448 86
243 367 65
243 268 19
243 478 31
243 479 55
243 507 24
244 306 50
244 451 14
244 415 5
244 375 75
244 351 32
244 266 -18
244 475 -46
244 352 28
244 447 -84
244 312 16
244 347 -88
244 470 -62
245 254 -66
245 394 63
245 434 -47
245 453 52
245 366 -87
245 410 -81
245 253 18
245 274 14
245 404 -71
245 296 -58
245 448 46
245 376 40
246 462 -12
246 475 55
246 473 76
246 509 65
246 449 5
246 498 87
246 431 -54
246 345 72
246 390 0
246 362 -94
246 361 -6
246 484 35
247 304 72
247 295 97
247 345 33
247 408 -66
247 358 -24
247 448 -1
247 350 87
247 500 -63
247 264 74
248 336 30
248 509 -42
248 307 -37
248 326 -60
248 299 22
248 366 20
248 328 57
248 443 95
248 325 82
248 265 -32
248 471 36
248 404 89
249 355 -23
249 495 -82
249 362 13
249 345 -43
249 467 -41
249 400 17
249 418 -20
249 279 94
249 360 -89
250 389 -96
250 268 31
250 358 36
250 394 -47
250 252 -83
250 347 -13
250 426 89
250 484 -26
250 394 -53
250 257 -39
250 268 70
250 282 93
250 301 4
250 274 12
251 381 -70
251 348 -24
251 476 -2
251 418 30
251 496 -48
251 424 99
251 333 88
251 321 17
251 478 -94
251 351 -10
252 396 23
252 293 -74
252 385 38
252 303 83
252 345 -33
252 286 -100
252 342 35
252 453 -20
252 512 -89
253 431 -11
253 353 12
253 350 -33
253 476 94
253 430 14
253 473 -8
253 466 -28
253 387 -92
253 453 -33
253 487 3
253 468 65
253 324 -31
253 465 85
253 311 93
253 378 -89
254 464 -46
254 453 -14
254 481 27
254 399 -66
254 299 8
254 256 9
254 276 34
254 279 -55
254 441 73
254 260 -3
254 257 48
254 458 -33
254 282 -59
255 268 -78
255 405 3
255 379 -35
255 436 -85
255 471 4
255 307 22
255 465 -90
255 378 69
255 306 -44
255 441 35
255 505 69
255 256 37
255 422 61
255 333 13
255 310 79
256 412 -91
256 349 53
256 363 79
256 321 93
256 362 -59
256 475 3
256 271 -71
256 419 -82
256 433 -8
256 497 -90
256 477 90
256 334 48
256 329 -17
256 482 -57
256 419 -58
256 282 -90
257 298 -4
257 266 2
257 469 7
257 376 53
257 362 -93
257 449 -73
257 471 46
257 293 22
258 509 -30
258 348 -73
258 273 -64
258 337 24
258 259 -59
258 291 -56
258 306 -50
258 358 8
258 320 -31
258 470 -72
258 424 -57
258 391 -21
258 445 59
259 381 -48
259 327 -58
259 349 -21
259 422 -88
259 425 -62
259 287 18
259 356 -55
259 311 -5
259 446 6
259 426 11
259 451 -12
259 382 -78
259 498 92
259 499 -37
260 399 -83
260 287 -44
260 277 34
260 438 2
260 443 90
260 406 -41
260 321 -42
260 263 -76
260 465 91
260 309 -12
260 334 -47
261 427 13
261 371 -24
261 509 -33
261 421 -39
261 406 -54
261 440 -90
261 336 -27
261 359 8
261 352 11
261 356 98
261 493 77
261 494 74
261 472 91
262 512 -49
262 491 -11
262 419 -85
262 288 -42
262 382 -86
262 374 20
262 347 -90
262 297 -88
262 370 41
263 412 -88
263 401 31
263 365 69
263 318 46
263 510 0
263 299 26
263 478 -52
263 355 32
263 437 -45
263 511 46
263 401 99
263 361 -19
264 301 -4
264 323 -89
264 499 48
264 409 31
264 380 79
264 332 -17
264 318 54
264 499 -66
265 500 -35
265 298 -76
265 389 86
265 460 -66
265 331 -67
265 420 -65
265 268 39
265 279 38
265 392 -24
265 415 -13
265 491 -99
265 434 75
265 344 -82
265 279 49
266 407 18
266 453 -10
266 500 43
266 362 -97
266 433 96
266 510 70
266 496 -85
266 377 -67
266 368 -47
266 405 -99
266 280 -6
267 355 -3
267 383 -86
267 432 98
267 420 93
267 489 -78
267 459 -18
267 311 65
267 498 73
267 457 72
267 434 -90
267 287 -36
267 323 -90
268 331 -59
268 425 73
268 319 -33
268 448 16
268 271 -82
268 425 83
268 293 97
268 272 81
268 434 35
268 373 53
268 325 46
268 453 -9
268 448 24
269 367 54
269 440 -87
269 392 67
269 485 -55
269 292 -61
269 432 -18
269 438 -14
269 423 15
269 310 94
270 288 -50
270 453 52
270 412 -24
270 460 46
270 449 33
270 272 -90
270 416 47
270 478 74
270 507 -33
270 417 -2
270 310 -89
271 330 -93
271 401 25
271 510 69
271 391 90
271 336 16
271 356 17
271 364 29
271 491 8
271 385 -49
271 335 -40
271 423 -29
271 391 89
271 419 -47
271 460 41
272 371 -64
272 469 58
272 441 12
272 411 37
272 503 88
272 340 97
272 435 -29
272 347 -56
272 274 -37
272 375 76
273 278 58
273 305 -92
273 300 -67
273 440 15
273 361 62
273 471 -32
273 505 -90
273 399 23
273 305 -76
273 341 70
273 410 72
273 439 -36
274 368 81
274 425 -98
274 330 4
274 450 -53
274 435 -67
274 466 -9
274 505 50
274 474 80
274 466 30
274 478 -10
274 398 -90
274 448 -72
274 277 -3
275 384 0
275 497 -97
275 499 46
275 368 -79
275 505 -33
275 332 96
275 468 -96
275 449 28
275 298 -97
275 286 -91
275 509 -58
276 339 -25
276 460 87
276 437 -86
276 421 83
276 477 -49
276 456 -89
276 323 -95
276 488 96
276 303 -80
276 342 61
276 361 -13
277 417 65
277 475 42
277 415 -86
277 400 80
277 290 -16
277 340 43
277 461 -56
277 430 8
277 445 10
277 355 -30
277 466 -69
277 320 -89
277 370 95
277 441 -91
278 293 -43
278 322 -66
278 418 46
278 309 45
278 364 94
278 510 -7
279 471 35
279 491 0
279 359 -36
279 338 96
279 301 63
279 397 -46
279 503 9
279 375 -18
279 501 55
279 483 25
279 437 81
280 413 19
280 460 7
280 415 -1
280 309 56
280 439 96
280 327 -12
280 493 -45
280 411 0
280 468 -39
280 469 32
280 318 -57
280 285 76
280 340 -74
281 462 -55
281 351 -46
281 389 50
281 304 -73
281 320 82
281 462 49
281 302 48
281 499 -68
282 406 -22
282 469 -39
282 331 -41
282 283 2
282 289 80
282 365 31
282 351 -96
282 368 -68
282 328 -94
282 367 21
282 334 0
283 470 -77
283 340 -74
283 489 -31
283 298 -98
283 386 -48
283 390 20
283 341 -16
284 329 38
284 378 -20
284 362 77
284 427 -7
284 343 -7
284 390 -46
284 460 67
284 340 -49
284 369 91
284 496 69
284 364 11
284 359 -89
285 489 -33
285 315 75
285 424 96
285 436 50
285 491 -21
285 470 -77
285 296 7
285 426 38
285 384 63
285 478 -32
285 350 51
286 420 -31
286 301 -83
286 366 60
286 290 84
286 316 -77
286 307 76
286 356 94
286 425 44
286 307 49
286 331 -6
286 457 -19
287 322 -21
287 324 -46
287 481 -41
287 449 -14
287 315 99
287 314 37
287 440 32
287 396 -30
287 416 -16
287 356 -40
287 379 -31
288 456 -66
288 414 -1
288 453 -81
288 352 -98
288 357 -17
288 418 -43
288 372 27
288 427 89
288 346 83
288 377 74
289 310 26
289 291 10
289 352 -15
289 455 -1
289 304 41
289 390 35
290 369 56
290 419 -9
290 410 -66
290 492 -11
290 436 -17
290 438 68
290 435 7
290 294 -69
290 349 30
290 314 -8
291 300 19
291 348 -34
291 431 -47
291 391 -68
291 300 -72
291 314 51
291 478 70
291 453 82
291 435 -68
291 431 15
291 352 17
291 295 -56
292 382 86
292 405 79
292 432 25
292 466 -13
292 324 90
292 342 -1
292 343 -76
292 310 43
292 396 -28
292 468 58
293 328 -43
293 505 -38
293 346 -66
293 511 -57
293 475 -12
293 326 -40
293 312 0
293 397 -46
294 508 29
294 387 21
294 508 41
294 343 17
294 471 -96
294 480 -7
294 349 2
294 435 -59
294 442 -72
295 444 7
295 422 -55
295 471 -30
295 405 82
295 487 -85
295 317 94
295 503 -19
295 342 16
295 494 49
295 305 86
295 509 -69
295 359 92
295 335 78
296 496 11
296 425 -25
296 375 -83
296 338 73
296 469 2
296 474 -72
296 381 44
296 431 31
296 446 -24
296 490 -47
296 333 -65
297 424 -53
297 445 -38
297 458 -97
297 510 -61
297 449 -29
297 491 -100
297 321 -55
297 480 -6
297 339 34
297 509 81
297 396 8
297 398 -66
298 487 67
298 377 -80
298 484 97
298 479 -79
298 502 -86
298 405 92
298 343 -79
298 380 47
298 393 -38
298 365 -80
299 453 -70
299 311 89
299 428 89
299 404 63
299 308 63
299 427 43
299 487 46
299 394 -81
300 460 -51
300 428 21
300 507 -8
300 301 81
300 431 -2
300 332 34
300 487 19
300 366 -41
300 499 -19
301 321 83
301 433 98
301 505 -21
301 345 -38
301 468 34
301 306 90
301 394 43
301 375 -20
302 473 64
302 426 -93
302 349 89
302 412 10
302 451 89
302 405 -5
303 476 -99
303 382 87
303 355 38
303 410 86
303 402 57
303 355 70
303 357 2
303 329 -58
303 375 -18
303 437 -27
303 443 -14
304 364 34
304 431 5
304 455 -83
304 363 -3
304 323 13
304 397 -50
304 446 9
305 357 81
305 343 33
305 349 90
305 451 -8
305 371 -46
305 495 59
305 451 -79
305 498 -58
305 384 -8
306 437 -83
306 442 -55
306 409 16
306 395 42
306 405 82
306 321 2
306 386 59
306 468 36
306 394 97
306 453 -85
306 511 -42
306 426 -16
306 421 -41
307 411 1
307 453 1
307 355 87
307 430 62
307 432 -16
307 458 -73
307 379 22
307 341 -70
307 440 -38
308 438 -30
308 358 98
308 460 -52
308 322 -78
308 319 -4
308 487 -2
308 484 -9
308 454 22
308 374 31
308 485 32
308 511 98
308 505 28
309 398 -12
309 510 6
309 462 -66
309 393 44
309 439 98
309 343 -59
309 405 -58
309 381 -98
309 363 -69
310 435 31
310 502 58
310 509 -91
310 428 0
310 368 -89
310 348 -33
310 364 19
310 362 -28
311 312 -45
311 431 -19
311 482 0
311 498 -6
311 432 -51
311 378 -86
311 487 78
312 381 81
312 486 -3
312 347 -58
312 320 -35
312 325 -57
312 419 13
312 489 -38
312 502 89
312 505 -28
313 318 18
313 500 77
313 366 -55
313 399 45
313 417 -63
313 370 -43
313 448 -30
313 398 18
314 379 8
314 383 76
314 502 36
314 494 -63
314 397 -20
314 414 -39
315 365 31
315 379 -89
315 511 -44
315 450 72
315 384 -19
315 427 69
315 371 -36
315 470 30
315 510 -68
315 320 -94
315 491 -52
316 364 27
316 497 -17
316 417 42
316 427 -63
316 380 -36
316 438 -98
316 423 22
316 336 66
316 385 18
316 379 -55
317 355 -17
317 495 33
317 369 4
317 426 -6
317 480 -72
317 433 -87
317 402 -5
317 438 25
317 419 -66
317 431 77
318 434 40
318 466 24
318 397 -6
318 440 30
318 507 84
318 477 79
318 377 67
318 454 -34
318 449 33
318 338 -37
319 349 22
319 385 56
319 376 -88
319 430 -35
319 510 48
319 396 -100
319 415 76
319 400 36
320 378 -19
320 405 78
320 384 84
320 368 -53
320 443 -53
320 383 -98
320 353 -61
321 443 -70
321 459 88
321 425 17
321 480 -75
321 462 -83
321 413 -65
321 436 -29
321 403 47
321 483 -96
322 327 -5
322 441 -27
322 352 28
322 395 -82
322 382 70
322 408 74
322 327 59
322 357 -75
322 406 41
322 466 69
323 437 -43
323 485 -48
323 389 -2
323 512 -55
323 487 -44
323 454 -21
323 467 -89
323 353 54
323 449 69
324 508 77
324 455 48
324 371 -74
324 326 41
324 412 -64
324 403 41
324 387 -14
324 468 75
325 445 -72
325 326 -58
325 352 61
325 384 82
325 396 82
325 503 -10
325 361 81
325 349 49
325 359 -32
325 326 -7
325 431 50
326 357 -9
326 435 51
326 396 56
326 394 47
326 430 31
326 490 61
326 491 9
326 510 2
326 425 66
327 340 41
327 404 56
327 346 40
327 471 -84
327 459 10
327 394 50
328 473 29
328 358 -99
328 351 -5
328 493 93
328 460 41
329 453 -66
329 346 71
329 438 36
329 465 -55
329 374 -24
329 484 -73
329 348 91
329 388 92
329 477 85
329 358 76
329 442 72
330 370 -18
330 426 -6
330 403 45
330 409 -57
330 385 -1
330 408 3
330 350 -2
330 375 44
330 480 -37
330 352 74
331 336 -38
331 460 28
331 493 9
331 404 50
331 489 -16
332 439 62
332 333 -26
332 442 26
332 483 98
332 344 -53
332 398 -81
332 393 55
333 473 -30
333 434 22
333 390 -83
333 499 81
333 434 31
334 351 85
334 503 -46
334 343 38
334 336 -17
334 417 13
334 397 -35
334 460 -17
334 348 9
334 345 52
334 436 -33
335 373 76
335 504 -9
335 396 -52
335 475 -85
335 413 4
335 454 55
336 438 -3
336 365 -24
336 363 63
336 415 -22
336 437 -50
336 387 14
336 387 12
336 468 34
336 438 -92
337 361 87
337 494 39
337 474 64
337 404 68
337 389 22
337 483 -87
338 434 31
338 364 7
338 511 94
338 344 14
338 459 63
338 371 -75
339 405 -7
339 430 -28
339 382 -15
339 349 26
339 458 15
339 392 -100
340 347 78
340 460 43
340 353 31
340 462 -69
340 414 -83
340 482 56
340 466 51
340 364 45
341 409 16
341 468 51
341 383 -45
341 424 -30
341 429 -69
342 503 9
342 490 -25
342 500 -51
342 415 -92
342 445 19
342 449 19
342 473 49
342 433 -4
342 458 -90
342 345 72
342 445 8
342 451 -35
342 425 -16
343 372 42
343 411 -72
343 478 -51
343 426 16
344 420 -70
344 415 -80
344 460 -51
344 416 -69
344 458 14
344 457 30
344 496 50
344 415 -47
344 371 -90
344 464 91
344 349 -26
345 503 -99
345 406 15
345 511 -32
345 372 -56
345 446 -45
345 477 -9
345 395 -70
346 452 27
346 357 -20
346 428 81
346 381 -63
346 395 -59
346 441 70
347 381 -45
347 435 -86
347 449 -51
347 492 -58
347 421 78
347 464 34
348 382 20
348 405 59
348 473 80
348 369 -16
348 500 43
348 383 75
348 372 -48
348 384 -57
348 449 31
349 508 -18
349 436 -92
349 354 -63
350 507 -88
350 382 25
350 402 58
350 449 30
350 403 -49
351 406 30
351 366 89
351 502 26
351 434 -97
351 402 -30
351 408 -55
351 355 -9
351 427 75
351 468 37
351 471 18
352 353 -14
352 409 -7
352 455 15
352 411 -63
352 444 -59
352 414 39
353 389 6
353 412 -44
353 473 99
353 429 -59
353 444 -40
353 372 67
353 434 -75
353 448 17
353 435 39
354 412 69
354 433 37
354 508 -14
354 498 91
354 377 -16
354 496 16
354 404 -30
354 411 -69
355 418 46
355 442 64
355 508 34
355 359 38
355 506 -7
355 386 53
355 463 -67
355 377 40
355 399 89
355 385 -53
355 496 56
356 370 -87
356 429 39
356 393 65
356 364 -27
356 506 -60
356 444 -46
356 429 -34
357 366 -93
357 367 7
357 487 -18
357 370 28
357 427 -50
357 421 -67
358 456 31
358 406 96
358 366 -59
358 480 -29
359 473 52
359 499 -48
359 410 64
359 501 -86
359 368 39
359 466 29
359 444 -23
359 378 46
359 450 -14
359 497 35
359 511 48
360 391 11
360 425 48
360 461 -64
360 447 -80
360 370 65
360 402 -15
360 485 -17
360 433 30
360 375 -30
360 472 -21
360 463 11
361 453 38
361 404 92
361 376 82
361 436 82
361 483 -83
361 499 -10
361 405 28
361 431 82
362 383 75
362 502 -74
362 441 -80
362 462 -26
362 390 28
363 498 57
363 368 31
363 374 -38
363 374 -60
363 504 58
363 404 76
363 475 -86
364 401 20
364 485 -84
364 412 -69
365 401 -90
365 381 97
365 442 -58
365 431 24
365 452 56
365 405 -20
365 507 91
365 459 54
366 429 -10
366 453 61
366 372 -53
366 415 37
367 486 95
367 504 -25
367 452 -32
367 509 -24
368 445 65
368 382 -53
368 438 -98
368 441 71
368 391 -54
368 511 61
368 472 -54
369 376 83
369 448 48
369 497 99
370 436 16
370 381 0
370 498 -67
370 437 71
371 453 97
371 478 -98
371 409 -89
371 493 -21
371 422 27
371 435 78
371 478 -77
372 460 73
372 483 77
372 486 -93
372 450 -94
372 435 -51
372 423 -74
373 411 -60
373 499 72
373 500 6
373 427 -90
373 485 -48
373 453 -64
373 444 -55
373 380 -63
374 409 -43
374 511 89
374 496 -97
374 478 51
375 425 42
375 414 61
375 421 -66
376 418 14
376 501 21
376 456 -85
376 399 58
376 454 81
376 442 -26
377 400 -52
377 389 39
378 472 74
378 481 18
378 469 27
378 392 -71
378 436 11
379 495 82
379 511 62
379 458 -81
379 411 -43
379 447 -51
379 430 -57
380 384 -76
380 473 90
381 457 13
381 463 -41
381 395 -28
381 393 77
382 435 -87
382 426 -32
382 442 12
382 402 36
382 509 89
383 446 74
383 461 -4
383 463 -69
383 450 46
383 469 71
383 475 52
384 484 96
384 447 87
384 501 88
384 487 -23
384 429 89
384 465 78
384 474 36
384 472 71
385 435 -29
385 453 57
386 413 23
386 511 77
386 408 -59
387 391 -79
387 452 -78
387 512 -85
387 437 -96
388 420 95
388 470 -77
388 402 -53
388 499 81
388 393 -88
389 477 63
389 489 -54
389 411 -14
389 442 68
391 423 32
391 472 25
391 432 -26
391 469 -56
391 423 -39
391 419 -42
392 397 -32
392 508 -81
392 502 -30
392 394 74
393 411 81
393 435 40
393 470 -45
393 506 24
394 502 -93
394 455 44
394 435 -72
394 447 -48
395 445 -23
395 455 -77
395 427 42
395 478 60
395 480 97
395 492 64
396 429 -2
396 469 49
396 398 -93
396 446 43
396 464 -100
396 443 -74
397 423 82
397 420 -39
397 441 -87
397 477 97
397 468 -33
397 441 -64
398 441 -23
398 414 26
398 475 28
399 421 -15
399 448 -81
399 449 -77
399 422 70
399 469 8
399 401 46
399 493 93
399 484 71
400 434 47
400 417 17
400 462 66
400 476 -34
400 511 39
400 509 91
400 496 -50
400 438 57
400 460 99
401 486 78
401 441 18
401 484 -91
402 439 -9
402 505 12
402 438 -79
402 451 21
402 457 -85
403 495 40
403 474 29
403 452 92
404 511 -10
404 469 -4
404 447 -1
404 416 -43
405 487 25
405 495 -66
405 477 45
405 415 -54
405 484 -42
405 462 -48
405 441 -3
406 419 -90
406 442 -44
406 464 69
406 459 -20
407 410 63
407 472 18
407 435 -35
408 448 -19
408 453 63
408 480 -6
409 415 -2
409 492 44
409 488 -63
410 430 65
410 436 79
410 485 18
410 493 9
411 501 39
411 489 -81
411 509 64
411 420 -3
411 489 32
411 432 -72
411 476 -36
412 428 32
413 512 -100
413 423 22
413 470 -57
413 505 18
414 424 -4
414 487 11
414 463 71
414 433 -54
414 437 -9
414 462 -77
414 497 -84
414 456 45
415 477 5
415 443 81
416 423 -54
416 486 -21
416 507 -7
416 482 78
416 450 39
416 502 38
416 443 -90
416 512 -29
417 429 82
417 498 48
417 504 87
418 467 -46
418 495 87
418 455 28
419 462 -32
419 447 -40
420 463 54
420 500 -72
420 479 -22
420 481 -65
420 497 -30
421 460 78
421 439 60
421 487 39
422 484 75
422 453 33
422 475 -82
423 459 11
423 510 63
423 474 -73
423 477 -86
423 443 -37
423 451 34
423 490 -3
424 503 -42
424 449 -38
424 430 53
424 499 -37
424 466 47
424 494 -18
425 500 25
425 478 2
426 486 -24
426 508 -67
426 445 -52
427 496 90
427 493 -65
427 502 -71
427 457 -46
427 447 98
428 467 29
429 443 97
429 471 -64
429 451 94
429 510 -10
430 460 -72
430 499 77
430 485 -20
430 445 -23
430 486 88
430 456 -5
430 450 -47
431 462 80
431 477 -96
431 490 25
432 505 29
432 464 -8
432 451 -21
433 502 23
433 500 25
433 496 -39
433 475 90
433 482 96
433 465 69
434 449 -99
434 455 61
434 437 -6
434 443 15
434 459 -55
435 482 45
435 468 -94
435 458 -65
435 486 -96
435 454 -60
436 486 -26
436 490 -79
436 458 -54
437 511 -16
437 484 51
437 507 -68
437 484 -74
437 444 61
437 455 -73
437 512 -4
437 501 58
437 459 4
438 471 59
438 455 -65
438 447 -14
439 508 10
439 446 -36
439 492 77
440 469 58
440 443 -42
440 506 63
440 446 -96
441 474 92
441 471 20
441 498 78
441 449 65
441 477 65
441 449 -41
442 499 51
443 502 89
443 478 88
443 449 33
443 494 -36
443 478 23
443 484 -23
444 490 19
445 481 -19
445 478 32
445 504 4
445 507 -52
446 494 80
446 451 -12
446 508 9
447 495 36
447 451 38
448 482 -38
448 461 -41
448 451 -22
449 506 7
449 504 67
449 509 -16
450 492 -17
450 483 10
451 465 -34
451 498 82
451 479 -27
452 456 97
452 493 49
453 464 68
453 480 -98
453 511 20
453 469 -12
453 510 -86
453 471 82
454 478 1
454 507 -96
455 469 -32
456 457 86
456 490 53
456 505 11
456 504 56
457 502 -2
457 495 -10
457 485 53
457 506 -55
457 486 65
457 470 -65
457 465 -45
458 510 12
458 506 -54
458 509 38
458 491 -62
459 512 54
459 507 79
459 490 52
459 485 -24
459 498 95
460 499 -22
460 478 -3
461 496 -4
461 465 -75
461 475 -42
461 507 36
461 494 -97
462 485 -34
462 468 95
463 486 55
463 505 -32
464 466 57
464 490 -72
464 487 76
465 482 -7
465 490 -83
466 479 -56
466 474 1
467 475 -88
468 499 -15
468 488 -31
470 478 35
471 496 -99
471 489 -52
471 504 -77
472 481 -100
472 478 -84
474 497 -5
475 512 -50
475 482 -40
476 512 92
477 505 88
478 494 96
480 481 74
481 510 -3
484 509 -45
485 511 53
485 505 50
485 498 -70
487 496 -81
487 496 4
489 506 -74
490 504 92
491 502 26
491 498 -21
493 508 93
493 506 -33
493 504 63
494 509 -85
494 511 75
495 500 -7
497 506 79
499 502 96
501 512 -79
503 509 53
