512 5836
1 398 89
1 131 68
1 142 48
1 51 -91
1 444 85
1 198 75
1 345 77
1 312 -25
1 488 -46
1 249 53
1 316 -15
1 215 26
1 489 75
1 119 -60
1 379 -53
1 8 -59
1 143 38
1 110 -79
1 373 -29
1 133 79
1 246 35
1 466 78
1 356 89
2 28 30
2 250 -21
2 102 19
2 107 5
2 9 -24
2 57 -11
2 198 88
2 508 44
2 481 -27
2 414 -68
2 20 -72
2 401 92
2 407 38
2 167 -94
2 393 -74
2 354 -87
2 137 -9
2 92 97
2 237 -70
2 215 22
2 338 59
2 293 -67
2 82 -68
3 164 -32
3 274 -2
3 222 -1
3 197 74
3 52 -23
3 295 -68
3 486 -19
3 284 -42
3 403 49
3 407 78
3 8 80
3 344 60
3 508 -18
3 16 64
3 287 83
3 498 66
3 55 -23
3 226 -31
3 182 66
3 195 -59
3 268 -34
3 381 44
3 189 -52
4 429 -96
4 245 -17
4 284 12
4 150 97
4 289 -34
4 403 -50
4 394 -100
4 282 89
4 138 -93
4 200 -95
4 164 60
4 95 -97
4 390 61
4 73 64
4 232 25
4 221 80
4 105 -69
4 129 22
4 152 65
4 316 -70
4 10 61
4 12 52
4 492 96
5 15 -45
5 149 -60
5 54 -11
5 63 -93
5 45 85
5 52 -88
5 487 81
5 22 -75
5 406 -25
5 33 -7
5 383 -84
5 185 1
5 175 -5
5 79 -90
5 62 25
5 398 80
5 274 -47
5 96 -15
5 399 5
5 396 -50
5 400 -83
5 404 -44
5 432 50
6 215 -59
6 371 -90
6 211 -92
6 185 -53
6 228 20
6 103 98
6 489 91
6 213 56
6 131 26
6 216 87
6 429 9
6 473 81
6 197 55
6 198 54
6 222 -45
6 438 12
6 303 -12
6 157 -44
6 501 -59
6 55 75
6 392 -60
6 20 56
6 33 -15
7 13 -45
7 109 -36
7 254 -49
7 331 -84
7 16 -69
7 188 -61
7 474 -5
7 444 10
7 214 -10
7 311 5
7 349 20
7 352 92
7 497 30
7 328 30
7 395 -89
7 484 -17
7 382 24
7 387 63
7 259 98
7 65 61
7 204 87
7 330 71
8 80 -20
8 412 -73
8 273 -5
8 268 -7
8 140 -73
8 428 71
8 373 2
8 241 69
8 422 3
8 353 94
8 133 82
8 462 -77
8 64 28
8 466 54
8 460 4
8 143 4
8 370 -61
8 35 -47
8 170 84
8 144 -54
8 178 81
8 466 -28
8 451 59
9 238 -23
9 153 6
9 369 -6
9 171 -58
9 180 10
9 444 -35
9 217 -43
9 364 -46
9 393 -11
9 393 72
9 498 -79
9 251 -5
9 286 -8
9 153 50
9 438 -18
9 365 30
9 383 48
9 76 -94
9 460 -59
9 27 -17
10 163 -47
10 245 -98
10 163 -31
10 326 -60
10 356 -98
10 398 -13
10 101 56
10 507 -74
10 49 -62
10 181 79
10 468 76
10 325 -94
10 222 -52
10 130 -61
10 373 42
10 182 -87
10 479 26
10 325 28
10 177 54
10 360 -15
10 332 -22
10 140 69
11 430 51
11 429 67
11 427 50
11 469 50
11 281 74
11 364 0
11 394 -69
11 238 20
11 234 47
11 448 -87
11 143 77
11 240 2
11 251 -87
11 205 53
11 305 -74
11 351 -53
11 335 1
11 107 7
11 40 -23
11 314 -16
11 377 -56
11 273 -24
11 260 -40
12 415 -13
12 148 -78
12 384 -89
12 400 83
12 194 -53
12 351 -30
12 60 -97
12 382 28
12 46 65
12 131 -9
12 358 42
12 59 3
12 398 -68
12 152 -3
12 297 60
12 47 -44
12 209 -30
12 245 6
12 391 87
12 59 -41
12 19 65
12 222 -14
13 169 -4
13 398 -17
13 102 92
13 371 -30
13 125 22
13 143 4
13 30 -74
13 465 75
13 327 55
13 204 64
13 127 90
13 394 -36
13 339 55
13 505 22
13 426 -21
13 416 -19
13 89 24
13 49 59
13 82 8
13 339 -10
13 381 -87
13 485 91
14 38 15
14 117 -49
14 329 -76
14 497 -80
14 461 68
14 153 -53
14 145 -48
14 173 -5
14 226 -84
14 167 -59
14 151 80
14 441 -74
14 500 -85
14 398 75
14 236 0
14 110 -97
14 70 -99
14 86 -48
14 138 -48
14 187 61
14 377 -79
14 127 89
15 46 -73
15 253 -39
15 437 67
15 43 82
15 121 -77
15 110 80
15 189 -8
15 379 -88
15 56 -86
15 467 -34
15 29 -100
15 199 54
15 138 3
15 126 56
15 92 -28
15 248 96
15 281 84
15 189 -38
15 377 -65
15 330 26
15 264 -56
15 462 74
16 387 93
16 348 21
16 329 76
16 338 26
16 412 -25
16 438 52
16 75 -10
16 243 -32
16 476 29
16 25 0
16 257 -56
16 341 62
16 497 84
16 70 -79
16 243 25
16 392 99
16 489 44
16 92 94
16 338 51
16 92 -2
16 253 51
16 249 -33
17 208 -80
17 175 -51
17 108 13
17 191 -46
17 354 47
17 177 65
17 183 16
17 54 67
17 26 70
17 365 -91
17 375 -64
17 255 41
17 198 0
17 123 89
17 434 -27
17 440 -36
17 489 47
17 217 -29
17 150 -83
17 460 12
17 71 7
17 217 72
17 19 -54
18 249 72
18 53 -78
18 364 24
18 391 -68
18 280 44
18 380 -89
18 181 -41
18 375 19
18 406 -60
18 408 -36
18 151 74
18 508 20
18 232 -23
18 499 -16
18 421 75
18 399 30
18 178 0
18 98 -26
18 351 21
18 394 16
18 118 -78
18 275 80
19 195 95
19 194 50
19 248 -94
19 113 30
19 38 22
19 211 78
19 226 -67
19 256 -76
19 46 -84
19 488 -99
19 77 -61
19 378 56
19 416 -23
19 507 -30
19 195 38
19 306 79
19 162 -50
19 328 -34
19 395 -64
19 379 45
19 327 -46
19 284 98
19 485 3
20 357 -31
20 316 -56
20 242 95
20 307 -81
20 405 -98
20 316 56
20 210 0
20 511 -49
20 180 20
20 325 43
20 251 97
20 355 -91
20 163 -32
20 62 -89
20 292 46
20 196 -27
20 368 71
20 505 -99
20 179 86
20 485 -43
20 169 -59
20 45 69
21 209 15
21 455 20
21 57 73
21 366 41
21 374 98
21 436 -49
21 202 -56
21 175 -25
21 292 59
21 80 -75
21 479 22
21 122 -62
21 83 -66
21 501 -93
21 416 75
21 445 61
21 198 3
21 280 -31
21 207 -29
21 249 28
21 93 -97
21 160 91
22 264 52
22 480 18
22 71 2
22 140 22
22 309 19
22 280 -62
22 218 -79
22 283 28
22 409 -18
22 59 13
22 438 -66
22 435 -37
22 229 28
22 355 46
22 426 67
22 242 -13
22 162 -31
22 268 13
22 319 41
22 355 87
22 351 67
22 489 94
23 397 45
23 73 -20
23 488 4
23 305 71
23 455 -69
23 444 -35
23 236 58
23 341 54
23 507 97
23 199 15
23 45 38
23 292 84
23 254 -54
23 99 -47
23 451 -93
23 291 10
23 463 68
23 245 -40
23 203 -89
23 501 18
23 511 -31
24 180 61
24 382 94
24 486 -44
24 79 -77
24 405 12
24 104 81
24 239 39
24 184 86
24 50 -96
24 89 4
24 132 40
24 138 75
24 156 34
24 51 31
24 332 -89
24 49 71
24 71 34
24 122 -63
24 497 -12
24 485 -93
24 60 -69
24 429 83
24 234 37
25 114 51
25 454 -20
25 436 15
25 388 15
25 424 -45
25 46 -61
25 26 50
25 448 18
25 223 -94
25 477 42
25 198 -61
25 410 -19
25 193 17
25 308 97
25 480 80
25 335 19
25 479 -31
25 172 80
25 505 -62
25 191 38
25 87 -17
25 215 -72
26 311 75
26 126 89
26 486 -39
26 269 37
26 219 34
26 371 22
26 127 17
26 332 65
26 447 -25
26 371 21
26 344 95
26 140 -43
26 443 3
26 420 66
26 261 -70
26 164 -9
26 193 32
26 503 84
26 37 -88
26 45 71
26 400 -57
26 249 -4
26 258 -18
27 402 48
27 127 99
27 278 -58
27 306 58
27 508 -28
27 385 54
27 91 50
27 393 47
27 256 23
27 76 84
27 288 -83
27 463 48
27 50 -77
27 264 92
27 172 47
27 146 22
27 157 21
27 359 -12
27 271 -92
27 310 -2
27 259 61
27 423 -70
28 437 -26
28 460 -25
28 501 -24
28 493 -45
28 105 -63
28 249 81
28 56 -4
28 298 -55
28 435 20
28 98 23
28 501 -34
28 236 4
28 320 -26
28 157 50
28 68 -18
28 130 72
28 276 64
28 82 87
28 266 3
28 305 59
28 434 -68
28 312 -93
29 212 -63
29 230 8
29 44 6
29 288 5
29 288 79
29 55 -33
29 36 78
29 88 -91
29 290 -40
29 435 69
29 69 -99
29 72 48
29 114 62
29 59 -86
29 245 22
29 449 -96
29 88 -17
29 470 85
29 469 52
29 386 96
29 53 -53
29 259 -24
30 398 -32
30 389 77
30 256 21
30 45 2
30 404 48
30 289 40
30 244 -13
30 206 98
30 423 78
30 62 27
30 248 28
30 318 -77
30 398 -74
30 62 -11
30 314 44
30 138 75
30 116 3
30 296 42
30 441 66
30 474 81
30 206 50
31 440 6
31 95 -56
31 237 -77
31 476 42
31 72 55
31 462 -3
31 418 89
31 450 90
31 336 91
31 463 47
31 197 23
31 183 81
31 79 98
31 118 22
31 70 -89
31 91 -52
31 134 -11
31 412 76
31 279 -54
31 130 -44
31 430 -32
31 246 86
32 250 10
32 84 -83
32 336 41
32 354 -28
32 415 -5
32 131 11
32 486 -5
32 209 98
32 241 27
32 241 -70
32 382 -18
32 97 74
32 412 92
32 183 30
32 40 -79
32 128 -69
32 110 -32
32 204 -80
32 464 -60
32 364 33
32 72 69
33 168 -75
33 125 -29
33 239 83
33 478 -33
33 311 16
33 112 -1
33 50 -78
33 188 4
33 421 -68
33 468 -41
33 200 26
33 493 63
33 61 60
33 319 50
33 208 -49
33 230 -13
33 465 37
33 167 -93
33 440 -25
33 77 74
33 419 27
34 235 21
34 262 -91
34 50 43
34 464 24
34 209 -25
34 39 62
34 291 -12
34 453 35
34 428 -76
34 219 -36
34 478 31
34 469 -91
34 292 -28
34 463 73
34 45 69
34 183 42
34 354 -14
34 434 13
34 333 51
34 485 -47
34 353 55
34 90 24
34 39 -70
35 340 41
35 336 -8
35 298 69
35 41 -68
35 423 10
35 83 80
35 128 66
35 73 84
35 274 -61
35 72 48
35 407 -50
35 90 -85
35 243 -74
35 280 -17
35 277 3
35 444 77
35 206 68
35 72 62
35 235 91
35 390 -90
36 423 58
36 162 -1
36 74 -68
36 128 57
36 58 -4
36 292 -73
36 303 -92
36 490 54
36 445 -98
36 256 -39
36 401 -66
36 210 47
36 141 1
36 369 17
36 276 -25
36 273 83
36 369 59
36 410 49
36 382 -53
36 89 11
36 47 10
36 375 -94
37 210 -15
37 139 -100
37 246 -32
37 168 -94
37 45 -53
37 386 -16
37 322 28
37 441 -63
37 456 -92
37 247 -62
37 336 21
37 43 -58
37 483 -28
37 150 -94
37 470 -20
37 352 -21
37 424 76
37 251 52
37 419 -29
37 174 -74
37 224 -96
37 183 -30
38 335 -36
38 170 31
38 415 -75
38 328 -11
38 144 -67
38 196 23
38 217 22
38 358 -36
38 358 76
38 259 -13
38 467 26
38 195 85
38 99 81
38 208 -2
38 117 -15
38 44 25
38 151 -69
38 350 76
38 379 -82
38 273 -77
38 65 35
38 162 20
39 201 36
39 496 -12
39 228 55
39 201 76
39 283 76
39 362 91
39 360 -14
39 320 -3
39 218 -88
39 118 3
39 218 1
39 422 29
39 304 -55
39 481 -77
39 417 -72
39 105 -42
39 163 -36
39 479 -69
39 485 90
39 269 -35
39 320 67
40 196 -54
40 472 -15
40 149 -19
40 152 47
40 284 5
40 305 31
40 107 -36
40 414 -37
40 214 14
40 82 -74
40 149 27
40 240 -70
40 243 72
40 453 58
40 450 20
40 319 61
40 265 55
40 180 -80
40 407 44
40 297 77
40 429 -1
40 304 -51
41 490 7
41 489 22
41 164 -55
41 434 -2
41 74 79
41 61 -92
41 285 -82
41 59 -83
41 332 15
41 187 27
41 128 23
41 500 -19
41 271 89
41 242 -84
41 63 98
41 340 -93
41 120 -34
41 58 -57
41 142 -89
41 69 -86
41 477 24
41 193 8
42 219 -69
42 98 -59
42 109 53
42 491 41
42 479 65
42 104 -5
42 256 27
42 501 32
42 329 22
42 96 -38
42 382 29
42 471 50
42 190 -36
42 241 -15
42 127 -18
42 284 -72
42 106 98
42 479 32
42 252 13
42 291 -40
43 86 87
43 293 35
43 48 83
43 68 -1
43 199 18
43 249 -4
43 408 -42
43 432 97
43 333 -36
43 431 -77
43 78 -95
43 74 -48
43 396 -48
43 480 -74
43 302 7
43 361 -84
43 169 -51
43 193 46
43 239 2
43 135 -45
44 50 -35
44 154 44
44 165 -50
44 308 22
44 123 2
44 439 -71
44 194 81
44 308 -91
44 64 19
44 348 -9
44 446 6
44 154 84
44 128 -23
44 483 31
44 371 50
44 368 11
44 347 -30
44 303 76
44 372 -66
44 210 -41
44 498 39
44 75 3
44 413 8
45 117 -9
45 128 -29
45 191 68
45 386 -10
45 52 52
45 437 51
45 340 -58
45 140 -95
45 456 50
45 306 -92
45 100 -35
45 246 28
45 508 -17
45 128 -85
45 170 -24
45 301 -14
45 281 -12
45 165 -2
45 418 -84
45 286 4
45 141 86
45 321 0
45 352 -41
46 135 21
46 109 25
46 398 -30
46 497 -27
46 502 72
46 226 82
46 240 -16
46 500 79
46 429 16
46 340 -41
46 55 -95
46 376 -82
46 248 -36
46 291 62
46 409 -35
46 198 -68
46 268 52
46 354 -5
46 320 -39
46 444 -45
47 500 80
47 302 -63
47 290 -18
47 465 42
47 104 8
47 510 53
47 65 -55
47 257 -27
47 253 7
47 80 -40
47 235 -49
47 240 -59
47 101 -75
47 370 -41
47 107 15
47 278 -16
47 479 -62
47 374 -26
48 60 -74
48 82 50
48 143 56
48 452 93
48 388 36
48 506 -61
48 110 -55
48 328 17
48 289 65
48 200 -75
48 226 99
48 125 58
48 182 -99
48 256 -9
48 285 13
48 90 -97
48 412 57
48 80 74
48 86 76
48 479 49
48 203 36
48 366 55
48 195 -99
49 512 96
49 377 24
49 103 -94
49 455 49
49 228 16
49 509 -86
49 444 10
49 360 -97
49 288 -82
49 55 -48
49 366 -97
49 219 39
49 191 -47
49 198 23
49 126 -74
49 126 -85
49 144 98
49 487 15
49 457 84
49 69 70
49 202 -37
49 192 -18
50 366 84
50 161 10
50 468 44
50 440 -51
50 351 29
50 308 -99
50 263 -84
50 256 44
50 287 86
50 457 81
50 54 -29
50 151 -73
50 354 5
50 321 -21
50 112 -38
50 382 6
50 319 -88
50 275 73
50 234 -14
50 142 -97
50 297 12
50 73 6
51 191 -92
51 73 61
51 242 -68
51 313 -65
51 241 -26
51 244 -94
51 130 50
51 255 78
51 479 -3
51 495 -34
51 280 87
51 227 -78
51 92 -7
51 71 -8
51 144 -83
51 82 -38
51 246 7
51 176 -54
51 205 -77
51 145 73
52 363 -86
52 228 -74
52 299 -3
52 260 -24
52 361 69
52 307 52
52 192 68
52 403 -11
52 160 -74
52 413 -58
52 267 90
52 248 -39
52 374 -20
52 170 -81
52 369 90
52 105 -54
52 507 70
52 138 41
52 201 33
53 417 78
53 154 -38
53 322 -51
53 460 5
53 368 -79
53 374 -65
53 347 -32
53 86 -30
53 241 -62
53 405 -95
53 350 81
53 99 -7
53 421 15
53 124 10
53 454 -56
53 367 60
53 197 -48
53 503 -60
54 206 -14
54 158 73
54 148 10
54 300 -41
54 357 -37
54 343 97
54 355 -69
54 423 -6
54 62 -82
54 407 41
54 289 97
54 482 87
54 331 -67
54 174 32
54 411 -93
54 167 -9
54 375 28
54 110 -24
54 341 -43
55 305 -36
55 80 28
55 382 -5
55 502 -52
55 413 -85
55 326 9
55 274 -48
55 266 25
55 90 77
55 366 -22
55 142 23
55 89 -37
55 436 -5
55 480 -75
55 289 -60
55 186 -79
55 253 32
55 354 46
55 462 5
55 403 99
55 119 66
56 101 -53
56 124 65
56 500 72
56 475 32
56 208 26
56 377 -66
56 326 23
56 292 23
56 364 16
56 61 -18
56 308 -64
56 367 -72
56 219 -62
56 442 -91
56 501 -36
56 292 91
56 147 14
56 342 -80
56 382 -31
56 256 97
56 254 93
57 289 89
57 360 82
57 296 -29
57 366 -21
57 406 39
57 219 40
57 474 20
57 353 -42
57 340 -20
57 174 -9
57 196 -60
57 240 7
57 180 84
57 459 20
57 339 -87
57 489 36
57 258 66
57 142 58
57 405 -70
57 364 -6
57 426 -4
57 287 74
58 360 39
58 73 -43
58 460 10
58 476 30
58 434 -22
58 262 27
58 494 24
58 250 92
58 100 45
58 408 -66
58 381 67
58 237 3
58 253 -50
58 256 9
58 276 26
58 227 24
58 359 -8
58 333 84
58 397 -42
59 508 5
59 77 6
59 217 -49
59 267 -11
59 492 -69
59 200 62
59 401 -79
59 98 60
59 173 -55
59 64 -79
59 468 -6
59 167 -94
59 227 -31
59 499 -41
59 60 3
59 354 -60
59 111 27
59 308 27
59 445 1
59 296 -30
60 127 74
60 196 -97
60 151 9
60 170 27
60 232 40
60 430 -20
60 472 -98
60 199 -1
60 196 71
60 128 44
60 177 52
60 322 -60
60 443 -98
60 277 -91
60 350 -52
60 287 -80
60 61 -23
60 185 44
60 366 -73
61 303 -37
61 286 -45
61 182 -59
61 475 94
61 92 -11
61 405 -34
61 134 56
61 172 45
61 468 87
61 265 -25
61 85 -14
61 145 17
61 126 -7
61 165 74
61 299 -89
61 413 87
61 282 51
61 69 15
61 454 -19
61 274 97
61 442 -29
61 316 -95
62 272 -96
62 76 -9
62 178 37
62 425 73
62 399 73
62 300 -66
62 260 39
62 490 50
62 406 -8
62 92 77
62 393 -21
62 494 -4
62 230 9
62 332 11
62 208 54
62 313 85
62 311 -49
62 387 -96
62 128 -74
62 208 65
63 343 -49
63 427 67
63 282 -9
63 426 -40
63 198 93
63 394 1
63 254 -16
63 122 -78
63 133 -44
63 139 -93
63 320 -56
63 310 -13
63 349 68
63 403 45
63 303 40
63 172 57
63 400 42
63 471 -81
63 483 -13
63 496 7
63 238 -40
63 318 -5
64 162 -56
64 357 88
64 86 -77
64 255 -51
64 196 64
64 317 32
64 486 7
64 68 88
64 486 -46
64 304 -28
64 100 -27
64 135 -53
64 81 96
64 144 29
64 473 31
64 477 46
64 361 1
64 146 -10
64 336 12
64 304 -11
64 348 -76
65 411 98
65 116 22
65 258 23
65 274 -32
65 119 -18
65 315 -30
65 310 55
65 394 -50
65 290 6
65 300 -89
65 273 30
65 497 -89
65 477 53
65 244 71
65 188 -36
65 422 19
65 76 -13
65 171 -92
65 134 -78
65 270 20
66 425 -95
66 152 25
66 300 -90
66 338 62
66 273 7
66 80 -32
66 261 32
66 150 71
66 504 -43
66 309 67
66 326 -96
66 346 11
66 435 54
66 467 62
66 399 -94
66 446 94
66 434 7
66 359 96
66 445 -54
66 368 -17
66 443 79
67 72 15
67 98 -23
67 442 87
67 346 -25
67 158 38
67 500 97
67 480 -19
67 113 38
67 382 62
67 353 99
67 370 -4
67 308 -97
67 229 81
67 252 35
67 363 37
67 116 44
67 130 -38
67 354 32
67 170 -31
68 404 95
68 81 -84
68 336 -98
68 362 75
68 432 55
68 385 95
68 258 87
68 451 -30
68 481 19
68 309 -31
68 335 46
68 246 8
68 439 -52
68 464 15
68 149 16
68 499 57
68 470 71
68 203 -36
68 365 13
68 250 83
68 394 92
69 204 39
69 360 48
69 158 55
69 192 40
69 205 -97
69 156 -67
69 304 48
69 266 -98
69 390 99
69 216 40
69 377 -83
69 322 -99
69 300 39
69 329 -33
69 432 80
69 449 42
69 293 23
69 115 -90
69 477 -88
69 437 -10
70 77 -86
70 163 91
70 269 47
70 461 2
70 366 33
70 405 2
70 500 -8
70 407 73
70 237 -41
70 72 -88
70 348 -41
70 467 71
70 219 -42
70 102 61
70 324 67
70 493 32
70 499 6
70 167 -4
70 469 -47
70 445 83
71 506 -44
71 509 4
71 153 -66
71 96 30
71 337 67
71 133 -16
71 338 -79
71 288 72
71 122 -51
71 154 5
71 475 88
71 384 -31
71 152 40
71 345 76
71 464 -2
71 245 16
71 365 68
71 335 -71
71 451 0
72 434 -24
72 180 -18
72 268 62
72 94 44
72 470 -90
72 263 -100
72 202 -5
72 373 53
72 439 -55
72 478 -27
72 395 -3
72 502 -89
72 268 -92
72 339 28
72 77 14
72 110 -86
72 479 99
72 87 22
72 501 -75
73 236 47
73 136 -12
73 278 24
73 512 -3
73 459 -96
73 81 48
73 289 -56
73 260 67
73 231 52
73 194 57
73 90 -52
73 463 -47
73 293 40
73 341 -67
73 359 -77
73 504 65
73 94 -93
73 463 84
73 356 -84
73 251 30
73 269 -70
74 264 36
74 199 74
74 236 -24
74 399 43
74 129 -27
74 436 68
74 358 54
74 272 -86
74 493 0
74 85 -51
74 345 78
74 345 87
74 325 4
74 194 29
74 309 54
74 359 -62
74 448 -37
74 429 66
74 217 67
74 204 -81
75 295 -53
75 183 -7
75 301 -50
75 484 98
75 248 -81
75 237 -29
75 443 72
75 380 91
75 449 -92
75 481 -33
75 285 -49
75 332 54
75 102 -28
75 243 8
75 460 7
75 494 26
75 306 -66
75 292 13
75 309 70
75 345 -2
75 79 -42
76 212 -81
76 79 2
76 489 47
76 428 0
76 157 76
76 466 -36
76 493 -53
76 145 27
76 228 83
76 329 27
76 508 -80
76 363 -9
76 469 1
76 134 -61
76 203 28
76 262 -17
76 364 -75
76 290 -57
77 464 -9
77 401 65
77 119 80
77 137 60
77 428 85
77 188 -16
77 486 -62
77 229 -72
77 383 -15
77 289 13
77 207 30
77 457 17
77 140 -49
77 230 -48
77 257 72
77 176 -84
77 80 62
77 340 85
77 127 -41
77 196 -26
77 134 77
78 480 66
78 473 -1
78 227 97
78 343 -79
78 130 75
78 507 44
78 215 26
78 310 77
78 96 77
78 379 -36
78 88 46
78 237 -84
78 287 -17
78 206 6
78 163 -56
78 200 -97
78 345 -7
78 416 92
79 164 69
79 484 59
79 454 76
79 457 -61
79 501 91
79 471 63
79 344 74
79 295 9
79 374 -6
79 379 26
79 158 91
79 420 -71
79 487 -81
79 466 14
79 200 -41
79 512 79
79 234 89
79 291 43
79 99 -39
79 157 9
80 390 62
80 377 -69
80 276 -72
80 137 63
80 444 45
80 395 49
80 250 -85
80 343 -13
80 205 -52
80 83 75
80 395 69
80 329 -23
80 427 15
80 294 -46
80 125 92
80 119 -92
80 248 -84
80 181 81
80 84 66
80 396 0
80 446 -93
81 393 95
81 194 -32
81 270 49
81 240 28
81 151 -59
81 400 33
81 243 88
81 190 -6
81 341 -73
81 214 -65
81 240 -93
81 250 82
81 196 72
81 243 -64
81 282 -17
81 224 44
81 334 -74
82 343 -47
82 100 0
82 417 46
82 352 -33
82 406 -27
82 268 -58
82 439 -16
82 402 -34
82 173 -26
82 354 -77
82 388 -31
82 416 -98
82 264 29
82 376 92
82 265 -27
82 376 81
82 182 -86
82 470 -86
82 431 -3
83 129 -100
83 354 -30
83 467 -43
83 452 -40
83 484 82
83 178 -67
83 444 -18
83 132 13
83 493 54
83 240 -93
83 217 89
83 304 -28
83 277 -87
83 178 -27
83 367 81
83 368 -59
83 343 15
83 389 79
83 428 86
83 432 30
83 250 -51
84 369 14
84 247 31
84 185 56
84 199 44
84 115 71
84 352 99
84 436 -100
84 420 -94
84 188 -75
84 179 -3
84 177 -60
84 324 -10
84 248 -69
84 200 -50
84 457 21
84 250 -85
84 449 1
84 335 48
84 85 -48
85 197 -38
85 145 -63
85 88 -45
85 152 8
85 170 92
85 319 -18
85 389 -19
85 140 -92
85 351 76
85 299 67
85 115 71
85 508 56
85 391 -22
85 141 -8
85 132 69
85 423 -84
85 88 19
85 220 25
85 346 -21
85 238 41
85 234 32
85 120 -18
85 194 27
86 389 83
86 196 28
86 290 58
86 370 -40
86 309 78
86 105 -58
86 377 -30
86 130 -23
86 425 91
86 226 38
86 143 -87
86 368 30
86 298 15
86 278 36
86 363 -55
86 97 -59
86 134 -63
86 501 -87
86 190 65
86 139 -51
87 312 -25
87 399 -46
87 381 41
87 443 -91
87 208 -77
87 428 -18
87 378 18
87 114 -51
87 177 16
87 398 -96
87 454 -19
87 274 -43
87 395 94
87 433 -31
87 420 79
87 459 -90
87 209 92
87 114 -97
88 180 14
88 303 15
88 428 -100
88 185 -81
88 220 1
88 274 62
88 312 -37
88 393 55
88 230 -46
88 230 -38
88 361 53
88 496 47
88 277 50
88 278 89
88 225 38
88 233 -15
88 414 87
88 431 -24
88 488 76
88 497 53
89 478 0
89 499 -54
89 467 8
89 308 -98
89 180 -40
89 199 56
89 428 -91
89 172 -48
89 293 -10
89 444 88
89 406 90
89 185 39
89 351 -86
89 228 -74
89 366 12
89 328 -1
89 318 -76
89 435 31
89 445 -71
89 448 -26
89 241 -56
89 325 -71
90 290 -8
90 417 -73
90 204 81
90 137 64
90 149 -29
90 451 -51
90 192 -4
90 403 87
90 442 -88
90 191 67
90 367 -76
90 469 -73
90 145 51
90 419 -64
90 104 18
90 294 -44
90 283 92
91 435 61
91 132 -14
91 101 -95
91 329 -18
91 95 -40
91 192 22
91 288 32
91 352 41
91 414 41
91 113 49
91 459 50
91 288 -12
91 187 -15
91 494 28
91 92 -17
91 146 62
91 347 89
91 383 7
91 435 49
92 482 -96
92 195 16
92 100 62
92 369 -84
92 325 23
92 490 97
92 477 -78
92 211 52
92 414 23
92 432 7
92 466 74
92 312 77
92 129 52
92 192 25
92 130 -85
92 299 -28
92 343 22
92 494 -15
93 274 -42
93 171 14
93 186 -35
93 121 -12
93 123 -37
93 103 -4
93 359 -48
93 411 -11
93 451 -84
93 497 58
93 327 5
93 176 8
93 138 -89
93 188 91
93 498 -71
93 266 -12
93 197 88
93 455 33
94 132 -28
94 376 25
94 386 94
94 503 35
94 391 -29
94 103 80
94 172 64
94 326 88
94 131 -69
94 186 -12
94 359 -74
94 233 46
94 192 -33
94 364 6
94 166 93
94 263 -37
94 254 -9
94 177 -72
94 261 -62
95 265 13
95 215 38
95 471 45
95 316 -24
95 143 -62
95 200 -35
95 287 -84
95 385 -90
95 260 -72
95 315 -19
95 151 94
95 127 31
95 483 -65
95 292 32
95 404 1
95 271 -36
95 167 -74
95 300 -3
96 340 -86
96 322 45
96 101 -99
96 273 44
96 338 -19
96 225 -73
96 228 68
96 104 -42
96 205 -16
96 331 0
96 244 63
96 435 87
96 416 12
96 272 -57
96 230 75
96 144 -51
96 306 -13
96 251 -65
96 386 1
96 245 59
97 206 58
97 293 -84
97 227 37
97 304 70
97 343 44
97 387 -68
97 155 91
97 309 16
97 125 29
97 444 41
97 426 24
97 410 99
97 495 -39
97 329 -31
97 347 -5
97 390 87
98 502 54
98 121 -88
98 355 69
98 292 -47
98 340 -74
98 212 73
98 173 -71
98 241 16
98 352 -32
98 192 -78
98 212 38
98 376 66
98 424 -52
98 354 6
98 260 -25
98 251 -51
98 239 -8
98 268 92
98 479 -1
99 305 -17
99 277 -52
99 356 -4
99 280 -8
99 221 -58
99 330 -33
99 135 -70
99 187 35
99 231 -26
99 142 -51
99 390 18
99 485 1
99 444 -70
99 223 50
99 347 42
99 152 4
100 390 -92
100 219 -63
100 266 92
100 498 -28
100 511 -15
100 450 98
100 114 76
100 317 -32
100 415 26
100 447 -35
100 135 -71
100 324 -75
100 146 -9
100 466 -15
100 489 21
100 447 83
100 324 82
100 286 66
101 381 -4
101 201 70
101 453 -97
101 318 98
101 222 29
101 188 -50
101 447 66
101 280 65
101 461 97
101 436 -70
101 492 14
101 449 81
101 306 39
101 322 -92
101 496 58
101 254 -4
101 293 35
102 203 -94
102 316 11
102 451 87
102 330 -42
102 361 88
102 154 -74
102 401 9
102 380 -33
102 232 -2
102 298 -78
102 356 17
102 400 82
102 447 -30
102 457 -36
102 138 72
102 260 -71
102 401 -10
102 405 -41
102 190 -17
102 391 29
103 441 81
103 269 -41
103 457 34
103 403 12
103 213 -51
103 316 24
103 232 -53
103 444 0
103 142 38
103 175 92
103 335 26
103 272 20
103 253 -15
103 202 -71
103 277 8
103 472 -24
103 112 -1
104 381 45
104 348 25
104 345 28
104 113 18
104 380 -79
104 351 -62
104 175 50
104 197 44
104 297 78
104 397 -43
104 252 -75
104 371 62
104 396 -43
104 324 -1
104 503 -4
105 433 77
105 227 -16
105 323 83
105 265 63
105 122 -27
105 472 52
105 183 96
105 432 58
105 387 -3
105 293 41
105 503 97
105 170 -97
105 331 -69
105 137 73
105 452 49
105 231 -70
105 271 -76
105 289 -48
105 248 -8
105 495 31
106 122 -42
106 348 -40
106 414 28
106 341 -16
106 340 -17
106 267 15
106 457 7
106 400 67
106 283 8
106 510 75
106 271 28
106 343 87
106 340 -55
106 159 -14
106 108 -16
106 170 72
106 134 -99
107 334 -23
107 369 82
107 462 -75
107 469 92
107 249 -11
107 455 -52
107 119 -50
107 440 51
107 228 -35
107 507 -28
107 148 74
107 219 85
107 287 -80
107 291 -5
107 225 74
107 115 17
107 476 -18
107 474 43
107 266 27
108 458 -85
108 436 -90
108 264 5
108 508 -76
108 348 6
108 119 57
108 399 -20
108 343 -91
108 231 -96
108 269 83
108 132 0
108 500 -19
108 467 -81
108 307 -68
108 456 -38
108 123 -44
108 501 84
108 436 -25
108 251 -83
109 323 -23
109 396 15
109 406 67
109 171 -85
109 165 -18
109 325 90
109 376 20
109 330 2
109 239 -3
109 245 24
109 166 -81
109 279 -98
109 210 18
109 507 -22
109 268 42
109 159 -65
109 316 -50
109 198 -58
109 257 12
109 463 64
110 512 43
110 282 -3
110 154 -3
110 470 31
110 132 29
110 505 8
110 297 26
110 343 -94
110 407 -59
110 476 -91
110 168 6
110 118 -34
110 117 36
110 115 -59
110 126 -74
110 308 75
110 364 -13
110 160 -99
111 149 13
111 293 51
111 299 92
111 199 71
111 445 75
111 480 -42
111 343 -31
111 126 87
111 336 -34
111 463 -23
111 113 62
111 242 77
111 256 -10
111 338 -64
111 375 7
111 125 36
111 129 38
111 428 -5
111 123 -23
111 214 95
112 131 34
112 161 -79
112 489 -87
112 444 1
112 264 29
112 269 55
112 146 22
112 231 69
112 501 73
112 140 0
112 434 -73
112 319 -95
112 193 -6
112 193 -37
112 200 56
112 361 -77
112 255 -100
112 397 26
112 127 71
112 261 -6
113 201 29
113 271 -89
113 146 41
113 494 -94
113 320 37
113 463 68
113 256 -26
113 415 -20
113 355 -94
113 189 33
113 310 -1
113 219 29
113 494 -13
113 289 -95
113 358 47
113 314 39
113 155 -43
114 495 -18
114 271 35
114 465 44
114 473 39
114 427 54
114 351 -100
114 499 -81
114 357 -38
114 284 -49
114 382 42
114 238 -58
114 477 -73
114 384 -52
114 277 -64
114 380 27
114 293 68
114 342 -49
115 506 51
115 364 -90
115 162 77
115 273 -29
115 404 55
115 123 -98
115 344 14
115 321 6
115 464 -37
115 437 -25
115 446 87
115 474 -95
115 369 -68
115 260 -94
115 472 -24
115 164 -33
115 384 68
115 310 -56
116 296 -14
116 187 -46
116 407 -44
116 372 -87
116 175 -94
116 438 -67
116 371 80
116 356 24
116 335 25
116 301 82
116 345 44
116 425 74
116 308 58
116 496 61
116 332 -35
116 337 -63
117 485 15
117 139 -57
117 320 53
117 200 -33
117 390 -71
117 407 -94
117 341 -6
117 324 49
117 290 37
117 366 54
117 229 -30
117 318 91
117 123 -53
117 445 38
117 335 -77
117 132 2
117 300 -4
117 278 20
117 333 99
117 489 69
117 349 51
117 135 -41
118 342 -87
118 468 -27
118 447 8
118 361 17
118 504 31
118 427 -29
118 219 47
118 428 -60
118 424 -92
118 258 -87
118 327 68
118 195 -59
118 271 -47
118 332 -42
118 349 64
118 246 38
118 293 -18
118 236 -24
118 372 81
118 143 -43
119 248 -27
119 329 93
119 203 -78
119 316 62
119 344 21
119 372 75
119 303 37
119 512 -84
119 123 55
119 340 0
119 449 27
119 331 -28
119 317 -40
119 442 -47
119 503 24
119 437 -52
119 336 -56
119 292 -75
119 491 -90
120 137 73
120 453 -32
120 405 -77
120 162 -1
120 194 42
120 279 -2
120 253 -89
120 163 -72
120 275 24
120 373 -54
120 368 -73
120 458 52
120 235 -76
120 179 67
120 275 -12
120 296 -53
120 153 -84
120 361 83
120 453 -74
120 467 6
121 351 24
121 481 86
121 201 -15
121 321 82
121 390 -83
121 264 -98
121 438 56
121 495 57
121 361 -37
121 306 -82
121 130 34
121 500 -43
121 141 -29
121 312 40
121 355 32
121 316 -55
121 471 -38
121 307 6
122 171 -4
122 353 88
122 438 -15
122 390 39
122 171 46
122 472 29
122 419 19
122 442 25
122 309 56
122 282 19
122 159 16
122 296 98
122 129 50
122 403 18
122 245 -72
122 434 -14
122 503 -8
122 177 74
122 308 -67
123 168 29
123 478 -50
123 419 -91
123 316 60
123 207 -35
123 196 35
123 395 38
123 154 37
123 250 28
123 125 -43
123 442 13
123 319 14
123 202 74
123 498 -50
123 507 -32
123 358 -23
123 498 -45
123 176 -72
124 195 -49
124 360 -43
124 373 67
124 325 87
124 300 44
124 470 -12
124 188 -77
124 453 65
124 353 -35
124 358 -29
124 278 72
124 226 -22
124 342 -95
124 229 7
124 442 14
124 465 -50
124 183 35
124 506 62
125 380 -60
125 220 -69
125 485 86
125 221 -77
125 230 -46
125 182 97
125 356 -68
125 303 -80
125 312 -97
125 262 -71
125 393 27
125 504 61
125 442 -10
126 189 -39
126 505 12
126 322 -40
126 293 -50
126 509 54
126 162 -28
126 209 -6
126 288 16
126 270 95
126 171 -63
126 318 -1
126 358 -99
126 227 -49
126 208 -56
126 436 -72
126 448 -69
126 131 19
127 303 58
127 304 -1
127 159 72
127 231 54
127 325 39
127 419 -94
127 281 -51
127 134 92
127 174 8
127 490 95
127 168 -43
127 294 -13
127 349 51
127 165 -43
127 477 -48
127 353 -52
127 213 -33
128 436 16
128 389 89
128 292 7
128 388 -63
128 404 -79
128 330 73
128 276 -39
128 231 42
128 471 -29
128 229 88
128 313 62
128 433 33
128 330 62
128 210 -5
128 326 52
128 482 94
128 296 -88
129 404 71
129 314 52
129 432 76
129 225 9
129 370 -55
129 182 30
129 433 35
129 386 16
129 306 -38
129 260 67
129 490 6
129 172 7
129 468 -6
129 396 52
129 180 -75
130 267 0
130 268 -2
130 350 14
130 169 40
130 328 95
130 393 -40
130 426 -3
130 276 93
130 193 -56
130 149 92
130 233 16
130 141 20
130 171 -33
130 307 4
130 264 75
130 271 35
130 285 40
130 148 -51
130 166 -41
131 398 -42
131 351 -49
131 455 -99
131 415 92
131 464 50
131 225 89
131 360 65
131 442 54
131 328 -2
131 256 -46
131 293 93
131 283 -90
131 414 30
131 232 -18
131 370 -39
131 420 91
131 262 1
131 459 7
131 237 1
131 155 8
132 348 -54
132 372 -59
132 193 36
132 511 35
132 291 86
132 345 52
132 374 2
132 206 38
132 353 -69
132 209 -27
132 146 -11
132 388 -79
132 217 92
132 316 2
132 288 -66
133 300 45
133 283 -75
133 360 -75
133 490 9
133 451 87
133 296 0
133 275 10
133 220 -51
133 302 -36
133 469 9
133 320 26
133 402 14
133 328 -74
133 352 94
133 406 6
133 224 11
133 358 -48
134 375 10
134 151 -29
134 248 -5
134 181 92
134 294 -68
134 495 75
134 409 -82
134 394 30
134 177 55
134 352 -48
134 290 -83
134 210 -47
134 174 85
134 441 59
134 509 70
134 338 -98
134 428 -16
134 414 14
134 314 70
134 323 -32
135 497 -11
135 155 65
135 331 3
135 204 21
135 205 10
135 192 86
135 354 99
135 232 61
135 226 -48
135 207 9
135 145 54
135 168 -84
135 486 72
135 416 41
135 359 -60
135 291 84
135 357 86
136 293 11
136 375 -82
136 494 36
136 434 26
136 261 43
136 216 94
136 270 -32
136 222 -55
136 437 79
136 338 -52
136 355 -34
136 155 43
136 446 71
136 254 -49
136 297 13
136 306 4
136 372 74
136 512 -65
137 217 -65
137 193 -10
137 143 66
137 425 -59
137 510 -90
137 288 24
137 212 42
137 156 85
137 443 -33
137 202 -16
137 447 33
137 505 -21
137 464 26
137 402 -75
137 494 -21
137 245 -17
137 452 29
137 280 -29
138 467 -3
138 330 -50
138 450 -24
138 307 78
138 465 3
138 387 86
138 460 -64
138 460 64
138 290 -40
138 477 -46
138 402 79
138 483 -80
138 220 76
138 291 30
138 404 29
138 161 -93
139 150 -67
139 374 44
139 369 17
139 330 -7
139 302 35
139 351 67
139 240 -8
139 214 63
139 404 28
139 379 -38
139 237 81
139 437 -93
139 437 -92
139 238 -51
139 440 -59
139 280 55
140 470 -46
140 332 86
140 469 64
140 354 56
140 259 -32
140 413 71
140 397 -3
140 437 -21
140 167 34
140 479 56
140 249 -67
140 226 71
140 222 -95
140 325 -92
140 144 -65
140 176 85
140 308 -83
140 241 47
140 141 53
141 287 -55
141 205 44
141 274 44
141 193 -18
141 164 9
141 186 17
141 257 -82
141 357 -48
141 498 55
141 493 -58
141 225 8
141 251 -46
141 359 20
141 463 62
141 334 25
141 313 -100
141 382 36
142 309 -28
142 319 40
142 394 -19
142 189 -42
142 317 60
142 470 -64
142 153 90
142 230 -59
142 180 82
142 228 -75
142 386 11
142 445 -47
142 178 46
142 481 -94
142 482 98
143 404 -20
143 280 -51
143 321 10
143 421 53
143 329 -76
143 325 33
143 317 45
143 463 -18
143 229 65
143 315 30
143 305 48
143 170 -91
143 498 81
143 507 43
143 296 -94
143 240 53
144 397 2
144 210 -45
144 258 -94
144 252 -60
144 497 25
144 364 -57
144 402 -97
144 239 24
144 180 -60
144 301 -68
144 388 97
144 470 43
144 177 64
144 226 -14
144 511 11
144 340 -71
144 384 -34
145 223 -65
145 228 -55
145 363 -100
145 468 72
145 349 -73
145 388 77
145 277 -53
145 286 -78
145 289 10
145 267 28
145 413 -23
145 198 67
145 197 -27
145 319 38
145 355 -45
145 494 -65
145 510 -52
146 208 -1
146 278 51
146 297 1
146 182 -81
146 402 -93
146 165 1
146 326 -20
146 326 6
146 226 89
146 305 -87
146 203 -35
146 416 69
146 416 52
146 157 -79
146 369 74
146 467 89
146 376 -59
146 189 0
147 338 -57
147 286 -43
147 338 30
147 250 -72
147 351 29
147 473 98
147 219 1
147 415 24
147 310 35
147 379 -50
147 229 -62
147 409 76
147 234 5
147 383 -100
147 387 38
147 316 57
148 303 -47
148 349 88
148 295 -26
148 344 -5
148 412 -41
148 441 77
148 172 76
148 372 -11
148 468 -38
148 218 -66
148 295 -86
148 193 20
148 311 0
148 172 -97
148 372 -97
148 446 -77
148 260 14
149 402 33
149 365 -38
149 278 -25
149 406 44
149 216 -41
149 245 93
149 213 -53
149 285 -26
149 294 -72
149 503 -24
149 173 43
149 263 -48
149 312 89
149 376 96
149 360 -77
149 430 -4
149 496 28
150 280 -50
150 192 49
150 391 -75
150 275 93
150 326 50
150 251 -15
150 421 -42
150 435 -96
150 400 99
150 512 -15
150 184 -72
150 440 -15
150 483 -23
150 366 -46
150 305 4
150 377 -28
151 460 -17
151 382 -74
151 282 -32
151 403 73
151 433 -47
151 160 64
151 412 -83
151 419 -16
151 301 68
151 230 -27
151 226 -19
152 233 -58
152 216 6
152 155 61
152 423 -8
152 354 -94
152 409 47
152 187 54
152 490 -33
152 236 -39
152 246 -34
152 189 35
152 464 -78
152 422 -25
152 376 -14
152 394 80
152 504 -56
152 282 -47
152 337 -76
153 165 -84
153 495 -72
153 381 35
153 451 34
153 422 35
153 265 -34
153 228 81
153 415 -12
153 434 97
153 172 -2
153 495 -55
153 408 28
153 343 -53
153 449 -32
153 172 -69
153 276 35
153 479 37
153 343 18
154 460 77
154 348 -80
154 511 -17
154 452 -6
154 258 65
154 450 3
154 376 -44
154 327 62
154 353 -26
154 411 -38
154 387 -75
154 352 80
154 184 -46
154 169 7
155 304 -63
155 384 -2
155 420 68
155 301 -86
155 351 -66
155 262 73
155 240 12
155 402 -84
155 289 -4
155 438 20
155 340 -53
155 461 88
155 178 -21
155 485 -15
155 163 -81
155 311 90
155 278 93
155 298 -35
156 443 -44
156 236 63
156 493 52
156 347 82
156 341 -50
156 442 11
156 282 -78
156 223 -5
156 384 -90
156 440 -45
156 218 86
156 158 72
156 389 79
156 181 -49
157 493 -71
157 203 25
157 244 -98
157 207 69
157 427 -45
157 336 -85
157 322 48
157 420 -2
157 466 -3
157 172 -53
157 504 -69
157 205 -42
157 407 51
157 188 -92
157 227 25
158 229 -40
158 326 -71
158 377 -61
158 496 -1
158 307 -37
158 437 -34
158 358 -7
158 189 -16
158 399 -84
158 334 36
158 184 -15
158 195 99
158 208 -27
158 427 91
159 190 81
159 188 90
159 211 63
159 380 27
159 269 93
159 315 -96
159 332 -18
159 370 19
159 296 -75
159 377 53
159 223 -34
159 179 -37
159 402 68
159 357 3
159 455 62
159 511 -30
159 237 18
160 192 -41
160 424 -67
160 500 40
160 230 36
160 337 -13
160 235 18
160 328 55
160 207 -41
160 241 -33
160 435 -74
160 433 11
160 313 -12
160 324 20
160 255 -18
161 183 65
161 215 -50
161 364 -40
161 299 64
161 310 -7
161 511 71
161 495 73
161 242 -95
161 289 1
161 341 -15
161 175 85
161 415 48
161 312 -18
161 198 60
161 302 24
161 375 53
161 212 -12
162 310 25
162 313 36
162 452 50
162 191 -34
162 505 70
162 286 -77
162 313 -22
162 390 69
162 439 82
162 364 94
162 339 41
162 457 99
162 486 -72
162 467 33
162 284 76
163 235 93
163 439 -59
163 261 11
163 441 77
163 336 -82
163 167 -4
163 275 -88
163 241 -18
163 302 21
163 229 21
163 494 3
163 191 -51
163 201 -100
163 352 87
163 374 80
163 181 -53
163 395 65
163 444 -27
164 300 39
164 493 -87
164 449 35
164 328 84
164 245 -29
164 238 16
164 271 -23
164 228 61
164 368 51
164 312 -84
164 473 43
164 238 14
164 464 32
164 293 60
164 501 44
164 375 -31
164 331 -62
164 304 28
165 380 -31
165 435 -22
165 490 -47
165 397 73
165 213 15
165 357 82
165 366 -89
165 231 93
165 264 47
165 389 77
165 390 6
165 328 13
165 510 -95
165 241 62
165 393 45
165 321 20
165 212 94
165 442 -49
166 300 65
166 215 2
166 268 13
166 217 -56
166 497 -80
166 388 26
166 483 88
166 434 6
166 461 -51
166 445 -19
166 178 -59
166 312 13
166 393 31
166 385 49
166 174 -31
166 380 45
167 278 83
167 397 -14
167 315 -76
167 512 69
167 377 72
167 427 59
167 198 -69
167 295 -84
167 283 64
167 473 -67
167 419 7
167 407 24
167 293 76
167 257 -20
167 208 -57
167 353 -46
167 421 -4
168 283 -29
168 283 30
168 355 45
168 220 -7
168 407 73
168 234 53
168 511 -59
168 288 79
168 476 99
168 265 -16
168 269 -11
168 221 -5
168 320 59
169 218 52
169 470 -85
169 285 -70
169 469 -18
169 176 -3
169 231 -83
169 383 66
169 446 27
169 466 80
169 301 -44
169 421 82
169 318 23
169 413 -91
169 242 19
169 311 32
169 264 -84
169 495 -64
169 231 -75
170 475 -93
170 329 16
170 174 -63
170 353 98
170 190 -17
170 439 -7
170 228 9
170 318 25
170 487 -99
170 347 -85
170 379 28
170 472 -44
170 290 40
170 416 63
170 218 93
171 468 43
171 348 -21
171 267 31
171 439 25
171 425 -3
171 291 92
171 476 99
171 311 -28
171 248 74
171 412 98
171 510 53
171 246 -34
171 270 58
171 291 -52
171 509 78
171 198 -44
171 254 55
172 340 -23
172 468 -33
172 485 50
172 398 -99
172 497 46
172 275 -33
172 415 -61
172 356 82
172 472 5
172 179 67
172 354 -86
172 340 -39
173 473 13
173 357 -51
173 272 -75
173 510 -83
173 311 -9
173 495 -16
173 501 93
173 400 64
173 309 -9
173 189 -67
174 320 68
174 184 -45
174 218 75
174 508 67
174 277 45
174 350 74
174 270 -5
174 184 -84
174 285 20
174 254 -94
174 512 -25
174 361 75
174 509 -37
174 429 -16
174 251 -99
174 428 -100
175 347 50
175 334 -46
175 460 -12
175 459 28
175 380 -21
175 180 61
175 441 -57
175 474 36
175 427 -22
175 455 -4
175 239 -53
175 209 72
175 437 -24
175 464 19
176 450 40
176 478 58
176 198 -65
176 457 -63
176 478 -65
176 471 19
176 502 -77
176 195 -92
176 456 -19
176 253 -73
176 387 16
176 346 -9
176 457 -79
176 397 -69
176 303 -91
176 184 12
176 231 -99
176 349 37
176 377 -38
177 448 -68
177 271 66
177 327 -78
177 276 44
177 247 -32
177 413 21
177 470 -24
177 271 75
177 412 -16
177 371 -39
177 312 -41
177 249 -68
177 247 -80
177 344 51
177 429 -79
177 297 34
177 428 -81
177 340 5
177 494 84
178 204 83
178 504 -78
178 239 -81
178 289 55
178 436 -38
178 363 35
178 223 11
178 218 81
178 245 -60
178 484 -74
178 282 54
178 350 23
178 415 -5
178 262 -51
178 440 34
178 323 22
178 364 78
179 435 -67
179 415 90
179 226 15
179 431 62
179 425 18
179 330 5
179 232 99
179 474 -74
179 187 -68
179 267 -80
179 419 83
179 464 -79
179 422 -94
179 273 1
179 272 -70
179 479 75
180 282 -84
180 443 -94
180 469 -97
180 469 23
180 502 -38
180 354 -40
180 335 4
180 305 -65
180 195 -97
180 225 56
180 229 -88
180 223 61
180 345 51
180 440 24
180 310 97
180 431 -20
181 334 -43
181 342 -10
181 396 -18
181 470 -59
181 215 70
181 230 -46
181 478 -9
181 500 -95
181 204 -54
181 499 -15
182 452 -32
182 186 -93
182 217 -20
182 397 48
182 220 -92
182 268 -9
182 372 15
182 337 -30
182 385 12
182 273 -34
182 418 -76
182 453 -96
182 287 43
183 361 -29
183 188 10
183 335 -98
183 462 -14
183 357 -23
183 473 -88
183 321 -28
183 420 -5
183 243 -76
183 361 90
183 442 96
183 274 77
183 466 -63
183 472 -70
184 454 41
184 446 -89
184 489 29
184 360 38
184 454 -61
184 489 -65
184 231 85
184 448 -51
184 444 80
184 352 68
184 435 74
184 305 -71
184 370 -52
184 232 89
185 310 -23
185 337 41
185 283 34
185 202 35
185 367 -1
185 446 84
185 416 75
185 272 -47
185 431 21
185 199 -100
185 509 15
185 480 -55
185 412 -51
185 384 -84
186 263 26
186 194 -21
186 229 13
186 265 40
186 341 -27
186 503 -42
186 224 9
186 325 0
186 509 2
186 274 -14
186 455 90
186 406 44
186 480 -54
187 221 -42
187 284 -43
187 347 -56
187 326 -100
187 448 -51
187 448 24
187 239 77
187 422 62
187 195 -55
187 415 39
187 267 -95
187 211 -86
187 384 98
187 276 -62
188 426 -38
188 466 -33
188 372 -72
188 211 99
188 206 -53
188 313 17
188 333 -33
188 418 29
188 282 69
188 314 30
188 338 -85
188 314 -27
188 357 -54
189 280 72
189 276 -51
189 323 -6
189 342 -84
189 208 -43
189 254 6
189 457 -92
189 256 -52
189 321 -59
189 326 42
189 386 69
189 300 -78
189 337 -25
190 423 83
190 398 -56
190 286 10
190 239 -88
190 203 -22
190 325 25
190 231 18
190 425 66
190 382 44
190 224 53
190 303 -95
190 260 -6
190 509 -23
191 238 55
191 473 -85
191 416 42
191 239 66
191 214 -32
191 399 -25
191 384 -100
191 389 -63
191 236 -48
191 471 -46
191 213 40
192 433 -46
192 279 24
192 265 -73
192 458 -1
192 370 95
192 509 -36
192 396 95
192 215 31
192 324 14
192 429 -70
192 373 -53
192 296 99
192 384 21
192 217 48
192 286 -88
192 346 -90
193 412 30
193 263 -16
193 308 20
193 267 -19
193 197 28
193 387 -54
193 371 -69
193 225 -19
193 463 23
193 271 -1
194 450 -29
194 324 13
194 296 -21
194 354 -66
194 251 -63
194 224 86
194 412 87
194 282 -15
194 293 -71
194 441 6
194 284 20
194 243 -79
194 483 -82
194 336 76
194 299 -2
195 226 30
195 363 -79
195 248 -57
195 413 61
195 483 4
195 504 -49
195 458 -58
195 418 -48
195 249 9
195 232 83
195 201 71
195 338 -48
195 341 -50
195 317 -71
196 498 -69
196 428 -13
196 414 73
196 350 -27
196 309 -10
196 226 -60
196 461 63
196 341 97
196 289 -25
196 328 -82
196 505 51
196 283 -21
196 341 -26
196 392 -11
196 423 12
196 304 23
197 395 -66
197 363 14
197 456 -54
197 311 70
197 224 -69
197 434 57
197 450 26
197 317 -48
197 484 -79
197 444 19
197 361 -52
197 266 -68
197 270 -82
197 402 65
198 495 66
198 508 -78
198 297 11
198 256 -55
198 491 43
198 466 -49
198 455 -53
198 227 -67
198 249 -17
198 460 46
198 504 -9
198 312 -8
198 440 -13
198 456 14
199 508 11
199 482 40
199 256 -32
199 472 49
199 368 24
199 461 -49
199 298 32
199 304 96
199 328 -64
199 487 -77
199 452 -62
200 468 -31
200 381 88
200 204 -37
200 384 -16
200 393 44
200 305 -9
200 309 -44
200 264 -78
200 417 -77
200 456 -15
200 427 49
200 300 34
200 419 79
200 232 -79
201 357 60
201 246 -33
201 252 85
201 436 79
201 455 -15
201 308 -71
201 216 -98
201 418 -16
201 417 18
201 312 35
202 416 13
202 215 -53
202 272 1
202 509 80
202 435 -50
202 366 72
202 467 -63
202 380 90
202 499 -34
202 205 -97
202 234 95
202 468 56
202 208 -81
203 375 47
203 207 -88
203 447 59
203 468 95
203 490 92
203 235 -19
203 430 -26
203 278 4
203 373 18
203 257 -18
203 211 -84
203 492 11
203 467 69
204 281 -96
204 240 87
204 244 -97
204 244 -52
204 327 -27
204 405 52
204 247 -36
204 429 -97
204 267 81
204 399 -71
204 230 -93
204 481 -83
204 265 -73
205 492 58
205 442 96
205 243 -95
205 252 27
205 501 -50
205 339 97
205 404 -44
205 401 -73
205 288 86
205 380 74
205 234 82
205 456 0
205 445 -74
205 326 -81
205 430 -78
205 438 81
205 355 -2
206 257 11
206 240 16
206 426 -69
206 487 -61
206 389 -91
206 268 57
206 380 21
206 300 -37
206 418 -71
206 363 -81
206 509 -6
206 264 -68
206 238 63
207 442 -53
207 403 41
207 420 -66
207 235 -88
207 361 -6
207 368 -11
207 238 44
207 296 -39
207 423 37
207 449 47
207 306 -9
207 235 86
207 275 31
207 392 -52
207 477 -35
207 352 -33
208 277 95
208 476 91
208 302 -90
208 237 -96
208 277 -2
208 283 58
208 281 -72
208 355 99
208 280 -99
208 318 -4
208 268 -31
208 468 27
208 360 -17
209 236 61
209 406 13
209 298 -59
209 494 96
209 287 53
209 299 -42
209 341 13
209 426 -16
209 322 -68
209 434 52
209 406 -76
209 487 -23
209 469 22
209 463 44
210 360 72
210 508 -23
210 392 51
210 467 40
210 226 64
210 497 4
210 337 -57
210 245 -66
210 417 -10
210 367 93
210 236 -82
210 227 -100
210 293 53
210 410 -4
211 363 -48
211 285 94
211 434 54
211 258 92
211 492 35
211 505 -34
211 354 -81
211 330 -96
211 293 86
211 361 46
211 408 -49
211 298 -48
211 444 32
211 404 -41
211 260 -13
212 312 91
212 405 85
212 305 -55
212 377 80
212 345 -43
212 392 -46
212 437 -64
212 426 -20
213 438 -81
213 229 -73
213 421 -41
213 483 -69
213 381 2
213 427 -63
213 497 -60
213 475 18
213 350 5
213 240 -86
213 262 -25
213 389 86
213 244 97
214 309 68
214 330 29
214 453 93
214 301 58
214 269 -54
214 445 -94
214 430 -23
214 378 -59
214 260 -75
214 380 -25
214 481 -38
214 372 -26
214 257 87
214 512 -99
215 476 -44
215 375 -96
215 233 -12
215 307 -98
215 319 -53
215 489 70
215 218 3
215 337 43
215 421 -68
216 253 -80
216 361 -94
216 418 19
216 275 91
216 223 1
216 454 -26
216 327 38
216 451 82
217 399 -79
217 265 -36
217 335 -14
217 253 44
217 332 67
217 418 -39
217 272 -60
217 392 -2
217 402 -8
217 403 89
217 308 -27
218 445 -66
218 503 -67
218 392 45
218 457 -26
218 229 -24
218 478 79
218 444 58
218 252 -32
218 508 -39
218 349 -66
218 497 1
218 494 -72
218 479 3
218 425 -35
218 407 90
218 267 -10
219 281 35
219 427 23
219 454 -80
219 445 -83
219 454 78
219 450 -65
219 258 -99
219 317 -18
219 508 -55
219 293 37
219 282 -51
219 416 2
219 307 69
219 300 -84
219 382 53
219 239 98
219 443 -3
220 465 -44
220 321 10
220 444 65
220 318 73
220 322 21
220 367 -71
220 224 -71
220 286 17
220 382 -78
220 349 -42
221 419 2
221 340 -35
221 275 -40
221 416 -53
221 392 -12
221 406 64
221 406 53
221 388 78
221 496 15
221 463 -48
221 464 -2
221 295 53
221 422 -55
222 407 78
222 317 -92
222 234 -13
222 466 28
222 236 78
222 338 93
222 455 -9
222 292 -48
223 315 -34
223 342 45
223 473 75
223 499 -44
223 459 -89
223 263 86
223 439 -95
223 347 83
223 304 -81
223 359 51
223 238 -48
223 377 85
224 416 -98
224 266 80
224 269 67
224 400 16
224 345 57
224 348 52
224 393 -25
224 489 16
224 278 -36
224 297 -55
224 438 -2
224 333 -36
224 418 40
224 287 73
224 512 42
224 451 -82
225 268 -43
225 451 -29
225 443 72
225 378 89
225 344 -61
225 348 -88
225 261 -100
225 254 -83
225 435 -43
225 299 39
225 248 55
225 273 68
226 309 26
226 442 -24
226 463 -26
226 378 14
226 306 3
226 463 -63
226 463 -10
226 241 -11
226 358 93
226 248 -98
226 238 -63
226 376 23
226 442 95
227 347 -67
227 372 -45
227 504 47
227 281 -72
227 409 59
227 299 68
227 404 44
227 389 -51
227 234 5
227 501 -76
228 365 -96
228 345 77
228 464 67
228 281 -100
228 289 50
228 348 -65
228 351 21
228 384 -29
228 483 73
228 413 -50
228 338 22
229 362 95
229 247 -52
229 418 9
229 280 -78
229 341 39
229 463 -45
229 283 -15
229 273 -56
229 262 -81
229 288 45
229 314 -72
229 230 12
230 321 56
230 308 -51
230 401 11
230 346 13
230 284 -41
230 321 77
230 266 -52
230 366 -26
230 393 -88
230 340 43
230 476 -92
230 410 -97
230 389 92
230 509 71
230 435 -85
230 265 79
231 395 1
231 356 -29
231 382 21
231 503 -69
231 347 -58
231 465 34
231 303 -88
231 341 -7
231 442 79
231 445 89
231 263 -48
232 429 -66
232 332 76
232 275 16
232 437 4
232 316 75
232 420 2
232 457 23
232 320 83
232 270 -29
232 358 -59
232 502 -26
232 248 -59
232 292 61
232 438 7
232 299 94
233 393 14
233 349 -64
233 397 -3
233 439 -12
233 337 -3
233 277 -98
233 395 52
233 507 71
233 470 7
233 495 -68
233 397 90
233 281 49
233 492 -6
234 417 78
234 257 82
234 266 1
234 255 -64
234 482 3
234 384 -78
234 289 -29
234 444 -84
234 299 -90
234 371 85
234 237 -58
235 273 -35
235 242 19
235 296 -8
235 266 -55
235 446 99
235 252 61
235 504 58
235 295 85
235 253 -73
235 361 -32
235 380 -58
235 417 60
235 352 71
236 264 -68
236 477 49
236 358 -94
236 267 38
236 466 81
236 353 -5
236 408 14
236 376 54
236 282 92
236 279 -27
236 304 -22
236 298 -82
236 268 42
236 487 -66
236 259 27
236 416 -45
237 407 -77
237 441 99
237 456 -66
237 238 -62
237 263 80
237 325 -94
237 500 7
237 466 92
237 387 53
237 242 43
237 369 9
237 258 -50
237 397 74
238 434 61
238 355 11
238 393 -64
238 250 -43
238 316 31
238 415 -100
238 308 75
238 429 -40
238 281 -62
238 470 -34
238 298 85
238 283 8
238 389 -63
238 405 -68
238 243 -66
239 304 -26
239 364 15
239 309 -9
239 509 97
239 394 -9
239 355 -37
239 452 -15
239 282 47
239 286 62
239 327 -62
239 409 58
240 394 15
240 284 -62
240 399 -28
240 421 -43
240 257 73
240 467 54
240 304 -71
240 423 4
240 456 -96
241 346 -47
241 295 96
241 482 77
241 462 20
241 370 -39
241 497 -63
241 446 -99
241 433 65
241 259 -77
241 454 20
241 508 57
242 462 -33
242 377 57
242 254 53
242 316 -34
242 428 -68
242 354 31
242 339 -90
242 465 75
242 314 97
242 436 62
242 385 -46
242 404 6
242 352 11
242 315 -9
243 348 -48
243 348 7
243 510 -87
243 500 -89
243 311 -99
243 271 67
243 307 -75
243 305 79
243 334 41
243 472 -19
244 314 12
244 252 -6
244 408 -53
244 309 -23
244 254 6
244 437 -8
244 279 70
244 317 11
244 481 -55
245 392 71
245 459 -86
245 270 -61
245 285 -73
245 498 -98
245 450 93
245 389 85
245 409 72
245 496 72
245 276 53
245 273 58
245 431 -63
245 356 90
245 415 3
246 425 -9
246 480 -88
246 421 70
246 330 -99
246 314 28
246 497 51
246 434 -100
246 406 76
246 252 -33
246 262 8
246 481 70
246 503 5
246 337 18
246 263 -45
247 291 86
247 369 -7
247 387 -77
247 495 -39
247 419 54
247 264 -75
247 436 -16
247 264 -40
247 267 50
247 386 -48
247 398 -58
247 270 4
247 476 -3
248 343 -11
248 371 -30
248 417 62
248 474 83
248 261 -72
248 255 74
248 375 77
248 260 44
248 472 -77
248 511 59
248 300 -25
249 498 -54
249 269 -21
249 479 18
249 336 58
249 250 74
249 450 -86
249 280 20
249 365 -60
249 420 22
249 420 31
249 270 5
249 278 28
249 317 -56
250 263 80
250 328 -10
250 333 -8
250 471 -88
250 304 98
250 506 53
250 489 -55
250 470 -67
250 300 -23
250 502 -62
250 271 -51
250 346 -65
250 415 -87
250 467 38
251 405 89
251 329 98
251 460 29
251 432 1
251 385 64
251 277 17
251 284 -49
251 391 17
252 313 -31
252 327 65
252 476 12
252 288 -4
252 354 85
252 277 81
252 336 -34
252 351 -75
252 486 -66
253 447 -3
253 468 52
253 336 64
253 498 -38
253 473 22
253 433 -75
253 319 75
253 315 88
253 381 -77
253 442 64
253 356 -88
253 261 27
253 485 37
254 410 -24
254 267 76
254 503 31
254 453 -75
254 451 -6
254 474 -25
254 262 94
254 339 96
254 430 7
254 512 -45
254 498 -59
254 448 -13
254 363 29
254 431 -53
254 399 70
255 265 87
255 481 87
255 348 11
255 371 42
255 487 66
255 341 54
255 310 -32
255 449 -70
255 376 -72
255 447 -98
255 360 53
255 418 -62
255 384 -41
255 457 -33
256 360 -5
256 263 -20
256 276 69
256 458 -1
256 325 34
256 446 -52
256 478 -8
256 351 89
256 282 -56
256 417 -28
256 379 10
257 291 57
257 476 -99
257 311 -40
257 398 98
257 262 24
257 511 -99
257 286 -12
257 333 9
257 449 -2
257 346 -87
257 504 58
257 258 -36
257 302 5
257 393 -12
258 324 -70
258 260 27
258 397 74
258 324 74
258 472 63
258 399 -60
258 402 17
258 479 3
258 351 -68
258 415 88
258 314 92
258 416 -42
258 336 7
259 440 76
259 426 -89
259 303 70
259 444 -92
259 401 -78
259 323 -96
259 331 25
259 506 -3
260 262 21
260 458 -25
260 314 69
260 321 -73
260 396 46
260 313 -53
260 502 -19
260 474 -95
261 382 -58
261 341 -58
261 272 -66
261 299 -30
261 287 -6
261 369 36
261 300 89
261 394 91
261 315 -72
261 383 -47
261 408 -58
261 420 -19
262 500 29
262 483 14
262 465 77
262 484 -14
262 375 -17
262 457 78
262 416 78
262 279 -98
262 320 65
262 385 13
263 477 -42
263 328 -37
263 339 91
263 447 -66
263 293 22
263 411 61
263 329 71
263 349 64
263 387 28
263 376 -67
263 354 6
263 397 36
264 508 85
264 455 -77
264 281 38
264 405 -8
264 497 52
264 368 65
264 447 26
265 431 -47
265 335 -100
265 442 -74
265 345 22
265 326 33
265 496 6
265 457 99
265 302 -4
265 279 71
265 411 -10
266 383 -39
266 316 -8
266 342 -71
266 338 88
266 333 -73
266 267 39
266 512 -75
266 479 -83
266 453 -24
266 322 -57
266 330 67
266 391 -21
266 394 94
266 367 89
267 437 11
267 426 -16
267 508 84
267 324 -98
267 506 -80
267 412 59
267 321 14
267 271 35
267 412 40
267 384 -70
267 374 28
268 281 33
268 441 44
268 457 19
268 334 -75
268 275 -54
268 310 33
268 428 -89
268 438 -58
268 469 25
268 494 23
268 446 -54
269 500 47
269 444 -57
269 385 -25
269 285 0
269 382 22
269 288 -82
269 451 89
269 368 -63
270 388 -9
270 320 -13
270 305 -73
270 508 86
270 334 29
270 335 30
270 330 -83
270 476 18
270 289 13
270 397 -93
270 426 21
270 272 -67
270 428 5
270 388 -28
271 389 99
271 372 40
271 365 -7
271 329 -38
271 358 60
271 329 -45
271 317 84
271 475 -97
271 429 16
272 337 67
272 298 -100
272 337 -98
272 328 81
272 373 -14
272 311 -11
272 281 60
272 392 17
272 491 -27
272 331 27
272 449 71
272 299 -83
273 340 -60
273 276 -49
273 472 -49
273 280 22
273 396 -45
273 476 49
273 405 -92
273 336 5
273 415 33
273 346 32
274 380 -56
274 510 21
274 358 -37
274 382 56
274 356 6
274 364 -88
274 439 98
274 476 66
274 427 98
274 423 -86
274 407 86
275 302 79
275 428 -58
275 387 -60
275 279 36
275 396 28
275 278 -9
275 404 39
275 510 18
275 385 4
275 411 -28
275 366 47
276 408 14
276 405 -3
276 383 -52
276 476 -15
276 386 -1
276 378 -96
276 297 85
276 474 67
276 409 -71
276 363 89
276 434 -3
276 379 76
277 511 50
277 387 -60
277 392 -2
277 343 -47
277 291 -54
277 386 -96
277 380 72
277 383 91
278 490 81
278 373 -55
278 398 -96
278 286 -15
278 387 20
278 422 -14
278 371 -96
278 504 -36
278 503 55
278 439 33
278 335 52
279 505 35
279 309 -65
279 502 -89
279 298 73
279 320 -73
279 345 -27
279 285 -12
279 406 -83
279 360 26
279 511 -8
279 394 -62
279 484 -83
279 378 74
279 390 -74
279 344 -20
279 326 61
280 367 -93
280 507 -48
280 465 59
280 465 -49
280 448 59
280 289 -31
280 309 17
280 324 -30
280 306 -31
281 449 -98
281 349 -77
281 367 96
281 297 -47
281 347 -28
281 388 90
282 328 66
282 289 20
282 286 65
282 397 -43
282 327 61
282 390 30
282 449 95
282 413 -29
282 481 82
282 475 -13
282 402 96
283 465 -13
283 408 49
283 445 -40
283 506 20
283 448 33
283 434 -79
283 356 92
283 407 -29
283 362 -60
283 350 -57
284 498 -14
284 466 -79
284 478 36
284 442 -45
284 492 -99
284 416 -100
284 400 -72
284 440 -67
284 468 -53
284 382 -96
284 421 -22
284 289 61
284 492 -65
284 354 -16
285 360 78
285 377 -4
285 318 -42
285 417 30
285 333 -22
285 396 38
285 413 -19
285 343 55
286 504 -65
286 381 27
286 333 -42
286 323 -61
286 372 88
286 394 24
286 327 66
286 425 -6
286 415 -13
286 417 3
286 499 -89
286 390 13
286 366 -4
286 430 -19
287 495 46
287 498 50
287 448 44
287 414 -47
287 378 -21
287 344 -31
287 491 -51
287 339 78
287 319 20
287 289 77
288 387 82
288 344 -81
288 292 -98
288 347 -43
288 394 18
288 426 35
288 402 -24
288 479 -56
288 391 67
288 477 54
289 498 59
289 416 -92
289 477 -91
289 374 63
289 433 -39
289 392 -33
289 350 50
289 450 4
289 409 10
289 409 -41
289 424 90
290 370 -60
290 437 -70
290 364 -99
290 339 76
290 329 76
290 331 -95
290 323 91
290 461 72
290 511 -8
290 369 39
291 507 30
291 486 -6
291 326 4
291 446 -62
291 491 19
291 425 91
291 459 95
291 324 79
292 314 70
292 303 64
292 469 -86
292 489 56
292 357 43
292 399 -33
292 465 -16
292 368 75
292 332 8
292 311 85
292 339 -43
292 407 -5
292 499 -51
293 336 -90
293 349 96
293 507 53
293 362 51
293 374 47
293 306 20
293 431 -42
293 387 -99
293 361 -1
293 510 61
293 448 -64
293 451 44
293 294 -89
294 399 50
294 467 50
294 354 25
294 412 17
294 474 -18
294 503 -10
294 447 -100
295 347 -22
295 335 -53
295 368 24
295 400 -84
295 375 45
295 396 18
296 500 -94
296 324 -2
296 488 -40
296 409 -29
296 489 31
296 348 7
296 309 -9
297 398 -85
297 301 -22
297 466 27
297 363 -94
297 398 21
297 504 59
297 495 -74
297 367 52
297 371 -2
297 358 -62
298 356 81
298 500 -89
298 334 45
298 410 46
298 429 28
298 353 9
298 425 2
298 422 -61
299 306 26
299 489 13
299 349 -92
299 335 -76
299 395 27
299 330 54
299 403 3
299 339 28
299 506 -91
299 408 92
300 450 53
300 485 2
300 319 4
300 391 -11
300 367 20
300 414 9
300 402 34
300 393 -32
301 481 -16
301 325 25
301 348 48
301 445 85
301 488 48
301 375 -59
301 428 64
301 318 -24
301 491 96
302 377 -48
302 374 44
302 348 -79
302 309 -13
302 338 20
302 441 -67
302 312 2
302 468 -84
302 412 -83
302 403 -63
302 336 -71
303 393 70
303 356 -16
303 390 36
303 468 -14
303 304 97
303 390 91
303 468 -65
303 308 44
303 380 99
303 443 89
303 469 -51
303 466 -9
304 393 -24
304 471 -22
304 415 -73
304 456 -67
304 305 31
304 312 19
305 352 62
305 386 60
305 359 -87
305 306 -65
305 348 -55
305 476 -72
305 340 -94
305 500 12
305 337 96
306 389 39
306 459 57
306 414 1
306 337 -47
307 421 2
307 377 52
307 485 -36
307 502 -30
307 455 -69
307 482 52
308 342 34
308 442 6
308 469 20
308 401 69
308 500 -64
308 337 -8
308 443 -55
308 417 -89
309 492 87
309 472 -72
309 360 -76
309 416 -51
309 386 68
309 359 -71
309 483 89
310 333 -73
310 505 78
310 386 -91
310 393 32
310 366 85
310 434 -10
310 496 80
310 330 -78
310 413 -83
311 465 65
311 394 42
311 366 -29
311 343 56
311 423 -25
311 402 -11
311 455 -71
311 340 62
311 464 -1
311 504 -90
312 501 91
312 441 18
312 496 -6
312 501 -72
312 416 -45
312 333 -68
312 314 63
312 400 37
312 378 74
313 411 35
313 490 -21
313 397 91
313 390 98
313 449 33
313 326 96
313 338 -21
313 334 56
313 379 42
313 395 3
313 465 -80
314 341 -12
314 372 34
314 364 -50
314 362 -37
314 430 -88
314 324 73
314 424 60
314 477 62
314 413 86
314 435 13
314 464 63
315 342 -67
315 320 59
315 467 58
315 503 -62
315 348 -58
315 348 12
316 410 38
316 434 -63
316 452 65
316 375 75
316 366 9
316 475 -49
316 325 4
316 382 -100
316 474 -91
316 340 -60
316 380 94
316 379 47
317 427 22
317 511 -32
317 321 0
317 392 -59
317 454 -94
318 375 9
318 411 43
318 327 65
318 450 80
318 459 18
318 375 -50
318 460 -26
318 363 -3
319 498 -63
319 471 -75
319 411 20
319 324 14
319 512 -99
319 361 86
319 383 -86
319 483 52
320 335 -81
320 433 -59
320 509 -66
320 497 80
320 464 -35
320 434 -65
320 402 66
320 505 -29
320 369 -57
320 377 76
321 497 15
321 487 91
321 425 58
321 351 -17
321 401 75
321 442 19
321 329 65
321 498 49
321 334 -81
322 414 -13
322 435 -96
322 392 26
322 468 -41
322 474 -98
322 353 -97
322 512 1
323 495 -45
323 461 65
323 374 86
323 329 -38
323 490 0
323 442 -7
324 407 -16
324 377 -16
324 487 39
324 449 -51
324 350 55
324 373 -10
324 471 -66
324 470 35
325 454 -8
325 364 -27
325 369 -64
325 342 9
325 495 6
325 433 -80
325 436 14
325 460 -38
325 359 -87
325 378 -38
325 464 -30
326 493 83
326 483 -28
326 327 49
326 364 67
326 408 1
326 508 -71
326 382 -94
326 467 31
326 436 -67
326 339 -12
327 448 91
327 415 -47
327 417 -49
327 396 95
328 420 -83
328 482 -39
328 452 77
328 362 53
328 442 55
328 438 35
328 491 -53
328 330 -10
328 507 -29
328 384 46
328 431 70
328 364 -34
328 330 -35
328 339 89
329 413 54
329 501 2
329 440 2
329 367 76
329 439 23
329 446 -20
329 500 -18
329 434 -96
330 403 11
330 494 -4
330 491 72
330 343 -98
330 378 -27
330 401 28
330 507 -79
330 385 49
331 448 21
331 494 -17
331 340 -64
331 379 90
331 420 51
331 396 -17
331 392 77
331 346 -64
331 499 -38
332 433 65
332 448 5
332 361 79
332 360 94
332 439 -75
332 377 -60
333 391 -20
333 465 -74
333 434 59
333 398 47
333 446 45
333 442 -92
333 512 79
333 493 57
333 428 40
333 464 -65
334 498 -40
334 477 -58
334 467 93
334 401 43
334 493 -42
334 504 40
335 438 -74
335 485 90
335 436 -78
335 429 -85
335 385 65
335 351 36
336 374 -10
336 362 -83
336 395 69
336 396 63
336 356 92
336 473 -97
336 373 16
336 359 -39
336 477 4
336 338 -13
336 382 40
336 511 56
337 395 85
337 352 36
337 488 56
337 393 -3
337 497 -80
338 452 38
338 491 42
338 463 49
338 445 29
338 383 -54
338 370 9
339 397 -54
339 408 -52
339 459 28
339 413 -11
339 509 -34
339 396 -66
339 443 -47
339 465 -48
339 421 -33
339 394 -44
340 482 88
340 364 1
340 400 34
340 371 -20
340 507 49
340 497 53
341 486 -97
341 476 20
341 463 -13
341 447 -74
341 402 57
341 347 -20
341 382 36
342 464 -79
342 346 -59
342 452 55
342 433 12
342 462 42
342 439 77
342 476 43
342 360 51
343 425 92
343 423 78
343 348 -73
343 354 -60
343 466 -64
344 443 -7
344 388 -71
344 482 72
344 384 -72
344 452 6
344 493 -2
344 426 52
345 467 -62
345 483 -71
345 447 10
345 432 -72
345 401 94
345 420 -29
345 478 -68
345 371 65
345 444 -83
346 509 -5
346 503 46
346 416 -61
346 504 46
346 399 -31
346 416 0
346 451 -93
347 480 -79
347 492 84
347 427 48
347 404 24
347 500 2
347 389 -28
348 408 62
348 502 -19
348 510 22
348 497 -32
348 414 -6
348 495 -30
348 471 86
349 445 -60
349 507 -25
349 351 57
349 376 74
349 384 -1
350 388 -22
350 502 -11
350 394 -68
350 414 93
350 387 60
350 362 28
350 395 37
351 473 -19
351 484 66
351 490 15
351 409 -38
351 468 51
351 508 -43
351 493 75
351 447 -9
351 430 22
352 440 27
352 446 -50
352 495 4
352 404 39
352 432 11
352 361 -93
352 500 -64
352 388 -73
352 454 -41
353 368 93
353 401 6
353 395 -20
353 484 -42
353 478 -63
353 367 81
353 498 -59
354 508 -44
354 438 72
354 503 52
354 371 -41
354 367 -50
355 409 -60
355 378 82
355 449 24
355 511 50
355 369 65
355 506 75
355 509 57
356 398 -42
356 373 -62
356 380 49
356 418 -34
356 409 43
356 420 74
357 486 -15
357 432 -34
357 461 -54
357 362 -16
358 369 92
358 371 1
358 492 -86
358 360 18
358 437 -14
359 511 -98
359 365 -12
359 418 -99
359 408 -10
359 365 70
359 430 -66
359 440 -4
359 434 67
359 493 -76
360 374 54
360 362 66
360 466 11
360 362 95
360 511 1
360 501 25
360 428 41
361 512 -66
361 494 -37
361 441 90
361 377 47
361 377 -89
362 443 -51
362 502 16
362 383 -7
362 434 67
363 375 86
363 448 -60
363 380 -94
363 511 -33
363 420 -70
363 386 95
363 421 -32
363 406 51
363 468 -78
364 487 -28
364 380 -75
365 467 38
365 478 -68
365 453 -78
365 381 79
365 466 -39
365 462 -46
366 495 76
366 426 -78
366 433 -46
366 396 24
366 477 21
367 408 97
367 372 -85
367 506 32
367 385 56
367 424 50
367 458 -38
367 435 -12
368 486 82
368 509 -4
368 471 -62
368 486 41
368 461 47
368 396 -55
368 371 -25
368 456 18
368 407 -66
369 377 -83
369 451 -42
369 381 30
369 404 -5
369 444 -6
369 465 -1
370 397 14
370 374 -62
370 508 47
370 454 73
370 455 85
370 386 2
370 374 -61
371 473 -27
371 437 -99
371 509 -42
371 398 -68
371 455 -72
372 468 6
372 508 -43
372 445 37
372 440 88
372 376 23
372 454 61
372 487 60
372 374 -26
372 426 6
373 391 17
373 436 -52
373 376 43
373 477 94
373 447 -39
373 459 20
373 387 -67
373 456 99
374 429 70
374 483 -20
374 459 -94
374 400 -93
374 468 1
374 486 82
374 475 -72
375 480 -87
375 509 -69
375 427 5
375 392 -17
376 407 21
376 403 13
376 447 -41
376 405 -92
377 458 -39
377 381 -48
377 473 -22
377 460 10
377 492 83
377 428 76
377 442 83
378 411 37
378 399 90
378 469 -23
378 386 -96
379 479 55
379 482 48
379 484 72
379 392 -77
379 380 12
379 426 91
379 396 -44
379 458 11
380 473 -98
380 383 -60
380 448 25
380 404 -61
380 414 61
381 435 30
381 396 -24
381 481 -9
381 430 2
381 500 -35
381 472 71
381 452 22
381 471 81
381 384 -41
381 446 9
382 414 55
382 472 -32
382 420 -41
382 419 -2
382 402 1
382 435 -65
382 477 -94
382 407 58
383 478 30
383 491 86
383 393 -16
383 464 -15
383 448 -46
383 418 82
384 453 8
384 503 -11
384 500 -93
384 499 33
384 497 68
384 498 -88
384 388 67
385 463 45
385 433 86
385 459 49
385 410 53
385 509 89
385 486 16
386 396 -6
386 457 -53
386 503 -86
386 392 60
386 416 -47
386 424 -63
387 497 51
387 493 79
387 419 -70
387 452 17
388 472 -62
388 431 -85
388 492 -44
388 470 85
388 479 71
388 424 -82
389 479 11
389 464 41
389 508 81
389 424 -48
389 439 12
390 428 86
390 394 -24
390 413 -25
390 505 -57
390 441 12
391 397 -48
391 402 56
391 468 78
391 439 27
391 436 -49
391 478 -69
392 437 18
392 460 82
392 477 59
392 437 -92
392 395 -100
392 466 12
392 508 -57
393 456 28
393 469 -100
393 445 -21
393 426 44
393 420 76
393 396 79
393 502 59
394 480 77
394 480 33
394 405 -11
394 423 3
394 471 84
395 405 -74
395 499 -17
395 401 42
395 431 -59
395 414 41
395 500 99
396 505 26
396 481 44
397 401 89
397 460 -54
397 441 -70
397 498 52
397 415 -2
397 410 54
398 431 -32
398 479 -71
398 399 -33
398 473 74
398 457 -62
398 499 -1
398 403 23
398 407 26
398 426 -75
399 480 -89
399 496 51
399 418 23
399 497 -83
400 428 -29
400 453 -81
400 475 95
400 482 -94
400 408 -60
400 505 46
401 449 5
401 465 -14
401 420 -6
401 500 2
402 419 -68
402 451 -17
402 486 8
402 424 26
402 451 5
402 492 0
403 406 57
403 511 92
403 450 35
404 407 -82
404 436 -16
404 456 -14
404 422 -91
404 508 -20
405 493 92
405 433 -77
405 414 -39
405 408 43
405 509 -92
406 452 -49
406 476 -25
406 416 -83
406 463 -80
406 452 -25
406 505 52
407 474 33
407 446 7
407 428 -61
407 499 -87
407 506 61
407 420 56
408 475 -75
408 422 -6
408 434 -5
409 512 14
409 473 41
409 510 88
409 418 93
409 458 -34
409 453 -70
410 501 54
410 471 51
410 486 15
410 441 -13
410 493 -68
411 490 -82
412 431 80
412 468 -89
412 440 -83
413 495 75
413 502 42
413 496 -54
413 474 67
413 464 99
413 491 -17
414 418 35
414 508 78
414 460 61
414 505 77
414 465 -12
414 415 44
414 509 -48
414 508 -34
415 445 -5
415 472 78
415 499 4
415 471 -69
415 418 4
416 495 -89
416 429 -13
416 475 43
416 450 76
417 467 67
417 435 -32
417 489 -36
417 423 60
417 450 71
418 436 -95
418 427 -59
418 435 -23
419 465 5
419 445 -26
419 489 -27
419 435 90
419 491 42
419 509 -78
420 421 -35
420 473 69
420 434 -62
421 472 -57
421 482 -61
421 429 59
422 423 69
422 467 -85
422 445 48
423 489 -86
424 478 93
424 438 77
424 507 66
424 496 31
425 460 -2
425 469 80
426 447 42
427 499 40
427 487 56
427 495 33
427 454 -10
428 477 85
428 462 -78
428 500 24
428 467 -22
429 491 -93
429 508 69
429 435 -20
430 446 30
430 491 -94
430 446 43
430 470 9
430 470 95
431 469 83
432 509 6
432 470 47
432 463 -92
432 452 -41
433 479 -95
433 449 -77
433 456 24
434 439 -27
434 469 49
434 495 23
434 494 32
435 471 -9
435 509 74
436 453 -83
436 476 45
436 497 83
438 507 -56
438 507 58
438 491 46
439 490 93
440 495 -57
440 458 -43
440 493 -12
440 480 0
440 486 7
441 465 37
441 465 22
441 506 57
441 489 38
441 489 95
441 447 -27
442 474 1
442 495 -75
442 455 22
442 460 -9
442 487 -41
443 446 -17
444 492 -81
444 475 49
445 473 -8
445 483 63
445 475 25
445 482 13
446 447 -67
446 501 -1
446 451 47
446 504 -83
446 464 41
447 506 -24
448 468 -36
448 504 -93
449 453 -41
449 470 18
449 498 97
449 492 -6
449 464 0
449 460 38
449 491 -94
449 460 3
450 483 -19
450 506 88
451 455 -67
451 469 -85
451 456 -98
452 471 -2
452 509 23
452 453 -60
452 456 -75
453 506 2
453 499 -16
453 500 49
454 512 -33
454 469 77
454 505 -92
456 474 52
456 492 -26
457 464 89
457 465 -38
457 478 -60
458 507 45
458 470 -30
459 493 65
459 501 0
459 512 61
460 505 -29
460 502 -54
460 504 -47
460 476 -8
461 503 78
462 496 83
462 470 -93
462 509 -47
463 512 -72
464 497 13
464 469 88
465 484 -21
466 472 41
466 512 63
466 470 -59
466 510 -93
466 507 45
467 477 18
467 493 -98
468 469 -84
468 475 56
469 493 48
470 473 -74
470 482 73
470 494 -34
470 471 -13
471 502 69
471 500 -17
472 486 86
473 484 -22
473 510 73
474 477 35
476 480 -81
477 481 13
477 506 -22
478 490 21
478 503 66
478 502 -56
479 482 29
480 497 -70
481 507 35
481 510 -17
482 483 -68
483 485 66
484 499 51
484 499 -37
486 487 -11
486 489 -76
487 510 81
488 491 76
489 496 -76
489 498 90
489 505 -82
490 502 42
490 504 -67
490 492 -44
493 498 59
495 508 -84
496 501 8
500 511 96
503 505 -99
505 507 -9
507 511 39
