128 750
1 25 18
1 126 -62
1 79 -64
1 27 69
1 5 -84
1 70 -75
1 34 -68
1 77 59
1 15 32
1 105 45
1 55 27
1 47 63
2 12 -100
2 45 23
2 52 -100
2 57 -35
2 114 79
2 7 90
2 99 -61
2 120 8
2 75 81
2 123 -30
2 117 -73
3 39 17
3 32 -3
3 99 84
3 97 30
3 55 65
3 123 -81
3 20 78
3 56 67
3 83 -92
3 37 -80
3 117 0
3 105 11
4 122 -52
4 116 -24
4 48 -47
4 116 -1
4 73 1
4 27 -7
4 58 -23
4 63 92
4 12 -94
4 123 -36
4 114 -33
4 92 76
5 24 -27
5 40 -9
5 53 6
5 76 49
5 28 63
5 112 -99
5 63 -89
5 79 18
5 12 46
5 34 -35
5 95 92
5 92 -55
6 66 50
6 126 50
6 124 -2
6 68 -63
6 43 27
6 62 -30
6 90 55
6 54 -51
6 79 13
6 108 83
7 51 60
7 81 16
7 28 79
7 31 23
7 82 43
7 24 61
7 71 90
7 13 -33
7 107 -23
7 68 31
7 43 -64
8 37 95
8 27 37
8 81 33
8 104 26
8 51 13
8 40 29
8 104 92
8 105 63
8 116 -85
8 25 -86
8 69 1
9 71 -89
9 118 55
9 31 89
9 99 64
9 115 -24
9 41 -82
9 53 9
9 104 71
9 95 -25
9 85 39
9 104 -29
9 59 10
10 122 17
10 16 -52
10 64 1
10 67 -26
10 115 56
10 112 -75
10 26 -86
10 41 -99
10 18 3
10 49 83
10 56 -6
11 43 58
11 90 -96
11 120 7
11 128 -22
11 99 -100
11 118 70
11 125 71
11 59 -42
12 97 -31
12 106 69
12 62 -34
12 48 -31
12 104 -51
12 74 24
12 68 40
12 80 40
12 57 54
12 26 31
13 42 88
13 62 -46
13 81 47
13 84 -51
13 21 -38
13 74 -20
13 82 24
13 22 -55
13 116 -56
13 19 98
14 17 83
14 54 -79
14 117 -46
14 91 -83
14 97 59
14 91 -23
14 26 4
14 20 32
14 77 -81
14 86 -16
15 119 -2
15 87 -47
15 55 -83
15 89 -96
15 60 65
15 51 -87
15 105 7
15 18 -84
15 76 -14
15 110 55
16 125 -51
16 33 -32
16 84 -93
16 120 58
16 46 52
16 56 58
16 123 -13
16 36 -24
16 92 -3
17 126 2
17 86 98
17 42 12
17 74 96
17 36 -86
17 64 93
17 117 81
17 75 -30
17 31 63
17 26 46
18 91 -98
18 31 -3
18 106 -62
18 25 -45
18 33 21
18 40 38
18 54 -43
18 73 -49
18 97 26
18 48 -63
19 34 34
19 112 17
19 40 14
19 93 -43
19 98 -19
19 82 38
19 100 -30
19 50 -98
19 124 -90
19 70 -71
19 93 -1
20 120 39
20 95 -88
20 61 64
20 27 86
20 63 -36
20 55 54
20 23 -60
20 77 26
20 67 43
21 107 34
21 37 -67
21 128 53
21 52 89
21 56 -89
21 80 -75
21 64 -81
21 84 26
21 72 -81
21 43 -44
22 57 98
22 28 55
22 109 -69
22 86 -1
22 48 77
22 85 91
22 116 74
22 78 14
22 59 11
23 37 49
23 91 -36
23 100 -37
23 73 -56
23 112 -66
23 64 -2
23 52 -21
23 26 -7
23 103 -45
23 69 -89
24 74 18
24 117 42
24 54 -66
24 44 -27
24 56 76
24 79 0
24 54 64
24 109 54
24 122 -73
24 46 -67
24 70 -79
24 40 -53
25 87 62
25 34 -51
25 77 13
25 88 -91
25 51 -50
25 97 77
25 75 -84
25 126 -8
25 32 -69
25 88 -82
26 96 -4
26 88 -74
26 30 20
26 55 39
26 117 -69
26 75 -95
26 35 -73
26 63 54
26 128 -33
27 74 38
27 119 -6
27 63 -49
27 100 50
27 125 19
27 82 -45
27 100 -60
27 103 73
28 107 -26
28 57 -38
28 48 5
28 111 27
28 108 7
28 106 8
29 41 -65
29 112 -65
29 115 87
29 78 -74
29 96 -60
29 51 -77
29 96 -71
29 113 35
29 77 85
30 89 64
30 57 18
30 106 94
30 95 20
30 118 -88
30 79 43
30 85 75
30 94 62
31 57 -13
31 43 51
31 122 -58
31 40 -78
31 69 -30
31 73 -80
31 119 94
31 87 30
31 64 9
31 77 13
32 52 50
32 79 91
32 42 -44
32 41 -81
32 35 -92
32 61 -37
32 57 -88
32 84 -83
32 104 95
33 36 3
33 103 8
33 103 81
33 103 -20
33 77 -67
33 68 34
33 42 -5
33 61 85
33 107 56
33 89 -30
33 102 20
34 121 -68
34 46 -24
34 49 -87
34 125 24
34 109 70
34 53 -42
34 81 68
34 91 38
35 119 -41
35 91 -82
35 79 -64
35 124 -66
35 121 -63
35 42 14
35 103 -63
35 119 -99
35 45 -95
35 91 -82
36 95 54
36 46 -7
36 92 -43
36 128 96
36 42 -56
36 39 -34
36 124 -92
36 77 -87
36 117 94
36 127 87
37 72 11
37 125 -53
37 43 16
37 47 66
37 99 -16
37 73 43
37 74 70
37 96 -22
38 128 5
38 58 72
38 94 -25
38 124 -54
38 102 9
38 71 12
38 45 -54
38 68 76
38 101 0
38 69 65
38 39 -72
38 97 -66
39 66 41
39 72 38
39 121 66
39 81 -93
39 75 13
39 97 47
39 84 61
39 76 14
40 64 -61
40 48 75
40 100 -26
40 95 -43
40 90 -47
40 118 -65
40 93 -32
40 122 -77
40 75 -20
40 92 -22
40 41 87
41 83 -30
41 44 10
41 60 97
41 126 36
41 44 91
41 44 84
41 81 -93
41 55 -27
41 101 -66
42 126 -8
42 45 -92
42 109 64
42 124 -62
42 48 59
42 109 -85
42 101 -3
42 98 88
43 47 -93
43 48 50
43 61 32
43 79 52
43 83 54
43 60 70
43 45 49
44 118 51
44 52 -46
44 109 39
44 125 -97
44 80 -52
44 65 -69
44 76 50
44 77 82
45 75 7
45 97 3
45 104 -43
45 125 -36
45 118 -21
45 79 94
45 51 47
46 62 55
46 128 53
46 47 -77
46 123 35
46 70 35
46 98 57
47 65 -3
47 82 20
47 109 -4
47 111 69
47 115 6
47 88 6
47 90 -37
47 57 -35
47 123 -91
48 72 37
48 54 -89
48 81 -38
48 73 5
48 78 -62
48 62 51
48 89 30
49 54 -86
49 116 -96
49 67 -32
49 80 -99
49 109 -42
49 106 38
49 88 -60
49 69 -94
49 54 -82
49 89 -73
50 77 69
50 119 -31
50 79 -48
50 98 11
50 76 -74
50 64 99
50 126 -19
50 62 -34
51 95 40
51 128 -28
51 60 71
51 110 74
51 103 -66
51 65 28
52 62 34
52 116 76
52 63 63
52 127 54
52 76 -21
52 102 76
52 89 -2
52 96 15
53 91 -18
53 76 -100
53 123 22
54 112 29
54 98 68
54 66 -65
54 64 -70
54 85 -58
54 83 -88
54 108 -79
54 66 26
55 81 -20
55 59 45
55 125 73
55 125 32
55 60 -1
55 57 -49
55 59 28
56 82 -39
56 89 -51
56 115 55
56 109 -31
56 77 78
56 88 57
57 115 -62
57 84 3
57 128 48
57 62 36
57 101 -10
57 125 69
57 60 -32
57 107 -88
58 99 -71
58 79 24
58 74 -97
58 94 -66
58 73 -85
58 91 19
58 64 -39
59 104 67
59 114 84
59 95 -52
59 120 -21
59 111 63
59 121 -72
60 95 33
60 77 -37
60 89 0
60 70 -64
60 93 -94
60 97 38
61 124 -43
61 110 -26
61 95 84
61 73 -47
61 125 84
62 63 -20
62 124 -69
62 95 -96
62 103 -87
63 119 -26
63 110 51
64 82 52
64 94 15
64 83 2
64 79 -34
64 111 -40
65 113 -43
65 86 -38
65 115 32
65 93 0
66 97 61
66 110 59
66 93 89
66 70 12
66 80 67
66 69 -62
67 93 96
67 79 73
67 72 79
67 93 22
67 85 -43
67 116 -76
67 87 -9
68 95 -42
68 72 79
68 105 74
68 118 -12
68 91 -63
68 114 -85
68 89 -49
69 114 49
69 75 82
69 94 17
69 96 86
69 99 1
69 75 -72
70 127 36
70 117 -15
70 114 -42
70 76 19
71 74 -30
71 89 83
71 111 -98
71 114 -69
71 91 -64
72 92 -24
72 118 -61
72 90 -23
72 103 -2
72 115 35
73 79 -59
73 105 -97
73 107 19
73 89 31
74 111 33
74 107 -18
74 120 55
74 127 -34
74 124 -78
74 120 29
74 122 -9
74 86 -29
74 94 48
74 114 58
75 93 78
75 91 84
75 78 -36
76 124 56
76 118 57
76 125 31
76 85 18
76 105 -72
77 109 8
77 126 37
77 92 78
77 96 20
77 99 12
77 97 62
77 85 42
78 125 -34
78 95 -62
78 108 35
78 99 2
78 104 -27
78 114 6
79 126 4
79 95 97
79 84 -30
79 95 54
79 87 -49
80 113 17
80 81 84
80 102 -68
80 87 -31
81 123 -72
81 110 20
81 113 -29
82 104 -11
82 85 -55
82 97 -97
83 85 49
83 105 41
84 87 48
84 98 -99
84 97 77
85 95 46
85 88 -4
85 120 -51
85 99 52
85 107 -28
85 95 -97
85 116 42
85 88 9
86 105 60
86 127 49
86 127 61
86 120 93
86 122 -8
87 123 66
87 122 -87
87 112 -10
87 119 -3
87 109 0
87 103 0
88 101 -3
88 91 0
89 93 -81
89 127 -66
89 103 -74
89 105 -18
89 112 7
90 115 -3
90 112 -88
90 105 -19
91 121 -87
91 123 20
91 97 12
92 98 -71
92 113 57
92 127 -52
93 101 63
93 127 23
93 104 59
94 101 -14
94 107 47
94 99 -19
95 103 -51
95 102 -17
96 116 24
97 114 1
97 114 21
97 103 -20
98 127 -87
98 126 -28
98 103 83
98 101 66
99 121 -75
100 118 -53
100 112 -46
101 106 14
101 125 -19
101 106 -82
102 127 16
102 120 4
103 119 71
103 109 87
104 128 83
104 123 -37
104 112 -1
105 121 96
105 112 -11
105 110 17
105 112 13
105 110 -95
106 116 -72
106 111 66
106 122 -10
106 109 67
106 108 -99
107 116 -74
107 117 -99
108 115 -54
109 122 -20
109 122 95
110 117 99
110 126 51
111 120 -29
111 127 98
112 119 -83
112 122 28
112 120 -98
115 124 -10
118 121 -47
121 127 31
122 125 22
123 125 -82
124 127 -5
