512 5858
1 171 38
1 203 -40
1 201 -26
1 69 -58
1 355 -88
1 205 20
1 453 -58
1 54 -7
1 8 83
1 37 71
1 406 -53
1 27 62
1 270 50
1 427 -7
1 67 -91
1 40 -92
1 60 -70
1 204 58
1 380 -26
1 33 41
1 302 10
1 74 7
1 163 -38
2 83 72
2 60 90
2 125 63
2 472 -53
2 273 -100
2 451 6
2 275 79
2 369 -98
2 343 41
2 287 -56
2 271 73
2 174 -49
2 444 99
2 427 -3
2 461 61
2 215 97
2 215 -21
2 382 -66
2 464 -79
2 380 -92
2 254 82
2 151 -7
2 388 76
3 220 6
3 96 -99
3 110 22
3 65 -59
3 20 17
3 15 -20
3 403 -79
3 249 -78
3 93 68
3 89 -17
3 472 64
3 25 -69
3 327 -47
3 452 24
3 446 -34
3 396 63
3 498 42
3 335 -51
3 447 -80
3 171 -68
3 313 -76
3 239 40
3 259 -85
4 124 48
4 475 21
4 479 -69
4 492 50
4 205 -43
4 510 22
4 506 -37
4 403 85
4 245 -63
4 395 -39
4 67 -95
4 360 -36
4 371 2
4 233 94
4 266 69
4 298 -71
4 114 -100
4 251 26
4 79 -66
4 87 -54
4 244 81
4 449 65
5 296 33
5 344 61
5 92 41
5 165 -90
5 150 71
5 415 -73
5 282 -97
5 218 -99
5 398 38
5 316 13
5 425 32
5 39 -99
5 40 29
5 111 -17
5 460 -32
5 241 -34
5 422 4
5 244 -66
5 398 5
5 189 -43
5 301 -31
5 499 33
5 373 94
6 133 -51
6 411 -52
6 179 54
6 350 80
6 506 83
6 117 73
6 177 49
6 385 -92
6 304 46
6 459 -34
6 274 -28
6 180 -14
6 493 35
6 388 69
6 296 47
6 467 49
6 223 -88
6 244 -53
6 212 1
6 18 -5
6 29 52
6 423 -38
6 297 -48
7 489 6
7 181 29
7 441 -44
7 39 -77
7 114 -57
7 247 -99
7 19 -55
7 264 68
7 411 18
7 73 44
7 378 -63
7 282 38
7 460 -58
7 165 -78
7 138 -1
7 21 -68
7 220 -22
7 130 84
7 61 -79
7 88 -87
7 96 58
7 144 95
7 56 -37
8 424 10
8 83 15
8 149 -31
8 490 -57
8 361 -6
8 225 -13
8 179 72
8 56 -85
8 195 -98
8 331 3
8 226 -40
8 383 6
8 162 65
8 130 -44
8 77 -87
8 323 14
8 128 58
8 446 33
8 301 -62
8 247 72
8 83 73
8 372 16
8 482 82
9 33 76
9 217 43
9 409 13
9 432 84
9 301 -25
9 56 -49
9 398 -42
9 327 35
9 409 92
9 294 25
9 299 76
9 24 -48
9 99 -38
9 417 -46
9 258 -89
9 151 -78
9 37 29
9 464 -20
9 376 53
9 510 -55
10 484 9
10 478 19
10 62 -22
10 62 -61
10 20 -82
10 108 -73
10 408 -89
10 348 58
10 48 -53
10 464 2
10 97 60
10 289 -54
10 458 -47
10 463 10
10 66 -32
10 109 23
10 105 89
10 247 78
10 167 52
10 392 7
10 23 25
10 306 16
11 497 93
11 451 77
11 29 -29
11 336 80
11 129 -64
11 387 93
11 436 -2
11 263 58
11 339 -49
11 140 -22
11 222 -65
11 305 91
11 143 -94
11 379 -98
11 243 3
11 118 89
11 424 2
11 226 -76
11 509 62
11 478 58
11 87 -1
12 446 -26
12 56 92
12 322 -7
12 23 -81
12 234 -34
12 208 -73
12 248 38
12 327 46
12 298 93
12 477 79
12 85 -84
12 268 15
12 149 -47
12 65 -97
12 263 -55
12 419 -24
12 440 55
12 193 28
12 270 -17
12 236 91
12 409 75
12 233 9
13 231 41
13 436 -63
13 202 4
13 32 50
13 120 1
13 219 77
13 245 -17
13 359 -67
13 352 -89
13 318 -97
13 501 -65
13 248 -23
13 39 -54
13 426 -21
13 72 53
13 427 -22
13 315 -25
13 148 31
13 435 31
13 504 -6
13 47 64
13 248 60
13 108 -17
14 190 -16
14 440 -78
14 389 -76
14 303 -24
14 137 1
14 142 74
14 143 -94
14 176 79
14 301 -21
14 206 -51
14 391 -28
14 279 -53
14 136 -23
14 439 33
14 213 -84
14 64 92
14 114 -32
14 54 -44
14 494 -34
14 59 46
14 242 -20
14 168 -41
14 433 74
15 192 -82
15 328 -6
15 258 99
15 402 -88
15 22 1
15 294 16
15 76 -36
15 274 -37
15 226 94
15 444 -88
15 410 -76
15 496 72
15 339 -28
15 482 85
15 472 98
15 256 94
15 309 -2
15 422 66
15 494 -61
15 38 75
15 270 -19
15 403 19
16 26 88
16 249 -84
16 123 -57
16 72 80
16 342 46
16 467 78
16 433 -44
16 294 68
16 124 -35
16 160 16
16 138 -71
16 368 -36
16 431 36
16 279 41
16 493 32
16 128 -14
16 418 91
16 350 67
16 486 70
16 474 -78
16 198 2
17 206 45
17 410 74
17 471 -26
17 177 -5
17 52 -80
17 474 -26
17 40 -3
17 486 3
17 422 70
17 373 -20
17 285 -5
17 27 83
17 43 47
17 208 -60
17 306 27
17 449 57
17 431 99
17 217 53
17 322 54
17 443 -49
17 222 -23
17 326 -36
18 241 72
18 296 90
18 114 15
18 407 -46
18 391 -93
18 250 66
18 354 -63
18 303 -48
18 338 -45
18 55 -34
18 158 96
18 478 -61
18 106 -95
18 316 -35
18 445 35
18 395 -58
18 395 -92
18 32 70
18 167 -31
18 296 -16
18 266 12
19 386 -90
19 422 45
19 110 -85
19 210 -79
19 495 73
19 188 13
19 107 -12
19 43 74
19 425 43
19 145 -36
19 116 33
19 94 44
19 453 -18
19 306 -45
19 102 -93
19 213 -75
19 362 81
19 126 7
19 263 -25
19 196 -12
19 290 -18
20 143 56
20 73 -85
20 180 -15
20 344 -75
20 229 47
20 372 -24
20 222 85
20 420 -18
20 131 17
20 75 98
20 151 83
20 510 82
20 159 74
20 163 50
20 192 29
20 40 26
20 204 77
20 360 20
20 162 -62
20 279 34
20 179 -72
20 402 84
21 178 11
21 306 59
21 212 51
21 162 10
21 486 96
21 322 -18
21 210 61
21 281 50
21 459 93
21 107 63
21 339 94
21 237 24
21 118 38
21 255 10
21 366 25
21 115 -51
21 67 58
21 59 -2
21 255 -95
21 121 99
21 436 -64
21 46 -88
21 474 -93
22 415 52
22 296 -12
22 50 -100
22 407 -88
22 446 75
22 101 -76
22 510 78
22 480 -34
22 429 -77
22 354 64
22 393 -37
22 317 33
22 165 33
22 506 -25
22 349 -54
22 225 7
22 241 -99
22 452 -8
22 187 -85
22 354 -47
22 316 80
22 424 -76
23 223 -31
23 111 26
23 326 -81
23 214 8
23 255 -15
23 99 -84
23 24 -47
23 389 81
23 318 -93
23 252 -55
23 47 11
23 201 5
23 456 93
23 427 90
23 426 13
23 157 19
23 412 53
23 248 -77
23 77 -31
23 176 -47
23 71 -11
23 214 3
24 327 -73
24 262 58
24 433 -47
24 112 -90
24 240 -24
24 314 34
24 72 -55
24 317 -47
24 62 70
24 340 -53
24 497 21
24 307 41
24 494 36
24 503 -89
24 445 -66
24 350 -35
24 380 -11
24 352 81
24 386 -65
24 487 -53
24 68 -51
24 362 90
25 26 5
25 280 -47
25 406 -67
25 233 -9
25 380 73
25 196 78
25 469 -30
25 216 57
25 442 -7
25 358 70
25 27 -82
25 324 90
25 184 -5
25 363 60
25 41 70
25 316 -73
25 236 88
25 76 47
25 466 -91
25 380 -73
25 271 60
25 160 -54
26 294 82
26 128 68
26 504 16
26 433 87
26 168 -90
26 352 -99
26 240 -36
26 442 69
26 315 48
26 80 82
26 445 61
26 252 -16
26 34 -73
26 313 -31
26 27 55
26 257 -62
26 76 -14
26 306 53
26 238 -46
26 284 98
26 190 86
26 428 7
26 303 81
27 435 58
27 491 76
27 106 -13
27 69 69
27 389 5
27 285 -5
27 343 16
27 375 -65
27 286 54
27 318 -28
27 209 -29
27 153 -38
27 383 -20
27 57 15
27 42 -20
27 247 36
27 284 -48
27 224 -90
27 371 -82
27 372 -17
27 426 -40
28 508 38
28 268 78
28 437 -84
28 471 98
28 50 -29
28 100 -56
28 467 -3
28 390 -88
28 403 -71
28 211 35
28 382 99
28 286 -31
28 352 88
28 97 52
28 488 -82
28 411 49
28 300 -78
28 362 76
28 56 88
28 382 94
28 30 -34
28 41 80
29 408 84
29 503 62
29 429 -6
29 190 77
29 138 6
29 344 -69
29 429 19
29 225 -13
29 385 -38
29 289 -93
29 362 -58
29 241 48
29 241 -14
29 469 72
29 331 48
29 486 88
29 242 0
29 216 -42
30 497 -28
30 315 -55
30 115 48
30 243 27
30 301 -48
30 122 -76
30 381 -65
30 231 -43
30 478 26
30 343 41
30 228 65
30 171 -28
30 341 77
30 41 -33
30 328 -44
30 59 48
30 284 46
30 373 15
30 163 -90
30 495 -82
30 170 1
30 473 29
30 416 -39
31 141 -83
31 68 52
31 285 38
31 261 -8
31 448 4
31 203 34
31 449 -12
31 497 -89
31 272 -73
31 143 -7
31 424 -100
31 331 -37
31 432 -82
31 172 -67
31 330 -61
31 448 30
31 198 30
31 335 3
31 39 77
31 294 40
31 444 -83
32 487 -53
32 167 20
32 55 -72
32 304 -32
32 108 -43
32 424 -6
32 171 -22
32 331 63
32 296 -56
32 147 36
32 136 67
32 137 4
32 351 -62
32 174 -36
32 42 90
32 361 -48
32 451 94
32 142 -27
32 466 35
32 117 88
32 479 30
32 170 95
33 300 81
33 460 -89
33 124 41
33 152 -12
33 444 -55
33 304 33
33 223 -48
33 360 93
33 436 -61
33 281 -85
33 266 -46
33 143 4
33 482 35
33 307 -79
33 244 70
33 482 62
33 401 -75
33 402 59
33 454 -15
33 139 -39
33 126 -34
33 158 76
34 366 -9
34 133 -25
34 280 47
34 81 -89
34 99 35
34 219 -14
34 138 32
34 108 39
34 247 -14
34 362 -58
34 487 -91
34 175 26
34 495 47
34 412 77
34 70 96
34 409 -6
34 500 -85
34 109 72
34 42 43
34 96 57
34 352 -55
34 134 -77
35 321 -18
35 225 4
35 68 -18
35 465 59
35 129 -29
35 140 5
35 99 -30
35 365 -21
35 340 -92
35 432 -18
35 53 7
35 141 -82
35 172 82
35 206 74
35 454 -64
35 111 -15
35 180 86
35 443 99
35 281 16
35 180 -69
36 277 70
36 223 -14
36 51 -81
36 182 19
36 345 -29
36 503 85
36 256 90
36 304 29
36 299 -22
36 440 -87
36 117 -46
36 346 -6
36 222 -3
36 297 -40
36 226 -42
36 351 35
36 462 -77
36 203 46
36 52 -55
36 281 -99
37 151 39
37 464 58
37 474 98
37 73 -11
37 137 92
37 511 -93
37 151 -44
37 248 27
37 92 -46
37 493 -6
37 114 -9
37 388 74
37 262 -1
37 333 89
37 435 -45
37 57 -93
37 339 -66
37 169 63
37 182 -57
37 129 73
37 169 -27
38 307 -64
38 165 84
38 368 -14
38 399 -100
38 136 57
38 277 -54
38 413 13
38 54 81
38 467 -72
38 497 96
38 268 -38
38 381 53
38 63 -39
38 325 29
38 392 -98
38 223 81
38 182 -21
38 502 -15
38 345 93
38 268 96
38 373 28
38 461 -69
38 292 30
39 297 86
39 438 -41
39 242 19
39 71 86
39 486 46
39 171 -58
39 41 35
39 346 32
39 282 -88
39 285 74
39 64 43
39 122 57
39 52 -51
39 258 -47
39 211 -62
39 491 -41
39 333 -31
39 472 -16
39 420 98
39 248 -10
39 391 65
40 246 -91
40 426 -55
40 208 16
40 80 78
40 418 86
40 509 59
40 405 51
40 467 -1
40 450 21
40 371 -5
40 103 -25
40 258 -14
40 303 28
40 332 87
40 394 63
40 70 69
40 302 27
40 119 62
40 311 -38
40 320 -89
41 492 -2
41 95 -63
41 87 16
41 90 -46
41 298 -84
41 402 -44
41 68 22
41 97 -61
41 274 56
41 322 -100
41 419 -9
41 243 -79
41 303 -85
41 304 -54
41 102 99
41 410 -58
41 152 69
41 373 25
41 454 60
41 412 -31
42 101 -52
42 486 -56
42 157 -13
42 207 -36
42 327 -76
42 314 23
42 406 96
42 290 -21
42 286 -85
42 97 78
42 316 69
42 297 88
42 452 -18
42 402 35
42 47 86
42 392 -18
42 498 15
42 485 -90
42 438 95
42 215 -48
43 145 -97
43 331 -45
43 425 -93
43 376 48
43 458 -45
43 241 -23
43 289 -40
43 478 -42
43 510 86
43 481 -84
43 359 -55
43 199 -62
43 197 -67
43 83 -77
43 127 -68
43 242 -64
43 158 -79
43 137 -13
43 433 41
43 459 -45
43 491 91
43 448 8
44 269 72
44 193 54
44 47 -53
44 253 -94
44 468 49
44 347 14
44 252 38
44 183 -52
44 128 -88
44 375 31
44 470 42
44 442 58
44 350 -37
44 499 -82
44 339 39
44 247 65
44 262 -74
44 125 41
44 410 -62
44 289 -45
44 202 17
44 385 19
45 132 60
45 315 36
45 325 -7
45 464 62
45 378 -76
45 95 -19
45 98 -96
45 134 -9
45 424 6
45 182 -32
45 266 1
45 444 -57
45 503 82
45 495 -20
45 260 -62
45 431 4
45 325 -27
45 468 -98
45 214 76
45 505 58
45 103 -75
46 121 -72
46 77 -42
46 482 96
46 387 20
46 262 83
46 281 -59
46 231 18
46 358 72
46 360 -82
46 50 -74
46 476 -61
46 279 -16
46 380 89
46 152 92
46 82 61
46 99 -7
46 264 87
46 439 93
46 49 -62
46 133 25
46 389 -27
47 129 -23
47 285 -97
47 150 71
47 262 0
47 73 -36
47 214 -33
47 430 90
47 279 57
47 411 58
47 331 89
47 64 21
47 399 -54
47 224 -99
47 96 19
47 246 -44
47 329 -16
47 255 -3
47 178 48
47 72 -100
47 289 -32
47 363 87
47 440 28
47 305 53
48 276 76
48 278 -56
48 128 -27
48 439 -42
48 441 54
48 306 -48
48 142 -65
48 83 73
48 500 96
48 438 -15
48 62 53
48 414 56
48 130 23
48 108 55
48 265 -55
48 309 6
48 462 48
48 309 81
48 74 -57
48 224 -50
48 129 -57
48 411 91
49 422 -62
49 339 -4
49 192 -96
49 382 -54
49 339 -73
49 344 59
49 246 -95
49 209 43
49 435 -24
49 135 -67
49 115 24
49 418 79
49 501 -61
49 78 -78
49 344 -62
49 194 -89
49 104 26
49 358 55
49 112 -81
49 117 64
50 449 -78
50 257 -32
50 386 -22
50 400 -40
50 117 31
50 128 67
50 409 -46
50 486 -16
50 449 91
50 233 -49
50 140 48
50 366 75
50 397 46
50 145 53
50 297 4
50 110 98
50 236 82
50 280 8
50 422 -62
50 357 -96
51 448 -98
51 238 -52
51 72 -61
51 349 -91
51 163 91
51 341 64
51 432 88
51 110 -65
51 161 -5
51 512 -97
51 472 -54
51 59 -35
51 61 -10
51 186 -45
51 204 -87
51 474 -12
51 424 71
51 138 22
51 345 45
51 319 -79
51 169 -53
51 365 30
52 231 19
52 188 53
52 117 -40
52 329 39
52 377 39
52 404 -66
52 493 26
52 118 -70
52 497 74
52 188 61
52 377 -69
52 511 -71
52 446 25
52 244 -23
52 234 -53
52 407 -28
52 158 -50
52 439 -29
52 500 86
52 505 18
52 178 2
52 305 -65
53 180 -5
53 81 64
53 372 -68
53 161 -10
53 267 78
53 73 59
53 368 92
53 455 24
53 441 -13
53 132 -48
53 437 85
53 417 30
53 356 40
53 319 84
53 257 12
53 418 64
53 269 -11
53 295 33
53 80 30
53 92 -44
54 78 -73
54 104 84
54 124 18
54 385 -12
54 190 -20
54 357 -58
54 150 79
54 81 19
54 224 -68
54 298 1
54 440 45
54 454 -57
54 218 92
54 322 -99
54 358 -13
54 184 49
54 251 53
54 290 92
54 346 64
54 213 -83
55 334 39
55 213 -29
55 234 -47
55 337 88
55 319 34
55 108 -47
55 402 -59
55 448 83
55 317 -73
55 411 79
55 167 -26
55 341 -26
55 510 60
55 495 9
55 201 -14
55 462 26
55 105 -94
55 497 66
55 337 -11
55 374 -14
55 61 -38
55 218 98
56 253 -31
56 412 60
56 143 -12
56 221 82
56 89 -59
56 401 -54
56 501 -35
56 382 54
56 188 47
56 332 73
56 175 -49
56 396 86
56 379 -7
56 302 76
56 154 29
56 360 32
56 311 -9
56 460 10
56 351 9
56 182 -17
57 466 -87
57 448 87
57 226 -99
57 145 6
57 446 67
57 194 -72
57 396 -57
57 164 -82
57 112 -79
57 340 -20
57 339 66
57 484 -91
57 398 -4
57 377 -89
57 463 11
57 425 59
57 90 -20
57 108 -22
57 432 59
57 282 -68
57 294 -44
58 276 87
58 422 85
58 168 51
58 442 58
58 261 -13
58 234 -22
58 500 87
58 380 -34
58 193 -76
58 443 -26
58 386 97
58 467 -95
58 212 5
58 232 -84
58 320 24
58 230 -97
58 302 26
58 506 55
59 196 -23
59 194 -36
59 169 44
59 126 -42
59 252 -29
59 195 -61
59 504 28
59 236 43
59 249 51
59 500 -45
59 397 -36
59 455 -37
59 190 -17
59 476 -34
59 452 -34
59 466 94
59 326 20
59 288 -81
59 462 -76
59 346 59
59 457 -41
59 114 10
59 76 0
60 274 81
60 134 -4
60 273 -41
60 80 -85
60 502 -61
60 136 -63
60 408 53
60 251 18
60 297 -99
60 315 -54
60 395 -59
60 147 -86
60 92 35
60 422 95
60 124 41
60 214 -59
60 300 22
60 80 -2
60 207 -67
61 91 -75
61 308 56
61 311 98
61 482 79
61 393 1
61 322 -50
61 270 36
61 337 62
61 78 -74
61 127 -14
61 484 -5
61 507 -66
61 204 -3
61 223 30
61 486 15
61 363 -8
61 470 -70
61 242 -75
61 396 1
61 192 99
61 141 -39
62 133 -32
62 298 -52
62 187 1
62 446 89
62 266 -19
62 426 -94
62 73 -43
62 401 -53
62 256 36
62 433 24
62 346 -43
62 506 98
62 413 -2
62 399 1
62 105 -15
62 471 -72
62 259 -87
62 499 -41
62 350 -75
62 463 -73
62 486 99
63 275 89
63 125 20
63 199 -44
63 91 61
63 200 49
63 101 88
63 135 15
63 427 -100
63 155 46
63 255 -62
63 190 -99
63 66 -10
63 135 -89
63 373 52
63 85 -97
63 471 54
63 99 -49
63 459 16
63 147 50
64 193 86
64 218 20
64 240 57
64 368 5
64 454 51
64 295 94
64 394 74
64 454 -59
64 102 -51
64 438 99
64 498 15
64 253 55
64 406 3
64 463 -83
64 108 39
64 358 -58
64 274 -3
64 298 -14
64 250 -40
64 289 -13
64 191 -94
64 102 50
65 82 -61
65 234 35
65 252 56
65 83 -11
65 387 -37
65 295 -86
65 84 -78
65 111 34
65 464 19
65 415 72
65 238 38
65 151 -61
65 320 -44
65 399 30
65 296 -30
65 220 -77
65 418 77
65 497 10
65 399 -6
66 237 -91
66 326 -23
66 424 91
66 192 95
66 245 43
66 139 59
66 150 40
66 111 -15
66 116 3
66 201 58
66 463 67
66 379 9
66 159 51
66 486 -85
66 135 -8
66 391 -91
66 206 74
67 101 -71
67 509 -5
67 446 -48
67 79 -20
67 91 -89
67 489 24
67 73 -1
67 123 -87
67 324 -85
67 433 3
67 413 70
67 322 64
67 351 -81
67 220 -79
67 277 -47
67 386 39
67 293 44
67 431 79
67 230 -80
67 189 -65
67 277 -70
68 310 55
68 496 -62
68 130 68
68 131 -1
68 130 -51
68 225 24
68 152 82
68 353 -72
68 290 7
68 193 64
68 235 -59
68 293 -31
68 233 -12
68 179 72
68 442 38
68 293 -19
68 348 72
68 305 -93
68 403 37
68 114 -16
68 142 -69
68 323 -41
69 302 52
69 137 -63
69 487 -29
69 242 -79
69 363 -78
69 153 63
69 504 -10
69 235 68
69 463 -43
69 349 -53
69 155 80
69 155 -15
69 97 86
69 128 91
69 222 -75
69 119 -64
69 378 39
69 197 -97
69 179 58
69 356 27
70 369 32
70 337 -39
70 312 65
70 201 -50
70 264 -16
70 230 54
70 226 -83
70 81 -86
70 151 -75
70 448 -70
70 81 -20
70 132 -38
70 472 28
70 324 -20
70 365 -3
70 363 7
71 128 -59
71 310 -64
71 187 -83
71 237 20
71 345 74
71 470 -64
71 101 20
71 199 33
71 426 -88
71 126 26
71 155 25
71 207 -52
71 436 -60
71 495 61
71 211 17
71 352 66
71 234 42
71 303 -90
71 391 -65
71 425 35
71 419 -92
71 230 -26
72 353 -42
72 168 -17
72 188 32
72 348 7
72 339 19
72 374 -42
72 126 43
72 311 -7
72 283 91
72 214 4
72 122 79
72 403 -82
72 270 -25
72 434 -67
72 129 -12
72 472 94
72 411 -91
72 96 51
72 263 -73
72 117 -47
72 285 39
73 449 -49
73 279 -92
73 99 -7
73 235 -87
73 239 70
73 214 -31
73 156 -49
73 485 -99
73 81 69
73 378 -4
73 117 -40
73 207 8
73 176 25
73 294 -55
73 205 -29
73 415 39
73 351 -34
73 98 -29
73 486 -98
73 186 33
73 183 -11
74 488 -76
74 314 -51
74 281 3
74 392 -24
74 450 -94
74 234 -18
74 197 -34
74 332 -7
74 292 83
74 218 88
74 163 80
74 215 50
74 86 -2
74 283 -10
74 306 6
74 329 -92
74 408 -5
75 211 20
75 365 76
75 110 97
75 380 73
75 219 -4
75 303 50
75 498 -43
75 195 -89
75 300 43
75 225 8
75 408 -75
75 276 -85
75 122 -91
75 199 65
75 227 12
75 341 82
76 231 -83
76 271 -37
76 119 67
76 215 3
76 216 -15
76 443 21
76 90 -3
76 128 80
76 289 36
76 225 -97
76 105 -59
76 298 33
76 177 -84
76 141 47
76 330 -27
76 350 81
76 279 41
76 411 -62
77 457 -28
77 411 -11
77 146 52
77 471 -86
77 364 -93
77 307 -34
77 416 -93
77 182 46
77 88 -71
77 421 -13
77 430 -91
77 198 -15
77 176 39
77 356 43
77 207 -51
77 106 14
77 86 88
77 391 -53
78 211 -78
78 493 91
78 171 79
78 428 87
78 332 -87
78 476 -1
78 221 5
78 147 34
78 422 5
78 226 75
78 315 19
78 234 -62
78 282 58
78 409 66
78 80 58
78 386 10
78 277 20
78 225 36
78 403 63
78 502 -66
79 405 42
79 93 -6
79 101 33
79 309 -61
79 207 48
79 366 78
79 436 50
79 216 86
79 377 71
79 482 87
79 201 -37
79 142 36
79 101 28
79 483 40
79 277 44
79 243 -57
80 406 -93
80 355 20
80 254 47
80 381 15
80 125 83
80 133 60
80 189 -85
80 148 74
80 291 -92
80 222 51
80 494 44
80 426 49
80 473 36
80 191 62
80 305 65
80 172 2
80 199 -38
80 169 -57
80 440 -75
80 322 -97
81 218 52
81 431 6
81 380 -70
81 115 -18
81 298 75
81 333 -51
81 418 35
81 255 -15
81 492 -62
81 474 -16
81 239 -55
81 476 21
81 466 12
81 124 48
81 316 72
81 405 -58
81 442 -88
81 479 -57
81 318 -59
81 355 28
82 438 77
82 97 93
82 262 -25
82 311 -86
82 308 -35
82 160 92
82 353 3
82 346 70
82 285 -49
82 248 23
82 217 80
82 359 9
82 457 -94
82 315 -64
82 210 -65
82 212 -67
82 167 -58
82 439 -78
82 431 44
82 386 -13
83 174 -32
83 450 -36
83 136 -64
83 430 -16
83 367 -18
83 97 -26
83 246 43
83 239 -2
83 152 55
83 470 99
83 180 -61
83 336 -18
83 402 11
83 262 -46
83 127 3
83 326 -52
83 137 86
83 455 -18
84 251 18
84 159 17
84 506 -14
84 294 30
84 405 -81
84 486 -5
84 486 -30
84 219 -57
84 347 -11
84 133 -25
84 478 -63
84 345 21
84 348 77
84 362 -38
84 245 84
84 281 80
84 219 -23
84 337 -17
85 169 39
85 253 67
85 379 28
85 354 -41
85 266 -70
85 166 83
85 311 99
85 369 -32
85 406 -98
85 315 70
85 260 -93
85 131 -26
85 472 -33
85 492 -9
85 452 5
85 124 12
85 445 4
85 398 -6
85 307 52
86 347 -68
86 435 -74
86 448 34
86 206 -3
86 186 -78
86 248 80
86 293 -95
86 160 98
86 126 -68
86 209 59
86 382 15
86 307 17
86 96 -53
86 235 97
86 362 -73
86 181 11
86 131 -10
86 333 -95
86 510 -83
87 246 41
87 347 -45
87 474 22
87 487 48
87 243 -8
87 97 34
87 144 -26
87 155 -5
87 115 -10
87 270 72
87 496 28
87 180 16
87 440 -29
87 153 88
87 89 -28
87 375 -2
87 384 96
87 138 -50
88 431 40
88 294 -32
88 160 11
88 464 52
88 437 -52
88 98 89
88 491 -81
88 89 -52
88 268 -2
88 179 -45
88 316 -29
88 464 77
88 391 -80
88 180 -13
88 476 -49
88 245 96
88 166 -67
89 164 -9
89 190 58
89 511 29
89 192 -7
89 341 -11
89 140 -51
89 316 38
89 218 8
89 104 -100
89 417 32
89 165 -48
89 449 93
89 418 54
89 283 97
89 163 8
90 421 21
90 459 50
90 479 32
90 326 4
90 236 10
90 127 -9
90 160 -40
90 356 21
90 448 -63
90 371 -78
90 136 -33
90 298 0
90 164 -48
90 482 0
90 464 -97
90 354 -82
91 244 11
91 432 0
91 485 -26
91 225 18
91 170 -60
91 449 50
91 377 70
91 423 -65
91 111 -69
91 506 -34
91 114 75
91 251 -1
91 341 -44
91 387 -92
91 149 -63
91 264 -71
91 293 46
91 251 -16
92 416 38
92 245 21
92 426 -69
92 175 79
92 295 -1
92 233 -7
92 403 -31
92 286 -45
92 141 75
92 501 -34
92 383 82
92 496 -56
92 354 71
92 487 73
92 466 -97
92 497 -96
92 471 -44
92 277 -2
92 175 58
93 177 -39
93 244 56
93 441 51
93 317 10
93 348 64
93 490 -87
93 376 -71
93 411 31
93 312 -77
93 114 -6
93 375 27
93 207 60
93 497 59
93 402 -56
93 432 57
93 355 97
93 234 13
93 206 -66
93 169 47
93 360 -38
94 217 39
94 105 80
94 242 56
94 445 -5
94 205 66
94 297 -90
94 440 -5
94 410 -18
94 295 -88
94 224 -25
94 453 -97
94 181 49
94 262 0
94 246 58
94 245 0
94 479 66
94 442 -24
94 296 44
94 169 -33
94 239 66
95 468 51
95 401 -42
95 479 6
95 501 -87
95 390 -6
95 372 70
95 157 -100
95 129 92
95 301 -40
95 170 -42
95 259 51
95 395 59
95 97 -9
95 154 37
95 504 93
95 251 -100
95 379 -53
95 115 55
95 392 17
95 403 91
96 410 -80
96 472 -37
96 441 -5
96 249 -49
96 413 -94
96 165 -76
96 426 -19
96 248 -43
96 345 7
96 462 87
96 176 -50
96 510 76
96 130 95
96 363 -25
96 470 -68
96 305 -56
96 331 67
96 438 -5
96 476 -71
96 222 22
97 279 52
97 382 85
97 256 64
97 443 36
97 225 73
97 102 -95
97 357 -20
97 367 91
97 402 -75
97 501 -4
97 372 70
97 126 -86
97 378 12
97 174 -77
97 231 -3
97 441 89
97 406 -93
97 477 -49
97 101 26
97 162 85
97 140 -97
98 277 44
98 426 -64
98 487 16
98 368 -2
98 150 84
98 301 -92
98 443 -37
98 134 25
98 279 86
98 191 -1
98 446 -96
98 320 -54
98 433 -28
98 436 29
98 193 70
98 395 24
98 195 -23
98 502 -70
98 320 90
98 145 -48
98 496 -50
98 314 -40
99 494 99
99 459 55
99 298 0
99 471 -94
99 172 64
99 143 24
99 205 30
99 465 -63
99 394 -1
99 420 -49
99 231 -11
99 118 77
99 396 92
99 413 -47
99 160 99
99 357 74
99 131 -10
99 496 19
100 262 -62
100 471 -18
100 232 -99
100 320 42
100 145 58
100 147 92
100 303 -33
100 494 -38
100 235 -7
100 435 -54
100 441 -98
100 368 40
100 489 29
100 384 12
100 505 31
100 130 -76
100 450 45
100 318 -29
100 146 -64
101 282 -6
101 460 21
101 236 -40
101 441 -23
101 417 74
101 134 -22
101 112 -75
101 246 -85
101 389 64
101 309 -80
101 261 -17
101 129 67
101 259 -76
102 135 -13
102 139 15
102 206 37
102 323 -77
102 498 -71
102 262 -51
102 496 41
102 117 90
102 454 52
102 146 55
102 163 55
102 346 -46
102 255 70
102 285 -71
102 345 -14
103 272 -26
103 175 -22
103 157 -29
103 476 25
103 191 -56
103 434 64
103 494 62
103 242 41
103 337 52
103 471 66
103 330 1
103 260 -71
103 469 81
103 171 -41
103 295 37
103 450 -85
104 116 35
104 486 -44
104 488 34
104 265 -93
104 454 -16
104 424 60
104 474 9
104 262 -57
104 458 -73
104 425 24
104 407 -38
104 326 -6
104 398 9
104 399 56
104 348 -76
104 235 -58
104 109 -49
104 182 -73
105 295 13
105 484 -14
105 289 84
105 247 1
105 113 -63
105 208 -74
105 243 31
105 445 -36
105 108 99
105 469 -68
105 161 4
105 487 60
105 130 54
105 311 -4
105 470 -53
105 173 27
105 324 62
105 491 -72
105 236 -45
105 266 31
106 224 67
106 315 89
106 490 26
106 435 -59
106 139 45
106 396 76
106 484 -44
106 226 88
106 383 -37
106 431 19
106 263 -64
106 171 -99
106 341 77
106 244 -89
106 198 -84
107 221 43
107 212 94
107 197 -93
107 189 -60
107 202 -86
107 226 -41
107 139 73
107 244 -49
107 207 -64
107 115 30
107 292 33
107 219 -73
107 279 88
107 483 -35
107 417 -49
107 302 -83
107 346 -75
107 207 -99
107 441 -22
108 329 -70
108 192 -46
108 379 -1
108 455 30
108 117 65
108 477 -35
108 280 -95
108 262 -31
108 453 8
108 480 70
108 236 -51
108 203 -68
108 131 -25
108 180 66
108 506 -39
108 409 -76
108 209 -57
108 288 35
109 115 60
109 415 60
109 435 52
109 296 83
109 368 78
109 330 -74
109 188 15
109 158 -7
109 446 -98
109 506 -51
109 235 -76
109 294 84
109 488 -2
109 254 62
109 491 5
109 274 -60
109 231 1
110 313 50
110 455 18
110 292 89
110 425 78
110 428 51
110 400 44
110 188 28
110 180 -84
110 475 -78
110 458 -2
110 361 -8
110 364 62
110 125 -60
110 358 93
110 201 -40
110 161 -33
110 115 -13
110 192 5
111 255 46
111 504 21
111 115 71
111 239 -36
111 199 96
111 422 98
111 472 69
111 506 21
111 393 -50
111 151 48
111 442 36
111 477 -37
111 335 28
111 376 25
111 404 65
111 243 -86
111 148 91
111 183 -77
111 296 -9
111 310 32
111 155 -67
112 393 3
112 327 -44
112 295 74
112 200 69
112 490 16
112 225 -63
112 453 -33
112 120 44
112 390 -93
112 431 -26
112 403 50
112 211 72
112 158 -14
112 346 -17
112 358 -26
112 480 -50
112 511 -38
113 419 -73
113 295 85
113 476 3
113 197 -7
113 244 41
113 224 84
113 323 99
113 377 -90
113 485 -92
113 378 78
113 332 48
113 177 19
113 284 -62
113 173 -70
113 370 87
113 237 -71
113 224 12
114 235 -97
114 239 -20
114 150 -55
114 302 -38
114 372 80
114 213 -78
114 452 18
114 436 32
114 466 -34
114 198 -86
114 484 25
114 193 62
114 188 46
114 416 19
114 163 25
114 458 11
114 476 -32
114 443 34
114 251 43
114 422 -87
114 495 -96
115 164 -92
115 120 40
115 289 17
115 368 -57
115 295 -54
115 242 -76
115 447 49
115 395 -2
115 401 57
115 186 74
115 370 25
115 457 40
115 510 -75
115 313 5
115 453 -56
115 285 45
115 330 76
115 372 11
116 339 17
116 228 64
116 432 87
116 225 -83
116 479 -98
116 309 -63
116 388 84
116 129 40
116 158 -69
116 150 60
116 485 -96
116 234 -31
116 358 98
116 212 -64
116 449 -42
116 136 -23
116 359 87
116 456 -97
116 323 61
117 413 -85
117 246 14
117 500 32
117 504 24
117 249 50
117 372 76
117 358 19
117 443 -96
117 232 -9
117 459 -61
117 231 -44
117 499 -55
117 204 25
117 226 99
117 303 36
118 440 57
118 498 -65
118 209 -43
118 354 -3
118 349 -11
118 428 -32
118 145 -41
118 376 31
118 153 2
118 367 -3
118 261 9
118 356 12
118 444 97
118 246 -10
118 470 -12
118 257 68
118 472 40
118 462 -52
118 450 47
119 487 -16
119 164 30
119 389 60
119 369 -50
119 274 4
119 416 39
119 224 81
119 355 93
119 500 -34
119 304 -61
119 463 -32
119 424 -36
119 311 -56
119 330 62
119 318 -21
119 234 -75
119 384 78
119 175 -12
120 260 5
120 138 -14
120 333 64
120 379 34
120 486 34
120 496 -45
120 251 -13
120 353 69
120 376 -88
120 272 -29
120 259 48
120 331 61
120 351 40
120 506 92
121 314 -47
121 242 -1
121 145 29
121 270 34
121 180 -2
121 293 29
121 365 47
121 285 -41
121 211 -45
121 274 -96
121 377 0
121 331 15
121 311 -17
121 213 31
121 134 2
121 394 56
122 504 -33
122 248 -60
122 491 -19
122 489 13
122 201 -47
122 384 -25
122 239 50
122 220 -48
122 463 -3
122 194 -2
122 263 -64
122 492 40
122 365 94
122 235 -6
122 268 47
122 302 -6
122 432 48
122 161 11
122 144 -28
123 272 -73
123 210 -100
123 415 50
123 233 -68
123 390 51
123 313 50
123 315 83
123 468 -87
123 404 81
123 474 22
123 201 -54
123 225 46
123 479 -52
123 242 -81
123 418 40
123 262 -50
123 512 67
123 187 -36
124 461 -47
124 506 -63
124 192 -69
124 239 -18
124 331 -73
124 323 36
124 264 -10
124 430 79
124 158 69
124 411 -86
124 326 26
124 194 50
124 221 -97
124 400 -58
124 415 -38
124 302 -24
124 241 81
124 270 -83
124 396 -94
125 364 -45
125 253 -19
125 229 48
125 297 -49
125 279 97
125 268 0
125 408 0
125 343 -75
125 128 -46
125 225 77
125 481 -20
125 241 68
125 326 -49
125 325 -68
125 170 -65
125 255 -73
126 309 -66
126 284 -67
126 374 -96
126 436 56
126 205 -98
126 206 94
126 463 99
126 436 5
126 498 69
126 454 -84
126 249 -4
126 341 38
126 325 31
126 495 29
126 258 61
126 482 -51
126 129 97
127 390 52
127 253 -72
127 206 59
127 470 97
127 192 8
127 319 -96
127 284 17
127 494 -3
127 399 -87
127 411 27
127 278 -11
127 169 52
127 355 -84
127 489 25
127 129 11
127 463 35
127 406 31
128 151 -44
128 265 73
128 250 75
128 436 19
128 189 -97
128 205 -98
128 142 -21
128 216 16
128 466 9
128 477 81
128 290 -63
128 275 0
128 393 -25
128 254 -87
128 302 43
128 304 -94
129 404 18
129 197 -75
129 364 49
129 239 -2
129 379 23
129 378 65
129 402 -31
129 368 18
129 448 7
129 419 30
129 456 -98
129 215 -87
129 457 -83
129 422 75
129 496 -81
129 157 17
129 349 -32
129 511 25
129 367 63
130 405 -54
130 166 -89
130 482 71
130 378 34
130 467 9
130 179 51
130 358 -90
130 138 -16
130 167 -31
130 430 -44
130 162 -96
130 483 -65
130 145 -21
130 438 63
130 310 -44
131 501 -17
131 418 41
131 182 -59
131 221 46
131 374 4
131 390 -25
131 217 30
131 315 -3
131 403 22
131 355 -63
131 405 -85
131 477 2
131 402 5
131 506 -65
131 235 -66
131 262 -31
131 485 -14
131 484 -25
131 338 36
132 178 -4
132 332 87
132 407 42
132 414 5
132 373 -30
132 351 96
132 466 68
132 366 6
132 225 -25
132 340 -44
132 368 -90
132 440 -15
132 320 11
132 175 -33
132 350 -66
132 205 17
132 298 -20
132 212 -28
132 174 -96
132 254 -15
133 356 -7
133 325 -16
133 475 22
133 289 3
133 210 35
133 245 -82
133 278 24
133 181 50
133 296 -57
133 460 91
133 300 -64
133 339 25
133 242 -29
133 349 42
133 230 17
134 340 10
134 309 -35
134 289 6
134 510 63
134 259 -76
134 490 28
134 361 -36
134 220 69
134 368 18
134 322 2
134 297 46
134 281 -53
134 482 -32
134 146 69
134 383 -1
134 247 5
134 300 2
134 247 17
134 295 -79
134 505 23
135 357 -50
135 412 76
135 435 11
135 181 -32
135 403 -52
135 396 -44
135 336 87
135 291 74
135 356 -30
135 206 -90
135 394 86
135 291 75
135 184 -1
135 206 92
135 242 -2
135 160 62
135 457 95
135 244 88
135 342 2
135 413 -31
136 395 45
136 358 -65
136 443 -43
136 330 -26
136 416 -5
136 154 50
136 201 60
136 213 -16
136 406 -79
136 387 -18
136 478 -76
137 339 50
137 235 -43
137 192 -82
137 414 57
137 376 94
137 177 -93
137 381 53
137 277 83
137 388 43
137 485 -72
137 182 -21
137 357 -4
137 464 -62
138 155 -79
138 375 4
138 350 -59
138 430 94
138 401 73
138 346 10
138 174 58
138 286 -15
138 277 -64
138 229 -40
138 494 -47
138 354 -30
138 500 -22
138 242 -72
138 298 -25
138 374 93
138 454 96
139 268 94
139 321 26
139 210 -18
139 183 -96
139 358 -64
139 408 61
139 410 75
139 501 62
139 410 42
139 265 44
139 238 37
139 208 -99
139 163 21
139 481 56
140 259 -34
140 405 -50
140 437 67
140 392 49
140 268 -87
140 232 20
140 456 42
140 500 68
140 474 -26
140 404 -26
140 453 -63
140 297 67
140 290 84
140 438 -35
140 187 -4
140 420 0
141 428 29
141 403 -12
141 345 6
141 448 65
141 151 -8
141 250 30
141 323 2
141 157 73
141 392 -75
141 354 -87
141 358 -56
141 331 55
141 253 87
141 223 -59
141 504 -73
141 314 23
141 176 49
142 197 22
142 366 -44
142 168 65
142 318 -90
142 475 -78
142 463 -57
142 335 -4
142 390 -18
142 483 -29
142 512 -75
142 145 -19
142 401 -68
142 162 6
142 453 -98
142 480 -27
142 371 9
142 239 90
142 445 -56
142 375 -95
143 227 -50
143 350 13
143 430 -20
143 147 96
143 242 22
143 147 -33
143 400 -7
143 250 12
143 466 16
143 178 11
143 468 -50
143 167 97
143 239 -4
143 147 21
143 394 -64
143 382 -43
143 431 -20
143 293 -22
143 404 -11
144 232 88
144 166 -85
144 468 -57
144 211 -52
144 369 79
144 480 -7
144 390 92
144 213 -8
144 357 -29
144 351 -75
144 205 16
144 460 53
144 396 67
144 228 -69
144 405 56
144 153 -37
145 152 -66
145 148 22
145 176 60
145 263 -81
145 477 -59
145 406 -16
145 354 -29
145 307 -85
145 442 27
145 373 18
145 374 44
145 331 88
145 259 24
145 351 66
145 292 22
145 424 54
145 330 -88
146 313 51
146 326 -80
146 303 -73
146 334 39
146 337 -100
146 343 99
146 350 20
146 273 76
146 421 61
146 449 11
146 441 -2
146 280 -49
146 449 -92
146 369 -72
146 477 -91
147 219 -76
147 491 -8
147 454 -62
147 369 53
147 369 59
147 149 -39
147 212 73
147 380 -30
147 206 -59
147 407 57
147 227 80
147 349 -94
147 247 67
147 474 15
147 289 -80
147 236 17
147 274 51
147 385 95
147 241 -84
147 264 29
148 246 -63
148 151 29
148 436 -88
148 318 -47
148 162 93
148 328 -86
148 192 64
148 464 -23
148 248 -41
148 460 20
148 370 -84
148 372 -65
148 331 -18
148 347 -25
148 164 43
149 506 -62
149 497 12
149 433 10
149 196 64
149 244 -10
149 387 -1
149 447 43
149 284 -13
149 402 -50
149 241 79
149 329 -70
149 250 89
149 412 47
149 483 64
149 363 -40
150 309 -4
150 260 -80
150 509 -58
150 406 -63
150 179 22
150 402 -78
150 210 8
150 313 -52
150 504 9
150 351 -47
150 426 78
150 354 -64
150 486 -100
150 460 17
150 182 -50
150 184 57
150 243 88
150 263 45
150 423 -64
151 372 94
151 407 18
151 393 21
151 182 -9
151 220 8
151 231 -96
151 308 -86
151 187 -39
151 234 79
151 282 -83
151 458 94
151 415 -27
151 160 55
152 275 43
152 155 -91
152 367 -66
152 405 -67
152 458 -61
152 323 6
152 452 -76
152 483 -15
152 352 92
152 166 -26
152 290 60
152 382 32
152 412 48
152 455 39
152 327 29
152 448 86
152 477 1
152 198 -78
153 265 -81
153 483 88
153 420 65
153 443 -92
153 204 -86
153 207 50
153 194 -32
153 188 -61
153 293 33
153 511 -87
153 176 39
153 470 -40
153 213 69
153 452 11
153 163 -28
153 197 33
153 165 87
153 253 -92
153 438 -38
154 428 -21
154 180 65
154 485 15
154 339 -94
154 479 87
154 390 -23
154 344 -77
154 462 -33
154 443 66
154 495 4
154 472 56
154 155 -90
154 315 -19
154 197 47
154 302 6
154 223 -38
154 215 97
154 295 56
155 488 -7
155 195 64
155 180 -74
155 483 20
155 290 -42
155 183 77
155 440 -89
155 439 41
155 416 -59
155 245 -81
155 179 21
155 280 48
155 318 -40
155 212 21
155 285 62
155 330 -21
156 343 86
156 277 -53
156 336 17
156 191 -40
156 497 -34
156 435 77
156 390 71
156 493 80
156 182 4
156 194 -92
156 382 88
156 202 -61
156 286 -21
156 390 20
156 262 -59
156 350 -57
156 265 16
156 389 40
157 261 -70
157 373 61
157 465 -40
157 389 33
157 466 -68
157 254 90
157 371 30
157 284 -27
157 257 80
157 465 -84
157 510 -85
157 234 -9
157 384 -71
157 164 -68
157 353 -62
158 302 -34
158 486 -73
158 207 -41
158 365 -2
158 463 -64
158 374 86
158 438 -66
158 487 96
158 327 -46
158 225 -18
158 267 99
158 364 62
158 460 93
158 212 37
158 448 78
158 182 16
158 262 -68
158 172 -5
159 508 -21
159 336 -68
159 510 -13
159 242 -87
159 358 42
159 413 -49
159 254 -91
159 428 -52
159 267 88
159 287 30
159 451 26
159 393 87
159 504 -40
159 238 36
159 390 -2
159 207 59
160 330 -34
160 199 33
160 270 -33
160 167 20
160 339 91
160 258 -36
160 450 -43
160 253 10
160 179 66
160 295 26
160 212 -23
160 165 -74
160 349 -55
160 368 79
160 275 -78
161 215 -13
161 428 -76
161 259 -23
161 233 -34
161 246 0
161 384 -76
161 181 78
161 451 8
161 292 13
161 458 54
161 447 -94
161 184 15
161 224 69
161 439 52
161 350 35
161 511 -17
162 250 49
162 238 -98
162 488 -82
162 378 -26
162 259 43
162 236 98
162 482 7
162 495 -14
162 307 27
162 503 -88
162 476 75
162 255 10
162 467 24
162 430 25
162 338 -75
163 315 -53
163 409 65
163 422 -46
163 463 -93
163 431 -91
163 458 -26
163 170 5
163 352 47
163 401 -56
163 346 -62
163 241 -28
163 348 27
163 183 99
163 326 52
163 329 -6
163 422 66
163 360 -1
164 487 -45
164 376 -72
164 171 50
164 202 -81
164 364 1
164 347 -39
164 373 -54
164 257 -76
164 500 12
164 186 46
164 363 2
164 436 -51
164 177 -49
164 396 -71
164 213 -47
164 347 29
164 187 -23
164 392 19
165 272 17
165 494 -2
165 282 -12
165 191 71
165 407 -100
165 420 -26
165 190 -72
165 399 59
165 201 56
165 501 -32
165 277 -97
165 452 37
165 500 -100
165 499 40
165 249 76
165 406 -86
165 209 35
165 462 66
166 194 -47
166 408 6
166 386 -26
166 193 55
166 473 48
166 445 -63
166 372 45
166 276 -40
166 412 37
166 221 -47
166 256 25
166 442 -81
166 210 -79
166 205 23
166 292 -90
167 428 -93
167 444 -66
167 344 -43
167 440 -42
167 224 33
167 321 65
167 341 31
167 340 81
167 168 -62
167 334 -93
167 397 -70
167 399 54
167 198 26
168 278 -18
168 210 -12
168 443 -32
168 230 73
168 209 -75
168 355 -73
168 331 -36
168 485 -50
168 246 -41
168 373 -59
168 302 25
168 492 10
168 281 -67
168 297 -1
168 411 17
168 206 -34
168 417 22
169 496 -95
169 242 55
169 196 -25
169 270 -95
169 428 14
169 340 91
169 306 24
169 447 85
169 212 -37
169 353 -4
169 505 -95
169 350 -88
169 484 30
169 208 -77
169 390 -54
169 308 -77
169 499 80
169 279 9
169 383 98
169 416 7
169 329 -3
170 440 -49
170 335 -28
170 450 -40
170 316 -67
170 461 34
170 327 -64
170 427 12
170 192 -21
170 391 46
170 200 -45
170 240 -76
170 507 -21
170 287 35
170 391 -14
170 341 -87
170 243 -24
170 417 66
171 181 -47
171 173 -80
171 425 -20
171 385 -42
171 396 -71
171 498 -89
171 278 30
171 511 -36
171 342 -17
171 272 -99
171 446 -48
171 489 -95
171 502 45
171 449 19
171 209 92
171 282 -56
171 496 -49
172 365 72
172 355 -53
172 477 38
172 405 92
172 311 29
172 410 96
172 460 15
172 182 -13
172 312 14
172 332 4
172 321 -69
172 176 -46
172 173 98
172 499 -43
173 364 41
173 481 -41
173 249 22
173 388 10
173 195 -20
173 273 92
173 255 -14
173 446 42
173 174 -65
173 485 22
173 436 -54
173 381 -43
173 473 13
173 457 -79
173 462 16
173 450 -45
173 305 89
174 503 -77
174 305 -92
174 296 9
174 345 -38
174 232 2
174 376 24
174 316 68
174 306 -1
174 269 91
174 426 73
174 223 52
174 245 -92
174 292 -31
174 393 -10
174 438 -4
174 385 -6
174 440 -82
175 343 42
175 397 -95
175 281 -39
175 308 -26
175 290 40
175 456 -48
175 286 -52
175 467 -64
175 478 -36
175 457 84
175 293 -26
175 449 23
175 279 96
175 496 5
175 355 4
175 282 -91
175 221 -80
175 441 -57
175 381 -5
175 299 -24
175 511 91
176 473 23
176 240 52
176 392 -53
176 343 37
176 483 34
176 355 15
176 419 -65
176 476 81
176 204 -62
176 506 -91
176 459 -26
176 276 37
176 231 -77
176 271 61
176 373 -95
176 218 -33
177 483 -6
177 353 -66
177 202 11
177 265 19
177 304 14
177 326 47
177 356 75
177 181 -92
177 227 26
177 211 65
177 281 67
177 443 36
177 234 -65
177 296 -62
177 466 84
177 286 -33
178 206 74
178 389 7
178 468 -60
178 322 -76
178 326 -75
178 365 -60
178 253 91
178 455 89
178 454 -43
179 256 -40
179 207 -58
179 360 8
179 356 -90
179 342 47
179 422 -49
179 216 -81
179 397 72
179 487 -94
179 492 95
179 365 51
179 436 56
179 418 -64
179 328 36
179 365 -34
179 454 -59
180 472 -68
180 345 -44
180 312 49
180 314 65
180 396 -14
180 295 3
180 262 53
180 389 -63
180 313 15
180 297 76
180 185 -67
180 250 25
180 469 58
181 375 21
181 310 29
181 485 62
181 481 44
181 390 75
181 386 -63
181 216 70
181 329 -48
181 280 3
181 225 3
181 268 34
181 444 -42
181 211 21
181 306 25
181 352 61
181 306 -7
182 237 35
182 501 80
182 362 86
182 254 92
182 211 -79
182 356 -11
182 510 35
182 484 53
182 457 6
182 434 -25
182 400 79
182 183 -53
182 512 39
182 377 10
182 493 15
182 239 68
182 273 38
183 289 -63
183 408 -77
183 324 -71
183 192 -20
183 480 -12
183 321 34
183 377 -33
183 432 -66
183 376 -85
183 413 11
183 281 -24
183 454 57
183 410 -7
183 274 80
183 451 -8
183 424 38
184 391 12
184 360 -53
184 335 -29
184 298 97
184 398 19
184 465 -14
184 348 -7
184 445 65
184 227 27
184 460 -3
184 334 2
184 233 -75
184 402 -33
184 327 12
185 328 -9
185 190 -76
185 216 44
185 328 -39
185 348 42
185 324 72
185 500 95
185 288 80
185 344 -25
185 308 51
185 468 -41
185 287 94
185 247 -56
186 512 18
186 312 88
186 340 21
186 324 53
186 332 87
186 240 -29
186 203 -62
186 283 17
186 441 70
186 477 -45
186 399 61
186 415 -67
186 222 -36
186 449 -88
186 364 83
187 339 3
187 511 84
187 380 -90
187 227 -57
187 388 16
187 393 -6
187 298 -29
187 466 -13
187 368 -38
187 464 -85
187 375 -21
187 384 -14
188 264 -29
188 507 -89
188 296 91
188 218 5
188 267 -19
188 434 -87
188 293 58
188 448 -2
188 410 -37
188 319 93
188 385 52
188 213 57
189 378 36
189 511 56
189 396 -34
189 318 33
189 261 -6
189 439 -19
189 348 80
189 452 -56
189 205 54
189 296 61
189 419 -48
189 355 47
189 506 85
189 238 -61
189 432 -16
189 226 89
189 259 -50
189 428 -42
190 374 6
190 253 -96
190 279 66
190 341 -25
190 489 50
190 446 69
190 376 98
190 394 -90
190 295 -63
190 208 -63
190 317 -6
190 299 -37
190 249 39
190 350 -1
191 198 93
191 424 -36
191 420 31
191 276 -11
191 252 33
191 232 -83
191 225 28
191 301 18
191 304 98
191 402 38
191 238 32
192 502 67
192 471 42
192 477 80
192 374 13
192 419 -53
192 300 74
192 388 71
192 511 82
192 480 42
192 429 -20
192 406 24
192 407 -36
192 361 -31
192 217 -60
192 455 -43
192 299 -63
193 247 -30
193 444 24
193 504 -79
193 329 3
193 456 -26
193 243 17
193 201 -71
193 460 -93
193 380 34
193 325 -44
193 310 -4
193 278 -94
194 349 95
194 311 62
194 438 32
194 382 -45
194 256 -80
194 441 -89
194 390 11
194 494 57
194 307 -98
194 493 -61
194 365 91
194 501 50
194 352 85
194 494 5
195 251 30
195 198 47
195 417 -72
195 366 26
195 390 -73
195 209 88
195 341 -1
195 265 49
195 504 38
195 223 31
195 327 -26
195 210 14
195 266 45
196 209 53
196 349 1
196 411 -81
196 370 23
196 349 -55
196 463 -98
196 311 31
196 395 41
196 290 -5
196 338 -43
196 346 90
196 427 -30
197 304 25
197 292 -56
197 233 40
197 436 22
197 287 -71
197 203 6
197 257 -61
197 362 47
197 340 -63
197 437 61
197 225 41
197 311 -38
197 203 48
197 433 -96
197 206 -17
197 235 83
197 321 -21
197 280 62
197 480 -72
198 451 89
198 323 -40
198 230 -62
198 410 82
198 269 19
198 455 -55
198 417 -86
198 281 6
198 420 -52
198 223 75
198 433 -35
198 216 -17
198 257 -69
198 272 94
198 400 -78
199 314 -18
199 385 62
199 315 -21
199 318 46
199 491 6
199 374 70
199 436 98
199 299 37
199 279 31
199 303 81
199 459 -73
199 343 -57
199 338 79
199 266 -75
199 293 53
199 274 -41
200 482 97
200 216 -32
200 386 -61
200 246 83
200 366 33
200 271 -13
200 357 74
200 380 79
200 258 -84
200 374 -9
200 367 23
200 476 -97
200 399 -27
201 421 -87
201 336 49
201 496 19
201 394 53
201 287 53
201 457 65
201 474 -5
201 409 25
201 487 27
201 426 25
201 281 91
201 329 91
201 309 -67
201 507 -10
201 262 78
202 407 -82
202 271 -28
202 239 -39
202 260 68
202 478 11
202 452 -7
202 338 84
202 276 62
202 327 90
202 473 -75
202 451 23
202 339 -25
202 303 -99
202 454 68
203 323 -39
203 404 48
203 388 65
203 489 -81
203 221 22
203 347 19
203 350 -43
203 495 95
203 461 85
203 308 47
203 411 99
203 213 14
203 370 47
203 397 88
204 242 -20
204 299 95
204 434 -6
204 472 -30
204 288 67
204 512 -8
204 274 64
204 376 7
204 435 6
204 228 86
204 253 -8
204 372 -56
204 289 68
204 418 -78
204 417 -38
205 448 8
205 417 -98
205 413 63
205 212 51
205 258 17
205 462 11
205 267 -82
205 348 33
205 436 -28
205 278 33
205 222 98
205 442 72
205 430 -66
205 422 54
205 388 32
205 479 19
205 462 52
206 321 68
206 219 2
206 434 85
206 260 64
206 491 85
206 325 -51
206 397 -40
206 469 90
206 377 -33
206 307 62
206 366 -44
206 258 -64
206 222 11
206 279 63
207 303 -21
207 266 -92
207 270 -16
207 334 59
207 251 -48
207 365 -92
207 360 -37
207 505 -14
207 329 -6
207 439 84
207 478 54
207 400 77
207 391 -88
207 234 -32
207 504 -21
207 423 25
207 456 31
208 423 61
208 430 51
208 337 -62
208 297 -41
208 467 24
208 299 60
208 278 -94
208 265 -63
208 219 96
208 338 44
208 338 81
209 368 -35
209 251 -11
209 471 -65
209 426 5
209 232 -32
209 302 79
209 326 -57
209 464 80
209 401 36
209 321 -11
209 451 -99
209 213 -15
209 506 -99
209 239 -61
209 463 35
210 506 46
210 438 -61
210 346 -7
210 373 44
210 463 -40
210 329 26
210 436 22
210 365 19
210 379 84
210 303 38
210 296 63
210 256 -36
211 461 -21
211 365 69
211 409 0
211 499 25
211 357 -35
211 452 40
211 275 -3
211 428 -11
211 403 36
211 261 -33
211 440 -94
211 459 28
211 270 -45
211 400 33
211 351 -74
211 395 -99
212 266 97
212 503 3
212 419 13
212 346 -48
212 287 -40
212 278 81
212 484 -66
212 375 1
212 404 43
212 228 -14
212 403 -89
212 225 6
212 295 88
212 343 74
213 503 50
213 484 17
213 349 -46
213 363 39
213 397 -39
213 357 -8
213 384 -18
213 345 -46
213 323 -99
213 416 36
213 503 -3
213 398 -98
213 427 -40
213 433 23
214 443 -27
214 399 1
214 381 20
214 285 55
214 355 -2
214 269 -70
214 316 15
214 388 97
214 305 -59
214 417 55
214 403 -56
215 495 61
215 272 10
215 266 -9
215 267 -26
215 363 1
215 363 -23
215 337 -100
215 249 -3
215 407 21
215 470 -82
215 298 67
215 311 -7
215 399 -39
215 334 51
215 226 -57
215 268 -26
215 342 -74
215 417 61
216 342 -87
216 377 -86
216 263 57
216 331 -83
216 511 -37
216 501 39
216 453 -27
216 423 85
216 227 72
216 362 -64
216 288 -97
216 311 -66
216 359 -3
216 361 -15
217 268 -17
217 298 84
217 436 75
217 418 -55
217 441 95
217 435 -84
217 337 -56
217 415 -81
217 262 92
217 473 -28
217 331 32
217 297 2
217 449 -15
217 452 -72
217 505 64
218 317 -42
218 442 9
218 259 -16
218 222 -20
218 340 26
218 350 -72
218 255 85
218 505 34
218 446 -11
218 481 -92
218 475 25
218 307 81
218 286 77
218 244 -3
218 284 31
218 490 39
218 319 -60
219 433 10
219 448 1
219 411 -6
219 403 -31
219 268 67
219 296 -12
219 351 -21
219 357 -65
219 254 40
219 313 78
219 429 -54
219 454 30
219 474 44
219 445 57
219 454 75
220 310 77
220 361 81
220 241 24
220 244 63
220 228 -81
220 494 -87
220 311 33
220 465 -9
220 232 80
220 276 72
220 503 95
221 433 -26
221 371 -89
221 251 62
221 376 6
221 477 -75
221 440 74
221 287 -82
221 365 6
221 302 25
221 227 17
222 293 83
222 498 -84
222 260 79
222 399 -70
222 501 -37
222 239 -50
222 323 80
222 346 -41
222 393 -23
222 432 -72
222 367 23
222 331 -25
223 455 -41
223 299 37
223 412 -26
223 456 -82
223 388 -92
223 471 -27
223 344 -1
223 451 -81
223 232 48
223 306 -83
223 257 -83
223 382 -53
223 291 85
223 503 -21
223 227 -36
223 282 18
223 432 81
223 416 12
223 450 84
224 387 -12
224 511 79
224 349 31
224 306 -32
224 425 2
224 332 -77
224 339 -44
224 422 -21
224 265 -62
224 283 44
224 469 -16
224 358 63
224 286 78
224 335 -51
224 416 55
224 471 43
224 359 -83
225 475 -98
225 491 -41
225 376 2
225 379 -70
225 273 -66
225 349 32
225 454 40
225 402 -77
225 450 -42
225 229 -48
225 393 14
225 365 48
226 346 -59
226 454 -8
226 491 -6
226 497 34
226 348 82
226 444 -36
226 489 -100
226 375 87
226 489 93
226 246 -35
226 457 16
226 272 31
226 380 -99
226 256 28
227 407 -43
227 278 27
227 328 6
227 381 -80
227 462 90
227 475 34
227 265 -4
227 240 12
227 233 67
228 383 -82
228 369 -62
228 277 92
228 267 -71
228 373 -7
228 394 -8
228 467 57
228 467 -70
228 409 49
228 322 -80
228 437 41
228 296 57
228 232 -22
229 281 -37
229 475 60
229 412 -71
229 465 2
229 336 -41
229 295 72
229 267 -37
229 422 -75
229 477 54
229 404 30
229 490 85
229 511 -19
229 325 -77
230 420 -14
230 274 -80
230 263 -33
230 310 -26
230 353 36
230 384 97
230 309 -43
230 470 98
230 323 -69
230 354 56
230 276 -22
230 358 40
230 285 -26
231 501 -67
231 333 -55
231 319 -50
231 321 21
231 490 32
231 309 41
231 273 -88
231 319 35
231 462 79
231 358 90
232 465 -64
232 242 -69
232 246 -16
232 372 78
232 302 -53
232 257 96
232 480 49
232 438 47
232 341 43
232 366 -31
232 435 53
232 338 -96
232 255 -80
232 492 -42
232 322 10
232 430 85
233 393 -25
233 331 50
233 284 26
233 465 39
233 493 -56
233 396 45
233 395 -76
233 385 70
233 281 -50
234 319 -40
234 402 1
234 453 48
234 254 67
234 295 49
234 487 -33
234 292 36
234 284 -6
234 245 -21
234 347 46
235 390 -84
235 432 85
235 452 -14
235 254 37
235 237 58
235 338 -72
235 257 -49
235 407 -50
235 389 99
235 430 -81
235 240 -8
235 428 29
235 276 18
235 444 13
236 311 -2
236 450 36
236 298 -71
236 458 -15
236 250 25
236 503 88
236 272 71
236 312 -99
236 442 28
236 456 -21
236 269 16
236 510 69
236 352 18
236 315 8
236 239 -34
237 393 80
237 342 85
237 358 42
237 317 -58
237 383 -47
237 506 -13
237 263 8
237 401 -86
237 267 -80
237 274 -92
237 406 -34
237 303 -19
237 297 -82
238 263 87
238 266 3
238 386 53
238 477 -8
238 427 33
238 258 -8
238 350 78
238 334 -52
238 369 -85
238 446 10
238 306 -73
238 498 -23
238 486 51
238 332 -12
239 409 -93
239 240 70
239 378 -60
239 423 -34
239 345 43
239 296 96
239 501 1
239 379 -95
239 317 -40
239 319 65
239 506 63
239 285 -24
239 458 11
240 304 -50
240 322 90
240 428 -22
240 478 48
240 348 5
240 428 43
240 505 -10
240 443 -86
240 462 -13
240 418 36
241 257 -89
241 476 -14
241 446 0
241 293 -33
241 360 -62
241 432 85
241 483 -72
241 487 -81
241 494 -75
241 474 -51
241 308 50
241 439 -3
241 457 -47
241 355 85
242 472 7
242 316 -4
242 324 -14
242 369 18
242 430 41
242 247 42
242 347 3
242 391 91
242 371 -16
242 314 -46
242 317 -37
242 272 -11
242 500 -7
242 259 -43
242 437 24
243 281 43
243 394 53
243 488 7
243 346 -12
243 327 41
243 362 94
243 289 -7
243 355 -78
243 272 -44
243 327 -7
243 333 -8
243 287 -74
244 423 15
244 275 -48
244 422 72
244 494 57
244 370 96
244 341 17
244 470 -3
244 485 -92
244 472 70
244 366 -35
244 309 -77
244 325 23
244 296 66
244 459 -90
245 386 65
245 374 -52
245 248 -80
245 258 -80
245 348 42
245 401 91
245 375 22
245 437 38
245 370 -70
246 423 52
246 415 -19
246 512 -36
246 450 50
246 345 22
246 461 -46
246 482 -95
246 443 -42
246 294 -50
246 405 97
246 472 41
246 398 -85
246 287 60
247 325 89
247 399 4
247 361 -97
247 341 57
247 384 -64
247 383 82
247 394 70
247 409 -90
247 392 76
247 428 84
247 355 -80
247 285 -3
248 442 12
248 468 49
248 467 -51
248 343 11
248 422 -49
248 499 -26
248 413 5
248 349 -39
248 335 90
248 413 -22
248 359 -97
248 471 66
249 426 -4
249 325 -26
249 314 69
249 391 37
249 414 99
249 287 -72
249 266 -79
250 471 0
250 285 99
250 492 58
250 431 21
250 360 -45
250 334 86
250 271 67
250 273 49
250 321 63
250 333 -85
251 378 -56
251 499 99
251 342 -13
251 433 15
251 445 -10
251 331 28
251 358 67
251 423 -33
251 435 -66
251 457 -23
251 457 79
251 281 34
252 260 -75
252 455 55
252 427 25
252 496 80
252 479 -84
252 477 76
252 507 48
252 361 -44
252 434 -72
252 304 -100
253 310 82
253 500 -39
253 317 -33
253 469 81
253 317 86
253 397 24
253 477 78
253 381 59
253 451 91
253 405 25
253 338 -17
254 296 -7
254 308 87
254 276 93
254 456 -21
254 329 -23
254 380 1
254 321 -86
254 469 -43
254 409 -63
254 295 92
255 494 -14
255 438 39
255 267 53
255 285 97
255 346 -45
255 296 94
255 352 58
255 330 3
255 264 -36
255 418 -28
255 449 95
256 337 -13
256 302 -23
256 435 -10
256 345 -17
256 310 68
256 457 -29
256 412 -37
256 364 -37
256 331 -45
256 347 -27
256 451 -65
256 436 69
257 501 -53
257 270 45
257 283 -20
257 281 -58
257 390 -27
257 351 9
257 399 -32
257 338 -60
257 348 -11
257 261 -50
257 444 -13
257 348 10
257 457 51
257 279 28
257 389 63
257 416 -9
258 427 29
258 285 -65
258 338 -41
258 321 29
258 272 98
258 492 -95
258 408 60
258 488 -44
258 431 -88
258 273 23
259 279 -21
259 375 52
259 450 61
259 360 -34
259 359 -44
259 361 -71
259 276 48
259 309 29
259 368 -71
259 281 42
260 366 -28
260 438 -30
260 401 78
260 423 99
260 350 89
260 492 8
260 283 -79
260 468 69
260 347 -84
260 312 -91
261 362 -13
261 340 -60
261 438 -100
261 421 30
261 485 9
261 382 48
261 501 -57
261 359 -16
261 440 -77
261 289 29
261 359 23
261 351 -20
261 371 59
262 420 14
262 308 11
262 423 -79
262 378 -55
262 306 -12
262 266 26
262 409 32
262 453 -13
262 480 46
262 460 22
262 281 -15
263 507 56
263 466 -62
263 479 42
263 456 -56
263 325 90
263 488 43
263 342 31
264 357 3
264 446 -94
264 271 73
264 502 -53
264 415 25
264 405 77
264 478 59
264 275 8
264 385 -35
264 268 -90
264 326 -9
264 389 -4
264 498 -100
265 462 16
265 494 -30
265 439 -91
265 286 -68
265 376 -1
265 407 -8
265 385 -68
265 478 -2
265 451 -4
265 489 -89
265 354 11
265 499 33
265 426 -30
266 319 66
266 283 80
266 398 -29
266 490 -69
266 313 4
266 350 -3
266 431 -50
266 399 -56
266 464 51
266 388 54
266 502 -27
266 318 28
267 310 17
267 350 -39
267 431 -71
267 268 -78
267 457 98
267 498 67
267 389 -32
267 396 -50
267 324 51
267 382 -19
267 473 -80
267 274 -83
267 376 -93
267 364 23
267 332 -93
268 327 -1
268 358 39
268 445 34
268 327 -67
268 271 29
268 508 93
268 432 -64
268 404 25
269 285 48
269 378 -47
269 490 52
269 391 8
269 363 78
269 272 88
269 326 -26
269 485 -38
269 472 -11
269 287 -63
269 442 -16
269 384 -70
269 334 87
270 323 29
270 344 -16
270 369 -97
270 489 26
270 409 -51
270 455 -25
270 456 39
270 282 55
270 332 -85
270 334 5
270 371 -69
270 499 46
271 499 29
271 290 59
271 416 51
271 304 55
271 373 -87
271 454 -29
271 417 54
271 359 -79
271 324 30
271 420 88
272 412 -63
272 372 -67
272 337 -97
272 338 -24
272 348 -94
272 415 42
272 509 47
272 441 89
272 414 -88
272 316 -70
273 403 -44
273 387 -42
273 377 -72
273 476 92
273 434 -38
273 430 34
273 388 -23
273 334 55
273 423 76
273 403 -11
273 357 -13
273 354 -36
274 418 -56
274 510 -73
274 512 -86
274 335 16
274 387 -39
274 405 40
274 370 -86
274 362 -92
274 498 -100
274 379 89
274 477 -54
274 369 38
274 325 6
274 428 32
274 480 66
275 387 92
275 491 63
275 375 -79
275 294 46
275 475 17
275 366 -89
275 452 -84
275 374 -68
275 423 -55
275 391 -58
275 470 -53
275 348 10
275 326 -65
275 471 -94
276 423 -46
276 500 -38
276 471 28
276 302 18
276 375 87
276 479 -91
276 379 56
276 391 28
276 361 -30
276 452 -68
276 403 71
276 467 -57
276 486 -45
276 430 -16
276 414 -98
277 298 -79
277 450 22
277 446 -27
277 348 86
277 327 33
277 507 77
277 399 36
277 322 30
277 481 49
277 397 -45
277 388 85
277 496 45
278 392 90
278 354 -56
278 388 -5
278 295 -73
278 429 -53
278 507 31
278 401 34
278 369 -58
278 280 91
278 320 -69
278 508 32
278 326 -69
279 413 34
279 387 61
279 499 36
279 428 59
279 461 -36
279 464 -74
279 398 -29
279 409 -15
279 333 -34
279 442 -91
280 432 -83
280 298 -80
280 354 -78
280 303 -20
280 302 15
280 331 -54
280 339 77
280 507 61
280 403 -10
280 343 -35
280 300 -7
280 345 -36
281 507 4
281 438 -98
281 467 -20
281 318 -1
281 391 -80
281 512 53
281 386 42
281 480 -83
281 461 -28
281 375 38
282 346 -37
282 458 63
282 309 74
282 379 16
282 471 -70
282 400 58
282 348 28
282 377 41
283 319 54
283 358 93
283 443 30
283 408 19
283 367 -38
283 365 -91
283 391 63
283 402 37
283 363 -4
283 313 -9
284 455 89
284 475 23
284 411 -80
284 378 24
284 508 25
284 297 28
284 383 -29
284 356 4
284 498 -33
284 305 -80
284 363 -44
284 354 -44
285 325 -57
285 345 1
285 360 50
285 324 -53
285 489 15
285 453 -5
285 298 -66
285 476 -53
285 506 -89
285 382 38
285 411 -62
286 498 -30
286 383 6
286 399 47
286 385 60
286 409 16
286 429 37
286 402 24
287 496 -58
287 405 25
287 452 -81
287 398 -72
287 397 -56
288 427 41
288 319 26
288 488 -2
288 355 -24
288 330 42
288 433 80
288 341 11
288 486 -14
289 332 -16
289 371 -95
289 469 17
289 382 -28
289 337 33
289 360 45
289 359 3
289 310 -72
289 326 76
289 307 -4
289 442 -24
289 428 -34
290 478 -38
290 381 -21
290 511 -93
290 379 81
290 464 -88
290 432 55
290 473 22
290 356 -20
291 484 30
291 485 -56
291 409 -73
291 378 84
291 358 -29
291 471 9
291 315 62
291 404 -29
291 313 -67
292 296 52
292 411 -49
292 393 -35
292 501 -90
292 315 -78
292 373 -61
292 348 60
292 397 28
292 339 12
292 508 38
293 484 46
293 306 -37
293 491 94
293 367 24
293 295 0
293 330 -80
293 297 -51
294 421 -61
294 440 6
294 347 -44
294 334 49
294 429 -2
294 364 35
294 404 71
294 385 8
295 442 -65
295 387 85
295 365 13
295 394 58
295 323 37
296 366 82
296 486 30
296 488 37
296 425 5
296 512 -42
296 317 -51
296 473 -95
296 388 6
296 315 22
296 340 -36
296 489 -75
296 305 -32
297 365 -70
297 336 -93
297 493 -67
297 325 71
297 436 -49
297 306 83
297 331 -61
297 298 -89
298 404 92
298 384 -98
298 512 66
298 318 12
298 422 -96
298 401 89
298 471 93
298 471 -49
298 386 83
299 462 76
299 491 35
299 509 -72
299 360 32
299 453 -79
299 378 -17
299 374 -47
299 481 -53
299 473 94
299 484 30
299 459 -94
299 442 73
299 351 -13
300 317 -92
300 397 56
300 421 -11
300 465 8
300 438 -52
300 402 46
300 467 -91
300 412 2
300 472 52
300 496 -86
301 439 -41
301 336 -69
301 413 16
301 351 -76
301 462 69
301 363 75
301 444 -23
301 398 -22
301 392 67
301 453 -47
301 338 60
302 412 99
302 303 55
302 333 62
302 484 -98
302 390 -26
302 434 -64
302 309 -62
302 430 -29
302 437 -51
302 304 -27
302 303 -65
302 459 -54
303 330 -62
303 493 84
303 415 -76
303 462 75
303 404 -45
303 412 -79
303 448 46
303 453 -84
303 476 -16
304 457 -83
304 503 90
304 506 59
304 490 86
304 375 -65
304 485 18
304 460 32
304 478 52
304 469 -68
305 416 42
305 411 41
305 319 48
305 341 68
305 505 0
305 394 -1
305 467 -95
305 447 70
306 324 -99
306 439 90
306 339 80
306 501 -40
306 413 -31
306 339 -51
306 308 11
306 320 -76
306 501 -95
306 383 17
307 332 -18
307 467 60
307 364 -14
307 308 7
307 392 37
307 341 26
307 453 -82
307 462 59
308 478 94
308 452 -61
308 354 43
308 510 -98
308 345 -41
308 418 22
309 353 -61
309 458 -100
309 439 -72
309 310 -54
309 412 -8
309 473 -10
309 418 -90
309 364 54
310 453 80
310 372 59
310 370 -78
310 346 88
310 342 -50
310 370 35
311 391 40
311 439 25
311 371 25
311 359 64
311 314 -94
311 387 -16
311 377 18
311 349 40
311 467 72
312 398 -84
312 335 -22
312 425 -30
312 427 72
312 357 46
312 354 38
312 390 74
312 404 85
313 400 64
313 362 62
313 376 -51
313 349 -49
313 438 -49
313 442 -27
313 320 51
313 410 64
314 486 -91
314 365 5
314 505 -44
314 422 -67
314 394 -68
314 417 -82
314 371 -92
315 453 -26
315 330 97
315 395 -72
315 407 -56
315 408 25
315 388 52
315 355 83
315 318 -30
315 318 82
316 471 -35
316 371 85
316 441 93
316 509 -52
316 418 5
316 442 19
316 461 -96
316 478 -21
316 329 -22
316 381 93
316 474 48
316 359 -43
317 445 58
317 365 12
317 367 -82
317 379 -78
317 498 -69
317 375 -59
317 436 -2
317 438 65
317 425 26
318 463 74
318 346 -95
318 509 72
318 372 -6
318 350 35
318 413 -20
318 464 -8
318 427 -11
319 381 53
319 357 -12
319 498 99
319 457 -100
319 495 27
319 411 14
319 342 41
319 324 24
319 408 56
320 350 31
320 411 67
320 422 6
320 329 60
320 419 -3
320 456 -70
320 402 13
320 335 -49
321 499 -80
321 511 35
321 404 -27
321 366 -95
321 424 -74
321 431 -49
321 406 -82
321 457 66
322 480 49
322 506 49
322 474 36
322 408 50
322 345 -59
322 492 23
322 433 36
322 448 31
322 504 19
322 413 57
322 432 83
322 436 -13
323 396 14
323 434 -22
323 361 -100
323 333 -100
323 352 -34
323 413 6
323 505 55
324 440 61
324 397 -11
324 423 -99
324 510 83
324 401 -58
324 467 -89
324 447 -90
324 349 91
325 406 -73
325 443 -23
325 474 30
325 388 -26
325 335 -66
325 450 62
325 364 -29
326 425 -75
326 334 59
326 432 -3
326 470 -67
326 414 28
326 506 -5
326 336 -72
326 506 4
327 348 -92
327 350 -65
327 351 52
327 407 -84
327 368 -81
327 498 72
328 475 -6
328 472 -63
328 413 -76
328 429 0
328 506 6
328 428 -22
328 424 -35
328 483 -44
328 353 63
329 409 38
329 482 62
329 417 70
329 505 -85
329 487 -75
329 480 -11
329 512 -22
329 431 -32
330 453 10
330 385 -74
330 332 -65
330 478 21
330 384 -25
330 345 -92
330 356 -52
330 367 -22
330 442 -18
331 460 -27
331 420 69
331 334 -53
331 378 76
331 361 65
331 475 -2
332 407 -11
332 473 65
332 368 -55
332 475 -34
332 445 38
332 459 63
333 459 -39
333 452 73
333 458 76
333 416 -14
333 411 29
333 462 -3
333 361 -49
333 505 49
334 363 -99
334 363 94
334 502 2
334 493 -38
334 342 -24
334 417 49
334 346 -59
334 371 8
335 436 67
335 424 -54
335 354 58
335 466 34
335 432 40
335 467 29
336 369 -13
336 412 -7
336 338 -42
336 448 46
336 510 -34
336 506 -65
336 396 -50
337 374 18
337 458 93
337 345 75
337 347 87
337 345 -4
337 481 10
338 425 -30
338 472 30
338 485 92
338 399 -21
338 428 97
338 417 27
338 413 7
338 444 43
339 416 56
339 395 -68
339 450 16
339 489 21
339 387 14
340 457 20
340 369 16
340 440 -29
340 506 -28
340 446 -13
340 347 -82
340 404 -6
341 420 -34
341 390 42
341 499 -28
341 472 -100
341 474 -43
341 349 99
341 435 89
341 462 -82
342 358 98
342 364 -86
342 504 -98
342 361 88
342 494 -85
343 454 35
343 427 37
343 412 -32
343 446 76
343 358 2
343 415 -96
343 373 38
344 368 13
344 359 -47
344 495 -73
344 393 97
344 421 28
345 407 38
345 433 -95
345 452 70
345 411 19
345 353 -13
346 406 39
346 499 -15
346 391 84
346 370 -62
346 414 -12
346 378 -83
346 385 -79
346 489 -11
347 487 77
347 353 22
347 350 41
347 443 -74
347 489 -51
347 423 8
348 438 31
348 422 -87
348 502 -54
348 367 -57
349 388 26
349 478 95
349 497 -83
349 418 -5
349 370 -94
349 462 -34
349 366 22
350 382 47
350 352 -87
350 429 -71
350 487 34
351 409 39
351 381 -18
351 381 2
351 498 -66
352 462 11
352 450 -92
352 496 12
353 420 -41
353 465 -49
353 466 -31
353 481 3
353 376 66
353 361 24
353 449 -20
353 396 94
354 400 44
354 483 51
354 464 82
354 387 -73
355 415 -14
355 376 -58
355 413 42
355 374 34
355 434 -60
355 493 -5
355 507 -70
355 455 27
356 428 -6
356 457 99
356 421 79
356 397 4
356 488 88
356 422 83
356 453 -51
357 494 -9
357 477 -57
357 432 1
357 399 13
357 373 64
357 436 -85
357 401 -5
357 428 99
357 465 20
357 457 23
357 421 62
358 413 46
358 381 94
358 497 -7
358 503 -30
358 474 -54
358 471 20
358 458 30
359 377 -61
359 450 0
360 409 63
360 505 -88
360 369 -97
360 445 78
360 460 -37
360 441 -36
360 467 -31
361 484 94
361 398 -98
361 494 56
361 431 31
361 430 60
361 388 -23
361 422 22
361 442 79
362 379 79
362 463 80
362 507 47
362 412 31
362 366 59
363 501 77
363 369 -45
363 401 51
363 458 70
363 414 -70
363 428 -79
363 443 6
363 386 55
364 474 36
364 375 45
364 485 -91
364 373 -79
364 481 -51
364 454 23
366 421 -54
366 400 -37
366 470 91
366 372 -81
366 437 68
367 404 -96
367 456 -30
367 412 8
367 427 52
367 510 10
367 447 -67
367 465 7
367 437 91
368 430 -34
368 414 50
368 503 -99
368 436 14
368 396 71
368 394 12
369 406 74
369 482 97
369 436 -9
369 406 44
369 447 -76
369 473 -29
369 370 1
370 469 -79
370 478 -25
370 391 -97
370 373 19
370 371 78
371 421 -23
371 489 -92
371 500 -71
371 448 -41
371 388 81
371 416 47
372 394 -20
372 480 -6
372 426 28
372 481 17
372 510 83
372 383 -63
372 506 -23
372 509 -47
372 430 -78
372 496 84
372 467 -47
372 438 -74
373 420 8
373 458 -17
373 375 47
373 482 15
373 426 42
373 489 -7
374 383 -31
374 379 23
374 385 71
374 415 25
374 393 -59
374 444 -85
374 387 52
375 477 -3
375 389 10
375 508 57
375 397 13
375 441 87
375 470 98
375 419 -73
376 510 42
376 446 -85
376 511 -53
376 497 29
376 388 -24
376 511 31
376 429 -8
376 430 -25
376 450 -91
377 395 -97
377 462 77
377 404 3
377 424 45
377 404 -47
377 499 -61
377 474 22
377 397 54
378 504 -48
378 402 -84
378 394 -85
378 382 -9
378 407 -27
378 416 -95
379 394 44
379 405 97
379 438 -69
379 430 83
379 419 32
379 419 -91
380 388 9
380 460 -9
380 425 -92
380 396 22
380 409 46
381 441 -24
381 412 -5
381 419 46
381 388 9
381 466 -70
381 492 34
381 421 83
382 480 60
382 482 -94
382 392 -49
383 386 67
383 446 -1
383 503 -99
383 450 28
383 454 51
384 438 69
384 493 75
384 475 -48
384 415 -82
384 386 3
384 421 -94
384 481 98
384 474 -64
384 507 -91
384 463 31
385 482 39
385 485 13
385 499 -18
385 386 79
385 432 -53
386 447 -41
386 396 -42
386 475 19
386 485 91
386 398 59
386 510 33
386 405 -28
386 389 -59
387 411 -16
387 433 -87
387 441 -4
387 402 83
387 407 1
387 448 78
387 460 6
388 447 47
388 427 -67
388 433 97
388 403 10
388 428 -41
388 475 -58
388 402 -86
389 427 9
389 402 -11
389 506 -27
389 415 -75
389 498 92
389 504 39
390 492 71
390 492 -81
390 459 -93
390 459 -21
390 434 -48
391 486 -40
391 465 -64
391 483 -9
392 419 -64
392 482 90
392 439 -90
392 477 56
392 447 -52
392 396 41
392 492 18
392 458 -88
392 462 6
393 483 24
393 508 37
393 408 -100
393 487 -43
394 497 -36
395 458 -32
395 485 -68
395 471 32
396 449 -60
396 469 -56
396 446 45
396 500 -29
397 430 -100
397 502 -88
397 498 -91
397 463 21
397 412 -58
397 449 9
398 438 30
398 443 75
398 447 -83
398 492 -57
398 464 19
398 462 -6
398 506 -13
398 425 -94
398 511 87
399 417 -37
399 423 -16
399 499 2
399 489 -31
400 418 -78
400 433 -43
400 500 93
400 454 -93
401 428 -27
401 419 -70
401 482 1
401 433 23
401 472 -63
402 406 15
403 441 -67
403 486 33
403 480 33
403 440 -76
404 406 60
404 491 72
404 476 58
404 408 32
404 460 -20
404 510 35
404 469 52
404 494 18
405 455 98
405 443 21
405 468 21
405 477 53
405 447 -17
405 436 13
405 446 26
405 501 -43
406 482 -13
406 476 43
406 509 63
406 424 -64
406 476 53
406 421 -51
407 491 42
407 504 -19
407 479 -82
407 470 24
407 425 -15
408 482 92
408 448 76
408 473 -85
408 444 90
409 484 35
409 470 16
410 411 -90
410 444 -45
410 455 -96
410 511 -33
410 417 -3
410 471 -53
411 499 -50
411 495 6
411 509 -74
412 506 16
412 480 -52
413 437 40
413 450 -97
413 494 -95
413 448 -2
413 511 69
413 506 62
413 418 -84
413 502 1
414 482 -88
414 465 -71
414 431 -26
414 478 -39
415 498 33
415 475 -19
416 441 -22
416 479 62
416 417 15
416 511 39
416 482 83
416 447 -62
417 426 49
417 498 69
417 465 -87
417 477 38
417 441 -5
418 443 -65
418 489 -39
419 485 25
419 510 61
420 438 -89
420 467 10
420 448 7
420 469 -96
421 478 58
421 485 67
421 496 -85
421 484 -4
421 476 48
421 462 39
421 494 -83
422 445 73
422 452 -47
422 496 16
422 441 -31
422 501 36
422 424 -40
422 428 78
422 491 47
423 427 71
423 482 83
423 470 61
423 452 -71
423 492 86
423 456 -97
424 505 22
424 465 45
424 470 50
424 472 42
424 481 -95
425 437 -72
425 477 -68
425 492 35
425 428 84
425 459 -99
426 439 98
426 505 -98
426 449 62
426 433 48
427 481 83
427 465 23
427 462 25
428 455 63
428 509 -96
428 495 46
428 454 18
428 490 13
428 510 -56
429 500 25
429 492 82
430 490 -36
431 446 -90
431 498 -20
431 506 -72
431 448 66
432 452 -19
433 484 -94
433 454 39
434 479 -30
434 503 -69
434 508 49
434 455 -67
434 483 88
435 449 28
435 437 -47
435 461 98
436 485 -5
436 505 -73
436 476 65
436 505 -85
437 477 65
437 442 18
438 467 -78
438 443 42
438 453 97
439 489 -4
439 461 -13
439 493 -85
439 476 63
439 453 -83
439 497 18
440 475 -51
440 483 83
441 474 -17
441 500 78
441 454 72
441 457 -18
442 493 -34
442 485 4
442 473 44
442 498 12
442 460 11
443 456 12
443 489 23
443 471 24
443 480 -93
443 492 -46
444 450 -90
444 451 29
444 485 4
444 500 -82
444 489 85
445 499 53
445 449 -86
445 469 -57
446 478 78
446 491 -61
447 500 -56
447 485 -75
447 448 48
447 455 0
448 512 54
448 492 81
448 473 80
449 474 -24
449 484 57
449 458 8
449 494 60
450 463 -57
451 488 -33
451 496 27
452 463 -67
452 508 40
452 491 10
453 464 67
454 512 38
454 459 1
456 498 -41
456 481 -20
456 481 5
456 482 54
456 507 -29
457 492 27
457 476 -15
458 496 -46
458 476 -33
458 476 -86
458 474 -87
458 484 -42
459 475 29
459 494 31
459 461 -4
459 463 98
460 498 -90
460 482 -43
460 504 -83
460 511 -74
460 488 -7
461 462 66
461 478 -63
461 505 21
461 477 30
463 476 35
463 470 -64
464 476 -97
464 496 12
464 466 -69
464 508 -87
465 502 9
466 497 0
466 473 -65
467 469 16
467 482 -5
469 482 -74
469 506 -2
469 477 77
469 474 -79
470 473 0
470 474 31
471 509 60
472 506 -36
472 483 -39
473 506 -38
474 481 -16
474 482 84
474 506 -99
475 487 -60
476 485 -21
476 494 -97
478 480 -29
478 483 -98
479 512 -87
479 496 89
481 494 -19
481 493 -48
483 487 69
483 505 -2
483 502 92
484 507 -2
485 511 77
485 489 -25
486 510 -48
487 506 -36
488 496 74
489 498 -97
489 491 -7
491 496 -19
492 502 -61
492 494 21
493 496 -16
495 503 71
498 511 -91
499 511 57
499 507 91
499 507 -10
500 505 48
503 507 45
