512 5864
1 303 -60
1 60 -3
1 248 3
1 477 -32
1 425 71
1 293 13
1 38 64
1 108 53
1 339 18
1 6 -30
1 472 62
1 242 -1
1 87 69
1 417 88
1 61 -55
1 266 53
1 394 -39
1 278 33
1 208 -71
1 158 6
1 354 -90
1 381 43
1 495 52
2 470 -14
2 402 -84
2 221 57
2 49 86
2 333 -29
2 222 75
2 441 14
2 66 -61
2 379 -54
2 81 -68
2 384 -69
2 150 -56
2 296 6
2 320 36
2 92 9
2 38 -96
2 89 89
2 388 -28
2 496 8
2 121 5
2 462 -47
2 158 -93
2 110 -38
3 124 -25
3 271 31
3 256 22
3 333 -81
3 157 -24
3 120 -11
3 468 29
3 9 77
3 219 -38
3 69 -65
3 217 -72
3 296 -12
3 100 22
3 257 10
3 102 -22
3 401 24
3 328 -55
3 56 -67
3 368 70
3 304 66
3 476 -21
3 371 81
3 311 30
4 455 16
4 67 -5
4 247 -99
4 427 91
4 135 -91
4 370 -64
4 510 -81
4 409 -59
4 90 -85
4 58 30
4 222 6
4 499 58
4 122 86
4 73 2
4 366 92
4 38 -98
4 205 -84
4 250 96
4 433 68
4 144 2
4 20 77
4 157 -34
4 246 22
5 353 -38
5 266 -67
5 428 -90
5 401 -29
5 53 55
5 361 79
5 220 63
5 127 -47
5 107 -77
5 252 -28
5 191 57
5 144 -60
5 223 -12
5 453 -82
5 471 33
5 382 -15
5 432 -82
5 227 81
5 429 -51
5 16 -57
5 405 4
5 471 -73
6 198 90
6 26 -41
6 221 -97
6 304 -9
6 304 45
6 383 -96
6 146 -56
6 377 18
6 158 -93
6 311 -63
6 60 -94
6 348 42
6 507 54
6 277 -74
6 359 -58
6 98 32
6 81 -22
6 25 -25
6 115 -36
6 69 -39
6 227 -71
6 79 -97
6 185 -80
7 210 28
7 484 -10
7 445 -70
7 504 -21
7 367 81
7 291 -21
7 280 -54
7 21 66
7 398 -98
7 88 -28
7 216 -12
7 497 63
7 281 -91
7 426 -27
7 483 -9
7 10 87
7 244 70
7 34 33
7 508 98
7 74 20
7 359 36
7 47 -39
7 185 85
8 180 91
8 301 -88
8 278 53
8 117 -25
8 66 -31
8 238 -7
8 472 57
8 206 -60
8 183 0
8 200 -2
8 337 -50
8 307 55
8 443 -64
8 437 -56
8 160 54
8 470 21
8 117 23
8 13 45
8 11 29
8 262 -43
8 23 -92
8 73 66
8 350 -91
9 359 -27
9 509 -40
9 329 56
9 359 34
9 113 96
9 510 48
9 19 6
9 387 71
9 136 -41
9 469 71
9 204 19
9 430 -78
9 333 -37
9 303 -93
9 361 -79
9 443 -41
9 387 55
9 216 -90
9 247 -52
9 172 -4
9 113 -89
9 13 87
9 239 -3
10 44 39
10 286 34
10 93 41
10 342 95
10 475 50
10 336 -81
10 224 33
10 384 76
10 240 -94
10 335 -22
10 424 -84
10 487 30
10 76 -53
10 259 -71
10 105 84
10 385 -66
10 91 52
10 188 -10
10 78 -29
10 135 -82
10 170 29
10 276 -25
10 356 19
11 352 -62
11 308 58
11 49 58
11 314 -90
11 198 -80
11 352 39
11 163 -45
11 294 64
11 457 -17
11 153 53
11 188 -26
11 199 -60
11 250 71
11 135 -90
11 309 65
11 195 -52
11 435 -55
11 129 -91
11 345 71
11 399 -29
11 59 -43
11 158 -95
12 47 67
12 33 -15
12 253 -81
12 15 5
12 261 -95
12 87 -4
12 485 -44
12 458 -59
12 355 -96
12 212 23
12 154 57
12 77 63
12 479 39
12 200 39
12 64 71
12 200 -78
12 72 97
12 275 2
12 220 88
12 330 -76
12 218 -14
12 27 -28
12 138 -32
13 43 -63
13 105 -95
13 319 -43
13 449 16
13 33 -2
13 352 17
13 203 -46
13 308 -45
13 126 -82
13 238 12
13 175 -66
13 83 18
13 490 -70
13 370 68
13 40 47
13 150 58
13 326 -71
13 487 -33
13 406 -71
13 510 -65
13 320 23
13 174 -69
14 252 -79
14 213 -59
14 445 19
14 438 56
14 70 6
14 62 91
14 324 -56
14 202 -87
14 186 -20
14 176 0
14 389 13
14 192 42
14 256 -23
14 95 -100
14 216 -85
14 37 -11
14 349 -67
14 98 53
14 144 16
14 244 -35
14 124 -46
15 135 23
15 68 -7
15 196 89
15 219 -81
15 134 -34
15 368 84
15 220 33
15 369 74
15 172 0
15 448 74
15 364 17
15 362 -75
15 177 -25
15 88 -48
15 231 73
15 211 -35
15 207 -1
15 356 72
15 303 -96
15 43 10
15 234 19
15 410 -96
15 252 6
16 257 -32
16 267 -100
16 193 43
16 368 -51
16 334 -51
16 428 -20
16 393 -23
16 89 -3
16 216 -26
16 232 72
16 132 -57
16 212 -71
16 467 61
16 244 49
16 357 -92
16 370 4
16 46 63
16 438 15
16 61 -61
16 343 72
16 251 -4
16 194 -15
16 445 17
17 385 74
17 239 -9
17 68 67
17 450 -90
17 344 51
17 340 56
17 358 16
17 476 -93
17 390 34
17 346 -93
17 245 -82
17 475 48
17 104 2
17 355 -9
17 376 6
17 468 89
17 385 -13
17 207 -20
17 248 12
17 118 -51
17 471 35
18 380 24
18 297 71
18 71 99
18 384 -81
18 193 -80
18 383 -53
18 368 -53
18 507 -90
18 46 -65
18 370 -77
18 398 56
18 481 -24
18 236 -93
18 419 37
18 241 -7
18 408 -48
18 89 89
18 82 -61
18 441 64
18 101 94
18 461 5
19 291 17
19 194 82
19 471 -7
19 70 -45
19 402 43
19 185 -17
19 357 -59
19 42 -68
19 390 -32
19 198 78
19 124 4
19 176 -81
19 43 -14
19 410 37
19 221 -100
19 261 50
19 230 48
19 410 -29
19 267 87
19 98 -16
19 40 -19
19 407 15
20 418 -20
20 110 -69
20 320 31
20 194 46
20 300 84
20 110 5
20 308 19
20 177 -83
20 383 -37
20 64 -29
20 203 -78
20 471 -65
20 278 -75
20 223 -25
20 467 14
20 427 -73
20 30 -88
20 288 94
20 212 -47
20 156 -61
20 386 -77
20 373 -26
21 35 70
21 359 99
21 373 -3
21 464 -3
21 331 56
21 206 -77
21 489 -80
21 323 4
21 489 61
21 495 -29
21 150 -23
21 488 3
21 279 -18
21 59 -23
21 429 84
21 402 32
21 471 17
21 330 81
21 341 -64
21 156 -53
21 169 -81
22 206 23
22 54 -60
22 323 -75
22 501 81
22 45 98
22 37 5
22 264 20
22 130 -20
22 341 96
22 336 -55
22 494 -45
22 345 -4
22 135 -80
22 122 34
22 191 95
22 97 84
22 101 87
22 455 -44
22 42 44
22 361 83
22 210 82
22 332 35
22 124 85
23 60 72
23 195 -72
23 215 10
23 261 -78
23 461 29
23 90 21
23 91 73
23 28 -65
23 406 52
23 32 -73
23 140 -65
23 31 17
23 31 -19
23 320 81
23 420 82
23 350 43
23 61 -22
23 58 25
23 312 -99
23 377 93
23 464 -1
23 216 -44
24 143 34
24 230 52
24 119 16
24 497 81
24 216 3
24 184 -91
24 474 18
24 400 -29
24 85 -51
24 206 -73
24 359 -61
24 490 61
24 66 33
24 271 66
24 300 -57
24 137 7
24 181 14
24 361 -68
24 165 -48
24 40 -47
24 344 -57
24 143 -50
24 175 31
25 117 15
25 138 0
25 325 -36
25 379 -27
25 420 72
25 102 54
25 366 17
25 243 -63
25 369 -23
25 100 47
25 358 35
25 39 68
25 311 34
25 255 36
25 381 -64
25 389 4
25 80 -1
25 26 70
25 301 -7
25 213 -54
25 316 -34
25 46 -22
26 365 -6
26 51 -67
26 414 -17
26 291 90
26 227 -41
26 474 64
26 300 81
26 504 -81
26 118 43
26 230 63
26 190 8
26 123 80
26 303 -7
26 118 -17
26 503 -35
26 304 47
26 397 15
26 353 84
26 212 23
26 357 -51
27 392 -93
27 477 77
27 39 -61
27 36 21
27 455 -43
27 99 41
27 89 -66
27 83 16
27 314 -89
27 427 -38
27 234 76
27 304 -79
27 87 23
27 472 51
27 149 43
27 344 -78
27 300 -29
27 280 -97
27 111 3
27 122 -23
27 265 55
27 39 -76
28 116 -10
28 74 67
28 364 38
28 247 51
28 232 82
28 361 -41
28 483 -96
28 396 35
28 323 -46
28 235 -1
28 485 90
28 423 -93
28 439 65
28 440 -65
28 90 89
28 447 76
28 461 -97
29 295 27
29 382 18
29 119 32
29 334 82
29 95 51
29 57 -74
29 184 55
29 79 52
29 430 64
29 329 84
29 199 -43
29 134 8
29 82 -19
29 447 -63
29 332 -23
29 338 42
29 257 16
29 141 -90
29 40 55
30 470 2
30 368 -35
30 363 48
30 389 55
30 444 41
30 401 83
30 495 -48
30 171 -79
30 450 41
30 319 -67
30 133 -85
30 225 25
30 34 41
30 345 -4
30 243 -59
30 193 -81
30 76 44
30 77 -37
30 475 95
30 460 55
30 357 72
30 330 2
31 131 10
31 465 38
31 121 5
31 159 -14
31 149 62
31 377 -69
31 482 68
31 195 69
31 421 -18
31 112 36
31 511 -44
31 83 -39
31 469 -81
31 262 63
31 318 -13
31 391 40
31 466 -33
31 420 -43
31 177 91
32 118 83
32 217 -39
32 337 88
32 439 -52
32 250 72
32 300 28
32 61 81
32 198 49
32 234 42
32 386 6
32 448 -56
32 150 25
32 138 -72
32 399 19
32 186 -49
32 235 -34
32 352 44
32 322 -51
32 465 86
32 171 59
32 135 12
32 306 -57
33 484 -9
33 47 -14
33 133 82
33 247 57
33 325 -29
33 126 -72
33 92 77
33 458 60
33 507 -64
33 84 -42
33 464 -42
33 356 -50
33 159 93
33 305 47
33 117 31
33 456 -53
33 478 27
33 460 -77
33 283 -99
33 496 11
33 253 -28
33 349 -32
34 456 -42
34 228 -7
34 264 -72
34 89 59
34 116 -35
34 385 38
34 105 52
34 399 -58
34 87 39
34 272 57
34 166 -61
34 169 -87
34 147 -50
34 465 -92
34 390 46
34 361 -3
34 266 -97
34 147 70
34 231 -26
34 377 42
34 323 -85
34 405 96
35 462 -71
35 471 -87
35 266 -35
35 423 -19
35 186 -26
35 177 -64
35 194 -91
35 398 -100
35 123 -78
35 124 4
35 506 -52
35 430 82
35 127 -65
35 487 83
35 367 2
35 471 -98
35 395 33
35 124 -6
35 471 -43
35 161 -43
35 46 89
35 104 83
36 188 -96
36 472 24
36 75 41
36 401 -19
36 41 86
36 299 -20
36 72 18
36 297 -29
36 334 31
36 261 -51
36 458 32
36 370 -28
36 53 -59
36 152 -76
36 87 20
36 463 -92
36 128 31
36 345 67
36 60 -3
36 120 41
37 224 79
37 66 88
37 426 36
37 265 84
37 313 68
37 50 73
37 91 37
37 306 -33
37 267 98
37 170 -79
37 95 -3
37 49 -51
37 289 -55
37 261 -69
37 164 -100
37 357 -90
37 91 -97
37 450 54
37 202 -27
37 449 60
38 317 62
38 367 42
38 116 18
38 206 -6
38 391 92
38 435 47
38 70 -74
38 103 -44
38 421 -75
38 325 2
38 414 -36
38 454 24
38 199 18
38 390 32
38 435 46
38 300 13
38 168 -32
38 497 -3
38 91 -67
39 472 -51
39 339 26
39 218 -89
39 155 -64
39 40 18
39 123 22
39 382 -33
39 392 -78
39 153 49
39 389 29
39 171 17
39 254 -56
39 376 -79
39 197 -83
39 212 4
39 207 -14
39 170 16
39 207 12
39 272 68
39 312 -9
39 383 -86
40 391 -19
40 66 32
40 432 -61
40 157 52
40 376 58
40 110 79
40 480 -67
40 482 -11
40 165 39
40 493 96
40 223 74
40 318 -97
40 188 36
40 112 -80
40 409 99
40 191 31
40 261 -14
40 387 40
40 512 -67
40 345 48
41 490 -17
41 402 65
41 367 -76
41 319 -45
41 493 7
41 359 98
41 51 -69
41 217 -73
41 368 -33
41 77 14
41 223 41
41 408 68
41 68 -58
41 95 31
41 206 91
41 482 -49
41 353 -58
41 501 82
41 439 99
41 408 -93
41 475 -69
41 343 -84
42 425 -57
42 136 75
42 248 20
42 55 -66
42 505 -32
42 317 68
42 175 -35
42 328 -82
42 486 -98
42 72 -25
42 356 1
42 108 -11
42 54 94
42 246 -38
42 346 -81
42 196 -74
42 281 77
42 147 18
42 55 74
43 287 52
43 406 -3
43 380 -86
43 442 16
43 297 -7
43 106 -93
43 419 -77
43 351 92
43 177 50
43 504 65
43 493 39
43 426 70
43 55 48
43 456 -64
43 165 46
43 330 48
43 242 -4
43 125 -81
43 169 -25
43 235 9
43 378 67
44 301 -2
44 164 -48
44 499 94
44 303 34
44 462 83
44 95 41
44 458 -26
44 110 51
44 457 -41
44 45 68
44 350 -42
44 59 -100
44 444 -64
44 493 -41
44 213 64
44 443 -47
44 377 -95
44 508 53
44 133 -73
44 234 43
44 298 16
45 423 -25
45 251 -65
45 489 -65
45 302 61
45 86 8
45 57 65
45 382 73
45 433 65
45 62 2
45 389 -20
45 77 -68
45 389 -13
45 247 69
45 174 8
45 499 -79
45 315 -12
45 119 29
45 447 -25
45 386 -1
45 417 91
45 397 -27
46 440 54
46 269 61
46 175 -27
46 205 -19
46 111 -100
46 139 62
46 282 -24
46 359 94
46 422 -83
46 224 -29
46 70 30
46 159 81
46 504 -11
46 226 -68
46 398 -95
46 438 -2
46 440 -19
46 493 14
46 111 39
46 305 -67
46 183 79
47 412 1
47 266 -21
47 425 33
47 183 1
47 261 44
47 434 -11
47 50 -43
47 103 3
47 277 -93
47 420 74
47 344 -60
47 434 70
47 406 67
47 346 -81
47 179 -81
47 158 -20
47 200 -77
47 289 48
47 48 -67
47 93 53
48 91 40
48 119 -65
48 164 76
48 442 87
48 173 -96
48 274 8
48 109 -99
48 359 19
48 201 -54
48 283 80
48 484 -13
48 91 -43
48 362 -54
48 205 33
48 378 -7
48 482 -5
48 273 -53
48 354 -33
48 157 54
48 266 70
48 349 48
49 288 66
49 104 -21
49 380 -11
49 354 -4
49 407 64
49 236 94
49 221 -23
49 291 93
49 70 -26
49 163 80
49 371 32
49 318 52
49 279 -17
49 375 -59
49 454 4
49 120 -31
49 140 3
49 247 -11
49 137 -87
49 55 66
50 430 -87
50 372 -77
50 298 31
50 341 74
50 191 83
50 211 43
50 498 67
50 78 50
50 480 80
50 117 15
50 75 44
50 400 -10
50 430 80
50 135 -34
50 180 -6
50 510 27
50 358 20
50 66 -65
50 219 -39
50 434 -40
50 438 -19
50 512 80
51 70 24
51 151 -73
51 339 78
51 171 91
51 368 -69
51 153 2
51 477 1
51 277 -7
51 207 -40
51 274 -3
51 57 91
51 143 59
51 283 -78
51 299 -64
51 495 37
51 159 -64
51 379 10
51 227 70
51 349 12
51 399 95
52 236 -69
52 310 -54
52 248 76
52 395 24
52 149 18
52 378 -61
52 400 50
52 266 43
52 356 4
52 117 87
52 377 39
52 232 12
52 79 -41
52 409 83
52 224 -75
52 123 -21
52 332 13
52 346 36
52 248 -81
52 129 -60
52 65 30
53 292 33
53 324 -51
53 457 -45
53 464 -42
53 244 70
53 338 4
53 149 2
53 297 5
53 205 -25
53 433 -51
53 199 51
53 465 -51
53 204 -23
53 248 -29
53 262 -11
53 145 76
53 417 70
53 64 -56
53 391 79
53 180 57
53 313 -63
54 324 -4
54 202 56
54 473 9
54 459 26
54 89 -84
54 347 9
54 294 -43
54 474 -81
54 237 30
54 494 69
54 399 -5
54 471 -42
54 480 -23
54 90 62
54 477 97
54 55 29
54 166 25
54 225 -9
54 167 -2
54 227 19
55 461 46
55 62 95
55 140 62
55 174 79
55 370 63
55 92 -21
55 210 9
55 227 -75
55 499 -30
55 72 -88
55 145 68
55 506 82
55 163 75
55 174 24
55 275 20
55 110 37
55 427 -43
55 217 90
55 163 3
55 284 6
55 290 -36
56 128 -48
56 457 -76
56 332 -49
56 471 -70
56 275 53
56 58 -95
56 228 -95
56 225 37
56 472 89
56 405 -15
56 364 -92
56 143 -60
56 371 93
56 455 71
56 90 17
56 338 6
56 160 -8
56 382 52
56 494 88
56 289 16
56 377 -22
57 62 -69
57 170 27
57 67 -46
57 107 9
57 289 94
57 132 98
57 335 -89
57 490 -89
57 307 84
57 97 14
57 276 -69
57 395 -18
57 485 -8
57 194 89
57 428 20
57 157 -45
57 494 -45
57 463 54
57 231 23
57 262 52
57 196 -56
58 352 73
58 330 4
58 441 -59
58 396 40
58 430 48
58 493 32
58 236 -82
58 472 36
58 109 -85
58 94 -77
58 472 72
58 205 -62
58 276 -97
58 165 21
58 499 88
58 291 35
58 498 84
58 439 -63
58 384 -14
58 245 -41
59 357 -52
59 312 -28
59 288 -76
59 283 37
59 140 -13
59 500 66
59 474 87
59 296 64
59 217 -70
59 265 3
59 187 58
59 504 -49
59 286 15
59 404 -31
59 494 -5
59 347 40
59 337 -50
59 430 -1
60 89 -53
60 220 84
60 500 33
60 336 47
60 299 70
60 218 53
60 362 -53
60 422 9
60 266 41
60 118 -82
60 131 33
60 288 99
60 308 42
60 240 44
60 136 -43
60 207 33
60 405 -46
60 169 -67
60 68 -52
60 251 27
60 101 -1
61 163 76
61 70 -66
61 149 7
61 195 -37
61 272 97
61 425 -58
61 312 42
61 504 19
61 164 68
61 282 -15
61 317 -47
61 84 -1
61 115 -69
61 438 85
61 491 -22
61 182 40
61 368 -44
61 138 12
61 75 -38
61 470 -15
61 280 -12
62 391 -24
62 388 -41
62 480 -93
62 72 -81
62 174 -1
62 272 87
62 398 90
62 398 -96
62 183 -90
62 119 47
62 306 -16
62 187 -50
62 173 39
62 101 72
62 339 73
62 351 -10
62 146 -61
62 332 -18
62 300 16
62 135 95
62 412 53
63 293 32
63 252 -8
63 357 -73
63 379 92
63 139 -49
63 144 79
63 139 29
63 330 81
63 289 -99
63 261 -32
63 496 -88
63 121 -33
63 339 14
63 205 -93
63 104 47
63 358 -20
63 121 41
63 324 6
63 391 -32
64 330 -79
64 476 91
64 411 -87
64 302 3
64 158 -44
64 384 2
64 185 8
64 447 -68
64 411 39
64 423 23
64 91 -100
64 334 44
64 182 -5
64 179 -96
64 428 -17
64 447 -83
64 177 -14
64 163 9
64 405 74
64 486 22
64 308 6
64 222 85
65 228 -75
65 486 -87
65 317 -31
65 106 -46
65 138 24
65 442 -87
65 454 -92
65 335 -18
65 88 41
65 409 -69
65 437 79
65 378 87
65 269 9
65 107 94
65 134 -33
65 460 25
65 450 1
65 266 -3
65 439 74
65 300 -71
66 140 14
66 224 81
66 362 35
66 478 6
66 505 34
66 139 -23
66 73 -37
66 506 13
66 212 38
66 262 89
66 410 -81
66 175 -84
66 459 -38
66 406 -76
66 305 -9
66 334 98
66 448 88
66 181 -73
67 458 -49
67 190 -11
67 184 -28
67 293 68
67 346 16
67 483 -7
67 174 53
67 100 -4
67 392 35
67 413 30
67 186 -12
67 205 9
67 103 -50
67 88 72
67 464 -79
67 374 32
67 320 69
67 290 -85
67 165 -6
67 391 -67
68 464 83
68 141 77
68 418 49
68 366 6
68 219 -42
68 307 14
68 474 -85
68 428 4
68 466 -81
68 402 78
68 182 -74
68 179 -37
68 473 83
68 332 -16
68 311 56
68 181 77
68 367 -34
68 375 -36
68 347 69
68 327 44
69 219 67
69 188 99
69 288 -87
69 185 31
69 297 8
69 92 9
69 156 -78
69 502 62
69 360 -45
69 370 -88
69 486 8
69 136 -66
69 157 -53
69 116 92
69 222 -75
69 89 80
69 158 15
69 128 -6
69 210 -68
70 139 61
70 269 -63
70 407 24
70 334 -69
70 224 -21
70 360 -17
70 486 -6
70 129 -40
70 418 70
70 193 99
70 321 18
70 388 -34
70 494 98
70 264 94
70 124 19
70 344 16
70 250 -54
70 124 13
70 498 -15
70 445 54
70 102 -50
71 331 -23
71 473 71
71 381 -77
71 496 18
71 211 -3
71 199 -51
71 148 -66
71 212 2
71 115 -46
71 204 -88
71 163 -55
71 220 -72
71 332 40
71 191 82
71 108 6
71 275 31
72 438 -44
72 291 72
72 155 58
72 349 40
72 436 -95
72 330 -4
72 436 -74
72 420 -48
72 205 -58
72 480 -49
72 260 77
72 116 -30
72 170 -73
72 292 -81
72 448 45
72 134 -90
72 88 -67
73 265 84
73 448 -55
73 167 -60
73 253 87
73 84 -16
73 470 26
73 163 91
73 162 -12
73 285 51
73 349 -81
73 241 -71
73 332 63
73 500 81
73 175 74
73 383 65
73 426 -93
73 406 -8
73 182 33
73 241 58
73 196 24
73 327 82
73 448 -74
74 262 51
74 141 -52
74 239 77
74 167 -49
74 350 60
74 326 -25
74 255 -90
74 122 95
74 477 61
74 112 -76
74 279 -69
74 456 -82
74 245 59
74 101 -41
74 374 43
74 194 11
74 80 -75
74 92 -70
74 315 34
74 224 -5
74 371 90
74 141 -71
75 280 -21
75 364 82
75 490 -85
75 366 -86
75 457 12
75 449 -3
75 451 -34
75 362 -11
75 193 58
75 447 -41
75 120 -58
75 166 -28
75 341 0
75 317 50
75 176 32
75 349 32
75 386 -75
75 350 -92
76 105 51
76 224 -19
76 385 -6
76 396 -97
76 393 -70
76 219 19
76 192 27
76 317 -3
76 494 18
76 392 -73
76 369 -23
76 360 -93
76 221 94
76 319 -30
76 80 -2
76 141 -91
77 458 80
77 188 -1
77 129 69
77 433 13
77 424 -18
77 211 -43
77 285 14
77 507 -90
77 334 61
77 505 39
77 116 -6
77 247 -49
77 432 84
77 334 50
77 199 42
77 316 -21
77 407 -75
77 334 -6
77 281 -8
78 338 71
78 310 -85
78 189 55
78 296 29
78 456 73
78 410 83
78 287 91
78 481 -54
78 217 -22
78 288 -51
78 367 -47
78 366 32
78 95 -14
78 115 47
78 237 74
78 84 -40
78 428 56
78 198 -15
78 322 -11
79 458 24
79 421 -98
79 443 32
79 121 -40
79 493 13
79 186 86
79 318 -32
79 269 93
79 154 -72
79 395 -16
79 141 -97
79 192 4
79 211 -85
79 86 35
79 279 99
79 81 -85
79 228 85
79 95 84
80 136 -8
80 270 85
80 394 -87
80 373 -67
80 502 99
80 408 49
80 486 -31
80 265 82
80 350 31
80 265 9
80 85 77
80 296 -39
80 289 -61
80 286 -51
80 227 -18
80 233 -69
80 418 98
80 107 96
80 308 1
81 170 -82
81 406 -92
81 475 78
81 492 -24
81 226 -85
81 501 -34
81 251 58
81 239 -86
81 184 -49
81 327 54
81 270 81
81 320 88
81 340 49
81 130 57
81 313 34
81 456 77
81 356 3
81 327 -9
81 389 -100
81 321 -62
81 257 3
81 89 -27
82 413 56
82 93 -12
82 448 37
82 257 -50
82 169 -21
82 168 41
82 314 -38
82 251 -88
82 360 22
82 436 30
82 503 -38
82 178 -14
82 259 92
82 385 -80
82 154 -41
82 273 -5
82 420 -77
82 471 66
82 448 38
82 474 -90
83 138 89
83 207 -14
83 509 20
83 421 3
83 465 -33
83 97 -62
83 418 -31
83 406 -90
83 491 7
83 111 -13
83 402 14
83 387 -26
83 456 -41
83 437 -51
83 176 -32
83 217 -71
83 89 -52
83 129 -82
83 388 30
83 344 -50
83 173 58
84 135 89
84 281 -13
84 366 -94
84 498 -20
84 170 -47
84 486 -49
84 500 -16
84 88 58
84 311 83
84 226 33
84 172 -53
84 174 1
84 344 73
84 109 7
84 342 -52
84 118 -6
84 436 -11
84 238 -18
84 96 17
84 205 -80
85 295 -81
85 307 -95
85 229 -10
85 253 -29
85 209 -91
85 204 15
85 189 40
85 243 -99
85 276 -82
85 99 -67
85 312 -100
85 320 70
85 263 -49
85 174 6
85 179 57
85 254 8
85 378 72
85 391 3
85 350 -1
86 172 -35
86 469 76
86 104 -64
86 367 80
86 185 -88
86 414 -91
86 331 65
86 189 22
86 214 -6
86 217 57
86 274 68
86 499 36
86 97 -87
86 364 -81
86 130 14
86 237 7
86 435 72
86 91 3
86 421 25
87 443 -7
87 332 59
87 395 -55
87 190 -20
87 214 84
87 253 -77
87 331 -53
87 184 -84
87 214 -46
87 144 5
87 314 79
87 145 -81
87 189 27
87 478 -61
87 143 -44
87 496 -59
87 114 -99
87 488 -98
87 135 77
87 328 79
88 167 -14
88 261 98
88 503 -55
88 504 -35
88 201 -25
88 134 -58
88 316 39
88 177 -5
88 286 -59
88 401 85
88 442 -98
88 317 51
88 258 8
88 317 34
88 208 -4
88 210 8
88 192 22
89 312 58
89 212 95
89 224 22
89 412 -74
89 246 -52
89 281 7
89 176 15
89 322 6
89 222 81
89 447 -25
89 122 34
89 152 -83
89 506 -44
89 311 39
89 333 -10
89 376 50
89 337 -41
89 209 -53
89 128 69
89 373 21
89 210 1
89 165 -31
90 264 30
90 438 -19
90 374 29
90 410 -62
90 473 -22
90 156 -41
90 148 47
90 330 92
90 343 52
90 144 58
90 173 58
90 413 83
90 292 -2
90 107 32
90 357 85
90 332 79
90 428 47
90 160 22
91 159 37
91 261 69
91 511 63
91 127 8
91 352 -90
91 459 -3
91 471 47
91 299 -83
91 178 99
91 159 52
91 165 -27
91 471 -51
91 473 54
91 317 -47
91 153 56
92 507 -9
92 265 -77
92 420 46
92 335 42
92 444 -55
92 146 15
92 392 51
92 390 -74
92 488 65
92 127 11
92 504 -74
92 273 -70
92 450 -19
92 433 -71
92 429 30
92 323 41
92 96 45
92 449 -22
92 485 80
93 463 -57
93 463 -99
93 506 -4
93 274 -22
93 96 -63
93 264 -35
93 344 76
93 225 88
93 100 16
93 408 -7
93 225 -26
93 251 -54
93 204 -89
93 200 98
93 281 7
93 388 52
93 117 63
93 502 -98
93 266 2
93 466 71
93 359 47
94 401 -54
94 281 6
94 138 42
94 140 88
94 427 9
94 248 50
94 403 -32
94 144 44
94 214 -50
94 295 -93
94 129 41
94 135 56
94 119 41
94 357 34
94 238 77
94 426 -60
94 358 -1
94 270 9
94 461 37
95 349 11
95 248 -63
95 109 -64
95 350 65
95 116 -93
95 336 47
95 205 -45
95 492 -71
95 448 -91
95 253 -28
95 148 30
95 153 -97
95 331 -9
95 310 63
95 303 36
96 333 -14
96 426 91
96 361 32
96 192 -5
96 316 66
96 102 -84
96 480 66
96 101 13
96 397 78
96 329 8
96 461 -92
96 239 -70
96 436 -23
96 144 -28
96 108 48
96 437 79
96 438 45
96 333 -64
96 237 -47
96 485 64
96 448 14
96 238 91
96 323 -55
97 221 -97
97 511 -49
97 151 -88
97 168 5
97 139 -55
97 160 -13
97 166 -31
97 116 81
97 310 13
97 223 -28
97 405 -56
97 434 -59
97 169 78
97 147 41
97 302 -1
97 511 -69
97 357 56
97 121 4
97 415 18
98 214 -45
98 228 95
98 459 81
98 335 -30
98 102 39
98 134 -61
98 328 -45
98 348 82
98 368 18
98 463 77
98 262 21
98 123 -93
98 317 -2
98 289 -66
98 205 -12
98 253 58
98 173 -41
98 330 85
98 369 24
98 320 22
99 217 -86
99 152 -73
99 504 -44
99 259 5
99 495 7
99 161 2
99 305 -98
99 162 -92
99 223 -16
99 499 16
99 359 -53
99 170 39
99 150 -39
99 394 -22
99 435 16
99 111 72
99 274 62
99 172 -36
99 126 -89
99 376 65
100 462 -11
100 463 -3
100 249 80
100 280 95
100 380 61
100 326 -42
100 469 73
100 390 39
100 195 92
100 436 81
100 324 -59
100 430 -12
100 479 -82
100 323 29
100 348 55
100 347 21
100 366 -17
100 334 65
100 407 -86
100 367 -69
101 245 -52
101 125 -75
101 387 83
101 195 -91
101 342 89
101 373 -34
101 503 89
101 418 -22
101 430 89
101 434 -47
101 298 -98
101 285 14
101 413 7
101 115 3
101 244 78
101 345 22
101 481 46
101 312 41
101 114 -82
101 224 -90
102 254 67
102 384 52
102 156 -90
102 448 77
102 273 -3
102 149 -60
102 357 30
102 438 27
102 114 72
102 422 -83
102 390 1
102 482 5
102 330 -69
102 274 -14
102 338 -15
102 510 21
102 496 -90
102 173 -27
102 284 13
102 155 -37
103 497 76
103 211 51
103 252 32
103 270 -14
103 204 36
103 248 -47
103 122 -96
103 486 92
103 444 81
103 445 2
103 110 97
103 222 -66
103 213 -48
103 208 82
103 448 7
103 328 79
103 479 -2
103 323 70
104 205 59
104 272 -77
104 200 -91
104 251 31
104 509 -96
104 352 -21
104 216 -62
104 483 -99
104 143 90
104 266 1
104 195 60
104 122 -40
104 507 -11
104 121 -21
104 171 54
104 295 81
104 163 18
104 309 0
105 394 -75
105 314 35
105 189 -1
105 196 83
105 406 10
105 276 -46
105 129 82
105 297 -57
105 211 39
105 480 59
105 129 -43
105 451 -1
105 419 45
105 276 33
105 439 -2
105 257 36
105 117 -57
105 246 36
106 276 14
106 395 -99
106 176 28
106 217 65
106 393 91
106 332 60
106 261 -51
106 300 32
106 440 58
106 180 -38
106 434 -19
106 245 -67
106 127 61
106 277 -11
106 362 56
106 206 -38
106 286 15
106 174 82
106 153 -20
107 472 -54
107 349 90
107 401 -47
107 398 -14
107 322 -12
107 397 -53
107 118 -43
107 472 59
107 477 51
107 327 9
107 213 43
107 116 -5
107 388 -19
107 451 74
107 468 -58
107 238 20
107 451 25
107 293 57
108 288 94
108 391 -32
108 224 -32
108 405 44
108 349 62
108 457 -79
108 368 12
108 171 -81
108 220 56
108 373 -42
108 302 -12
108 336 55
108 445 -50
108 195 -65
108 282 92
108 213 13
108 474 25
108 264 -3
108 281 -30
109 179 3
109 499 -11
109 155 -91
109 332 -26
109 393 -56
109 490 22
109 195 66
109 416 59
109 229 -97
109 216 74
109 211 46
109 267 15
109 353 45
109 204 17
109 243 82
109 206 -56
110 233 -7
110 287 -67
110 327 70
110 343 2
110 312 -99
110 365 81
110 452 -57
110 308 53
110 478 50
110 476 59
110 257 63
110 258 10
110 152 37
110 373 76
110 418 57
110 268 -16
110 421 14
110 258 -100
110 287 -96
111 495 -58
111 231 14
111 384 -26
111 290 -14
111 264 79
111 466 63
111 313 93
111 372 -5
111 336 86
111 152 87
111 419 -27
111 242 -45
111 470 47
111 283 -69
111 366 67
111 165 -76
111 457 29
112 445 -7
112 301 6
112 184 -36
112 474 99
112 185 -28
112 212 32
112 413 2
112 406 -76
112 472 6
112 118 -86
112 175 75
112 115 -89
112 184 73
112 169 63
112 119 8
112 240 -16
112 227 58
112 203 37
113 476 93
113 279 -51
113 301 23
113 240 -65
113 207 -35
113 225 -87
113 381 60
113 167 -19
113 390 -43
113 252 -38
113 290 22
113 398 55
113 436 -86
113 381 -26
113 186 53
113 343 -72
113 280 -15
113 229 -100
113 245 88
114 382 33
114 268 13
114 253 -18
114 245 -79
114 402 96
114 124 -4
114 346 3
114 235 -84
114 334 -19
114 324 -80
114 255 97
114 394 86
114 453 -13
114 348 -47
114 376 -9
114 338 38
115 139 28
115 257 46
115 265 -74
115 353 -83
115 261 -34
115 431 56
115 287 6
115 320 38
115 160 -43
115 279 -76
115 125 -21
115 448 50
115 351 15
115 309 -63
115 156 27
115 481 86
115 482 -72
115 241 12
115 486 -32
115 475 -59
116 370 -71
116 163 27
116 470 31
116 244 99
116 300 -12
116 355 -39
116 194 82
116 331 -71
116 214 11
116 512 -9
116 504 66
116 137 -86
116 316 -83
116 318 -6
116 119 -30
116 212 -29
117 290 5
117 418 -55
117 473 -34
117 130 -17
117 119 -32
117 482 -64
117 488 64
117 487 14
117 243 -17
117 358 36
117 364 98
117 436 53
117 239 39
117 479 69
117 306 18
117 344 -22
117 413 -85
117 215 45
117 243 41
117 469 94
117 476 -87
118 472 -85
118 219 35
118 144 -98
118 322 -70
118 121 -83
118 445 -55
118 457 -93
118 288 -2
118 405 -29
118 344 -81
118 507 9
118 421 22
118 505 -68
118 149 -68
118 472 -61
118 282 -18
118 357 -64
118 408 -81
118 446 -100
118 169 66
118 386 -1
119 217 29
119 473 -65
119 182 4
119 323 -17
119 160 49
119 417 -31
119 378 66
119 425 43
119 459 26
119 161 12
119 420 -91
119 188 -10
119 192 57
119 482 -8
119 121 97
120 346 -8
120 231 -57
120 283 -12
120 323 63
120 220 -59
120 419 -82
120 473 -71
120 358 15
120 477 30
120 183 -34
120 128 -46
120 163 29
120 132 -10
120 263 -73
120 436 -12
120 198 83
121 194 -33
121 440 -8
121 463 96
121 490 76
121 354 2
121 442 74
121 169 24
121 169 99
121 272 -90
121 431 46
121 333 -95
121 147 -37
121 417 -78
121 340 -12
121 223 -77
121 477 -10
122 450 -23
122 223 53
122 231 21
122 204 7
122 502 -3
122 305 57
122 329 36
122 373 -61
122 378 14
122 438 -71
122 292 -26
122 361 -11
122 423 11
122 250 68
122 334 2
122 346 21
122 470 -36
122 230 75
122 416 -8
123 509 -95
123 165 -38
123 283 52
123 449 49
123 171 -13
123 263 -9
123 241 -98
123 258 -8
123 452 -31
123 221 -48
123 191 0
123 375 46
123 297 59
123 252 -68
123 501 80
123 474 -2
123 240 33
123 439 10
124 485 -94
124 313 -25
124 206 -25
124 313 -31
124 136 -78
124 502 -66
124 351 77
124 385 -99
124 493 45
124 182 11
124 265 -5
124 230 -3
124 181 76
124 331 -46
124 289 78
124 325 67
124 445 0
124 376 55
125 377 1
125 369 94
125 284 11
125 496 62
125 458 98
125 281 89
125 468 20
125 228 98
125 400 68
125 481 16
125 430 28
125 186 62
125 493 -5
125 245 45
125 307 60
126 365 -78
126 386 -73
126 155 -18
126 304 -1
126 355 -59
126 388 80
126 153 71
126 234 22
126 501 11
126 198 -49
126 132 -95
126 482 34
126 289 -38
126 421 -7
126 405 7
126 405 24
126 350 22
126 397 -48
126 300 -55
126 170 73
126 347 27
127 308 50
127 146 67
127 137 51
127 392 37
127 364 19
127 457 17
127 254 -46
127 287 22
127 173 92
127 292 -79
127 358 -71
127 446 -79
127 277 68
127 419 -75
127 281 -57
127 132 -55
127 131 -54
128 422 -16
128 465 -38
128 507 82
128 136 93
128 293 -72
128 134 -11
128 412 41
128 144 -91
128 265 51
128 257 -33
128 351 95
128 273 46
128 469 22
128 437 -49
128 472 -35
128 213 28
128 168 -53
128 241 40
128 326 30
128 509 88
129 200 -79
129 226 -36
129 450 -22
129 268 -32
129 247 72
129 422 24
129 421 42
129 483 91
129 138 15
129 170 54
129 397 -77
129 448 -84
129 324 86
129 322 -70
129 473 77
129 453 49
129 492 3
129 306 -85
130 472 91
130 478 -81
130 458 75
130 207 97
130 284 -61
130 245 -73
130 432 96
130 431 90
130 380 -22
130 393 -6
130 248 74
130 170 -85
130 178 6
130 173 -98
130 204 -48
130 143 44
130 258 -5
130 415 -17
130 261 88
131 346 -18
131 397 39
131 277 21
131 367 25
131 490 35
131 370 -90
131 218 5
131 311 -100
131 253 96
131 470 -96
131 452 40
131 222 38
131 336 3
131 201 -11
131 474 97
131 467 -56
131 218 -49
131 448 71
132 231 29
132 283 -75
132 302 96
132 404 -86
132 482 55
132 154 27
132 410 -23
132 228 58
132 500 -69
132 498 -72
132 390 86
132 176 51
132 462 52
132 442 -41
132 196 -50
132 362 -14
133 453 -95
133 268 -71
133 393 -47
133 254 41
133 340 -4
133 142 -49
133 453 80
133 481 -24
133 380 -2
133 182 -71
133 356 37
133 215 88
133 356 -10
134 230 -27
134 138 -65
134 452 -85
134 340 80
134 352 67
134 261 -26
134 246 59
134 162 -90
134 155 -51
134 484 96
134 376 9
134 319 31
134 306 6
134 502 -62
134 206 25
134 213 91
134 508 6
134 499 -20
135 498 6
135 460 -97
135 461 -2
135 390 26
135 144 56
135 207 23
135 440 55
135 388 62
135 191 48
135 331 43
135 450 59
135 306 -19
135 158 -67
135 449 67
135 388 46
135 192 67
135 321 -45
135 381 74
135 466 -35
135 154 90
136 472 -35
136 478 -66
136 326 -68
136 364 67
136 172 16
136 191 21
136 461 94
136 204 52
136 501 -33
136 362 -64
136 445 49
136 161 -81
136 219 24
136 370 -56
136 439 62
136 265 86
136 217 -67
136 180 -91
137 449 -27
137 473 -95
137 364 -87
137 211 57
137 391 -56
137 324 36
137 265 -20
137 332 74
137 483 77
137 346 28
137 409 60
137 255 -57
137 343 -10
137 288 69
137 473 -71
137 398 74
137 322 33
137 443 69
138 501 51
138 508 -52
138 305 73
138 488 45
138 389 -79
138 351 81
138 222 41
138 501 -88
138 364 -77
138 336 -66
138 282 94
138 449 75
138 196 -91
138 146 73
138 190 -21
138 280 55
138 239 79
138 297 43
139 260 94
139 300 36
139 285 68
139 424 51
139 178 84
139 210 -7
139 342 0
139 304 -5
139 426 -42
139 205 85
139 364 66
139 378 79
139 392 -37
139 389 21
139 357 13
139 199 20
139 411 -97
140 321 36
140 283 -55
140 365 50
140 141 50
140 156 96
140 231 -29
140 424 39
140 268 27
140 484 -81
140 211 -5
140 242 98
140 261 77
140 319 -75
140 348 -73
140 200 60
140 408 91
140 350 55
140 467 -42
140 190 55
141 266 76
141 166 69
141 412 -35
141 167 -85
141 205 -98
141 511 -34
141 150 -80
141 388 -6
141 429 26
141 256 -4
141 318 82
141 160 89
141 300 63
141 481 17
141 276 3
141 396 58
141 349 -17
141 290 41
141 359 42
141 264 -35
142 391 -31
142 237 71
142 246 -94
142 201 -17
142 306 58
142 491 67
142 241 -15
142 273 20
142 471 -55
142 433 -17
142 462 -79
142 206 42
142 253 89
142 160 -53
142 324 97
142 441 -35
143 402 23
143 352 62
143 322 61
143 300 72
143 305 -5
143 225 -82
143 364 -88
143 224 -31
143 212 -39
143 382 0
143 451 72
143 223 85
143 172 -78
143 383 -10
144 326 -19
144 306 -85
144 198 -12
144 315 38
144 323 -74
144 451 -47
144 235 46
144 453 -86
144 329 26
144 429 -53
144 426 5
144 165 -89
144 268 -91
144 278 -76
145 427 -23
145 411 -72
145 194 68
145 149 -76
145 329 -94
145 494 -93
145 485 26
145 203 -68
145 231 -25
145 155 24
145 150 83
145 160 -6
145 373 -59
145 329 19
145 238 56
145 274 -60
145 363 66
146 287 46
146 285 -68
146 304 17
146 404 -56
146 247 53
146 442 -79
146 247 35
146 477 8
146 237 6
146 433 -12
146 330 98
146 260 52
146 329 57
146 359 -30
146 288 33
147 305 -77
147 357 90
147 277 -77
147 312 94
147 307 -75
147 311 81
147 399 82
147 439 -90
147 415 -66
147 381 91
147 264 54
147 225 28
147 487 81
147 171 89
148 384 -69
148 431 34
148 504 -83
148 164 89
148 293 18
148 200 -92
148 476 -100
148 345 -91
148 316 -20
148 248 -94
148 354 -59
148 210 97
148 490 -35
148 456 8
148 183 55
148 442 35
148 191 25
148 288 71
149 502 -86
149 168 -65
149 411 -2
149 323 38
149 438 -67
149 482 5
149 218 -33
149 211 -23
149 240 -9
149 506 80
149 159 -44
149 184 -78
149 193 -27
149 456 -63
149 428 1
149 446 -7
150 313 -15
150 481 24
150 504 -14
150 468 84
150 296 -28
150 469 10
150 215 83
150 484 -23
150 381 -56
150 439 88
150 502 -2
150 473 -78
150 235 -100
150 450 -83
150 509 -55
151 180 -89
151 383 4
151 189 82
151 357 21
151 303 95
151 171 -69
151 471 -85
151 510 -21
151 478 -6
151 300 75
151 235 -16
151 211 74
151 253 -61
151 404 91
151 181 -37
151 412 -47
151 457 86
151 166 -8
151 498 98
152 370 -26
152 263 -20
152 428 21
152 403 -38
152 431 87
152 156 -38
152 400 -2
152 202 1
152 512 81
152 428 98
152 262 -45
152 462 -91
152 217 29
152 153 -84
152 456 41
152 205 -41
153 181 -72
153 421 -85
153 415 -21
153 313 -29
153 368 -31
153 448 -80
153 307 -26
153 207 32
153 281 -43
153 255 -93
153 299 90
153 362 43
153 442 21
154 169 22
154 327 64
154 479 12
154 430 65
154 283 -13
154 449 -81
154 502 52
154 321 20
154 454 -60
154 317 46
154 310 -10
154 285 29
154 323 -48
154 252 -96
155 362 37
155 477 -30
155 472 31
155 187 -90
155 256 79
155 322 23
155 194 98
155 220 47
155 232 75
155 493 14
155 280 -54
155 402 -36
155 437 -2
156 353 -57
156 202 -4
156 159 11
156 272 49
156 327 90
156 213 96
156 420 -50
156 507 97
156 177 -47
156 460 8
156 235 72
156 368 9
156 186 -7
156 217 -42
156 241 80
156 285 84
157 391 53
157 320 47
157 290 -41
157 220 -15
157 162 75
157 294 24
157 477 29
157 306 1
157 203 27
157 437 -51
157 233 78
157 304 -87
157 416 51
157 263 95
157 184 -13
157 334 -2
157 189 38
158 314 26
158 230 -76
158 266 -12
158 452 -45
158 347 18
158 263 -63
158 386 29
158 440 -25
158 239 26
158 447 -77
158 187 -73
158 382 46
158 185 31
158 392 31
158 473 -41
158 163 94
158 311 92
159 326 38
159 366 -89
159 210 -11
159 372 67
159 281 9
159 262 29
159 476 35
159 171 -58
159 231 98
159 435 21
159 235 40
159 356 40
159 329 -64
159 263 -2
159 504 34
159 414 34
160 488 -35
160 498 11
160 217 -63
160 192 0
160 291 88
160 307 -18
160 306 -41
160 353 -6
160 190 54
160 461 83
160 299 -47
160 340 63
160 267 96
160 343 45
160 362 51
160 418 72
160 419 72
160 330 -61
161 357 12
161 234 -59
161 230 31
161 471 0
161 183 -26
161 445 61
161 326 -67
161 167 61
161 323 56
161 332 -39
161 453 -29
161 347 -80
161 237 -77
161 363 67
161 425 -62
162 496 -14
162 181 20
162 365 -51
162 399 57
162 330 91
162 204 52
162 498 -17
162 466 79
162 473 40
162 286 86
162 382 -82
162 269 73
162 473 -87
163 356 96
163 258 -36
163 403 91
163 345 26
163 492 62
163 405 -30
163 397 -17
163 380 -11
163 327 -48
163 470 -23
163 485 -6
163 423 -2
163 505 -40
163 300 -36
163 474 -31
163 456 -74
163 174 7
163 276 -87
164 502 -52
164 511 70
164 454 6
164 415 -8
164 255 83
164 440 -93
164 260 34
164 304 15
164 488 -96
164 214 50
164 457 -6
164 242 -48
164 278 -21
164 260 -78
164 394 16
165 353 17
165 288 -75
165 424 -59
165 491 6
165 368 -23
165 371 18
165 244 -38
165 260 25
165 422 7
165 203 23
165 186 8
165 241 95
165 353 -36
165 244 94
166 197 82
166 429 64
166 350 -79
166 217 77
166 321 -27
166 295 -87
166 326 -37
166 325 69
166 351 -2
166 238 -2
166 409 63
166 333 -24
167 304 45
167 496 -43
167 333 75
167 451 -33
167 364 61
167 433 -9
167 314 26
167 397 -17
167 401 24
167 502 52
167 464 45
167 442 87
167 512 -95
167 505 24
167 507 11
167 176 -22
167 287 -37
168 368 39
168 341 -7
168 321 77
168 512 9
168 339 77
168 479 88
168 376 -42
168 479 -2
168 305 -69
168 286 -51
168 405 -52
168 283 -67
168 370 75
168 343 -8
168 430 -71
168 311 20
168 277 91
168 294 -47
168 384 -63
169 327 -69
169 242 6
169 373 -39
169 393 -99
169 317 84
169 474 1
169 480 -97
169 420 88
169 351 76
169 295 -51
169 300 -73
169 401 -84
169 275 -35
169 476 -39
169 336 -42
169 336 80
169 477 66
170 420 55
170 350 69
170 316 -52
170 234 -22
170 499 -41
170 414 -82
170 371 -96
170 503 24
170 264 94
170 406 65
170 178 -36
170 376 -45
170 467 -53
170 488 59
170 376 -89
171 431 -4
171 293 -3
171 414 42
171 325 80
171 461 -58
171 393 -14
171 381 46
171 360 -20
171 250 72
171 366 -84
171 368 -5
171 290 96
171 179 -35
171 400 -28
171 505 -99
171 326 36
172 502 11
172 418 -8
172 369 -28
172 278 43
172 323 -58
172 278 17
172 434 -9
172 306 -32
172 275 -87
172 270 -31
172 368 -66
172 221 64
172 248 39
172 222 88
172 471 -63
172 404 38
172 344 -29
172 182 25
173 312 16
173 442 96
173 403 -9
173 407 -47
173 269 29
173 281 -80
173 191 -39
173 404 26
173 322 -70
173 307 -33
173 505 29
173 462 25
173 190 -8
173 428 -86
173 490 -32
173 331 32
173 208 40
173 234 56
173 389 -59
174 339 -72
174 312 -66
174 325 83
174 467 11
174 477 41
174 306 96
174 338 -75
174 282 -10
174 371 -32
174 339 -100
174 284 95
174 497 67
174 373 99
175 507 71
175 275 -14
175 501 58
175 219 11
175 484 15
175 407 59
175 389 -9
175 183 92
175 415 88
175 316 -87
175 251 -97
175 457 -14
175 328 -49
175 422 -7
175 241 50
175 328 -71
175 326 97
175 401 51
175 380 -20
175 378 75
176 447 62
176 408 97
176 377 -44
176 224 -19
176 508 -80
176 400 39
176 347 18
176 376 -19
176 315 86
176 502 -92
176 246 -14
176 461 64
176 239 -24
176 396 -91
176 311 11
177 461 38
177 306 54
177 434 14
177 283 -36
177 493 -95
177 273 -29
177 369 12
177 196 -12
177 366 -62
177 378 37
178 418 -51
178 398 -66
178 318 41
178 350 22
178 239 43
178 421 68
178 410 -59
178 323 -43
178 413 -84
178 335 86
178 252 10
178 196 72
178 341 -87
178 389 95
179 429 -59
179 218 27
179 456 -73
179 406 -15
179 483 -54
179 183 -19
179 252 32
179 445 -18
179 390 -40
179 342 -62
179 189 66
179 340 60
179 430 81
179 304 -60
180 461 -63
180 333 24
180 211 -87
180 460 -77
180 394 20
180 424 -60
180 430 35
180 424 95
180 304 -53
180 189 -14
180 439 8
180 234 83
180 252 -24
180 442 -69
180 463 -41
180 499 0
180 285 -91
181 361 92
181 405 -22
181 395 -81
181 362 -26
181 319 83
181 465 -61
181 466 76
181 509 -96
181 291 51
181 382 -13
181 218 43
181 225 92
181 226 -93
181 354 -31
181 487 -32
181 421 35
181 477 74
181 430 10
182 283 25
182 295 -51
182 416 -22
182 463 52
182 500 34
182 415 9
182 221 -78
182 221 -94
182 476 -20
182 476 -44
182 469 24
182 260 16
182 493 4
182 276 -16
183 455 25
183 202 51
183 387 64
183 235 -46
183 374 -23
183 414 63
183 275 -71
183 269 78
183 461 -83
183 218 42
183 458 -77
183 444 -22
183 395 -53
184 195 -47
184 194 54
184 331 -65
184 458 90
184 297 -92
184 185 49
184 462 85
184 363 -92
184 185 31
184 363 -37
184 400 -29
184 449 5
184 297 93
184 461 11
184 444 55
184 465 -79
184 230 76
185 328 39
185 433 -88
185 400 19
185 373 -26
185 247 -27
185 208 -44
185 190 9
185 346 37
185 200 63
185 440 -64
185 327 47
185 393 -44
185 378 10
186 256 24
186 407 63
186 388 -44
186 360 25
186 500 54
186 213 -6
186 191 -42
186 304 51
186 259 -17
186 273 -69
187 392 -98
187 214 -65
187 218 -99
187 473 -98
187 343 54
187 509 -71
187 247 -71
187 287 13
187 329 -19
187 309 -69
187 316 -36
187 211 20
187 257 -38
188 205 -14
188 508 73
188 197 -32
188 267 53
188 475 98
188 274 -79
188 433 -49
188 279 -45
188 281 7
189 273 -41
189 507 -3
189 384 18
189 464 -88
189 220 -68
189 407 -95
189 475 -77
189 282 -22
189 398 28
189 486 -60
189 286 -87
189 498 -33
189 331 -65
189 249 -9
189 464 -9
189 287 -99
189 495 -45
190 377 -2
190 375 29
190 241 -4
190 259 77
190 506 45
190 424 95
190 311 -58
190 493 -64
190 214 -36
190 235 -57
190 427 10
190 478 66
190 320 -31
190 509 25
190 375 -7
190 409 -7
191 402 18
191 319 -72
191 344 -97
191 267 4
191 368 59
191 287 68
191 226 -59
191 450 -77
191 389 -77
191 496 -88
191 452 32
191 219 -72
191 403 -37
191 226 -75
191 405 -22
191 441 79
192 320 -26
192 301 -51
192 222 30
192 358 -29
192 441 15
192 509 -11
192 507 -3
192 284 11
192 462 62
192 365 -36
192 350 -46
192 227 -26
192 217 -55
192 379 -89
193 496 9
193 310 -71
193 455 65
193 237 -25
193 300 28
193 400 -47
193 238 -92
193 216 40
193 196 -37
193 508 77
193 199 -89
193 443 -31
193 237 36
193 279 -77
193 382 -37
194 471 86
194 284 51
194 272 84
194 346 -28
194 376 -18
194 337 45
194 417 -73
194 222 -20
194 485 -71
194 497 70
194 478 -60
194 392 30
194 490 80
194 385 53
195 382 -71
195 432 20
195 370 -98
195 421 41
195 230 -78
195 500 -87
195 384 64
195 237 -81
195 430 66
195 295 64
195 476 67
195 396 -29
195 248 -24
195 304 -85
196 411 43
196 350 54
196 228 4
196 301 93
196 337 74
196 291 -22
196 206 98
196 396 -12
196 331 15
196 261 -26
196 500 8
196 437 -91
196 416 48
196 459 -27
197 461 52
197 455 13
197 441 5
197 353 -28
197 275 -86
197 227 -56
197 248 48
197 238 87
197 271 -87
197 450 -45
197 409 80
197 407 70
197 308 -63
197 457 49
197 369 -94
197 464 -28
197 481 -56
197 220 78
198 448 -14
198 396 -99
198 474 42
198 441 27
198 293 38
198 271 15
198 395 77
198 336 -12
198 293 -77
198 421 -95
198 237 -9
198 429 26
198 429 83
199 378 -94
199 473 66
199 460 42
199 210 14
199 220 68
199 511 54
199 396 -83
199 247 68
199 292 -16
199 426 49
199 259 26
199 256 -9
199 415 -91
199 432 94
200 267 88
200 243 -87
200 228 36
200 400 -2
200 243 2
200 458 55
200 341 16
200 415 -87
200 213 49
200 256 -62
200 357 -28
200 324 57
201 405 88
201 392 59
201 503 85
201 382 -86
201 384 39
201 338 13
201 444 73
201 492 57
201 352 -92
201 465 68
201 431 90
201 373 -63
201 464 39
201 381 -31
201 387 75
201 237 -61
202 320 -27
202 386 -7
202 301 -94
202 385 -87
202 291 54
202 371 -94
202 400 26
202 376 68
202 362 66
202 370 47
202 351 92
202 382 -73
203 501 -19
203 263 52
203 206 23
203 466 40
203 409 -1
203 325 93
203 250 32
203 479 82
203 466 47
203 252 -1
203 508 -98
203 442 -68
204 416 -86
204 294 2
204 349 59
204 302 -49
204 318 26
204 509 68
204 347 57
204 344 69
204 308 -92
204 313 -36
205 489 -5
205 433 22
205 428 -40
205 495 93
205 293 2
205 293 -11
205 428 11
205 476 53
205 311 -59
205 413 -4
205 236 99
205 244 -13
205 467 74
205 401 -85
206 413 34
206 347 80
206 456 26
206 428 15
206 262 -22
206 308 24
206 431 -64
206 453 -77
206 309 -10
206 398 -84
206 497 -34
206 472 -21
207 323 29
207 300 54
207 229 -54
207 230 -78
207 300 33
207 399 98
207 509 -26
207 261 -90
207 334 -94
208 482 -79
208 293 41
208 447 69
208 443 84
208 427 -84
208 233 6
208 464 28
208 422 49
208 277 2
208 441 -15
208 332 34
208 460 55
208 433 -59
208 271 30
208 290 93
208 212 0
209 478 -46
209 372 -25
209 216 88
209 211 -48
209 288 -31
209 211 -58
209 466 -63
209 501 -6
209 489 66
209 457 -91
209 292 2
209 219 45
209 416 95
209 311 -11
209 241 -4
209 511 77
209 442 -13
210 392 -9
210 450 87
210 422 -57
210 281 -36
210 455 -19
210 317 61
210 259 82
210 288 15
210 407 82
210 488 -14
210 498 -14
211 294 87
211 246 -50
211 221 38
211 226 -15
211 214 36
211 416 78
211 339 87
211 360 -49
211 345 34
211 332 -34
211 215 43
211 254 11
211 245 29
212 371 50
212 504 5
212 373 -31
212 284 24
212 287 -52
212 479 40
212 493 45
212 486 41
212 399 27
212 398 -2
212 278 -8
212 434 1
212 286 -51
212 276 56
213 241 89
213 373 -79
213 476 47
213 302 39
213 500 -74
213 373 -56
213 378 -86
213 322 46
213 393 99
213 428 -10
213 253 -71
213 429 17
213 294 -47
214 436 -70
214 494 -39
214 453 51
214 447 21
214 433 -27
214 477 38
214 294 -23
214 367 -96
214 494 -76
214 493 -78
214 343 83
214 445 -39
215 443 4
215 443 81
215 285 -89
215 296 64
215 302 69
215 383 -3
215 221 26
215 504 53
215 459 -87
215 256 27
215 239 -87
215 333 -50
215 426 -96
215 306 25
216 313 44
216 400 -6
216 234 21
216 310 -14
216 406 -72
216 480 -53
216 364 52
216 452 23
216 463 71
216 257 84
217 327 -77
217 320 74
217 436 -83
217 442 -14
217 303 76
217 475 60
217 391 54
217 324 -98
217 223 -66
217 273 -4
217 313 76
217 401 73
217 334 -56
217 286 -64
217 477 -79
218 320 2
218 440 -3
218 294 -50
218 351 -2
218 490 -19
218 241 71
218 244 27
218 232 -71
218 458 -56
218 423 32
218 494 88
218 260 -68
218 302 -80
218 411 65
219 322 66
219 316 78
219 263 -41
219 265 -30
219 298 82
219 469 68
219 379 -33
219 256 43
219 352 25
219 391 85
219 323 -6
219 504 64
219 348 42
219 355 -76
220 276 43
220 244 -71
220 347 -45
220 489 -77
220 437 -53
220 287 38
220 484 -52
220 425 67
220 251 37
220 253 -90
220 372 49
220 283 -90
221 409 -41
221 405 -98
221 361 -42
221 324 -69
221 370 74
221 353 58
221 235 -50
221 307 62
221 355 -5
221 466 -45
221 299 -70
221 339 33
221 502 -10
221 506 -53
221 285 -7
222 261 52
222 470 -38
222 324 -83
222 351 17
222 288 48
222 390 99
222 238 91
222 470 62
222 349 52
222 503 0
222 322 30
222 310 37
222 413 43
223 404 83
223 329 -14
223 416 -29
223 287 -1
223 296 14
223 483 12
224 355 17
224 321 -98
224 485 -71
224 288 27
224 240 -7
224 445 -22
224 392 24
224 428 31
224 385 98
224 278 -90
224 346 -14
224 461 12
224 495 -50
224 468 -4
224 241 29
225 501 40
225 407 46
225 349 93
225 458 81
225 317 -71
225 312 59
225 464 -36
225 454 -74
225 336 -12
225 477 -87
225 278 25
225 460 -89
225 361 -64
225 328 -83
226 230 -31
226 268 -62
226 381 2
226 306 -59
226 454 4
226 315 63
226 442 -85
226 457 21
226 389 42
226 469 -72
226 475 -37
226 437 -71
226 415 53
227 496 17
227 339 -3
227 258 -36
227 499 -8
227 498 -100
227 430 46
227 452 23
227 445 54
227 288 -72
227 433 -66
227 501 -52
227 417 14
227 467 -96
227 236 48
227 479 -56
227 412 -97
228 372 -55
228 375 -57
228 415 7
228 317 28
228 391 17
228 466 -53
228 498 -29
228 439 -95
228 385 0
228 308 94
228 249 86
228 319 -30
228 490 65
228 487 -98
228 316 -70
229 416 22
229 319 -24
229 331 -7
229 310 -99
229 411 -92
229 437 61
229 501 96
229 311 78
229 254 30
229 297 -53
229 293 47
229 485 27
229 399 -79
229 443 -45
229 239 -90
230 458 12
230 358 -39
230 397 -93
230 410 22
230 389 -87
230 370 -13
230 292 56
230 252 39
230 375 -6
230 240 -63
230 367 -12
231 474 74
231 249 -6
231 232 44
231 486 79
231 361 24
231 456 32
231 445 87
231 399 58
231 264 -15
231 244 93
231 266 -83
231 371 76
231 406 70
231 249 -52
232 449 16
232 478 -46
232 502 -1
232 378 39
232 474 94
232 253 11
232 380 29
232 369 -55
232 499 13
232 366 -90
232 242 -60
232 309 13
233 462 -92
233 238 54
233 504 -1
233 426 53
233 336 29
233 311 -47
233 444 -41
233 249 -9
233 337 -80
233 253 47
233 411 77
234 256 31
234 280 79
234 437 -83
234 266 26
234 471 1
234 366 43
234 297 -6
234 266 80
234 270 11
234 331 26
234 368 32
234 437 93
234 316 -85
235 483 40
235 407 75
235 379 82
235 392 -64
235 384 85
235 359 39
235 510 -86
235 333 -60
235 350 9
235 251 2
235 302 -91
235 287 92
236 494 -29
236 344 53
236 478 -42
236 313 27
236 437 -86
236 434 7
236 480 -44
236 274 -28
236 284 -72
236 432 43
236 399 -40
237 365 -60
237 255 -73
237 374 -52
237 477 -50
237 243 37
237 388 -26
237 298 25
237 278 47
237 454 -86
237 270 -36
237 502 -84
238 268 -27
238 502 -100
238 347 46
238 475 98
238 269 -100
238 479 86
238 471 16
238 310 -30
238 479 -20
238 319 53
238 307 -50
238 435 82
238 245 -70
238 421 -89
239 471 -44
239 330 14
239 507 80
239 437 50
239 481 -41
239 453 -13
239 323 -80
239 436 -14
239 261 -76
239 250 14
239 486 85
239 489 -62
239 269 -3
239 338 4
240 272 -63
240 262 84
240 270 -57
240 454 -7
240 490 -62
240 298 23
240 484 28
240 502 -83
240 441 31
241 407 68
241 291 -92
241 431 -100
241 350 -67
241 386 75
241 389 -17
241 501 12
241 335 -94
241 490 -73
241 275 60
241 322 6
241 340 -78
241 392 20
242 310 65
242 410 14
242 255 98
242 458 -2
242 511 -59
242 306 25
242 259 -72
242 251 89
242 270 -90
242 449 -51
242 387 74
242 289 -24
242 312 5
242 398 -71
242 369 83
243 494 -48
243 499 31
243 388 25
243 464 51
243 441 86
243 448 38
243 482 -67
243 495 -16
243 263 19
243 481 18
243 432 -34
244 505 73
244 318 -59
244 323 -91
244 500 -50
244 329 40
244 421 -52
244 301 35
244 337 38
244 445 16
244 368 83
244 426 -81
244 467 66
244 433 15
244 459 52
244 347 48
245 497 53
245 417 31
245 370 -53
245 393 64
245 429 81
245 350 -94
245 489 -94
245 411 57
245 395 -66
245 484 16
246 395 50
246 410 99
246 272 -58
246 428 -64
246 334 37
246 365 -16
246 272 1
246 261 13
246 411 -68
246 483 -7
246 500 65
246 358 -54
246 442 -11
247 364 -77
247 312 -99
247 252 70
247 303 87
247 357 4
247 301 -42
247 492 65
247 264 25
247 507 -77
247 444 53
247 253 -37
247 479 10
247 420 40
247 443 -17
248 258 68
248 406 -32
248 314 97
248 269 86
248 340 16
248 363 23
248 380 -84
249 497 14
249 443 -59
249 330 77
249 318 -62
249 488 47
249 503 86
249 464 -32
249 276 2
249 274 35
249 309 82
250 507 -25
250 270 -15
250 421 25
250 503 -44
250 465 29
250 450 35
250 392 -80
250 507 -29
250 295 -53
250 298 -85
250 255 -31
250 410 -80
251 477 47
251 340 -9
251 441 -80
251 355 17
251 440 -97
251 305 -30
251 466 42
251 498 -3
251 473 -31
251 302 96
251 444 -85
252 317 -92
252 266 5
252 506 31
252 417 83
252 455 -84
252 400 86
252 448 71
252 288 -73
252 341 -23
252 263 -7
252 272 -25
253 486 -87
253 415 22
253 376 34
253 419 66
253 504 -39
253 258 -49
253 425 -79
253 447 55
253 451 61
254 479 -64
254 483 48
254 319 -45
254 478 82
254 397 -63
254 432 73
254 442 54
254 365 -58
254 258 -49
254 274 91
254 268 15
254 351 -53
254 488 44
254 438 -17
255 488 -20
255 333 50
255 358 4
255 391 -89
255 413 -37
255 258 84
255 295 -12
255 347 -53
255 377 93
255 348 98
256 482 -72
256 303 50
256 498 6
256 276 -93
256 330 -25
256 436 68
256 324 -65
256 458 17
256 502 -34
256 493 -89
256 393 -57
257 426 42
257 315 3
257 370 -98
257 393 9
257 427 56
257 304 48
257 474 28
257 496 -85
257 462 -63
257 509 -7
257 496 -42
257 457 43
258 289 24
258 501 -92
258 382 57
258 261 -10
258 323 -90
258 261 -73
258 390 77
258 457 -53
258 263 -62
258 300 -36
259 379 22
259 399 84
259 282 97
259 292 56
259 272 56
259 414 -97
259 406 -78
259 339 -79
259 367 -37
259 481 -42
259 499 91
259 393 -82
259 389 -59
260 484 92
260 494 -79
260 282 -4
260 271 55
260 278 16
260 360 85
260 348 -87
260 485 17
260 503 -92
260 343 58
260 492 -51
261 355 41
261 308 -17
261 355 79
261 474 -43
261 298 -44
261 465 36
261 346 -97
261 345 96
261 389 52
261 303 43
261 271 -98
261 477 -51
261 450 -29
262 423 -50
262 329 -78
262 426 46
262 346 -76
262 300 67
262 405 -55
262 276 -52
262 330 38
262 443 93
262 369 -38
262 414 -88
262 386 -30
262 305 -63
262 413 -5
262 422 -11
262 424 84
263 369 60
263 502 -86
263 329 35
263 326 70
263 409 -58
263 419 -56
263 460 39
263 471 49
263 282 -18
263 488 -54
263 406 -43
263 406 -82
263 512 -30
263 271 -10
264 314 -60
264 429 65
264 310 -23
264 460 -10
264 362 12
264 379 -93
264 462 29
264 308 89
264 428 68
264 344 41
264 501 41
264 320 -68
264 325 91
265 482 88
265 464 -100
265 418 60
265 416 -99
265 421 -83
265 457 5
265 470 85
265 331 -42
265 446 -9
265 388 47
265 473 -38
265 510 -50
265 395 -50
266 294 19
266 277 -45
266 299 63
266 411 -59
266 463 -31
266 494 84
266 421 67
267 498 90
267 349 -6
267 483 20
267 436 -46
267 491 85
267 278 93
267 314 -78
267 371 69
268 296 -44
268 391 -96
268 398 7
268 492 -3
268 277 21
268 412 15
268 298 55
268 368 27
268 274 -45
268 426 -41
268 495 -55
268 332 -29
268 419 24
268 392 -91
269 389 35
269 361 -8
269 407 -85
269 483 77
269 279 -71
269 325 76
269 331 -51
269 275 22
269 450 -94
269 288 -33
270 315 -65
270 296 42
270 339 -68
270 339 -5
270 452 96
270 356 90
270 439 -49
270 393 22
270 380 -16
270 382 -32
270 483 78
270 498 -22
270 499 -27
271 296 -75
271 376 -87
271 326 -5
271 277 42
271 417 31
271 349 90
271 322 88
271 462 -35
271 354 50
271 280 -92
271 493 79
271 357 -43
272 505 -22
272 486 19
272 374 92
272 468 -34
272 364 63
272 316 -35
272 308 99
272 510 -68
272 407 46
272 377 13
273 433 85
273 493 92
273 451 64
273 324 30
273 400 -5
273 348 -80
273 416 22
273 422 62
273 368 -62
273 447 8
273 472 37
273 499 56
273 297 34
274 375 16
274 395 -85
274 354 10
274 424 -51
274 279 -8
274 356 -33
274 381 -38
274 487 -64
274 493 80
274 468 -59
275 458 -68
275 494 -88
275 496 15
275 505 -63
275 468 -71
275 400 57
275 470 16
275 480 -14
276 372 91
276 380 -12
276 311 99
276 326 74
276 324 49
276 377 -95
276 290 32
276 502 -96
276 489 -7
276 287 -25
276 299 -21
277 417 66
277 308 -38
277 475 -89
277 445 -27
277 382 -89
277 473 6
277 319 -12
278 447 -81
278 306 -85
278 297 10
278 339 24
278 413 -4
278 434 85
278 353 -22
278 286 9
278 309 -50
278 387 -98
279 417 27
279 407 -15
279 353 12
279 423 -86
279 493 -46
279 308 -94
279 282 11
279 391 -94
279 506 91
279 383 91
279 326 6
280 374 11
280 458 -72
280 458 87
280 480 -9
280 356 95
280 359 82
280 393 -10
280 463 -25
280 325 -41
280 480 -10
280 326 6
281 381 -67
281 282 -68
281 345 38
281 346 84
281 417 -31
281 395 -37
281 396 95
281 348 3
281 448 -94
281 315 6
282 294 49
282 395 -45
282 454 -46
282 285 -2
282 363 2
282 509 86
282 369 -83
282 458 -29
282 309 -71
282 287 89
283 405 65
283 382 33
283 342 -90
283 330 23
283 364 -30
283 331 78
283 422 -42
283 479 -87
283 488 -78
284 423 -88
284 329 51
284 314 -27
284 489 -47
284 507 64
284 364 -52
284 468 99
284 486 44
284 339 24
284 479 69
284 388 -74
284 383 12
284 402 42
285 507 -29
285 398 58
285 291 9
285 459 60
285 405 91
285 312 -75
285 512 -10
285 359 37
286 425 -11
286 411 98
286 462 51
286 290 -15
286 495 36
286 460 49
286 379 -21
286 397 -67
286 295 -36
287 467 -58
287 463 -28
287 488 51
287 475 -49
287 402 75
287 360 64
287 475 13
287 292 -32
287 452 -83
288 492 95
288 460 -71
288 386 5
288 484 96
288 458 55
288 509 39
288 336 25
288 402 -37
289 386 68
289 410 76
289 331 27
289 312 -78
289 440 -95
289 329 -30
289 454 80
289 410 17
289 402 -49
290 484 72
290 310 -29
290 450 54
290 359 76
290 432 90
290 344 73
290 386 -41
290 307 84
290 346 63
290 437 62
290 381 51
290 374 -21
291 451 -90
291 429 58
291 435 68
291 386 -15
291 395 39
291 407 43
291 418 14
291 509 25
291 403 16
291 369 -100
291 389 51
291 490 54
291 315 -27
291 470 -17
292 441 -23
292 457 -57
292 343 14
292 476 95
292 357 -49
292 469 99
292 446 -43
292 445 -8
292 477 -30
292 334 -47
292 467 -7
293 392 -84
293 396 -53
293 460 59
293 394 -38
293 381 -62
293 354 83
293 459 18
293 350 -39
293 440 -85
293 404 -52
293 332 -48
293 338 43
294 395 -39
294 377 -94
294 372 38
294 407 76
294 328 -70
294 379 -100
294 304 79
294 415 32
294 352 43
294 500 -37
294 371 -28
294 295 -97
295 338 86
295 463 16
295 504 46
295 496 29
295 491 81
295 368 -93
295 359 5
295 362 94
296 348 39
296 310 -30
296 324 10
296 467 -21
296 401 84
296 369 4
296 328 -76
296 377 -69
296 417 6
296 500 -37
296 481 -76
296 353 -22
297 507 56
297 395 -72
297 349 56
297 422 -8
297 472 -58
297 335 -83
297 449 79
297 494 12
297 432 15
297 412 50
297 334 28
298 323 18
298 497 -44
298 474 -77
298 401 -72
298 420 80
298 343 62
298 395 56
298 407 63
299 317 57
299 367 63
299 421 -15
299 345 -66
299 441 -98
299 484 46
299 496 37
300 448 78
300 425 -60
300 510 -76
300 427 -36
300 419 22
300 335 70
300 455 89
300 343 74
300 334 27
300 359 -34
300 305 -41
301 399 -37
301 327 -94
301 302 -74
301 387 60
301 447 -58
301 456 -96
301 340 -24
301 376 -84
301 366 98
302 352 -28
302 335 -59
302 482 -11
302 317 -47
302 399 47
302 316 -48
302 327 55
302 327 -84
303 508 55
303 494 -50
303 503 85
303 352 89
303 401 59
303 411 -39
303 470 -55
303 365 -32
303 309 73
303 369 -86
304 389 -80
304 433 -46
304 498 -95
304 412 -1
304 354 -64
304 373 30
304 312 76
304 428 -19
304 414 66
304 379 -16
304 344 8
304 499 -75
305 377 23
305 393 24
305 368 -49
305 363 -58
305 387 -91
305 496 -40
305 416 84
306 486 86
306 400 -28
306 347 16
306 501 -80
306 424 -94
306 471 -9
306 511 -2
307 409 -86
307 369 40
307 431 -73
307 450 98
307 401 87
307 349 -30
307 456 79
307 421 -47
308 387 22
308 352 -78
308 428 43
308 391 -78
308 495 11
308 324 -58
308 318 -60
308 466 -62
309 489 26
309 502 -8
309 378 49
309 413 -17
309 400 -1
309 391 -78
309 464 45
309 413 -30
309 321 47
310 382 88
310 396 5
310 321 23
310 484 66
310 401 -9
310 401 17
310 425 -39
310 382 30
311 367 88
311 318 12
311 380 19
311 354 -9
311 403 87
311 364 39
311 468 75
311 340 -45
312 512 14
312 477 50
312 337 13
312 400 -34
312 401 -92
312 340 -9
312 461 93
312 328 72
312 335 11
312 411 -81
312 343 -36
312 510 75
313 447 -95
313 369 60
313 347 -83
313 397 27
313 410 -32
313 449 -100
313 326 15
313 425 78
313 469 -27
313 461 91
313 376 -67
313 506 84
313 428 -86
313 487 84
314 427 -26
314 378 -89
314 405 58
314 393 9
314 457 90
314 403 -92
314 359 -4
315 506 -35
315 421 -83
315 475 65
315 487 64
315 453 -55
315 468 -18
316 512 -64
316 363 -47
316 437 -50
316 364 -22
316 372 -78
316 339 -18
316 412 -8
316 347 -69
316 458 74
316 389 -3
316 450 -67
316 396 -87
316 458 74
317 391 -12
317 470 -80
317 460 -87
317 387 72
317 400 48
317 396 -82
317 350 86
318 435 80
318 510 -89
318 440 70
318 486 -61
318 385 -85
318 459 -50
318 323 71
318 323 -22
318 422 83
318 325 12
318 452 -32
319 417 27
319 377 -41
319 380 -82
319 380 -47
319 470 -92
319 380 -69
319 398 -2
319 429 90
320 453 -48
320 405 -96
320 472 -45
320 450 -56
320 378 37
320 404 86
321 323 -1
321 344 47
321 341 -8
321 393 99
321 495 85
321 382 92
321 374 58
321 385 89
321 482 -37
322 398 39
322 433 26
322 459 -74
322 399 33
322 438 48
322 359 61
322 472 46
322 376 -30
322 441 -44
322 436 89
322 457 -35
323 479 -90
323 332 24
323 383 46
323 330 18
323 414 -33
324 328 -93
324 428 -99
324 391 -80
324 426 7
324 389 28
324 419 -11
324 348 -13
324 447 -36
324 442 -85
324 479 -6
325 481 -11
325 435 -15
325 489 61
325 387 -80
325 358 -27
325 382 5
325 426 99
325 341 73
326 449 -58
326 506 34
326 375 -24
326 336 -11
326 332 20
326 350 -63
326 344 93
327 511 45
327 360 64
327 406 -18
327 403 -86
327 432 24
327 330 69
327 460 -72
328 511 59
328 389 11
328 494 -45
328 387 75
329 468 -25
329 451 -38
329 463 -15
329 343 -84
329 392 -92
329 481 50
329 408 -27
330 435 -4
330 478 5
330 339 31
330 381 -19
330 505 43
330 436 95
330 407 88
330 342 -19
330 437 -62
330 345 -18
330 400 98
331 487 -45
331 475 -33
331 387 -90
331 496 -1
331 419 -5
331 335 -60
331 369 -46
331 421 -41
332 405 -75
332 462 86
332 422 -98
332 432 -53
333 364 -17
333 356 94
333 336 41
333 489 54
333 413 -92
333 398 -66
333 398 -97
333 363 82
333 457 -7
333 425 91
333 436 -12
334 351 84
334 405 -61
334 438 0
334 358 -7
334 468 6
334 493 18
335 483 75
335 390 -57
335 369 11
335 447 2
335 403 -52
335 459 53
335 353 -63
335 436 56
335 467 -37
335 336 -64
335 491 -67
335 437 -21
336 446 20
336 407 -14
336 415 35
336 437 -66
336 404 -90
336 378 -59
337 442 -5
337 387 -38
337 418 40
337 438 -18
337 402 97
337 362 -92
338 389 12
338 425 -37
338 431 -72
338 385 -24
338 364 -1
338 488 -90
338 487 -68
338 496 -98
338 391 -74
338 485 50
338 377 -81
339 359 75
339 396 -14
339 401 11
339 454 9
339 429 93
339 445 -89
339 420 3
339 451 88
339 460 26
339 436 -52
340 372 -21
340 393 95
340 356 -4
340 485 -17
340 434 53
340 343 -30
340 392 31
341 356 -28
341 389 79
341 394 38
341 421 85
341 354 88
341 420 -5
341 469 -97
341 453 24
341 344 -82
342 408 -31
342 437 48
342 345 7
342 482 -52
342 395 95
343 432 82
343 364 -99
343 506 -100
343 403 -1
343 440 -84
343 370 40
343 414 -80
343 427 80
344 361 -94
344 371 80
344 477 -77
344 353 -90
344 459 28
344 359 -38
344 491 -5
344 487 -9
344 439 -2
345 443 -51
345 481 -76
345 390 -67
345 424 44
345 347 -90
345 506 -61
345 488 -16
346 481 71
346 349 -25
346 390 94
346 475 58
347 437 88
347 391 -58
347 440 81
347 506 -43
347 354 -100
347 450 89
348 466 -93
348 466 -72
348 499 97
348 418 5
348 403 67
348 507 37
348 369 -90
349 512 18
349 394 -46
349 413 -3
349 412 51
349 405 -14
349 432 81
349 363 -7
349 361 23
349 489 38
349 457 -81
350 413 89
350 418 65
350 371 28
350 466 85
350 417 -5
351 415 -85
351 405 -78
351 496 -80
351 444 75
351 417 87
351 497 -1
352 484 -40
352 409 -16
352 399 90
352 510 -71
352 482 -79
352 417 -70
352 467 81
353 379 92
353 417 69
353 400 53
353 415 16
353 376 2
354 368 -38
354 404 -92
354 395 -1
354 361 87
354 458 33
354 432 -82
354 426 40
355 401 -100
355 371 -83
355 384 27
355 414 72
355 381 -3
355 461 -29
355 438 49
355 400 -46
355 477 -16
355 448 94
355 447 19
356 370 -4
356 439 47
356 436 -50
356 411 -21
356 384 89
356 388 -5
356 425 54
357 447 36
357 407 37
357 390 -32
357 383 -79
357 421 -8
357 410 15
357 366 -61
357 473 77
358 391 85
358 492 -10
358 469 14
358 360 -97
358 494 72
358 503 54
358 506 58
358 375 79
358 458 -61
359 512 -44
359 505 -9
359 406 9
359 493 -62
359 477 -7
359 387 -86
360 498 -31
360 370 39
360 481 14
360 384 -38
360 401 84
360 420 69
360 433 86
360 393 70
360 464 57
361 484 99
361 386 -51
361 404 71
361 465 8
361 377 28
361 460 -93
361 486 -3
361 438 45
362 440 39
362 374 -60
362 465 57
362 411 24
362 477 41
362 407 13
362 417 31
362 455 30
363 466 22
363 480 -24
363 456 -11
363 427 -78
363 367 61
364 504 92
364 478 -81
364 477 -51
364 417 39
364 477 -73
364 495 67
365 425 -17
365 504 -7
365 393 36
365 484 58
365 443 -27
366 397 67
366 412 -13
366 494 8
366 409 73
366 475 -8
366 384 -59
366 368 -24
366 451 -79
366 491 40
366 397 -25
366 480 34
367 391 71
367 423 7
367 480 49
367 383 -18
367 508 -46
368 419 -36
368 493 30
368 422 8
368 369 -47
368 490 -95
368 483 -96
368 456 -23
368 397 86
369 421 -31
369 425 -28
369 376 77
369 483 -7
369 487 78
369 410 47
369 394 14
369 380 -60
370 415 62
370 455 -80
370 456 0
370 460 -100
370 502 92
370 431 -74
370 443 -75
371 426 -58
371 407 87
371 476 6
371 405 -79
371 372 -62
371 410 -93
371 396 -85
372 451 -94
372 412 97
372 445 -67
372 418 44
372 487 72
372 487 -33
373 412 -43
373 375 -62
373 459 65
373 381 -60
373 392 59
373 458 99
374 434 72
374 454 -27
374 440 51
374 418 -32
374 500 49
374 380 98
375 393 -67
375 396 -72
375 477 40
375 398 57
376 384 17
376 407 54
376 499 -87
376 479 15
376 413 91
376 443 -40
377 496 -87
377 503 16
377 483 25
377 411 -22
377 483 -55
378 485 -46
378 448 99
378 503 -12
378 419 79
378 462 17
379 507 37
379 445 6
379 502 -95
379 408 73
379 415 -56
380 405 60
380 449 -63
380 475 -54
380 404 -82
380 453 -71
380 406 25
381 485 34
381 401 72
381 411 63
381 471 -15
382 486 -26
382 422 87
382 473 -41
382 502 29
382 461 45
382 405 -23
382 510 88
382 424 -92
383 417 -82
383 484 91
383 486 -89
383 413 47
384 457 93
384 458 -14
384 460 -82
384 455 -98
385 420 71
385 461 36
385 474 -79
385 417 64
385 428 -54
385 434 38
385 468 8
386 404 -18
386 509 29
386 390 -10
386 447 21
386 442 -3
387 466 14
387 420 2
387 433 84
387 453 39
387 479 -77
387 484 39
387 399 35
387 462 30
387 456 -83
388 430 6
388 465 -94
388 428 -44
388 456 -18
388 453 -5
388 512 47
388 434 -95
388 495 85
389 468 15
389 448 -69
389 426 -95
389 405 57
389 489 -50
389 416 59
390 445 -47
390 465 62
390 413 -31
390 456 -20
391 512 72
391 422 33
391 497 -36
391 464 1
391 454 19
392 408 -90
392 422 56
392 430 -99
392 414 -42
393 410 -26
393 415 -47
393 446 -41
393 488 94
394 422 9
394 500 -46
394 413 57
394 418 -96
394 424 -16
394 445 34
394 409 -46
395 497 -96
395 413 43
395 418 -64
395 446 -73
395 450 74
396 423 -17
396 414 6
396 487 -67
396 447 -74
396 480 -92
396 452 40
397 424 -62
397 420 47
397 478 87
397 432 63
398 460 -89
398 493 -14
398 488 -59
398 404 12
398 458 4
398 507 19
398 439 -47
398 410 14
399 490 -65
399 472 -100
399 443 -1
399 455 76
399 449 -56
399 470 -94
400 434 14
400 499 7
400 480 56
400 452 73
400 425 -37
400 503 -57
401 467 -47
401 410 -58
401 468 13
401 442 -22
401 420 33
401 402 -72
401 476 33
402 475 23
402 421 84
402 449 97
402 416 -20
402 414 -35
403 505 -73
403 455 19
403 443 59
403 512 -26
404 486 42
404 419 -39
404 411 16
404 424 79
405 415 61
405 506 54
405 415 80
405 490 7
406 490 -32
406 411 -13
406 452 75
406 472 83
406 509 -42
407 456 11
407 416 28
407 441 -59
407 483 -73
407 477 12
407 508 23
407 409 88
407 480 -47
408 474 64
408 502 -79
408 492 -38
408 429 -35
408 492 -11
409 465 19
409 505 32
409 493 87
409 466 -34
409 475 -31
410 502 -99
410 417 -18
410 411 47
410 429 96
410 468 55
410 440 -56
411 412 -59
411 507 39
411 452 36
411 502 82
411 493 -33
412 505 -37
412 451 -33
412 495 -38
412 462 3
412 474 54
412 433 26
413 449 -35
413 507 -53
413 414 -98
413 440 61
413 479 -81
414 499 -47
414 503 -64
414 445 -48
415 499 -100
415 458 92
415 472 -30
415 453 -77
416 464 -41
416 433 33
416 506 -96
416 452 -96
417 502 86
417 488 -100
417 494 -6
417 476 21
418 437 77
418 446 -9
418 440 76
418 421 -86
418 435 25
418 427 -97
418 497 99
418 443 48
419 448 55
419 495 52
419 442 -23
419 459 57
419 480 53
419 499 2
419 437 -78
420 480 -11
420 458 45
421 430 79
421 437 58
421 443 -34
421 486 -16
422 425 -8
422 510 -98
422 510 -33
422 478 -57
422 442 -23
422 436 69
423 470 -56
423 494 9
423 470 26
423 462 -12
424 492 80
424 501 -27
424 454 -85
424 440 40
424 431 99
425 454 10
425 473 92
426 456 -35
426 436 -81
426 451 -9
426 472 -72
426 473 -74
426 486 86
427 510 -63
427 428 85
427 476 95
427 504 -45
427 497 95
427 438 10
428 475 -94
428 472 -82
428 500 -78
428 470 -31
428 503 39
429 452 -91
429 444 -1
429 504 -85
430 458 70
430 492 95
430 440 -49
430 456 -67
430 433 7
431 508 -73
431 483 -44
432 498 43
432 500 31
432 444 73
433 482 -12
433 454 63
433 490 -91
433 498 61
433 476 -75
434 490 69
434 481 -90
434 491 61
434 498 -90
435 476 -88
435 491 40
435 480 -13
435 451 93
436 502 -97
436 504 22
436 473 7
437 460 35
437 482 -61
437 471 -82
438 491 -63
438 508 -25
438 465 -20
439 453 64
439 497 7
439 507 -56
439 454 -91
441 488 -96
441 473 36
442 488 -60
442 475 15
443 503 36
443 475 22
443 454 -70
444 477 97
444 474 -84
445 483 -53
445 471 30
445 473 78
445 503 -93
445 467 -25
446 453 2
447 486 49
447 509 -60
447 463 -24
447 497 -47
447 485 -82
448 474 16
449 456 24
449 482 39
450 486 -65
451 502 -16
451 496 -47
451 471 6
452 467 15
452 486 61
452 474 79
453 495 63
453 487 25
453 505 -5
453 477 -16
453 480 73
453 501 82
454 482 -54
454 474 -62
455 466 -13
455 466 77
456 512 6
456 467 54
457 459 17
457 472 86
457 497 -18
457 469 58
458 477 72
458 471 73
458 481 -72
460 493 -38
460 462 -32
460 467 36
461 487 -98
461 498 70
461 498 -29
462 486 -54
462 492 20
462 487 -96
462 467 -30
462 478 -87
462 500 6
463 509 59
463 493 76
464 493 -16
464 507 -83
465 492 49
465 470 45
467 479 -69
467 475 -45
468 504 29
468 474 -51
468 495 32
470 481 73
471 512 -87
471 486 -58
471 473 -9
472 496 -43
473 500 -66
474 490 33
474 486 98
476 493 4
476 479 52
477 507 -17
477 505 -31
478 481 64
478 481 51
478 505 -67
479 484 -38
479 482 85
480 490 98
481 488 88
481 486 -60
482 512 80
482 508 78
484 502 80
487 502 -95
494 508 14
495 505 17
498 506 -24
503 508 64
508 511 41
