512 5881
1 467 -74
1 222 -32
1 394 89
1 278 46
1 431 65
1 104 -96
1 318 -17
1 16 -65
1 356 -40
1 141 -34
1 365 -83
1 413 55
1 342 -36
1 245 88
1 146 -81
1 167 86
1 217 -91
1 282 42
1 235 -26
1 31 40
1 185 33
1 438 -82
2 346 -9
2 299 35
2 316 -40
2 170 18
2 7 -84
2 24 -97
2 49 -67
2 30 -89
2 374 -79
2 233 -17
2 324 48
2 108 -74
2 413 0
2 259 -72
2 360 28
2 246 48
2 107 14
2 56 -30
2 86 -68
2 359 -26
2 254 -56
2 232 -33
2 241 -100
3 226 2
3 327 -72
3 127 -44
3 506 -77
3 245 -13
3 136 -43
3 352 18
3 480 -22
3 439 -50
3 182 -59
3 416 47
3 239 -15
3 132 21
3 99 -86
3 154 -69
3 456 -69
3 487 17
3 485 -39
3 429 20
3 292 63
3 499 -55
3 219 38
3 488 -90
4 250 -77
4 119 60
4 116 -57
4 500 -1
4 82 -52
4 502 99
4 418 -40
4 27 64
4 40 86
4 352 39
4 421 98
4 191 2
4 486 41
4 63 37
4 381 -74
4 193 -76
4 469 -72
4 456 -87
4 492 -100
4 132 41
4 426 -32
4 266 16
4 244 -58
5 145 -28
5 395 -39
5 465 93
5 325 -68
5 85 68
5 203 -51
5 24 57
5 150 9
5 262 41
5 100 -21
5 58 3
5 66 24
5 48 -77
5 89 -38
5 512 81
5 324 98
5 456 12
5 339 -85
5 111 -48
5 368 -79
5 377 -19
5 184 82
5 244 32
6 504 -50
6 180 36
6 507 94
6 9 -91
6 127 -97
6 15 36
6 491 -13
6 386 71
6 360 -70
6 19 -35
6 131 -55
6 387 -36
6 263 -96
6 264 62
6 420 -74
6 73 -81
6 272 -20
6 297 -48
6 71 41
6 110 60
6 489 27
6 92 1
6 128 -12
7 274 -71
7 479 1
7 486 -93
7 355 16
7 329 68
7 73 -22
7 133 84
7 383 83
7 358 -73
7 398 81
7 353 86
7 205 57
7 366 -17
7 311 -100
7 33 -73
7 380 0
7 288 -86
7 439 27
7 246 27
7 164 -67
7 69 -11
7 356 47
7 94 63
8 483 24
8 445 -8
8 75 -85
8 256 -90
8 448 74
8 97 93
8 388 -13
8 503 23
8 25 -86
8 47 -41
8 286 84
8 88 14
8 417 -95
8 352 -3
8 412 89
8 219 -43
8 500 94
8 159 47
8 290 -88
8 452 28
8 323 23
8 340 3
8 288 40
9 444 -34
9 185 -64
9 499 98
9 436 68
9 376 58
9 308 -28
9 360 65
9 443 88
9 455 15
9 310 11
9 20 86
9 15 -89
9 445 -6
9 149 -4
9 233 14
9 475 2
9 217 -65
9 470 -60
9 142 99
9 78 -24
9 204 -34
9 36 -50
10 269 -3
10 292 -5
10 463 -34
10 387 84
10 82 70
10 464 -49
10 166 -20
10 326 -35
10 423 -5
10 79 7
10 191 92
10 346 23
10 128 97
10 482 62
10 46 -82
10 298 56
10 271 -58
10 353 89
10 107 -63
10 327 37
10 330 45
10 443 -85
10 187 86
11 293 23
11 349 70
11 495 2
11 126 -74
11 116 -61
11 55 -50
11 321 15
11 280 -22
11 160 22
11 279 -12
11 242 21
11 69 -65
11 82 -22
11 453 80
11 226 -87
11 506 46
11 325 -29
11 23 55
11 504 -81
11 58 28
11 384 67
11 332 31
12 209 59
12 74 8
12 440 26
12 241 -91
12 111 6
12 236 -45
12 353 -89
12 60 -60
12 93 -39
12 473 -66
12 465 77
12 269 -59
12 420 34
12 299 92
12 46 -18
12 147 -7
12 80 15
12 13 -79
12 186 84
12 214 -96
12 384 22
12 413 -2
13 269 -10
13 96 -21
13 184 -45
13 305 89
13 80 51
13 315 -14
13 443 53
13 411 54
13 460 -6
13 112 -9
13 361 -15
13 326 34
13 105 -28
13 145 9
13 480 -74
13 159 33
13 394 -93
13 128 62
13 354 32
13 383 -82
13 207 -39
13 430 -63
14 351 7
14 195 -58
14 226 -21
14 314 65
14 432 -99
14 279 42
14 301 31
14 43 77
14 67 32
14 410 -83
14 320 67
14 270 -13
14 436 -72
14 470 -52
14 482 -13
14 176 12
14 373 46
14 244 -91
14 267 67
14 327 -78
14 338 85
14 361 36
14 365 -36
15 487 89
15 183 -52
15 274 84
15 227 -60
15 18 94
15 429 -89
15 238 61
15 79 -14
15 345 73
15 378 81
15 234 -65
15 180 -96
15 76 -100
15 150 -36
15 465 -34
15 241 -70
15 178 -48
15 144 6
15 87 -5
15 448 50
15 401 67
16 452 -27
16 133 -55
16 494 -55
16 346 75
16 290 -64
16 136 29
16 304 -51
16 378 14
16 80 71
16 428 -47
16 318 90
16 389 -10
16 292 -100
16 488 20
16 510 -34
16 345 40
16 117 -73
16 323 61
16 25 -19
16 164 21
16 443 -76
16 263 -19
17 110 -4
17 447 -89
17 362 -18
17 367 63
17 382 49
17 495 -62
17 371 27
17 236 8
17 306 -36
17 393 -67
17 331 34
17 418 -65
17 485 -100
17 145 -64
17 136 -67
17 453 64
17 42 -3
17 319 -86
17 287 65
17 247 39
17 249 -72
17 344 24
18 201 25
18 346 -59
18 203 82
18 391 46
18 311 -41
18 236 93
18 371 83
18 270 86
18 332 -88
18 124 5
18 163 61
18 322 -34
18 413 28
18 103 -9
18 71 -17
18 394 91
18 142 51
18 302 33
18 274 -85
18 445 6
18 437 81
18 384 98
18 249 28
19 158 -7
19 506 -22
19 150 -39
19 343 25
19 392 64
19 186 97
19 285 15
19 358 26
19 206 25
19 264 -28
19 197 -34
19 77 61
19 374 84
19 415 -76
19 268 21
19 376 72
19 133 9
19 324 -99
19 204 65
19 269 62
19 46 47
19 470 -70
19 421 7
20 378 -78
20 121 53
20 201 96
20 221 -66
20 219 -21
20 135 77
20 355 70
20 130 -75
20 59 -8
20 214 -46
20 112 -53
20 184 44
20 106 -1
20 129 75
20 268 88
20 411 -47
20 92 23
20 335 -17
20 445 90
20 318 42
20 468 74
20 397 50
20 187 29
21 319 -69
21 379 -8
21 494 -80
21 192 -12
21 417 24
21 223 57
21 330 50
21 265 55
21 296 -79
21 147 -58
21 455 -64
21 97 68
21 502 -55
21 251 63
21 322 35
21 349 62
21 28 48
21 187 -62
21 155 74
21 391 17
21 291 -33
21 463 57
22 117 -97
22 125 6
22 410 -40
22 198 -6
22 370 -93
22 316 92
22 247 -79
22 255 -86
22 359 -93
22 284 -73
22 283 -74
22 185 -13
22 250 -29
22 494 -45
22 45 -74
22 317 -73
22 474 68
22 320 -95
22 50 -36
22 450 60
22 357 -3
22 90 44
22 46 -91
23 29 27
23 280 -5
23 460 -69
23 120 -41
23 260 -11
23 420 -59
23 497 6
23 71 81
23 241 -57
23 323 -87
23 349 -71
23 150 85
23 318 -44
23 347 -8
23 276 81
23 452 -69
23 309 29
23 219 -67
23 170 58
23 487 61
23 478 9
23 477 -81
23 337 -71
24 311 93
24 243 -61
24 50 -58
24 512 43
24 263 72
24 265 94
24 352 4
24 411 2
24 319 -82
24 132 -32
24 248 -92
24 60 -67
24 208 9
24 59 -20
24 228 91
24 349 6
24 80 73
24 459 88
24 252 -66
24 150 81
24 380 -56
24 377 -65
25 122 44
25 236 -34
25 262 90
25 255 -93
25 325 95
25 297 17
25 189 96
25 86 -66
25 339 15
25 125 67
25 295 30
25 374 91
25 472 28
25 460 82
25 123 -88
25 220 88
25 419 -84
25 267 34
25 226 -17
25 119 14
25 257 -77
25 269 -99
26 426 10
26 333 -27
26 301 -79
26 496 -7
26 243 -21
26 267 -90
26 46 66
26 212 -61
26 195 30
26 40 -82
26 292 -52
26 431 -58
26 148 -38
26 142 10
26 182 7
26 373 80
26 296 -86
26 238 45
26 52 52
26 198 -39
26 499 -41
26 38 -15
26 377 61
27 147 -61
27 498 -48
27 405 -46
27 299 20
27 222 25
27 444 -93
27 50 -43
27 56 -84
27 478 -85
27 289 -86
27 312 -94
27 492 -61
27 430 53
27 330 45
27 213 -60
27 170 83
27 486 58
27 256 -20
27 61 -8
27 481 -14
27 129 61
27 154 -2
27 212 40
28 135 43
28 220 66
28 502 -35
28 277 -10
28 437 -97
28 181 -71
28 361 -64
28 239 -61
28 416 -77
28 114 88
28 434 -27
28 214 -38
28 268 58
28 145 56
28 330 35
28 183 76
28 83 -28
28 454 52
28 505 -83
28 376 36
28 387 10
28 275 -32
29 267 1
29 317 -59
29 368 -89
29 221 -35
29 269 -2
29 117 -42
29 377 -78
29 208 -5
29 287 51
29 354 -39
29 243 82
29 438 91
29 258 -11
29 340 88
29 410 -3
29 299 6
29 89 69
29 315 97
29 95 26
29 425 -75
29 141 29
29 132 -7
30 161 -3
30 246 15
30 232 4
30 228 -67
30 337 -60
30 109 41
30 82 42
30 323 -98
30 180 -21
30 57 65
30 128 -33
30 489 -36
30 299 92
30 381 -15
30 504 52
30 285 28
30 177 54
30 192 66
30 282 15
30 158 82
31 416 -51
31 216 68
31 450 41
31 302 84
31 114 -96
31 62 -76
31 261 6
31 239 -49
31 183 69
31 299 -91
31 137 -57
31 260 88
31 362 97
31 266 -62
31 385 15
31 419 -43
31 497 42
31 112 14
31 243 38
31 265 -64
31 81 -43
31 322 18
32 379 88
32 486 -97
32 163 -57
32 234 68
32 126 38
32 51 62
32 243 -68
32 492 -61
32 503 -75
32 132 -58
32 414 -96
32 185 54
32 88 -82
32 151 67
32 380 47
32 360 -34
32 41 70
32 404 31
32 363 -88
32 228 -71
32 378 21
33 393 0
33 154 98
33 455 -68
33 345 23
33 442 85
33 281 98
33 406 -100
33 389 -21
33 329 19
33 73 -94
33 275 79
33 378 25
33 219 50
33 313 30
33 41 -92
33 311 -41
33 155 16
33 144 -83
33 357 82
33 43 -68
33 145 -42
34 285 -1
34 465 -81
34 35 -66
34 271 67
34 334 53
34 340 11
34 44 -10
34 343 28
34 190 48
34 158 -80
34 505 -27
34 476 -53
34 103 63
34 157 -20
34 346 -10
34 393 91
34 263 38
34 367 85
35 386 -22
35 66 84
35 185 -52
35 220 -95
35 266 -76
35 279 -81
35 274 -63
35 78 65
35 459 52
35 492 -6
35 469 -15
35 121 44
35 153 -39
35 319 -36
35 93 -95
35 95 -73
35 304 -54
35 257 54
35 291 -65
35 400 27
35 348 -74
35 396 -37
36 91 6
36 188 -55
36 484 87
36 295 -4
36 388 -14
36 196 21
36 145 -6
36 148 -11
36 468 45
36 205 68
36 280 -61
36 510 67
36 506 -21
36 485 -87
36 43 -72
36 245 -40
36 413 8
36 424 53
36 298 29
36 122 84
36 186 72
36 109 90
37 169 -32
37 197 64
37 101 94
37 483 3
37 437 -39
37 157 -6
37 158 -5
37 375 -24
37 240 -45
37 130 -23
37 439 -59
37 153 75
37 349 74
37 133 77
37 201 -19
37 328 99
37 268 49
37 248 20
37 236 64
37 489 -90
37 190 79
37 340 23
37 405 22
38 278 -13
38 306 7
38 347 57
38 240 -81
38 229 -65
38 212 15
38 337 22
38 486 61
38 415 3
38 377 -65
38 48 -80
38 232 37
38 391 -78
38 321 94
38 367 -87
38 325 -72
38 442 81
38 309 -13
38 475 77
38 168 -99
38 380 -7
38 90 -56
39 508 -25
39 448 -1
39 389 -48
39 268 62
39 362 -31
39 165 33
39 455 39
39 425 -17
39 266 24
39 429 95
39 356 2
39 103 9
39 510 -65
39 457 10
39 201 -23
39 63 38
39 209 -6
39 71 -98
39 92 -70
39 458 -17
39 373 -72
39 465 15
40 318 43
40 257 90
40 136 -82
40 276 96
40 360 55
40 82 99
40 129 -77
40 143 -57
40 206 53
40 451 -50
40 458 -64
40 334 63
40 203 -21
40 112 -21
40 245 -45
40 83 48
40 324 -32
40 227 58
40 110 -11
40 85 48
40 476 -2
40 207 -89
41 307 75
41 300 -62
41 486 54
41 512 -47
41 474 56
41 294 8
41 284 -75
41 208 38
41 308 -73
41 115 -96
41 95 43
41 327 39
41 504 -33
41 130 -28
41 389 -33
41 53 -98
41 244 12
41 408 -12
41 76 77
41 399 90
42 170 -45
42 249 -64
42 189 47
42 389 -44
42 345 94
42 380 -59
42 328 -18
42 346 68
42 319 11
42 205 34
42 101 -79
42 307 70
42 284 34
42 255 3
42 221 84
42 317 67
42 246 -5
42 495 -46
42 267 -91
42 456 1
43 460 -69
43 231 43
43 107 -57
43 312 0
43 206 -73
43 381 -43
43 254 39
43 230 62
43 126 86
43 152 2
43 253 -2
43 257 72
43 361 19
43 339 -20
43 464 9
43 338 42
43 433 85
43 449 -45
43 378 28
44 75 0
44 378 47
44 186 -16
44 326 -88
44 287 -63
44 111 -64
44 346 66
44 458 -65
44 440 84
44 412 -54
44 106 -53
44 457 62
44 323 -64
44 86 -96
44 462 49
44 319 -76
44 456 -56
44 388 -26
44 211 19
44 122 71
44 361 46
44 271 45
44 114 5
45 103 -22
45 488 -53
45 116 -4
45 236 -6
45 157 52
45 492 3
45 466 -21
45 340 51
45 464 -26
45 153 14
45 302 -11
45 283 63
45 161 24
45 444 25
45 289 45
45 510 72
45 363 -57
45 150 -1
45 350 1
45 295 -47
45 301 61
45 462 -59
46 499 -97
46 153 71
46 502 -78
46 189 -45
46 102 18
46 406 -65
46 198 -30
46 136 13
46 334 -64
46 337 59
46 230 -99
46 81 -30
46 329 16
46 340 -97
46 348 40
46 202 97
46 113 29
46 247 32
46 259 17
46 402 -63
46 130 -64
47 374 -21
47 126 55
47 448 -75
47 398 43
47 473 69
47 178 -29
47 346 14
47 302 -58
47 138 80
47 314 -27
47 434 -7
47 183 11
47 376 67
47 143 -54
47 244 66
47 505 43
47 55 45
47 276 16
47 487 -77
47 503 -100
47 392 97
47 468 -5
47 164 80
48 417 -59
48 505 20
48 278 -93
48 302 68
48 511 86
48 385 -17
48 319 -42
48 184 0
48 124 97
48 138 58
48 94 -27
48 451 -66
48 409 34
48 316 17
48 486 24
48 85 47
48 80 -50
48 131 -7
48 91 -79
48 274 81
48 423 -11
48 309 -80
49 191 -72
49 113 97
49 366 80
49 347 -13
49 483 -68
49 162 -86
49 66 -15
49 373 64
49 405 -20
49 463 2
49 491 15
49 372 75
49 306 92
49 391 -11
49 273 -52
49 434 -44
49 232 -69
49 258 83
49 327 77
49 228 56
50 223 -83
50 291 50
50 488 -66
50 227 95
50 325 86
50 279 7
50 154 -75
50 146 82
50 432 96
50 503 -37
50 276 -33
50 446 21
50 504 36
50 428 3
50 218 -26
50 129 85
50 203 -95
50 414 42
50 254 -56
50 461 -85
50 273 -100
51 469 10
51 388 -49
51 98 -10
51 372 43
51 270 -43
51 70 80
51 240 98
51 415 17
51 235 6
51 109 -3
51 110 -36
51 452 98
51 223 87
51 462 -47
51 474 79
51 188 -55
51 131 -77
51 75 -29
51 507 71
51 479 -78
52 244 -19
52 502 92
52 387 67
52 83 85
52 357 -28
52 500 77
52 272 84
52 484 -43
52 311 -77
52 386 74
52 368 68
52 185 54
52 165 -20
52 322 -88
52 432 12
52 156 4
52 57 -67
52 231 2
52 302 64
52 288 -83
52 148 64
53 197 5
53 137 59
53 234 -70
53 375 -36
53 399 -54
53 337 56
53 405 -92
53 224 39
53 295 32
53 67 -32
53 152 -66
53 58 4
53 238 -16
53 184 56
53 198 -19
53 125 43
53 327 86
53 108 -30
53 421 -81
53 115 -53
54 383 27
54 265 -79
54 229 -25
54 430 -7
54 411 -55
54 310 -83
54 482 -98
54 145 60
54 169 -29
54 159 -7
54 341 -87
54 474 -65
54 77 -50
54 492 51
54 245 69
54 230 -16
54 352 -59
54 308 -12
54 216 -21
54 204 -83
54 359 -8
54 73 -74
55 138 -49
55 507 2
55 382 59
55 120 -43
55 72 74
55 151 5
55 341 -90
55 416 52
55 261 -84
55 278 52
55 450 -62
55 415 59
55 285 -87
55 438 -29
55 467 -97
55 104 37
55 239 -74
56 103 -61
56 335 -86
56 135 76
56 214 66
56 292 -29
56 384 49
56 395 77
56 262 -91
56 463 -9
56 374 56
56 187 34
56 397 -9
56 162 -17
56 331 -67
56 177 -37
56 377 -54
56 435 -86
56 302 -33
56 474 35
56 496 -74
57 469 90
57 325 55
57 305 -75
57 222 95
57 294 63
57 235 98
57 215 -5
57 148 15
57 453 -48
57 473 16
57 498 27
57 492 -5
57 196 74
57 60 -81
57 445 50
57 299 71
57 499 -67
57 398 -96
57 434 7
57 278 -2
58 102 -7
58 228 4
58 198 56
58 66 78
58 380 82
58 422 -54
58 183 14
58 461 -79
58 413 49
58 383 37
58 457 -14
58 232 -22
58 166 -41
58 145 -69
58 438 87
58 236 92
58 275 6
58 480 -71
58 504 -73
58 372 61
59 286 -81
59 131 59
59 408 -18
59 207 8
59 377 -60
59 489 16
59 113 -38
59 374 -81
59 421 3
59 318 -62
59 432 -1
59 512 -27
59 152 46
59 212 41
59 62 -5
59 76 -100
59 248 -68
59 399 20
59 398 -65
59 324 -79
60 348 86
60 482 -61
60 134 -43
60 429 40
60 416 55
60 163 -66
60 508 -95
60 479 50
60 392 88
60 166 53
60 202 18
60 122 -82
60 142 -98
60 74 -53
60 431 56
60 338 -23
60 474 -85
60 318 -2
60 378 -70
60 423 13
60 387 -40
60 125 -60
61 469 -63
61 90 2
61 332 -85
61 245 -93
61 383 -49
61 437 48
61 417 -36
61 86 -41
61 431 34
61 351 36
61 435 -84
61 478 96
61 317 -28
61 107 90
61 270 16
61 79 -98
61 420 -17
61 341 21
61 182 -46
61 99 -4
61 461 -51
61 320 -31
62 280 -4
62 497 97
62 158 57
62 435 -58
62 197 -17
62 315 62
62 421 60
62 309 -99
62 135 -23
62 418 1
62 333 -7
62 423 34
62 73 95
62 394 -42
62 397 -91
62 85 88
62 363 35
62 245 -68
62 380 50
63 98 8
63 199 45
63 369 -72
63 249 -23
63 75 -20
63 407 54
63 109 64
63 415 -20
63 365 -47
63 186 88
63 212 67
63 358 -94
63 152 54
63 372 -11
63 206 -62
63 357 18
63 512 98
63 196 -32
63 122 19
63 270 13
63 255 38
64 236 65
64 125 -66
64 289 38
64 421 16
64 132 3
64 346 -66
64 339 -72
64 481 -100
64 501 83
64 433 -26
64 112 13
64 150 90
64 487 70
64 127 90
64 441 -52
64 78 88
64 186 -26
64 392 50
64 473 11
64 500 -98
65 196 86
65 250 75
65 210 41
65 433 59
65 275 32
65 175 -5
65 238 -75
65 342 -71
65 170 23
65 495 28
65 147 -6
65 131 63
65 448 -24
65 415 -20
65 228 -92
65 256 46
65 414 5
65 149 39
65 503 -10
66 389 -84
66 133 81
66 218 30
66 341 98
66 67 -11
66 508 30
66 144 69
66 293 37
66 410 37
66 315 -88
66 316 -13
66 231 -9
66 167 -73
66 127 -2
66 124 33
66 197 74
66 236 40
66 368 87
67 240 12
67 448 -35
67 460 5
67 457 -3
67 272 -4
67 95 75
67 223 93
67 212 -27
67 224 -20
67 110 -43
67 287 27
67 331 8
67 469 78
67 276 -24
67 106 -18
67 230 -63
67 173 -86
67 84 -69
67 410 31
68 282 -10
68 160 80
68 278 20
68 245 48
68 80 91
68 512 97
68 347 42
68 464 -23
68 100 -12
68 374 59
68 364 -23
68 413 -4
68 473 -51
68 274 -24
68 411 -21
68 343 6
68 495 -7
68 302 66
68 254 59
68 99 -47
68 491 7
68 431 -78
69 345 -100
69 89 -51
69 318 99
69 282 -44
69 142 21
69 134 -34
69 490 69
69 512 -28
69 200 24
69 316 5
69 250 24
69 347 -15
69 126 -40
69 503 -59
69 508 36
69 149 5
69 97 34
69 450 71
69 102 -91
69 210 -1
70 291 59
70 90 76
70 290 -43
70 159 -7
70 371 -15
70 115 46
70 468 -100
70 302 51
70 344 27
70 506 -29
70 104 -41
70 89 80
70 414 71
70 403 -75
70 510 -9
70 184 -89
70 352 73
70 165 -74
70 401 62
70 467 -17
70 455 61
70 484 68
71 102 -52
71 268 28
71 269 -78
71 331 -13
71 392 53
71 149 -42
71 170 -9
71 231 26
71 312 18
71 88 55
71 447 -66
71 360 -4
71 430 -58
71 481 15
71 346 -53
71 334 -91
71 205 53
71 415 73
71 145 80
71 336 9
71 298 14
72 492 85
72 300 -74
72 299 -31
72 371 21
72 203 -95
72 195 -93
72 512 -6
72 255 -20
72 182 -25
72 273 19
72 152 10
72 113 65
72 377 33
72 508 -85
72 100 -45
72 137 14
72 287 -47
72 226 -2
72 181 -39
72 208 11
72 509 -16
73 460 55
73 359 99
73 355 -90
73 213 -100
73 166 -80
73 198 66
73 352 99
73 444 -63
73 356 -66
73 342 -29
73 261 41
73 483 -42
73 461 -84
73 427 -88
73 168 3
73 233 10
73 165 -85
73 111 23
74 344 18
74 371 -100
74 448 15
74 108 42
74 382 71
74 102 58
74 460 -22
74 172 -38
74 403 -55
74 227 -86
74 423 -60
74 128 59
74 353 -37
74 433 -65
74 447 50
74 78 -80
74 402 64
74 121 -30
74 113 -33
74 512 -84
74 401 70
74 370 -23
74 412 -87
75 176 81
75 158 -23
75 239 -68
75 255 83
75 144 68
75 316 83
75 435 12
75 171 -28
75 437 11
75 338 -78
75 89 64
75 212 -10
75 153 48
75 100 -27
75 501 -59
75 162 11
76 402 -9
76 163 79
76 136 -22
76 335 32
76 149 -100
76 153 71
76 359 -47
76 117 19
76 231 49
76 113 -20
76 168 89
76 84 -23
76 332 94
76 203 -36
76 309 -72
76 301 -76
76 148 -39
76 119 -40
76 377 74
76 191 89
76 419 31
77 510 88
77 192 -5
77 375 -5
77 270 -13
77 334 35
77 357 -39
77 330 59
77 495 -73
77 185 54
77 313 35
77 303 75
77 401 -92
77 471 97
77 168 -67
77 480 -56
77 453 -74
77 358 98
77 353 -2
77 277 -33
77 126 11
77 224 36
77 190 -66
77 217 93
78 336 -100
78 212 98
78 80 -42
78 322 68
78 128 19
78 205 9
78 347 86
78 194 -87
78 471 -99
78 511 -64
78 269 35
78 266 15
78 472 48
78 250 22
78 340 -25
78 393 -93
78 131 -26
78 469 -96
78 120 9
79 214 -62
79 126 -50
79 463 -59
79 138 42
79 104 -21
79 385 31
79 243 -31
79 169 -17
79 288 3
79 421 -76
79 395 49
79 133 35
79 238 -61
79 165 -78
79 85 -70
79 509 19
79 497 29
79 300 -71
79 175 -44
79 200 -29
79 260 -60
80 140 37
80 252 69
80 297 -54
80 167 -52
80 146 -77
80 433 -6
80 315 -44
80 177 57
80 207 -69
80 187 76
80 327 -87
80 401 -15
80 332 35
80 442 93
80 137 15
80 291 -63
80 273 -86
80 313 13
80 484 -62
81 376 -33
81 95 -74
81 312 -84
81 181 81
81 249 31
81 507 -2
81 367 41
81 107 -88
81 384 -61
81 271 65
81 290 -81
81 148 -85
81 159 -35
81 328 40
81 120 38
81 435 -82
81 385 60
81 198 -21
81 343 -15
81 131 36
81 102 -91
81 356 38
82 218 -1
82 187 47
82 454 -27
82 220 -21
82 263 -33
82 334 -82
82 98 49
82 251 44
82 294 31
82 509 87
82 107 -32
82 505 27
82 138 -9
82 480 90
82 470 67
82 404 47
82 118 0
82 136 -77
82 121 86
83 155 -4
83 297 11
83 501 -1
83 510 4
83 276 31
83 466 72
83 103 70
83 340 42
83 197 70
83 134 -65
83 206 -85
83 426 79
83 295 40
83 409 -16
83 166 -28
83 357 -35
83 189 91
83 327 64
83 437 5
83 441 50
84 422 9
84 198 -8
84 92 -17
84 189 83
84 389 60
84 279 93
84 183 -27
84 123 -92
84 280 -66
84 215 -77
84 416 2
84 250 2
84 141 -6
84 118 38
84 419 -74
84 304 17
84 474 -44
84 351 -77
84 119 -35
84 192 -92
85 179 -7
85 299 -16
85 363 -52
85 504 83
85 361 64
85 362 -21
85 241 14
85 294 40
85 102 81
85 478 67
85 97 -37
85 443 37
85 183 29
85 385 -24
85 245 98
85 248 95
85 157 70
85 326 -9
85 159 -87
85 209 87
86 381 60
86 332 16
86 113 21
86 346 62
86 493 -50
86 166 -96
86 429 -39
86 161 13
86 463 91
86 162 -68
86 232 30
86 118 0
86 200 89
86 221 -65
86 448 65
86 194 74
86 460 -8
86 285 0
87 257 74
87 125 62
87 107 -69
87 99 1
87 413 -72
87 270 -54
87 202 -46
87 508 72
87 451 78
87 114 -64
87 468 -89
87 105 12
87 404 48
87 166 96
87 437 48
87 371 -22
87 156 -96
87 345 12
87 197 19
88 93 27
88 288 -17
88 316 83
88 230 -26
88 146 -15
88 187 52
88 503 80
88 185 5
88 351 3
88 430 70
88 161 -61
88 160 -23
88 329 -93
88 365 11
88 413 -14
88 450 -89
88 456 -74
88 242 86
88 399 37
88 186 71
89 454 30
89 108 54
89 474 87
89 110 -75
89 411 -53
89 431 47
89 408 43
89 493 72
89 399 -31
89 419 50
89 277 -40
89 207 94
89 274 72
89 361 8
89 235 30
89 90 23
89 292 -44
89 185 33
89 350 14
89 453 7
90 158 90
90 225 25
90 455 6
90 502 -28
90 421 86
90 133 -47
90 187 89
90 492 -19
90 118 33
90 439 -27
90 248 32
90 427 -10
90 453 76
90 336 12
90 263 36
90 400 87
90 176 -86
90 476 -81
90 171 -60
91 114 -73
91 174 8
91 214 68
91 190 -50
91 446 -94
91 250 92
91 134 -53
91 303 20
91 421 -28
91 221 -68
91 225 -18
91 481 -85
91 383 -98
91 433 -11
91 406 -50
91 115 13
91 268 -15
91 454 91
91 326 92
92 190 13
92 161 13
92 418 -83
92 131 -60
92 206 -95
92 274 70
92 373 89
92 279 -6
92 321 4
92 277 -81
92 506 -16
92 295 0
92 262 -10
92 316 64
92 204 -36
92 416 92
92 361 -41
92 473 59
93 97 79
93 477 -54
93 176 -39
93 336 70
93 484 -67
93 151 -41
93 332 -67
93 278 -84
93 386 -59
93 236 -29
93 458 -94
93 270 91
93 262 -57
93 119 51
93 310 93
93 253 24
93 96 7
93 490 -91
93 439 22
94 216 20
94 469 32
94 189 17
94 275 35
94 467 -5
94 215 -15
94 458 -15
94 168 -46
94 379 47
94 335 48
94 163 -89
94 441 74
94 325 -65
94 365 -63
94 155 -84
94 421 -21
94 295 6
95 403 56
95 497 87
95 231 69
95 329 45
95 265 -21
95 431 36
95 109 52
95 396 0
95 317 70
95 361 14
95 287 -29
95 239 24
95 167 4
95 398 1
95 474 13
95 132 -87
96 238 61
96 406 -45
96 134 -22
96 453 75
96 181 -54
96 268 -21
96 457 -37
96 342 98
96 284 -19
96 100 38
96 203 -84
96 407 -48
96 244 -42
96 359 14
96 98 -11
96 160 20
96 272 87
97 169 -44
97 477 -67
97 203 -91
97 322 95
97 378 -20
97 462 -76
97 439 48
97 432 -10
97 293 -11
97 142 60
97 511 -100
97 405 88
97 342 89
97 284 -84
97 237 -43
97 262 59
98 452 -93
98 417 -58
98 367 -78
98 381 21
98 210 96
98 260 -84
98 360 -53
98 483 -72
98 492 -57
98 201 -62
98 130 -69
98 298 -73
98 382 23
98 438 -95
98 124 33
98 404 -28
98 293 35
98 264 -7
98 333 26
98 115 92
99 427 28
99 222 -72
99 376 59
99 148 -81
99 331 -49
99 179 3
99 311 80
99 274 -88
99 471 -8
99 349 -13
99 315 -27
99 205 -31
99 452 -56
99 161 -85
99 326 63
99 411 6
99 327 91
99 110 41
99 244 17
99 431 -55
100 354 -92
100 264 45
100 414 60
100 315 37
100 212 -64
100 189 26
100 135 30
100 236 -51
100 409 -12
100 314 46
100 438 -98
100 180 69
101 184 -12
101 197 -10
101 274 45
101 191 -40
101 162 55
101 325 -2
101 208 60
101 152 84
101 176 20
101 436 29
101 234 13
101 149 90
101 275 23
101 193 -58
101 113 62
101 410 48
101 408 -79
101 508 97
102 502 46
102 204 -96
102 473 7
102 309 41
102 140 -77
102 425 -46
102 499 44
102 142 -75
102 438 10
102 148 -8
102 440 -42
102 223 -23
102 305 -42
102 340 -77
102 370 -25
102 488 67
102 250 79
103 127 77
103 217 67
103 377 -39
103 379 14
103 108 66
103 174 73
103 248 -35
103 348 90
103 392 91
103 504 55
103 152 -49
103 388 53
103 185 91
103 132 1
103 231 -64
103 292 -89
103 449 -27
103 178 62
104 469 78
104 254 37
104 425 53
104 399 13
104 487 -48
104 462 -100
104 304 93
104 164 78
104 482 41
104 142 23
104 417 -67
104 166 93
104 272 -48
104 494 -26
104 451 -67
104 263 -62
104 189 86
105 180 -100
105 127 -16
105 117 -61
105 133 30
105 474 -81
105 507 -23
105 254 -63
105 326 12
105 402 83
105 493 -51
105 193 68
105 359 -67
105 178 34
105 417 57
105 453 -39
105 123 92
105 476 -17
105 317 65
106 313 -85
106 220 -4
106 158 41
106 423 15
106 114 31
106 431 -40
106 261 93
106 456 97
106 397 69
106 244 -41
106 306 -52
106 300 57
106 458 -75
106 471 76
106 246 -45
106 388 23
106 266 -18
106 310 1
106 489 -95
107 272 50
107 140 -7
107 199 24
107 460 -72
107 334 14
107 369 -77
107 249 -7
107 379 15
107 487 64
107 328 63
107 202 56
107 372 -69
107 317 31
107 415 -7
108 274 -34
108 372 -55
108 437 2
108 340 24
108 218 -58
108 434 -70
108 501 -54
108 429 0
108 489 -87
108 132 99
108 147 -29
108 390 10
108 298 52
108 485 -68
108 339 36
108 369 37
108 402 96
108 130 -52
109 206 56
109 354 10
109 342 -85
109 510 -17
109 438 -30
109 337 -10
109 367 81
109 282 -40
109 378 -60
109 461 11
109 404 83
109 390 -25
109 307 42
109 248 -62
109 481 23
109 188 70
109 432 -94
110 165 82
110 356 90
110 482 -43
110 478 -26
110 128 -92
110 471 14
110 186 -48
110 426 -93
110 287 -4
110 146 -42
110 201 87
110 508 -8
110 480 -85
110 412 -56
110 322 -66
111 466 -13
111 262 87
111 234 -77
111 324 -55
111 256 -82
111 216 76
111 473 -30
111 274 37
111 214 56
111 390 -96
111 487 -38
111 481 99
111 366 8
111 134 -65
111 453 24
111 227 96
111 459 99
111 381 83
112 470 -25
112 451 -86
112 123 -40
112 288 -48
112 411 36
112 170 59
112 462 -61
112 319 -25
112 289 -97
112 165 -40
112 209 -89
112 361 17
112 508 13
112 427 78
112 509 20
112 381 54
112 150 50
112 487 -59
113 391 -86
113 473 64
113 371 -45
113 265 51
113 459 -95
113 440 10
113 159 69
113 414 -52
113 202 -70
113 341 62
113 269 -19
113 343 85
113 484 -86
113 213 31
113 139 57
113 307 -49
113 467 -14
113 429 -81
113 427 82
114 352 80
114 463 -37
114 337 9
114 134 -38
114 256 91
114 178 89
114 237 28
114 449 -15
114 480 -44
114 429 71
114 482 -19
114 216 47
114 442 84
114 205 -24
114 250 -84
114 305 80
114 187 91
114 477 -13
114 410 -55
114 431 -43
115 285 -13
115 327 -42
115 337 47
115 236 -77
115 448 65
115 400 -34
115 240 21
115 169 -72
115 287 -5
115 277 77
115 385 -61
115 371 82
115 200 82
115 228 62
115 450 10
115 300 81
115 398 -19
115 286 22
116 494 78
116 203 -100
116 177 -16
116 141 -39
116 502 -1
116 128 19
116 387 92
116 451 13
116 136 -37
116 292 -18
116 380 -76
116 435 -41
116 462 -10
116 237 -23
116 324 -49
116 317 -46
116 496 -25
116 335 -9
117 209 -10
117 193 -6
117 306 -33
117 422 87
117 301 -54
117 175 -46
117 276 33
117 428 74
117 421 -86
117 511 -89
117 487 81
117 385 -74
117 473 14
117 298 -41
117 171 48
117 232 74
118 386 -84
118 142 -23
118 285 -5
118 305 96
118 181 84
118 229 -18
118 119 87
118 493 58
118 313 -29
118 194 45
118 230 -49
118 406 97
118 338 71
118 281 -73
118 499 -37
118 374 -85
118 167 51
118 390 41
118 169 -8
118 276 20
118 415 -49
118 352 52
119 461 -80
119 344 91
119 399 -34
119 452 -10
119 408 -87
119 205 -73
119 206 1
119 462 -72
119 164 42
119 217 75
119 213 -69
119 221 -62
119 354 -45
119 359 -84
119 148 48
119 129 56
119 135 21
119 508 -20
119 128 23
119 414 33
119 126 -89
119 385 80
120 451 -66
120 512 -53
120 389 15
120 242 94
120 501 -74
120 458 31
120 423 -92
120 497 97
120 333 -10
120 159 -6
120 170 -69
120 449 -51
120 201 -74
120 364 5
120 166 -45
120 292 -56
121 164 42
121 144 -44
121 285 -64
121 134 1
121 490 -96
121 266 -33
121 271 98
121 442 33
121 301 69
121 438 37
121 427 61
121 306 49
121 311 90
121 328 -34
121 135 54
121 262 48
121 296 -78
121 502 27
121 506 -22
121 461 -62
122 170 28
122 126 87
122 165 65
122 434 49
122 294 73
122 511 65
122 125 -75
122 200 84
122 142 -45
122 316 -49
122 212 -94
122 244 -74
122 472 -83
122 145 -23
122 418 93
123 510 98
123 241 23
123 333 -86
123 406 -94
123 231 -92
123 209 -3
123 381 94
123 140 -62
123 203 1
123 257 -62
123 142 -83
123 410 -61
123 313 -51
123 294 33
123 354 -56
123 273 80
123 315 44
123 173 -98
123 138 86
123 482 48
124 358 -63
124 419 15
124 350 -60
124 484 -46
124 492 -86
124 304 18
124 434 -18
124 172 -5
124 366 28
124 231 36
124 506 -48
124 451 -54
124 463 36
124 339 51
124 477 87
124 388 -14
124 347 83
124 159 93
125 475 18
125 396 97
125 390 50
125 225 97
125 441 -30
125 200 4
125 196 39
125 315 -56
125 182 -73
125 374 92
125 130 -46
125 231 -44
126 228 44
126 487 72
126 430 66
126 417 63
126 479 52
126 357 -57
126 401 -28
126 203 65
126 443 -98
126 305 86
126 470 49
126 503 21
126 502 -42
126 508 -56
126 183 -99
126 494 41
127 406 50
127 382 -33
127 369 -62
127 151 -85
127 278 28
127 250 -97
127 502 -80
127 272 -16
127 307 -14
127 442 -5
127 402 42
127 492 -47
127 381 -55
127 293 85
127 342 6
127 459 -70
128 272 58
128 182 0
128 393 -48
128 459 19
128 471 30
128 289 68
128 213 -94
128 483 40
128 390 -20
128 186 64
128 479 -62
128 502 62
128 400 -77
128 470 45
128 228 -91
128 255 -17
129 498 -71
129 419 42
129 133 -96
129 421 -34
129 158 -40
129 265 11
129 487 11
129 199 93
129 319 -85
129 411 -96
129 368 5
129 304 -32
129 483 57
129 157 82
129 289 -71
129 503 -30
129 217 -27
129 307 97
129 160 74
130 244 -30
130 154 22
130 314 71
130 153 -75
130 236 21
130 465 93
130 164 59
130 171 -49
130 471 12
130 216 -92
130 268 78
130 350 30
130 156 -30
130 332 -83
130 175 -56
130 422 64
130 482 19
131 275 -47
131 158 7
131 263 25
131 193 78
131 278 34
131 350 -63
131 392 78
131 136 -33
131 211 69
131 305 -84
131 173 -71
131 307 -60
131 370 76
131 394 15
131 295 81
131 195 11
131 132 -16
132 408 -31
132 256 -80
132 386 59
132 429 -49
132 253 32
132 172 -93
132 415 12
132 331 76
132 354 -42
132 499 32
132 401 38
132 145 81
132 466 -50
132 281 -27
132 459 -82
132 184 37
132 261 73
133 214 -70
133 212 -40
133 305 -45
133 325 58
133 152 -73
133 137 -47
133 234 93
133 285 -84
133 426 -16
133 162 98
133 360 4
133 377 -66
133 292 -9
133 256 50
133 375 13
134 218 -30
134 379 30
134 460 -40
134 387 -83
134 492 66
134 471 -68
134 504 55
134 334 50
134 508 70
134 141 -42
134 149 72
134 281 -78
134 496 -64
134 441 -71
134 340 -71
134 505 1
134 319 -92
135 159 -76
135 290 -77
135 278 -39
135 492 -80
135 432 27
135 412 16
135 510 36
135 464 84
135 302 51
135 413 4
135 176 31
135 425 52
135 373 66
135 471 -46
135 401 -85
135 361 64
136 283 -95
136 203 -8
136 140 26
136 195 -6
136 259 -100
136 161 -46
136 139 -75
136 175 -20
136 444 14
136 416 48
136 426 0
136 149 1
136 144 -86
136 348 -49
136 299 -87
136 465 49
136 237 44
136 312 74
136 224 36
137 252 -52
137 281 83
137 149 -3
137 150 80
137 191 -3
137 301 -6
137 271 -34
137 441 -45
137 495 22
137 503 77
137 285 -21
137 512 63
137 387 -10
137 323 -89
138 246 37
138 209 -50
138 456 -49
138 376 -3
138 205 -27
138 203 -59
138 498 -9
138 511 -66
138 450 -15
138 497 -93
138 413 -82
138 232 44
138 149 66
138 231 52
139 323 -89
139 497 -18
139 158 -21
139 361 -92
139 421 56
139 405 84
139 399 -88
139 470 24
139 150 -37
139 176 -46
139 449 16
139 504 -100
139 293 9
139 488 -86
139 225 -18
139 308 27
139 490 93
139 448 -99
140 150 62
140 374 -61
140 348 -3
140 414 -23
140 400 -52
140 367 2
140 242 5
140 398 -82
140 410 42
140 428 19
140 387 -18
140 189 -76
140 505 13
140 207 51
140 402 45
140 309 8
141 164 -56
141 275 -98
141 282 -92
141 393 -74
141 348 -44
141 156 -27
141 158 53
141 296 62
141 413 -71
141 481 95
141 399 -99
141 256 -23
141 146 -37
141 223 80
141 412 2
141 249 -88
142 475 -41
142 197 -5
142 226 -45
142 474 -76
142 232 -25
142 400 -22
142 402 -32
142 279 16
142 360 -84
142 221 -7
142 355 -29
142 259 33
142 399 -40
142 427 12
142 390 -94
143 407 51
143 319 -38
143 173 80
143 284 -7
143 294 -94
143 357 -75
143 178 -28
143 448 61
143 292 -26
143 207 -56
143 461 4
143 450 58
143 387 11
143 152 -79
143 155 -31
143 172 -97
143 278 -71
143 477 -47
144 313 -1
144 393 -22
144 355 -35
144 307 -56
144 388 -70
144 351 31
144 408 12
144 257 90
144 196 48
144 237 11
144 222 -8
144 423 83
144 378 -66
144 363 18
144 270 87
144 212 -69
144 322 19
145 197 -75
145 494 -28
145 498 33
145 486 60
145 375 96
145 374 -14
145 387 -65
145 506 -38
145 209 22
145 342 97
145 204 -20
145 221 61
145 281 65
146 394 35
146 161 -30
146 332 -71
146 204 31
146 356 69
146 371 32
146 361 -94
146 419 42
146 328 42
146 278 48
146 324 21
146 282 -44
146 170 85
146 210 13
146 265 -18
146 291 45
146 307 -53
147 282 -80
147 203 -14
147 249 -27
147 310 -52
147 358 1
147 245 -2
147 366 -85
147 460 -99
147 482 -39
147 340 -49
148 486 -3
148 401 1
148 155 8
148 475 -48
148 149 28
148 415 30
148 158 -78
148 461 -63
148 347 -40
148 248 -34
148 434 68
148 484 17
148 378 -47
148 501 -22
148 275 -22
148 278 -45
148 396 -12
149 200 94
149 267 -9
149 299 -37
149 174 40
149 472 28
149 204 -59
149 197 -6
149 424 0
149 207 12
149 327 -5
149 219 -49
149 211 -76
150 251 82
150 365 10
150 181 -49
150 253 27
150 326 85
150 172 52
150 486 75
150 337 0
150 276 -47
150 499 -71
150 508 -9
150 304 80
150 273 -61
150 327 -82
150 235 -59
150 427 35
150 291 -58
151 468 -29
151 463 -85
151 354 -34
151 407 -60
151 258 91
151 218 32
151 284 97
151 442 1
151 456 -82
151 187 -69
151 391 -45
151 496 -85
151 439 -82
151 186 10
151 482 27
151 211 -38
152 308 -73
152 248 60
152 485 44
152 449 -17
152 433 97
152 239 -25
152 402 -56
152 415 60
152 396 10
152 329 -81
152 233 24
152 460 9
152 199 -27
152 249 -32
152 413 -67
152 482 -82
152 494 -50
152 392 22
153 241 -1
153 500 3
153 338 -55
153 464 -49
153 180 36
153 204 77
153 342 -94
153 487 34
153 315 -2
153 462 -75
153 437 -14
153 279 -82
153 436 -66
153 268 3
153 188 -84
154 399 66
154 423 33
154 398 -2
154 369 -89
154 363 -35
154 409 -27
154 429 31
154 406 -82
154 285 98
154 228 33
154 245 -71
154 196 -72
154 203 -83
154 473 -19
154 261 -40
154 182 -66
155 207 -38
155 251 11
155 369 -82
155 458 27
155 441 -82
155 362 69
155 278 43
155 440 -18
155 214 10
155 423 91
155 314 74
155 323 9
155 183 24
155 387 -91
155 348 -100
156 506 -69
156 358 -76
156 469 -12
156 295 0
156 333 86
156 461 -21
156 498 -75
156 364 38
156 259 -14
156 241 43
156 182 76
156 251 -58
156 348 -59
156 497 -24
156 455 -82
156 260 -97
156 327 -1
157 336 28
157 199 -71
157 263 51
157 204 16
157 277 -78
157 201 -97
157 316 99
157 398 11
157 510 31
157 198 -78
157 364 40
157 462 10
157 292 33
157 234 -64
157 482 68
157 239 -47
157 273 -42
158 226 -87
158 283 37
158 472 73
158 194 -5
158 357 93
158 429 36
158 253 56
158 454 -63
158 267 -79
158 512 -12
158 364 70
158 278 -26
158 162 -50
158 423 97
159 377 -36
159 197 -11
159 326 -16
159 393 -38
159 236 35
159 474 81
159 498 48
159 287 84
159 490 -32
159 335 -4
159 311 12
159 363 -95
159 404 1
159 308 -76
159 332 13
159 488 87
159 355 -39
159 489 44
159 345 62
160 323 30
160 440 60
160 300 -50
160 215 95
160 272 19
160 502 -27
160 450 75
160 193 -60
160 372 34
160 315 3
160 384 -60
160 223 -36
160 379 44
160 231 75
160 435 21
160 402 45
161 338 -91
161 437 -20
161 233 9
161 469 -64
161 439 14
161 512 -67
161 255 -77
161 450 -38
161 447 -77
161 403 -70
161 286 71
161 466 -98
162 371 41
162 491 35
162 186 -95
162 400 -48
162 339 58
162 323 15
162 462 -29
162 485 -22
162 259 -9
162 214 -83
162 484 81
162 501 -2
162 498 62
162 394 -87
162 222 16
162 331 -52
162 437 -91
162 192 45
163 490 10
163 348 -33
163 344 -80
163 447 58
163 401 45
163 327 60
163 310 -86
163 481 -21
163 168 -65
163 373 74
163 436 96
163 218 47
163 475 -52
163 482 63
163 179 28
164 271 -15
164 469 52
164 339 -2
164 244 84
164 171 26
164 238 -30
164 229 67
164 267 63
164 483 25
164 455 -91
164 382 14
164 332 40
164 453 -23
164 361 -20
164 344 56
164 290 85
164 466 -31
164 448 4
165 252 11
165 217 -40
165 209 -8
165 364 32
165 394 -100
165 181 -54
165 456 56
165 173 1
165 448 -69
165 284 -76
165 193 -25
165 443 38
166 321 84
166 246 63
166 400 71
166 460 26
166 297 -44
166 296 59
166 228 94
166 402 -99
166 350 -100
166 493 -53
166 483 40
166 209 21
166 252 2
166 215 -26
166 197 11
167 284 -81
167 209 82
167 366 -41
167 409 4
167 255 88
167 225 91
167 219 -95
167 386 48
167 345 -83
167 361 -23
167 357 -53
167 460 97
167 279 -37
167 487 -75
167 396 3
168 320 -48
168 208 31
168 189 -16
168 509 -58
168 311 29
168 348 -60
168 368 53
168 367 87
168 293 -93
168 255 52
168 426 23
168 329 45
168 285 -74
168 241 64
169 285 54
169 416 99
169 236 3
169 387 67
169 269 -31
169 401 -97
169 222 -30
169 505 87
169 507 37
169 406 -4
169 452 84
169 439 -85
169 213 -99
169 192 83
169 250 -26
169 332 -86
169 465 46
170 282 -61
170 280 56
170 218 -89
170 501 -20
170 424 51
170 214 -76
170 490 6
170 206 21
170 356 -89
170 483 -89
170 268 56
170 189 -96
170 309 61
170 343 48
170 492 -90
170 349 77
170 370 39
171 442 20
171 273 6
171 416 -61
171 271 36
171 495 -45
171 227 87
171 262 17
171 421 -90
171 219 10
171 365 -30
171 350 26
171 269 -74
171 309 -7
171 296 34
171 500 -48
172 488 92
172 278 16
172 197 63
172 245 25
172 196 84
172 249 64
172 435 -83
172 343 -97
172 322 89
172 400 26
172 501 -42
172 490 4
173 437 -99
173 290 -44
173 194 43
173 425 -8
173 245 -16
173 362 92
173 363 95
173 317 -98
173 306 8
173 397 17
173 478 -23
173 469 -57
173 417 69
173 507 -49
174 338 6
174 211 -92
174 265 43
174 347 -80
174 177 10
174 270 -58
174 376 75
174 405 -17
174 235 -5
174 193 44
174 263 -15
174 332 -69
174 398 -9
174 329 -76
175 512 -74
175 413 22
175 272 -81
175 368 29
175 483 -32
175 344 -27
175 306 -42
175 321 -2
175 286 -2
175 382 93
175 238 -81
175 307 27
175 488 9
176 478 -96
176 284 15
176 273 -81
176 314 -66
176 445 94
176 431 64
176 226 91
176 474 -23
176 225 43
176 198 -89
176 280 14
176 257 -31
176 385 52
176 436 -37
177 493 28
177 268 -95
177 198 -47
177 223 -3
177 500 39
177 401 -21
177 206 40
177 302 93
177 446 -38
177 400 -59
177 295 67
177 422 -100
178 235 -48
178 478 -61
178 202 87
178 479 -24
178 422 -54
178 227 71
178 477 99
178 464 -2
178 200 97
178 301 22
178 359 -67
179 505 -53
179 312 4
179 496 -54
179 384 -94
179 414 30
179 439 -19
179 253 -57
179 433 -9
179 464 61
179 360 -37
179 331 -42
179 428 -47
179 441 18
179 436 5
179 458 -93
179 497 50
179 246 -93
180 454 7
180 472 33
180 414 26
180 275 -37
180 467 -24
180 252 -25
180 308 33
180 484 64
180 392 23
180 256 -58
180 384 -56
180 420 9
180 363 -51
180 426 -60
180 503 73
181 420 -55
181 501 -51
181 370 84
181 512 -4
181 357 10
181 358 95
181 250 32
181 392 -78
181 195 99
181 427 64
181 490 -50
181 265 -71
181 227 85
181 315 12
181 454 -91
182 370 -78
182 207 -93
182 243 44
182 279 86
182 344 -13
182 264 -96
182 341 97
182 322 -7
182 497 -70
182 283 49
182 254 -65
182 390 63
182 424 58
182 355 -16
183 410 -7
183 271 35
183 481 10
183 494 34
183 281 84
183 307 -48
183 378 28
183 383 -92
183 184 82
183 295 89
183 268 -14
183 488 -64
183 266 -64
183 483 36
183 269 86
183 270 -95
184 334 2
184 398 43
184 234 -48
184 212 61
184 327 -40
184 246 -2
184 437 -74
184 288 -64
184 409 -70
184 367 -74
184 369 -71
184 475 -60
184 205 -1
184 385 42
184 406 -65
184 378 36
184 382 -53
185 499 34
185 282 -77
185 391 91
185 495 -40
185 507 -91
185 262 67
185 494 29
185 311 -30
185 425 -66
185 403 18
185 497 50
185 313 76
186 231 -7
186 280 -98
186 478 89
186 265 -28
186 421 -99
186 390 -64
186 342 54
186 220 -52
186 380 -30
186 468 -24
186 221 -22
186 262 38
186 408 83
186 507 -15
186 497 -58
186 511 5
187 453 -25
187 330 -15
187 414 -53
187 338 -69
187 332 73
187 222 -29
187 347 -75
187 376 -6
187 359 71
187 256 -11
187 499 -95
187 204 -74
187 300 -44
188 494 -64
188 453 78
188 354 -59
188 428 -45
188 436 -33
188 471 -20
188 475 31
188 342 13
188 280 -69
188 191 -78
189 258 58
189 322 88
189 302 -28
189 252 -40
189 331 -98
189 313 81
189 317 89
189 499 -95
189 413 -86
189 267 -90
189 459 -79
189 238 22
189 312 -73
189 230 97
189 471 64
189 292 69
189 265 49
189 492 -75
190 325 72
190 482 -48
190 319 8
190 492 48
190 221 -34
190 323 -60
190 408 -37
190 364 -83
190 355 10
190 504 -1
190 487 34
190 419 -35
190 333 -27
190 402 91
191 311 -71
191 291 -11
191 438 48
191 435 -89
191 200 87
191 294 -90
191 209 -76
191 221 72
191 510 43
191 194 -18
191 234 -94
191 371 -25
191 392 88
191 324 30
191 420 93
192 194 -23
192 389 94
192 492 -84
192 249 40
192 510 13
192 399 -78
192 448 -60
192 370 -83
192 324 21
192 379 83
192 238 -61
192 351 -94
192 382 35
192 468 56
192 299 -76
192 254 -92
193 511 -98
193 432 -28
193 376 -62
193 342 13
193 268 -81
193 443 1
193 427 -86
193 477 -94
193 442 27
193 227 93
193 508 -5
193 205 -10
193 285 13
194 277 59
194 238 45
194 383 64
194 406 -56
194 307 -25
194 464 34
194 448 33
194 203 68
194 323 72
194 212 59
194 244 56
194 286 -64
194 465 96
194 299 72
195 502 -30
195 211 84
195 418 2
195 395 67
195 411 -69
195 482 -24
195 283 20
195 288 69
195 230 92
195 439 -5
195 287 -32
195 301 -16
195 217 -51
195 337 72
195 404 -51
196 389 -84
196 386 76
196 451 42
196 290 -80
196 233 -42
196 287 85
196 209 68
196 488 -48
196 385 -82
196 396 -71
196 356 -8
196 370 -4
196 197 -45
196 302 -15
196 293 63
197 444 17
197 381 -72
197 214 50
197 477 17
197 311 0
197 325 14
197 408 -81
197 266 45
197 385 36
197 273 -88
197 359 19
197 496 -9
197 372 33
197 387 57
198 383 98
198 236 -8
198 276 47
198 463 -97
198 508 -70
198 483 99
198 325 62
198 503 3
198 231 6
198 428 61
198 445 -42
198 296 -28
198 419 -13
198 327 -41
198 500 -50
198 360 -42
198 310 21
199 345 59
199 344 24
199 285 76
199 243 18
199 494 13
199 228 25
199 461 21
199 431 -45
199 342 -93
199 440 88
199 321 -37
199 424 -64
199 426 -99
199 238 74
199 255 85
199 480 -84
199 288 -93
200 352 45
200 231 54
200 220 2
200 495 2
200 509 -72
200 326 -7
200 271 -52
200 469 -49
200 284 4
200 247 72
200 449 98
200 384 -97
200 466 -8
200 223 -18
201 407 -62
201 218 -81
201 485 -98
201 334 11
201 374 -9
201 402 99
201 354 75
201 351 39
201 315 -46
201 465 -33
201 390 -92
201 319 87
201 287 97
201 233 -32
201 279 -67
201 489 83
201 415 -66
202 280 -57
202 425 -71
202 265 -17
202 226 -68
202 492 79
202 488 93
202 230 -15
202 306 61
202 344 -5
202 466 61
202 237 59
202 258 -39
203 494 45
203 291 -89
203 272 54
203 483 17
203 214 -10
203 340 72
203 257 52
203 487 -62
203 231 83
203 380 -52
203 239 -6
203 440 34
203 212 -7
203 468 -57
203 395 -22
204 449 87
204 327 33
204 502 81
204 339 94
204 229 46
204 472 41
204 340 -32
204 223 -44
204 494 73
204 445 96
204 488 -25
204 315 -79
204 298 44
204 272 70
204 375 58
204 426 -61
204 227 -85
205 302 -62
205 490 76
205 432 20
205 473 -96
205 420 -12
205 245 56
205 481 -16
205 284 54
205 217 70
205 304 68
205 467 97
205 250 15
206 262 98
206 296 -83
206 255 81
206 226 -45
206 453 76
206 325 -89
206 435 11
206 247 -46
206 279 -33
206 209 -2
206 231 -62
206 410 -86
206 428 1
207 248 43
207 485 -56
207 367 -84
207 240 40
207 505 33
207 251 25
207 423 -44
207 374 -35
207 454 -10
207 278 -37
207 220 -48
208 283 12
208 502 71
208 249 83
208 494 58
208 360 -48
208 406 -71
208 510 92
208 449 5
208 508 31
208 472 -71
208 505 -91
208 435 -80
208 215 -89
208 419 -72
208 226 -84
208 507 -100
208 375 15
209 214 71
209 509 1
209 231 39
209 355 75
209 300 8
209 271 28
209 331 -9
209 352 -14
209 463 -98
209 232 -5
209 410 -79
209 305 75
210 254 66
210 218 28
210 436 71
210 472 -83
210 390 -63
210 469 3
210 461 -72
210 241 89
210 267 6
210 301 -41
210 421 26
210 438 12
210 488 59
210 376 -27
210 497 -71
211 317 60
211 287 -79
211 278 72
211 349 -38
211 257 -89
211 305 1
211 266 -38
211 440 72
211 234 -84
211 243 -21
211 445 -33
211 511 -99
211 400 -25
211 387 16
211 480 -4
212 466 70
212 244 95
212 323 -92
212 471 -52
212 365 23
212 473 67
212 241 44
213 300 -16
213 436 -6
213 430 -39
213 480 25
213 233 -70
213 504 52
213 344 -61
213 342 -84
213 331 50
213 243 44
213 424 -49
213 509 18
213 291 55
213 475 -31
213 327 -51
213 247 -82
213 448 -43
214 426 -21
214 412 83
214 384 -77
214 462 15
214 238 2
214 321 -42
214 423 -66
214 258 86
214 500 86
214 440 26
214 490 -21
214 220 73
214 287 -30
215 471 -34
215 418 10
215 410 90
215 290 82
215 385 -82
215 260 9
215 232 30
215 507 87
215 258 -2
215 261 95
215 422 52
215 452 95
215 389 -85
215 308 -98
215 334 2
215 345 -85
216 233 -14
216 378 4
216 507 27
216 287 -35
216 299 -91
216 381 33
216 295 44
216 390 32
216 335 44
216 414 -30
216 236 13
216 329 71
217 506 -26
217 236 -95
217 362 28
217 349 -40
217 483 14
217 358 -99
217 507 28
217 338 -97
217 235 -97
217 284 -98
217 357 1
217 243 -88
218 287 -29
218 281 44
218 344 32
218 391 17
218 229 62
218 454 -18
218 416 -91
218 411 98
218 418 96
219 354 -48
219 446 21
219 412 93
219 491 -52
219 368 50
219 301 -64
219 256 -83
219 320 10
219 305 -11
219 389 -60
219 460 56
219 504 53
219 245 49
219 405 26
220 405 -86
220 452 25
220 385 -77
220 382 -82
220 361 -88
220 424 -79
220 469 -88
220 237 37
220 297 -67
220 350 1
220 280 -86
220 255 81
220 249 44
220 347 74
220 498 2
220 479 -11
221 295 63
221 353 4
221 261 13
221 452 65
221 236 -67
221 267 34
221 508 -23
221 404 -91
221 356 23
221 304 9
221 426 -52
222 316 -98
222 505 -71
222 285 -19
222 491 -76
222 394 26
222 239 1
222 303 96
222 250 97
222 235 98
222 243 60
223 227 16
223 304 -1
223 421 -27
223 499 63
223 500 -83
223 260 81
223 407 -84
223 311 27
223 297 -46
223 461 65
223 498 37
223 345 -14
223 354 78
223 469 -9
224 413 86
224 307 -79
224 314 4
224 359 25
224 443 -62
224 334 -37
224 289 -77
224 414 10
224 284 -60
224 298 -83
224 426 70
224 402 -77
224 236 42
224 484 -39
224 499 56
224 340 65
224 252 63
224 471 -95
225 474 -24
225 398 63
225 356 -66
225 288 44
225 256 87
225 372 -20
225 268 18
225 283 83
225 499 39
225 299 -7
225 364 -32
225 430 -84
225 505 8
225 490 89
225 438 5
225 495 70
226 345 -18
226 486 -12
226 320 -14
226 279 39
226 405 17
226 253 60
226 382 -3
226 287 -58
226 342 -1
226 312 86
226 371 53
226 338 -72
226 389 -84
226 259 -43
227 400 87
227 419 64
227 413 12
227 416 90
227 309 70
227 273 99
227 252 99
227 506 52
227 316 26
227 235 -15
227 472 -91
227 466 62
227 378 28
227 510 -20
227 455 35
227 433 -82
228 491 -46
228 430 -93
228 334 71
228 246 -3
228 374 78
228 361 27
228 295 38
228 343 -61
228 254 -82
228 257 73
228 509 30
228 511 -15
229 340 6
229 398 -11
229 326 -77
229 493 71
229 446 90
229 388 99
229 468 15
229 234 -82
229 319 15
229 423 -92
229 335 -18
229 330 58
230 401 -21
230 404 81
230 234 44
230 496 -57
230 443 50
230 374 22
230 502 31
230 309 -66
230 291 90
230 298 -75
230 447 88
230 432 -67
231 456 -15
231 282 -33
231 295 0
231 405 74
231 403 -93
231 302 -49
231 234 82
231 472 -88
232 252 -77
232 275 31
232 463 26
232 418 -80
232 397 53
232 432 55
232 429 60
232 254 -14
232 372 86
232 292 -85
232 439 11
232 453 -69
232 268 81
232 330 63
233 291 -76
233 366 -12
233 504 73
233 255 -33
233 512 -76
233 376 93
233 365 -20
233 483 -99
233 387 68
233 457 -91
233 264 86
233 367 69
233 373 -45
233 444 99
233 274 -48
234 357 19
234 371 -49
234 300 -98
234 293 8
234 480 11
234 493 88
234 470 32
234 337 -74
234 418 89
234 376 -60
234 323 -75
234 430 -28
234 352 48
234 296 98
235 374 -10
235 265 39
235 414 7
235 377 29
235 409 12
235 433 -85
235 462 93
235 289 97
235 312 -82
235 284 69
235 485 -1
235 407 52
235 511 -99
236 445 -89
236 420 52
236 451 -26
236 343 -6
236 242 -45
236 363 -28
236 406 33
236 480 -28
236 442 89
236 315 -16
236 300 -11
237 258 72
237 245 66
237 410 55
237 361 46
237 453 -74
237 287 -32
237 282 -51
237 337 72
237 294 71
237 499 -49
237 445 24
237 492 71
237 377 49
237 396 70
237 495 22
237 461 81
237 274 -1
237 346 78
237 463 -49
237 338 47
238 355 -69
238 246 82
238 248 12
238 264 -99
238 314 -74
238 383 55
238 279 -37
238 304 -27
238 353 94
238 392 78
238 459 -74
238 347 55
238 322 -86
239 292 -48
239 353 58
239 350 85
239 442 -97
239 431 56
239 344 -99
239 327 25
239 506 57
239 491 89
239 354 7
239 489 21
239 372 40
240 484 -46
240 257 13
240 469 -83
240 374 -78
240 372 59
240 457 -76
240 373 -7
240 421 -43
240 367 -11
240 496 47
241 502 85
241 360 90
241 501 54
241 293 81
241 316 30
241 414 -73
241 402 3
241 374 -53
241 497 51
241 478 -8
241 484 -51
241 445 58
241 372 -36
241 479 35
241 260 -55
242 339 8
242 490 -96
242 286 -53
242 412 -88
242 257 31
242 297 9
242 389 89
242 512 -19
242 394 -68
242 430 47
242 365 -76
242 439 80
243 353 -48
243 500 11
243 491 10
243 415 -28
243 510 69
243 392 66
243 300 -76
243 497 -91
243 486 -91
243 311 45
243 482 79
243 261 27
243 349 -52
244 250 83
244 287 15
244 405 4
244 297 64
244 486 85
244 425 -61
244 501 79
244 313 -91
244 258 -12
244 479 -12
245 273 -84
245 425 -10
245 356 -69
245 324 97
245 353 -9
245 355 94
245 407 39
245 344 -38
245 489 37
245 254 -69
245 377 77
245 505 -37
245 497 -35
245 441 -56
245 448 -23
246 359 36
246 307 -55
246 424 46
246 428 -80
246 251 -40
246 456 33
246 415 -38
246 388 87
246 387 -5
246 291 -53
246 373 24
246 262 -17
246 277 -97
246 278 36
247 464 33
247 497 -54
247 510 -3
247 304 89
247 413 -70
247 408 4
247 438 -70
247 389 -68
247 266 63
247 278 -4
247 324 -96
247 312 49
247 357 76
247 508 -99
247 459 56
248 303 38
248 365 2
248 409 -25
248 364 73
248 350 92
248 376 13
248 490 93
248 384 44
248 487 -100
248 305 -26
248 279 46
249 496 86
249 300 4
249 389 -49
249 463 -10
249 339 5
249 374 -96
249 375 63
249 447 79
249 411 43
249 346 -46
249 412 75
249 260 -75
249 294 -78
250 477 -40
250 327 -39
250 469 75
250 474 31
250 390 41
250 255 -9
250 342 40
250 360 -86
250 332 13
250 443 96
250 266 -72
250 414 -92
250 415 92
250 402 13
251 330 -88
251 501 -21
251 314 73
251 344 -88
251 331 -43
251 257 -56
251 478 -90
251 338 5
251 464 -62
251 488 -34
251 301 66
251 356 -24
251 475 -86
251 491 35
252 471 93
252 282 -12
252 345 -35
252 428 -3
252 384 -73
252 395 -57
252 356 98
252 288 -45
252 253 3
252 474 55
252 406 -62
252 509 64
252 302 93
253 473 66
253 395 22
253 438 -41
253 415 8
253 334 45
253 500 96
253 336 0
253 308 -26
253 421 -94
253 330 -39
253 301 36
253 436 16
254 459 73
254 281 38
254 397 -35
254 432 -38
254 294 -99
254 312 -55
254 433 -86
254 351 -31
254 485 35
254 359 -75
254 367 -89
254 345 -17
254 451 14
254 498 20
255 488 30
255 482 17
255 256 -79
255 508 -76
255 434 -100
255 456 47
255 501 26
255 424 51
255 417 21
255 494 40
255 391 -24
256 493 -59
256 320 67
256 438 -88
256 443 -85
256 271 -52
256 454 -63
256 393 -19
256 489 76
256 376 14
256 495 28
256 426 59
256 486 47
256 281 87
256 415 43
256 280 67
256 439 55
257 318 24
257 431 -35
257 261 48
257 384 -14
257 448 -16
257 349 8
257 316 -6
257 376 68
257 302 -19
257 330 13
257 446 -85
257 406 30
257 444 -95
258 449 73
258 434 -99
258 509 -95
258 284 -78
258 448 -36
258 287 54
258 310 40
258 370 47
258 435 -34
259 422 57
259 426 -81
259 405 88
259 413 -68
259 458 9
259 421 71
259 360 26
259 273 32
259 312 -37
259 498 -41
259 367 57
259 430 -28
259 304 -18
260 448 60
260 498 52
260 483 97
260 382 91
260 395 -30
260 347 -81
260 309 -43
260 460 -76
260 326 -18
261 343 73
261 341 -92
261 273 42
261 454 -99
261 414 -5
261 508 99
261 479 -64
261 390 -13
261 301 69
261 425 -78
261 304 34
261 402 -45
261 499 80
262 268 -26
262 491 53
262 432 84
262 467 -62
262 435 -16
262 433 -42
262 271 -39
262 443 -2
262 421 -4
262 398 86
262 479 -73
262 275 69
262 376 -36
263 291 -79
263 305 92
263 419 -89
263 406 -32
263 423 -49
263 344 32
263 461 5
263 269 14
263 449 -78
263 280 -8
264 426 30
264 339 -27
264 453 73
264 475 89
264 484 -34
264 373 -72
264 464 -99
264 440 88
264 364 75
264 476 48
264 297 40
264 459 11
264 344 -1
265 497 47
265 430 9
265 462 -95
265 316 72
265 431 4
265 377 -42
265 417 -10
265 335 -66
265 475 -76
265 510 -1
265 495 -4
265 284 33
266 373 -14
266 270 -90
266 484 -40
266 471 -21
266 302 48
266 405 26
266 324 41
266 428 -10
266 390 -8
266 377 -46
266 290 -38
266 268 -36
266 348 -22
266 483 -96
267 443 -73
267 315 80
267 419 -83
267 502 -20
267 452 -6
267 454 71
267 330 -31
267 403 41
267 293 -55
267 296 30
267 416 98
268 312 -6
268 377 -12
268 474 15
268 507 -45
268 295 79
268 354 75
268 442 91
268 403 -8
268 282 -13
268 348 -57
269 439 -68
269 413 -75
269 476 43
269 498 -11
269 274 64
269 444 -45
269 360 -50
269 442 -24
269 356 21
269 389 74
269 475 13
270 341 97
270 324 -67
270 490 -63
270 350 27
270 286 75
270 345 52
270 411 -10
270 391 -77
270 416 19
271 366 68
271 287 27
271 506 32
271 485 47
271 467 63
271 311 93
271 352 -35
271 499 3
271 389 -23
272 454 80
272 341 -78
272 440 5
272 456 -57
272 462 68
272 459 59
272 466 56
272 379 -10
272 511 1
272 407 -63
272 318 18
273 462 -28
273 333 -77
273 493 59
273 410 74
273 375 -68
273 377 -30
273 500 46
273 330 45
273 483 48
273 435 51
273 276 -39
273 467 31
274 308 -14
274 317 40
274 311 -37
274 349 -64
274 307 -61
274 396 -59
274 329 -62
274 316 -82
274 299 -41
274 485 -89
274 306 6
275 326 79
275 454 34
275 492 -81
275 507 61
275 311 51
275 457 -7
275 467 4
275 436 84
275 280 48
275 314 7
275 447 -17
275 476 53
276 493 -46
276 334 -83
276 449 58
276 356 22
276 511 -22
276 344 -2
276 442 13
276 387 -67
276 285 77
276 302 -47
276 482 -83
276 401 -52
277 501 -44
277 296 -34
277 319 -71
277 331 -77
277 453 -82
277 351 -98
277 445 -23
277 496 -7
277 342 62
277 469 99
278 287 -12
278 451 21
278 409 56
278 457 -2
278 364 -21
278 319 -95
278 496 22
279 505 22
279 416 -37
279 341 -79
279 475 48
279 394 -34
279 411 -89
279 308 -14
279 425 -15
279 339 55
279 294 -90
279 500 -43
279 281 -41
279 449 -46
279 458 -69
280 287 14
280 480 15
280 418 -13
280 510 2
280 435 92
280 346 -34
280 487 -92
280 309 18
280 400 -47
280 367 -76
280 505 -44
280 385 -65
281 396 98
281 368 -93
281 374 -9
281 452 -37
281 423 19
281 362 -15
281 503 60
281 300 8
281 305 92
281 390 71
281 318 78
282 506 32
282 419 -14
282 290 -91
282 342 -81
282 345 -1
282 349 -21
282 381 22
283 351 -77
283 466 -6
283 505 32
283 427 87
283 424 -64
283 486 61
283 474 67
283 324 -75
284 410 73
284 397 69
284 458 -13
284 399 -85
284 362 22
284 403 -82
284 441 -1
284 493 54
284 385 99
285 393 -71
285 322 88
285 475 -100
285 500 -99
285 287 -30
285 400 -71
285 304 9
285 366 -59
285 297 -94
285 426 6
285 470 -31
286 451 35
286 447 62
286 314 73
286 420 -94
286 337 -47
286 353 -93
286 360 10
286 335 -5
287 352 39
287 355 -74
287 481 -48
287 333 35
287 459 -66
287 345 86
287 496 -89
287 357 33
287 434 -5
287 342 30
287 511 -89
288 437 -38
288 400 7
288 341 84
288 293 77
288 375 -30
288 415 77
288 308 87
288 317 62
288 500 -76
288 483 -6
288 342 -92
288 397 36
289 306 -74
289 439 38
289 376 35
289 350 -73
289 470 -88
289 335 3
289 487 -79
289 473 11
289 382 0
289 339 -72
289 341 83
289 389 -87
289 308 -83
290 471 -47
290 510 85
290 411 44
290 482 -64
290 419 94
290 296 -77
290 452 13
290 509 -30
290 356 -71
290 373 81
290 389 66
291 302 -41
291 311 91
291 428 15
291 357 8
291 319 78
291 431 -93
291 476 41
291 413 -44
291 324 -89
291 499 -63
291 456 -72
291 462 -32
292 300 -2
292 470 6
292 321 34
292 415 -37
292 441 10
292 378 -15
292 473 23
292 419 63
293 371 50
293 491 -54
293 324 34
293 407 46
293 294 -14
293 454 -3
293 412 -53
293 498 -61
293 431 -11
294 349 -27
294 406 92
294 451 -4
294 350 -9
294 363 44
294 387 -58
294 393 2
294 359 -3
294 506 52
294 429 -28
294 497 89
295 442 -31
295 437 36
295 485 -67
295 490 64
295 463 -30
295 373 -46
295 467 -95
295 454 -73
295 448 -20
295 441 5
295 379 -99
295 497 -77
295 453 -71
295 481 55
295 370 12
296 340 43
296 423 -54
296 399 62
296 299 20
296 512 88
296 486 68
296 345 74
296 485 -44
296 434 -47
296 443 -94
296 398 -23
297 422 -6
297 424 -18
297 474 54
297 323 91
297 473 4
297 441 2
297 462 21
297 347 -90
297 451 -59
298 402 -63
298 394 -28
298 426 31
298 359 75
298 401 91
298 307 -75
298 476 52
298 323 -75
298 338 -40
298 429 -27
299 432 53
299 378 -97
299 303 68
299 356 44
299 465 -71
299 457 70
299 391 -20
299 480 8
299 441 56
300 447 54
300 405 -12
300 454 20
300 445 73
300 498 -31
300 350 -93
300 359 46
300 392 -26
300 406 30
301 383 40
301 335 32
301 450 -12
302 430 84
302 315 -53
302 472 -27
302 484 -29
302 343 16
302 469 -48
302 434 -53
303 466 35
303 382 -80
303 487 -64
303 325 4
303 387 89
303 324 95
303 495 97
304 416 1
304 414 95
304 356 21
304 504 -44
304 424 36
304 465 77
304 501 -37
305 322 8
305 375 57
305 468 -59
305 382 84
305 369 92
305 435 33
305 379 -23
305 452 55
305 336 81
306 374 -8
306 478 75
306 400 -96
306 510 -81
306 351 -38
306 311 49
306 327 3
306 340 -36
306 413 77
306 310 88
307 386 -17
307 321 -78
307 324 -90
307 345 -67
307 427 82
307 445 -51
307 456 -56
307 310 -52
308 336 55
308 442 -93
308 409 13
308 454 -29
308 434 13
308 372 64
308 346 40
308 419 13
309 371 51
309 490 -43
309 432 63
309 437 -37
309 476 -85
309 346 -10
309 385 87
309 471 56
309 447 14
309 372 49
310 459 -66
310 477 97
310 484 -88
310 346 98
310 322 48
310 321 -85
310 313 34
310 349 -48
310 505 -34
311 476 62
311 422 15
311 399 39
311 375 52
311 384 -3
311 449 40
311 503 68
312 313 -18
312 469 -17
312 479 -15
312 368 -17
312 413 75
312 338 76
312 379 18
312 470 -15
312 450 -4
312 328 85
313 480 84
313 478 -73
313 354 94
313 369 90
313 452 87
313 417 -7
313 330 91
313 430 44
313 419 35
314 427 93
314 320 83
314 317 -31
314 426 68
314 353 54
314 334 -9
314 451 51
314 494 -14
314 430 -2
314 332 -79
314 408 -76
314 504 29
314 336 49
315 372 66
315 422 2
315 347 24
315 351 38
315 460 75
315 497 -70
315 442 65
315 437 -31
315 426 9
315 399 34
316 363 91
316 475 37
316 365 -50
316 359 47
316 344 37
316 324 -74
316 498 18
316 447 59
316 373 55
316 483 -13
317 394 53
317 484 -43
317 344 9
317 361 -83
317 389 0
317 405 -18
317 503 -58
317 470 -46
317 499 -7
318 384 56
318 369 -99
318 482 56
318 353 -10
318 408 13
318 407 -57
318 362 -96
318 331 -62
318 429 56
318 472 -82
318 420 -72
318 319 85
319 332 34
319 343 58
319 341 38
319 435 26
319 418 -65
319 486 75
319 419 -100
319 475 -93
319 406 -68
320 361 -11
320 325 69
320 388 -3
320 487 20
320 430 -65
320 417 -79
320 422 76
320 353 -10
320 345 -8
320 344 -56
320 499 2
321 465 -96
321 411 -42
321 362 -17
321 425 -81
321 507 -23
321 491 -93
321 470 64
321 407 -97
321 350 -71
322 472 69
322 471 -26
322 438 72
322 435 -8
322 501 98
322 324 70
323 349 39
323 402 23
323 476 -79
323 432 26
323 398 59
323 426 90
324 399 77
324 422 -14
324 509 51
324 494 -68
324 450 22
324 417 55
325 377 89
325 509 -17
325 473 11
325 418 81
325 343 -75
325 415 -11
325 406 16
325 353 -27
325 479 -54
325 427 50
326 455 28
326 335 -76
326 385 36
326 501 -86
326 362 3
326 379 78
326 480 -33
326 482 58
326 468 83
326 456 20
326 352 -23
327 442 -49
327 474 61
327 418 86
327 402 72
327 426 82
327 362 74
327 434 -24
327 385 56
327 390 20
328 367 -22
328 340 -95
328 471 -95
328 500 44
328 467 -70
328 351 98
328 512 -97
328 363 27
328 365 2
329 509 -27
329 441 13
329 426 3
329 333 -68
329 398 82
329 464 -9
330 444 -59
330 432 79
330 463 -30
330 478 49
330 494 77
330 442 11
330 474 -27
330 452 32
330 431 6
330 388 -38
330 350 -84
330 363 72
331 436 -54
331 370 -100
331 511 -83
331 462 17
331 382 -14
331 448 99
332 442 -38
332 475 59
332 361 -85
332 448 -81
332 467 90
332 492 62
333 334 56
333 450 3
333 442 9
333 454 10
333 446 -2
333 348 -40
333 440 95
333 467 47
333 405 17
333 458 -88
334 398 27
334 448 -26
334 480 8
334 366 91
334 382 21
334 471 -60
334 391 -76
334 488 -73
334 431 -23
335 446 37
335 463 26
335 460 67
335 347 -19
335 354 -29
335 381 81
335 345 65
336 485 -86
336 459 -61
336 392 47
336 436 -96
337 503 -88
337 467 97
337 378 -75
337 468 97
338 428 28
338 485 -53
338 377 47
338 506 -15
338 483 -82
339 491 -74
339 429 -64
339 380 -37
339 415 -19
339 445 20
339 508 -80
340 403 -7
340 498 70
340 475 -75
340 481 21
340 495 40
340 408 21
340 449 27
340 478 -2
340 508 -92
340 460 -20
340 426 -40
341 436 -67
341 393 67
341 373 88
341 468 -49
341 343 -60
341 371 90
341 426 88
341 423 -34
341 401 -30
341 512 91
342 353 55
342 465 -74
342 439 -18
342 368 -72
342 470 55
342 390 23
342 394 75
342 417 -67
342 349 -87
343 445 26
343 388 67
343 442 90
343 368 -2
344 472 4
344 464 19
344 382 71
344 511 -7
344 461 97
344 497 -83
344 460 51
344 401 37
344 375 -46
345 415 -10
345 494 -50
345 451 61
345 442 -18
345 389 63
345 483 8
346 464 -29
346 482 -38
346 435 15
346 413 77
346 439 -18
346 511 87
346 396 -80
346 442 -59
346 429 -11
347 348 -88
347 399 -96
347 374 -77
347 438 80
347 392 -55
347 354 77
348 486 32
348 401 -4
348 400 87
348 380 -25
348 360 -78
348 474 52
348 495 -66
349 473 -27
349 475 7
349 438 -37
349 486 -14
349 502 -16
349 495 79
349 379 -93
349 460 35
350 362 76
350 376 -29
350 408 -46
350 463 72
350 475 -11
350 471 -78
351 392 -87
351 492 -50
351 474 -22
351 479 -75
351 486 43
351 441 44
351 355 -81
352 377 -23
352 409 -52
352 484 59
352 462 14
352 372 -21
352 410 -23
353 427 81
353 470 -33
353 397 31
353 512 -72
353 490 -52
353 428 95
353 496 -80
354 365 -52
354 481 -12
354 401 22
354 491 -5
354 367 10
354 472 -6
354 468 19
354 496 -23
354 448 -63
354 493 47
355 405 93
355 474 -12
355 496 -71
355 428 70
355 468 -99
355 383 8
355 413 -84
355 412 -76
356 426 14
356 411 45
356 473 97
356 415 -83
356 391 14
357 500 30
357 489 -85
357 451 14
357 438 21
357 415 41
357 388 -28
358 438 -26
358 485 -40
358 423 -46
358 432 -40
358 468 22
359 466 38
359 401 -77
359 502 16
359 505 30
359 461 -23
360 476 -62
360 444 -4
360 430 -75
360 390 16
360 431 -85
361 390 76
361 475 2
361 477 48
362 402 -48
362 502 -34
362 389 10
362 385 79
362 390 -20
362 442 57
363 449 69
363 457 -48
363 442 -89
363 399 -94
363 392 57
363 415 -35
364 464 -33
364 460 27
364 405 -81
364 415 -31
364 436 -57
364 418 11
364 503 17
364 380 47
364 511 63
365 370 -83
365 369 -79
365 416 -19
365 373 -28
365 371 -42
365 431 -77
365 410 37
365 451 72
365 490 38
366 381 37
366 445 27
366 387 18
366 402 14
366 424 -87
366 502 11
366 388 -61
367 506 68
367 439 -35
367 389 56
367 387 83
367 485 -95
367 403 61
367 499 -40
367 440 48
368 463 75
368 401 -8
368 395 -67
368 482 3
368 434 8
368 499 -6
368 441 93
369 379 -41
369 492 40
369 481 -88
369 452 -40
369 406 93
369 440 20
370 498 -39
370 449 88
370 397 69
370 415 -84
370 436 -20
370 483 -53
370 476 52
370 405 55
370 384 -36
370 413 -84
370 394 -92
371 392 66
371 479 49
371 394 49
372 439 -94
372 477 -9
372 428 -3
372 410 -60
372 450 -94
372 422 -61
372 405 62
373 385 98
373 429 -84
373 414 -17
373 500 -46
373 397 49
373 450 -64
374 440 -19
374 464 12
374 432 -49
375 397 -30
375 410 87
375 501 -26
375 396 0
375 479 -26
375 478 27
375 492 49
376 494 91
376 443 93
376 398 -60
377 413 -93
377 466 98
377 439 -76
377 489 58
377 450 99
378 467 56
378 399 -23
378 459 -35
378 478 4
378 423 14
378 509 44
379 437 94
379 456 -18
379 499 83
379 388 -67
379 385 35
379 460 67
379 380 -59
379 441 -41
379 471 93
380 426 0
380 489 36
380 424 -31
380 508 90
380 428 -46
380 503 1
380 396 -65
380 399 -82
381 500 72
381 459 6
381 486 -98
381 434 -91
381 390 -3
381 418 46
381 477 75
381 444 -1
382 433 14
382 397 10
382 448 85
382 386 78
382 465 24
382 384 -61
383 419 -56
383 442 -94
383 472 26
383 397 8
383 426 -38
383 501 98
383 441 19
383 401 2
384 470 -35
384 406 -6
384 499 74
384 450 -1
384 404 -72
384 437 -84
384 447 -82
384 434 -71
384 418 -40
384 420 58
385 395 17
385 497 64
385 441 71
385 472 -55
386 440 29
386 402 48
386 457 -43
386 469 42
386 400 -13
386 507 70
387 487 4
387 396 38
387 478 -59
388 396 19
388 394 23
388 487 -71
389 462 -45
389 492 87
389 390 10
389 505 -22
389 455 86
389 488 -87
390 507 -53
390 404 12
390 447 -31
391 479 78
391 492 61
391 488 49
391 402 -87
391 424 89
392 457 -64
392 467 -43
392 493 -68
392 411 92
392 483 -50
392 470 46
393 443 -48
393 445 -88
393 449 28
393 460 -5
393 421 97
393 481 94
393 417 -10
393 453 13
394 448 8
394 421 3
394 439 14
394 484 95
395 496 -49
395 456 22
395 475 -33
395 458 16
396 452 67
396 508 88
396 474 56
396 436 9
396 456 7
397 426 99
397 439 46
397 449 -65
397 458 -68
397 417 32
398 508 -95
398 505 -15
398 501 88
398 408 11
398 442 11
399 431 30
399 432 -97
399 412 42
399 480 -16
399 464 -75
399 440 -78
399 439 47
400 415 81
400 498 -33
400 488 -6
400 510 85
401 470 10
401 506 46
401 442 -49
402 455 -95
402 430 31
402 406 44
403 497 56
403 451 11
403 467 -35
403 489 -36
403 509 37
403 440 -36
404 436 63
404 498 -60
404 438 85
404 459 -17
405 487 -62
405 456 -79
405 422 73
405 509 -58
405 494 -74
405 499 -58
405 508 89
406 473 -91
406 432 -53
406 409 93
407 409 19
407 468 -26
407 442 83
408 469 35
408 467 -80
408 481 -56
408 423 98
408 432 89
408 509 99
408 512 80
409 444 -35
409 432 41
409 512 12
409 464 -59
409 495 -95
409 480 2
410 475 -63
410 423 26
410 470 -86
410 492 -100
410 496 -65
410 512 -18
410 419 61
411 427 95
411 445 70
411 423 -6
411 483 -41
411 495 26
411 494 -16
412 424 55
412 444 -44
412 426 -72
412 422 79
413 505 47
413 414 8
413 463 -100
413 465 68
413 499 78
414 478 -26
414 485 56
414 456 -25
415 475 -21
415 441 -45
415 465 -60
415 434 64
415 501 -47
416 495 6
416 455 -84
416 426 10
417 446 -9
417 484 -32
417 511 95
417 469 -8
418 443 -16
418 478 -21
418 438 -72
418 486 20
418 441 76
418 436 -55
419 432 -83
419 505 -77
419 456 -43
419 437 -78
419 506 94
420 479 80
420 480 -14
421 460 89
421 433 -14
421 446 95
421 485 71
421 428 60
422 430 1
422 432 -45
422 423 -81
422 452 -91
422 446 -8
423 481 -32
423 477 78
423 438 -38
423 509 22
424 450 -10
424 489 73
425 493 25
425 464 72
425 484 -88
425 508 38
426 456 -9
426 452 45
426 435 5
427 433 1
427 468 43
427 466 32
427 477 -49
427 438 -55
428 495 -13
428 441 -84
428 500 -85
429 432 -84
429 472 -48
429 507 78
429 470 33
429 496 -4
430 461 17
430 469 66
430 498 -55
430 435 17
431 490 48
431 462 -88
431 453 -26
432 474 98
432 466 -32
432 434 18
432 463 7
432 499 -33
432 443 -80
433 498 18
433 466 67
434 473 12
434 486 -23
434 489 -12
434 512 71
434 453 -92
434 485 -21
435 453 -79
435 473 -90
436 450 -52
436 509 -47
436 496 87
437 454 -49
437 440 -37
437 455 5
438 455 -67
438 460 8
438 512 -27
438 452 -4
439 474 54
439 481 88
439 487 29
440 478 -65
440 471 8
440 464 96
441 444 11
441 465 -88
441 478 -27
441 462 16
441 477 15
441 445 -1
442 511 -100
442 476 45
442 510 -59
442 512 -81
442 479 53
442 463 42
442 508 64
443 492 17
443 493 -36
443 498 80
443 459 94
444 465 61
444 480 -58
444 453 -71
444 468 -88
444 492 73
445 476 -95
445 496 -51
446 479 92
446 488 -84
446 456 -3
447 505 -12
447 501 44
447 480 10
448 483 18
448 476 63
448 487 -67
448 477 6
449 450 93
449 493 -89
449 508 25
451 464 45
451 455 1
451 495 10
451 507 26
452 502 -15
452 472 -2
452 500 -67
454 512 73
455 483 -16
455 503 61
455 466 -11
455 496 -78
457 480 46
457 461 -30
457 505 39
459 506 -42
459 480 -41
460 497 99
460 477 -37
460 510 65
461 492 28
462 497 98
462 506 -21
462 468 -20
462 467 66
462 482 -19
462 470 -51
463 509 40
463 496 61
463 504 -11
463 472 -15
463 511 -87
463 498 98
464 466 88
465 504 -83
465 491 -95
466 486 54
466 508 2
467 500 26
467 489 -56
467 471 36
468 488 55
468 493 36
468 471 -10
468 489 80
469 477 -4
469 484 -79
469 471 -86
469 470 21
471 475 16
472 490 -64
472 508 71
473 487 -56
473 494 83
473 502 24
474 486 67
477 491 56
480 490 -18
480 495 -88
481 495 60
481 496 3
482 487 70
482 508 -6
483 487 55
484 489 34
485 490 0
488 490 62
488 499 -75
488 489 -65
488 510 40
489 496 -38
491 492 -2
492 501 -37
493 505 90
493 507 89
494 495 55
494 507 63
497 506 -53
500 507 47
506 512 27
506 508 2
