512 5894
1 231 -32
1 2 26
1 475 -37
1 277 -74
1 465 61
1 367 65
1 453 26
1 162 19
1 483 -21
1 251 26
1 19 -5
1 369 81
1 291 -62
1 252 -81
1 342 92
1 181 -91
1 204 -47
1 445 26
1 218 81
1 374 -24
1 406 68
1 226 -73
1 256 -3
2 369 -10
2 131 11
2 14 26
2 436 -54
2 178 -54
2 233 -72
2 194 54
2 242 -23
2 80 60
2 383 -4
2 102 -74
2 409 -73
2 89 20
2 83 16
2 55 85
2 325 73
2 447 -82
2 227 47
2 23 94
2 37 53
2 45 65
2 6 36
2 317 -39
3 426 -23
3 458 -6
3 414 2
3 349 87
3 501 65
3 254 55
3 510 23
3 143 23
3 220 18
3 437 -60
3 116 57
3 424 -93
3 324 78
3 239 41
3 51 -5
3 259 21
3 310 68
3 340 19
3 484 -42
3 148 29
3 80 72
3 35 -93
4 507 72
4 369 80
4 125 -98
4 171 33
4 163 21
4 440 -91
4 82 -18
4 216 -56
4 94 -16
4 20 -93
4 489 64
4 331 -55
4 263 21
4 260 -18
4 356 64
4 233 72
4 404 -99
4 299 50
4 89 -31
4 174 -86
4 88 5
4 214 95
5 178 -49
5 446 60
5 25 -2
5 121 -69
5 9 -24
5 456 -87
5 64 -7
5 145 -89
5 468 -62
5 134 -47
5 322 62
5 277 13
5 96 46
5 111 22
5 474 80
5 115 5
5 507 35
5 296 30
5 389 -68
5 207 -71
5 272 -53
5 441 40
5 281 -27
6 260 9
6 302 6
6 388 42
6 461 28
6 51 71
6 373 -52
6 364 68
6 161 95
6 415 55
6 100 47
6 184 -77
6 93 8
6 70 -61
6 272 -2
6 312 43
6 124 26
6 105 -24
6 457 44
6 298 24
6 21 9
6 231 10
6 487 84
6 50 -56
7 432 86
7 160 59
7 341 -10
7 473 -29
7 347 47
7 297 -83
7 218 -68
7 224 16
7 234 79
7 68 29
7 269 46
7 94 13
7 356 -81
7 142 -77
7 69 -20
7 216 -28
7 324 -73
7 104 39
7 420 86
7 115 -11
7 103 -29
7 448 -57
7 455 -5
8 126 34
8 428 -11
8 401 39
8 343 24
8 33 -27
8 149 66
8 364 47
8 415 -19
8 187 -33
8 230 72
8 69 -14
8 466 46
8 313 61
8 43 72
8 85 15
8 252 45
8 90 99
8 185 -71
8 414 74
8 452 -3
8 403 -56
8 487 89
8 199 -30
9 112 -66
9 238 99
9 277 60
9 327 -40
9 459 -84
9 152 99
9 242 90
9 368 92
9 315 11
9 389 -51
9 68 88
9 135 58
9 452 -10
9 271 -69
9 341 18
9 503 4
9 274 -54
9 379 -72
9 70 -15
9 255 84
9 216 11
9 275 -85
9 342 -43
10 59 93
10 218 23
10 314 -57
10 236 32
10 461 93
10 388 47
10 201 -51
10 456 54
10 258 -66
10 109 -71
10 166 -27
10 279 35
10 490 -22
10 92 -94
10 32 11
10 480 -20
10 96 -25
10 381 72
10 25 -83
10 418 -83
10 246 -6
10 40 41
10 320 -98
11 66 67
11 418 65
11 158 -67
11 467 2
11 345 -52
11 119 43
11 242 -35
11 262 -73
11 197 -14
11 356 -45
11 396 -83
11 324 -44
11 477 48
11 308 -37
11 238 48
11 249 -98
11 471 -47
11 16 -87
11 20 79
11 359 -92
11 375 -66
11 386 -34
11 419 -54
12 250 -21
12 512 34
12 274 70
12 482 -61
12 313 -49
12 351 -24
12 413 -48
12 346 19
12 270 -37
12 225 95
12 443 55
12 180 51
12 279 -37
12 137 54
12 337 -25
12 406 -18
12 51 -81
12 293 -1
12 449 60
12 509 35
12 235 41
12 376 -72
12 171 -79
13 405 -67
13 318 -85
13 499 53
13 218 40
13 300 33
13 251 -31
13 235 -72
13 85 -5
13 152 67
13 108 -93
13 227 14
13 412 -31
13 176 11
13 282 -43
13 320 -70
13 500 -4
13 184 19
13 409 -61
13 377 -50
13 243 48
13 105 46
13 68 76
13 379 45
14 424 31
14 406 58
14 203 29
14 382 66
14 379 64
14 117 -50
14 301 -19
14 373 -47
14 307 -79
14 153 3
14 105 -83
14 356 -58
14 151 73
14 213 26
14 334 71
14 87 -13
14 264 46
14 60 73
14 326 -50
14 196 -87
14 282 -3
14 40 7
14 176 -22
15 212 -2
15 308 50
15 56 -33
15 315 7
15 43 -99
15 179 65
15 166 -100
15 194 -100
15 321 32
15 214 72
15 218 43
15 328 -69
15 128 -79
15 349 95
15 376 69
15 420 51
15 70 50
15 219 -24
15 86 -84
15 475 -41
15 404 42
15 182 24
15 157 -33
16 484 12
16 436 11
16 95 -33
16 136 -4
16 496 -98
16 303 -46
16 344 -100
16 234 22
16 467 -65
16 389 -56
16 240 -10
16 87 -28
16 298 91
16 94 96
16 383 53
16 350 -75
16 206 75
16 271 -95
16 306 -55
16 53 46
16 118 -46
16 493 -100
16 154 -40
17 259 -84
17 154 -9
17 295 89
17 241 -61
17 225 90
17 512 75
17 46 -17
17 107 -73
17 377 -9
17 347 18
17 35 5
17 156 -40
17 144 -90
17 321 -67
17 470 -30
17 88 91
17 354 72
17 221 -76
17 320 -22
17 115 39
17 121 35
17 405 -14
18 474 -18
18 364 -12
18 177 94
18 201 75
18 415 29
18 210 -24
18 319 -87
18 98 7
18 208 -39
18 51 61
18 327 -35
18 413 -24
18 431 80
18 147 53
18 293 -32
18 262 38
18 337 26
18 89 -69
18 478 25
18 505 13
18 282 62
18 340 82
18 85 21
19 46 -46
19 363 9
19 319 -90
19 140 49
19 227 75
19 36 75
19 487 -66
19 404 4
19 391 82
19 337 32
19 21 -11
19 435 -63
19 340 -55
19 401 -54
19 443 12
19 161 -30
19 462 66
19 498 -12
19 184 93
19 79 -16
19 405 -73
19 99 32
19 266 -41
20 494 43
20 460 -65
20 231 59
20 54 15
20 159 36
20 172 -58
20 481 74
20 29 87
20 134 -65
20 423 -79
20 176 -76
20 44 -39
20 216 44
20 321 -14
20 386 34
20 56 63
20 507 -8
20 394 -87
20 166 7
20 310 78
20 341 94
21 49 33
21 31 31
21 82 13
21 303 17
21 324 -58
21 43 -29
21 459 13
21 180 3
21 22 -88
21 373 68
21 504 -81
21 275 -35
21 307 14
21 279 89
21 96 89
21 446 -67
21 365 -28
21 238 -72
21 243 -23
21 245 -1
21 171 30
22 451 -95
22 159 -51
22 287 88
22 86 46
22 196 55
22 224 32
22 158 51
22 388 -58
22 265 -14
22 269 36
22 290 -1
22 98 22
22 374 -27
22 368 16
22 329 80
22 491 -53
22 267 11
22 348 24
22 240 -13
22 320 -91
22 100 -7
23 405 -63
23 310 84
23 485 -17
23 149 -50
23 124 -49
23 350 85
23 504 -71
23 106 55
23 103 -37
23 502 63
23 51 85
23 349 58
23 449 92
23 422 -14
23 132 65
23 130 29
23 58 9
23 346 -75
23 348 70
23 366 97
24 446 25
24 401 58
24 374 -94
24 453 -78
24 464 -5
24 78 33
24 419 -49
24 196 -62
24 300 12
24 305 -56
24 128 31
24 171 28
24 412 -26
24 210 -73
24 150 57
24 118 55
24 467 7
24 352 -68
24 230 -85
24 252 1
24 480 -12
24 95 -87
25 161 29
25 381 -18
25 353 75
25 336 93
25 31 19
25 108 -20
25 476 -11
25 240 62
25 456 72
25 334 59
25 158 -17
25 477 73
25 405 23
25 271 45
25 340 9
25 74 36
25 144 -77
25 484 -94
25 216 -17
25 180 -37
25 512 -46
26 155 -48
26 47 -78
26 93 7
26 253 -89
26 143 29
26 196 -57
26 310 -5
26 473 14
26 422 83
26 252 4
26 356 -4
26 372 68
26 428 15
26 462 -3
26 81 -23
26 302 -62
26 182 76
26 331 22
26 167 -63
26 41 -98
26 419 36
26 294 5
27 335 -39
27 182 -76
27 308 46
27 467 -74
27 445 99
27 234 -38
27 116 23
27 55 -56
27 326 85
27 476 -7
27 260 91
27 218 -76
27 371 57
27 233 65
27 229 87
27 140 -8
27 263 -61
27 33 -2
27 269 -74
27 413 -49
27 147 -49
27 443 -82
28 382 90
28 42 -37
28 461 -22
28 269 -77
28 201 49
28 125 -25
28 222 92
28 323 -52
28 493 -67
28 425 83
28 310 42
28 193 67
28 439 36
28 31 5
28 168 -58
28 74 -2
28 214 -63
28 53 55
28 360 -25
28 228 32
28 83 -64
28 249 36
29 317 90
29 183 -91
29 259 87
29 265 64
29 46 68
29 247 -50
29 119 -77
29 470 92
29 478 26
29 473 75
29 240 -40
29 279 29
29 394 -40
29 113 -98
29 400 94
29 295 16
29 124 -49
29 243 11
29 147 8
29 332 31
29 182 -67
29 299 -63
29 71 10
30 55 28
30 371 -28
30 351 -74
30 78 91
30 350 -93
30 511 -69
30 485 55
30 83 -31
30 318 -36
30 445 -35
30 352 -9
30 177 96
30 42 -80
30 489 -57
30 379 -34
30 499 66
30 425 32
30 133 -24
30 368 71
30 38 -81
30 254 -50
30 508 44
31 344 -47
31 328 48
31 281 -97
31 99 76
31 302 -51
31 253 72
31 270 4
31 504 -79
31 482 -84
31 456 -59
31 114 -95
31 411 65
31 311 -39
31 477 72
31 509 -91
31 167 -95
31 496 96
31 108 9
31 201 -37
31 37 35
31 318 -65
31 44 -95
31 372 -25
32 152 -25
32 61 -40
32 399 -56
32 142 -8
32 213 -35
32 289 90
32 426 69
32 136 47
32 385 45
32 512 -52
32 109 41
32 150 25
32 67 -50
32 326 91
32 226 -27
32 322 16
32 202 54
32 501 -33
32 85 20
32 114 88
32 190 -4
32 297 98
33 330 -95
33 232 34
33 327 34
33 173 82
33 167 61
33 40 -15
33 308 60
33 122 -60
33 172 98
33 373 -95
33 512 -87
33 295 83
33 416 -24
33 70 -72
33 48 -29
33 450 16
33 324 -23
33 463 86
33 45 -42
33 333 -96
33 255 -86
33 289 -59
34 182 -31
34 82 72
34 74 -98
34 434 49
34 370 -21
34 406 -67
34 443 -29
34 210 -80
34 439 -49
34 459 6
34 177 -9
34 165 -22
34 155 -40
34 267 -35
34 166 -97
34 86 -83
34 382 -49
34 94 2
34 310 89
34 217 60
34 511 63
34 334 28
35 132 60
35 157 -59
35 55 -79
35 314 -81
35 512 44
35 73 30
35 384 -59
35 258 72
35 412 -74
35 293 -79
35 114 -32
35 125 21
35 358 -19
35 337 3
35 241 -72
35 273 6
35 276 71
35 459 52
35 158 -20
36 109 21
36 309 21
36 377 -7
36 196 24
36 68 46
36 359 -86
36 223 9
36 305 -30
36 493 41
36 138 -81
36 356 57
36 310 33
36 83 74
36 338 -24
36 450 34
36 299 47
36 142 -67
36 77 -27
36 324 -47
36 424 61
36 114 -25
37 199 59
37 227 -84
37 468 -93
37 305 28
37 54 98
37 439 -14
37 353 -65
37 457 -99
37 261 -58
37 88 -96
37 497 72
37 96 81
37 362 48
37 304 -33
37 171 -98
37 465 -1
37 203 15
37 334 -73
37 278 -2
37 477 -23
38 290 20
38 277 63
38 498 79
38 411 64
38 80 36
38 466 -7
38 72 35
38 346 -92
38 175 -41
38 104 -78
38 256 -36
38 416 57
38 391 -40
38 412 50
38 399 13
38 384 -6
38 378 -85
38 94 -55
38 47 -78
38 65 -33
38 153 17
39 495 20
39 110 -73
39 335 -97
39 317 -59
39 232 -76
39 342 99
39 263 -93
39 190 -49
39 500 -58
39 365 -8
39 45 -6
39 213 91
39 291 22
39 511 -32
39 448 -77
39 347 -44
39 149 19
39 442 89
39 89 30
39 449 -76
39 277 97
39 174 -18
39 280 3
40 378 86
40 78 -25
40 381 74
40 75 56
40 501 10
40 139 97
40 309 71
40 216 -98
40 307 -67
40 111 70
40 437 19
40 348 12
40 190 91
40 155 34
40 102 -59
40 219 -8
40 48 12
40 220 -82
40 436 -19
40 391 -72
41 141 81
41 446 98
41 63 -67
41 363 -37
41 360 -41
41 496 -8
41 226 -50
41 464 28
41 139 86
41 76 82
41 389 15
41 345 33
41 388 61
41 171 -33
41 379 -84
41 109 -71
41 132 75
41 148 -66
41 493 -72
41 92 -11
41 200 47
41 390 80
41 441 -29
42 84 30
42 457 93
42 376 -50
42 420 18
42 126 -63
42 426 7
42 383 32
42 200 53
42 147 20
42 170 21
42 159 72
42 456 41
42 335 -43
42 269 -2
42 370 35
42 464 33
42 479 -24
42 511 63
42 216 -72
42 257 17
42 448 -12
42 494 16
43 126 -36
43 72 22
43 164 41
43 293 10
43 489 -22
43 451 65
43 304 35
43 50 4
43 157 -42
43 475 -67
43 203 34
43 61 69
43 228 14
43 69 -8
43 156 6
43 234 43
43 149 -88
43 254 82
43 196 -76
43 465 35
44 394 98
44 386 -61
44 502 9
44 387 57
44 117 -68
44 450 -6
44 163 7
44 248 65
44 511 70
44 298 46
44 443 -23
44 351 -76
44 474 73
44 500 37
44 57 96
44 100 -38
44 401 -62
44 261 36
44 297 -13
44 411 13
44 147 -11
44 321 -78
44 89 -22
45 196 22
45 404 74
45 397 -91
45 431 -22
45 464 42
45 438 -84
45 365 -78
45 89 56
45 209 30
45 51 98
45 229 91
45 488 60
45 294 66
45 342 -2
45 65 -3
45 191 -12
45 66 10
45 179 -10
45 102 -19
45 176 -38
45 250 32
46 190 72
46 436 85
46 484 45
46 232 99
46 449 26
46 289 -43
46 348 -80
46 180 -50
46 368 98
46 192 32
46 265 -83
46 445 -79
46 458 37
46 173 4
46 259 -99
46 499 -63
46 295 -96
46 298 9
46 149 84
46 313 -82
46 235 84
47 86 -1
47 370 -61
47 135 75
47 349 30
47 76 -19
47 503 -91
47 182 61
47 384 63
47 378 29
47 124 43
47 410 65
47 439 -81
47 119 -73
47 120 25
47 508 64
47 294 -44
47 130 -26
47 232 66
47 325 1
47 274 -99
47 82 21
47 284 29
47 466 -41
48 141 52
48 416 60
48 384 16
48 101 1
48 393 -73
48 126 -31
48 297 95
48 333 -87
48 269 95
48 485 69
48 156 -3
48 506 -95
48 406 81
48 302 66
48 96 25
48 98 -100
48 301 91
48 232 -36
48 421 -95
48 407 -47
49 344 48
49 132 82
49 459 78
49 329 64
49 105 9
49 219 -14
49 304 59
49 410 -72
49 111 -1
49 366 4
49 58 -63
49 288 -46
49 390 11
49 345 53
49 421 -92
49 489 74
49 328 -6
49 397 -65
49 248 6
49 251 32
50 69 74
50 212 28
50 186 -18
50 374 22
50 298 4
50 311 6
50 361 88
50 455 52
50 107 -64
50 283 -68
50 423 14
50 230 -87
50 479 20
50 55 -85
50 89 19
50 440 -91
50 121 -66
50 202 -35
50 292 -27
50 244 -100
51 332 -71
51 381 94
51 173 -13
51 94 -6
51 382 -69
51 127 64
51 473 -11
51 83 -18
51 140 31
51 349 -24
51 463 -38
51 163 -65
51 80 -68
51 175 -52
51 158 10
51 88 -56
51 125 -13
51 391 -28
51 350 -11
51 398 -99
51 143 -44
51 238 -87
52 305 -12
52 323 55
52 464 -97
52 102 -67
52 299 80
52 352 81
52 302 -91
52 414 88
52 64 5
52 445 10
52 425 -44
52 474 55
52 277 88
52 76 -43
52 81 -47
52 133 -39
52 420 61
52 198 -37
52 405 42
52 256 -71
53 282 47
53 293 54
53 426 -1
53 161 41
53 508 37
53 313 -85
53 137 13
53 399 55
53 497 -83
53 326 -68
53 100 53
53 284 37
53 300 -45
53 276 52
53 381 25
53 481 -31
53 318 91
53 247 28
53 210 -81
53 193 -16
53 498 -22
54 372 5
54 187 -68
54 382 -2
54 145 -90
54 123 -47
54 224 10
54 385 5
54 198 60
54 492 29
54 237 -49
54 133 41
54 220 87
54 494 -18
54 252 -65
54 100 89
54 373 -12
54 137 61
54 399 -40
54 90 24
54 239 36
55 311 43
55 466 -38
55 285 39
55 326 -5
55 225 15
55 350 93
55 402 77
55 115 71
55 192 -58
55 195 -54
55 151 20
55 471 64
55 491 -83
55 494 19
55 480 77
55 438 -69
55 79 76
55 499 -82
55 174 -33
55 181 2
55 253 -72
55 377 -82
55 128 -94
56 499 -9
56 290 -95
56 242 -7
56 249 -40
56 324 -70
56 252 -98
56 103 53
56 493 -39
56 209 -3
56 60 14
56 251 61
56 231 11
56 395 -30
56 319 -90
56 216 79
56 86 32
56 199 85
56 363 77
56 145 -82
56 330 -10
57 164 39
57 361 -76
57 387 62
57 186 -43
57 457 -17
57 328 64
57 227 -56
57 338 95
57 434 -47
57 172 -87
57 78 43
57 150 -45
57 95 41
57 199 -68
57 421 -12
57 108 -65
57 372 39
57 92 -68
58 254 49
58 180 -98
58 397 32
58 298 -49
58 279 -55
58 162 21
58 120 91
58 452 20
58 148 84
58 342 6
58 123 -1
58 85 93
58 213 29
58 380 -28
58 65 90
58 150 52
58 235 21
58 301 -49
58 422 -81
58 137 53
58 136 -67
59 70 86
59 202 -49
59 355 -16
59 375 78
59 435 -71
59 395 72
59 235 -76
59 438 -73
59 121 -78
59 404 80
59 381 48
59 349 43
59 234 -88
59 365 99
59 451 -87
59 441 63
59 307 21
59 394 50
59 239 1
59 105 39
59 369 65
60 361 -46
60 287 -79
60 242 99
60 503 -77
60 169 -60
60 451 59
60 206 -70
60 280 -2
60 184 3
60 179 86
60 397 66
60 390 30
60 378 37
60 511 84
60 138 -82
60 255 -98
60 106 -20
60 259 57
60 446 49
60 145 -61
61 265 -35
61 436 79
61 74 70
61 155 85
61 86 58
61 246 89
61 138 -64
61 217 30
61 399 10
61 216 93
61 446 84
61 300 7
61 100 -73
61 256 -92
61 500 23
61 116 -75
61 440 15
61 360 32
61 415 2
61 205 34
61 240 42
62 350 40
62 72 -50
62 278 53
62 156 41
62 87 76
62 74 11
62 92 -58
62 378 8
62 105 50
62 227 75
62 216 -50
62 416 42
62 171 -95
62 188 34
62 256 -51
62 223 -43
62 489 -71
62 380 -1
62 273 57
62 441 -97
62 148 -64
62 220 75
62 450 87
63 84 92
63 217 -64
63 225 -48
63 243 56
63 70 68
63 425 -22
63 169 61
63 272 -44
63 209 -47
63 150 71
63 402 -47
63 399 70
63 458 -40
63 92 32
63 164 -17
63 242 -29
63 449 -85
63 75 -91
63 506 76
63 199 -14
63 104 25
64 142 -17
64 69 40
64 188 6
64 331 -72
64 164 -73
64 364 67
64 337 27
64 338 -36
64 213 34
64 395 -78
64 265 -8
64 462 12
64 266 83
64 89 5
64 256 18
64 345 -1
64 457 -79
64 158 -45
64 455 -52
64 476 55
64 152 -72
64 177 64
65 494 32
65 212 30
65 159 76
65 442 -80
65 235 50
65 339 3
65 461 78
65 73 82
65 419 -28
65 130 -28
65 166 -83
65 149 67
65 484 97
65 70 -36
65 133 51
65 477 65
65 292 10
65 195 -85
65 437 -34
65 147 -74
65 306 -74
65 469 63
66 341 -66
66 218 21
66 116 0
66 178 -48
66 233 88
66 78 -36
66 318 -77
66 192 -14
66 377 -13
66 506 6
66 157 85
66 452 24
66 70 -22
66 305 50
66 90 -2
66 471 12
66 83 -31
66 467 58
66 119 -19
67 97 82
67 382 97
67 366 59
67 175 -19
67 259 59
67 326 -99
67 352 -80
67 412 -25
67 258 46
67 230 19
67 482 96
67 98 -63
67 154 -52
67 192 2
67 403 -94
67 431 92
67 245 85
67 339 49
67 236 -44
68 486 66
68 179 -82
68 429 52
68 406 48
68 180 73
68 350 81
68 438 -12
68 193 -5
68 324 3
68 512 83
68 283 17
68 392 34
68 361 5
68 77 -59
68 284 -62
68 167 87
68 73 36
68 494 38
68 223 89
68 206 -93
69 320 24
69 180 24
69 305 -36
69 436 -96
69 449 -44
69 73 -48
69 252 56
69 83 -83
69 427 85
69 389 -46
69 236 71
69 438 85
69 167 -52
69 265 -8
69 269 -92
69 169 33
69 78 13
69 504 75
69 151 -37
69 184 -50
69 79 6
70 212 -41
70 186 50
70 178 -37
70 500 0
70 509 -77
70 200 -15
70 102 -13
70 126 58
70 262 -31
70 422 64
70 482 -21
70 344 85
70 471 69
70 404 95
70 403 -97
70 209 -36
70 426 17
70 165 -20
70 433 60
70 252 55
71 180 -31
71 386 19
71 325 75
71 170 32
71 207 -20
71 176 -9
71 315 -17
71 112 76
71 280 -87
71 434 -97
71 102 -39
71 431 68
71 460 -85
71 388 -85
71 72 -68
71 512 -13
71 495 -21
71 406 58
71 425 64
71 317 6
72 194 -36
72 179 -90
72 386 74
72 354 -74
72 385 5
72 74 -36
72 288 -93
72 502 47
72 506 53
72 469 -9
72 142 22
72 508 -12
72 392 -2
72 400 -60
72 338 -96
72 170 -67
72 340 99
72 128 67
72 148 -14
72 499 31
73 79 54
73 104 -46
73 92 48
73 379 2
73 406 -72
73 90 20
73 272 -8
73 312 78
73 275 -49
73 326 82
73 136 0
73 99 -32
73 280 -60
73 320 20
73 170 28
73 362 11
73 399 24
73 401 -89
73 413 25
74 275 35
74 84 84
74 189 45
74 382 -62
74 98 -80
74 112 23
74 211 27
74 494 -45
74 131 33
74 454 -93
74 387 -36
74 402 50
74 339 52
74 203 88
74 310 76
74 496 90
74 393 -97
74 391 -80
74 314 -10
75 210 -70
75 408 -91
75 364 92
75 473 -86
75 398 26
75 112 78
75 146 81
75 410 18
75 463 33
75 243 90
75 283 -71
75 333 16
75 273 -64
75 490 10
75 109 75
75 360 13
75 103 -14
75 86 -5
75 261 16
75 218 26
75 372 -80
76 502 -25
76 327 79
76 280 32
76 192 -54
76 225 -19
76 92 32
76 371 64
76 337 42
76 180 -44
76 395 -81
76 449 -60
76 419 -42
76 380 -4
76 343 30
76 125 -73
76 432 62
76 381 -57
76 137 -86
76 120 -60
76 481 -65
77 482 33
77 447 5
77 79 -19
77 165 -16
77 181 -71
77 163 62
77 422 -85
77 491 85
77 504 6
77 195 -13
77 320 64
77 459 78
77 366 23
77 170 74
77 124 -58
77 500 -8
77 185 62
78 383 64
78 403 -40
78 247 -9
78 232 2
78 477 93
78 266 42
78 252 10
78 474 -81
78 271 3
78 291 -15
78 109 76
78 170 66
78 427 93
78 135 -65
78 131 14
78 108 3
78 488 -72
78 464 68
78 460 43
78 447 42
78 391 -46
79 235 59
79 90 -28
79 269 -97
79 260 52
79 506 -17
79 500 18
79 421 3
79 452 -7
79 248 -83
79 290 31
79 163 39
79 497 28
79 298 30
79 484 -42
79 282 53
79 203 -74
79 167 70
79 243 98
79 201 88
79 135 51
80 121 69
80 124 97
80 417 -23
80 284 -60
80 155 -93
80 385 26
80 245 -39
80 501 73
80 213 -71
80 202 -99
80 107 83
80 198 -24
80 430 19
80 351 96
80 233 63
80 81 66
80 323 -93
80 252 78
80 152 -41
80 181 35
80 197 72
81 234 96
81 502 -57
81 464 -53
81 366 -69
81 272 -97
81 120 97
81 168 -68
81 321 -29
81 431 8
81 370 -42
81 187 81
81 144 -76
81 393 24
81 510 65
81 351 86
81 303 78
82 92 -61
82 218 -82
82 128 -6
82 86 16
82 331 -22
82 364 64
82 417 -100
82 253 96
82 404 47
82 239 -11
82 119 76
82 271 79
82 504 -61
82 109 15
82 133 64
82 418 -87
82 205 98
82 315 8
82 199 22
83 88 -80
83 151 -72
83 418 -98
83 475 -60
83 344 -52
83 426 12
83 338 5
83 394 16
83 142 78
83 121 38
83 252 -28
83 258 -33
83 324 -38
83 373 -37
83 510 -29
83 154 74
83 89 -99
83 198 -31
83 96 66
83 398 -3
83 228 -32
84 232 -65
84 228 -87
84 432 -15
84 279 88
84 430 74
84 355 -24
84 131 -13
84 197 -18
84 138 80
84 185 -15
84 94 -54
84 505 20
84 480 -84
84 395 -87
84 302 -70
84 256 24
84 92 1
84 176 -4
84 179 17
85 322 47
85 171 -82
85 439 0
85 392 81
85 447 18
85 282 -58
85 215 33
85 456 -31
85 374 66
85 337 -2
85 462 87
85 356 30
85 480 -89
85 463 -17
85 357 13
86 186 25
86 90 -11
86 447 83
86 203 37
86 502 -79
86 150 -84
86 214 35
86 409 10
86 331 15
86 438 51
86 268 -89
86 254 56
86 247 -34
86 455 -33
86 321 -23
86 508 -13
86 492 -26
86 297 -61
86 273 -13
86 306 28
86 386 74
86 304 -22
87 260 63
87 480 -70
87 302 70
87 167 -37
87 497 11
87 194 23
87 474 78
87 331 84
87 127 33
87 451 88
87 344 67
87 312 60
87 426 17
87 289 -44
87 183 11
87 444 -68
87 336 27
87 209 95
87 223 22
87 264 64
88 255 51
88 290 -55
88 366 44
88 220 19
88 354 -99
88 483 80
88 413 86
88 112 -86
88 462 -72
88 314 -87
88 208 85
88 174 34
88 243 -46
88 124 -10
88 117 -46
88 391 78
88 331 -11
88 484 -79
88 352 55
88 377 -14
89 303 -91
89 429 -75
89 99 -70
89 278 -57
89 276 93
89 493 -4
89 334 33
89 361 37
89 321 25
89 302 -72
89 263 -76
89 244 -91
89 482 54
89 317 44
89 316 -23
89 214 20
89 261 97
89 355 -23
90 403 -7
90 239 -39
90 492 -4
90 172 14
90 379 -29
90 169 -23
90 427 48
90 345 90
90 195 25
90 409 70
90 248 -7
90 456 -28
90 373 -79
90 347 62
90 329 -38
91 277 99
91 165 97
91 485 -76
91 340 -59
91 112 -71
91 264 -41
91 143 76
91 511 39
91 490 -46
91 331 10
91 470 -24
91 97 -5
91 175 73
91 390 67
91 282 -60
91 103 -33
91 225 66
91 190 -29
91 477 74
91 242 -77
91 471 -51
91 498 -45
92 269 -24
92 473 97
92 158 0
92 245 -68
92 225 -66
92 125 59
92 353 32
92 264 -20
92 420 71
92 213 -25
92 271 -69
92 434 -86
92 453 -100
92 392 22
92 411 -47
92 350 94
92 173 -9
92 263 25
92 409 59
92 352 48
92 97 -22
93 510 -61
93 102 9
93 500 -68
93 421 -44
93 194 52
93 248 78
93 247 -15
93 173 -39
93 503 -29
93 309 -18
93 435 66
93 296 16
93 356 96
93 182 -5
93 227 -47
93 142 -93
93 192 19
93 266 75
93 386 33
93 154 92
93 496 -12
94 451 -16
94 493 62
94 328 58
94 261 -1
94 488 48
94 401 -12
94 291 45
94 177 -6
94 294 -96
94 286 10
94 202 -82
94 253 1
94 124 46
94 273 17
94 298 -30
94 427 46
94 350 -86
94 338 31
94 507 44
94 268 -88
95 449 -62
95 112 -82
95 404 40
95 267 -7
95 371 55
95 353 -79
95 208 32
95 240 68
95 116 -92
95 461 -57
95 325 -60
95 167 -9
95 243 88
95 194 -82
95 127 -63
95 211 74
95 444 -95
95 286 -2
95 273 39
95 266 49
95 119 -76
96 511 -31
96 437 -55
96 338 39
96 166 48
96 394 21
96 365 -89
96 398 20
96 427 -51
96 477 74
96 363 -61
96 387 9
96 385 -64
96 108 -30
96 156 -12
96 202 76
96 157 16
96 139 1
96 469 1
96 335 -76
96 401 -89
97 188 6
97 347 81
97 364 75
97 165 99
97 374 75
97 164 19
97 120 28
97 369 23
97 122 34
97 488 -83
97 255 19
97 147 -51
98 152 -76
98 419 95
98 447 -94
98 120 -23
98 173 -16
98 326 90
98 358 90
98 473 -50
98 215 95
98 324 0
98 452 -9
98 396 -23
98 393 -53
98 374 31
98 170 -34
98 213 -11
98 306 24
98 354 35
99 502 92
99 479 15
99 288 75
99 159 -58
99 305 93
99 335 60
99 331 -65
99 199 -88
99 447 67
99 244 57
99 263 -96
99 238 50
99 116 -32
99 182 -100
99 216 -83
99 201 -69
99 186 18
99 504 10
99 221 55
100 375 -84
100 112 86
100 357 11
100 118 -74
100 117 -75
100 173 -57
100 508 -82
100 161 4
100 248 46
100 233 -50
100 137 34
100 489 33
100 369 75
100 484 -82
100 231 42
100 488 -62
101 371 98
101 473 -79
101 242 64
101 395 -33
101 490 37
101 210 79
101 151 55
101 429 97
101 327 -15
101 308 -43
101 480 54
101 125 5
101 324 99
101 419 85
101 126 -80
101 207 -44
101 302 -60
102 379 -80
102 303 91
102 456 -96
102 255 -44
102 321 -65
102 429 -92
102 279 -35
102 406 -55
102 140 -90
102 397 -71
102 464 6
102 176 -48
102 156 97
102 452 47
102 198 62
102 433 2
102 129 -34
102 200 -47
103 281 57
103 109 -31
103 449 -97
103 290 -82
103 407 7
103 189 -36
103 214 34
103 409 -57
103 188 95
103 228 -28
103 240 -89
103 491 -92
103 181 -75
103 150 17
103 312 -20
103 194 -78
103 355 20
103 479 -11
103 212 31
103 193 27
104 128 -53
104 442 -75
104 479 -67
104 403 -98
104 425 -77
104 493 -18
104 487 -33
104 495 50
104 401 -59
104 217 38
104 381 81
104 504 16
104 163 53
104 315 49
104 456 -51
104 420 -43
104 237 -58
105 195 -88
105 366 11
105 233 -93
105 363 -6
105 128 64
105 110 -9
105 445 -70
105 129 20
105 185 17
105 134 27
105 319 -37
105 208 13
105 284 -2
105 303 75
105 114 -70
105 413 7
105 324 -72
105 499 74
105 250 27
105 325 -44
105 364 35
106 140 -74
106 453 -79
106 508 -36
106 241 3
106 474 77
106 193 -18
106 184 20
106 343 4
106 199 -38
106 301 14
106 492 -45
106 195 47
106 223 29
106 262 82
106 144 -63
106 133 -38
106 387 58
107 384 2
107 220 -92
107 416 78
107 187 -49
107 375 23
107 179 41
107 148 -89
107 321 3
107 122 56
107 207 -83
107 153 79
107 189 49
107 146 -12
107 161 -30
107 444 53
107 267 -61
107 306 -39
107 362 -6
107 214 18
107 368 22
107 355 -48
108 503 -2
108 377 64
108 129 -9
108 307 30
108 206 23
108 221 -87
108 214 -1
108 165 -15
108 140 -90
108 327 49
108 403 -16
108 368 81
108 301 -96
108 450 32
108 234 14
108 291 75
108 292 48
108 492 -29
108 445 -22
109 310 -25
109 138 -81
109 429 -37
109 142 28
109 301 -17
109 239 41
109 340 12
109 233 43
109 150 -79
109 345 -6
109 178 -83
109 274 -69
109 475 -91
109 364 3
109 183 39
109 486 39
109 417 -34
109 358 37
109 249 -23
109 259 18
110 351 48
110 499 44
110 361 -10
110 346 -50
110 181 -82
110 483 17
110 151 -29
110 216 -1
110 489 -80
110 177 -21
110 379 49
110 395 -82
110 370 -84
110 333 -88
110 274 -36
110 156 44
110 163 15
111 238 -14
111 357 -88
111 167 74
111 452 57
111 169 -62
111 318 -13
111 322 29
111 129 5
111 425 66
111 212 71
111 127 48
111 271 -59
111 312 -33
111 120 -9
111 158 88
111 457 -40
111 260 -91
112 420 70
112 273 82
112 415 -74
112 138 88
112 154 -89
112 459 84
112 155 -20
112 223 80
112 318 -62
112 250 -56
112 429 -28
112 404 15
112 422 -3
112 165 -98
112 374 -7
112 316 -54
112 245 1
113 312 14
113 377 92
113 322 -28
113 321 -75
113 129 -13
113 303 48
113 446 -30
113 480 -16
113 233 -85
113 125 -90
113 492 -15
113 340 0
113 283 -66
113 162 94
113 313 -21
113 256 -92
113 374 94
113 315 51
113 393 -66
113 475 62
113 121 39
113 201 52
114 296 -23
114 290 -91
114 229 77
114 206 70
114 191 -40
114 122 -64
114 241 68
114 506 -91
114 146 -65
114 251 95
114 497 -68
114 448 -94
114 367 9
114 323 88
114 246 -31
114 315 -93
114 173 76
114 449 63
114 407 81
114 306 -26
114 345 -73
115 126 5
115 220 69
115 307 -7
115 367 -62
115 304 -81
115 410 30
115 185 94
115 436 -64
115 140 45
115 449 46
115 258 98
115 431 -100
115 318 -20
115 243 29
115 320 -7
115 287 89
115 193 33
115 329 76
116 347 79
116 429 6
116 404 95
116 207 -100
116 256 -59
116 261 -7
116 382 -78
116 424 91
116 280 59
116 319 -92
116 385 -80
116 505 -33
116 328 -54
116 510 -55
116 130 -2
116 372 24
117 167 59
117 267 -79
117 410 65
117 431 -50
117 300 -11
117 127 95
117 348 21
117 430 -3
117 248 49
117 134 -35
117 146 38
117 133 37
117 507 -6
117 120 -92
117 128 -18
117 177 99
117 209 -61
117 421 5
117 176 40
117 359 -48
117 417 -58
118 320 12
118 441 -9
118 257 -22
118 279 65
118 174 -81
118 349 -81
118 499 -34
118 342 96
118 280 72
118 325 -23
118 335 -95
118 393 -33
118 457 7
118 268 41
118 272 16
118 211 -79
118 376 -4
118 209 -21
119 234 84
119 303 55
119 306 -44
119 125 -50
119 460 48
119 197 68
119 510 29
119 502 -17
119 423 -7
119 470 -2
119 480 68
119 159 -72
119 401 97
119 442 89
119 272 -86
119 481 23
119 292 53
120 463 -40
120 192 -70
120 417 22
120 408 86
120 465 94
120 425 -48
120 280 -96
120 422 57
120 439 33
120 184 -93
120 392 50
120 484 48
120 168 -28
120 222 14
120 210 -73
120 405 4
120 248 55
120 181 12
120 382 -95
120 371 75
121 124 7
121 499 -72
121 260 -87
121 259 43
121 130 95
121 447 12
121 227 -33
121 330 19
121 469 26
121 303 -42
121 283 -91
121 279 73
121 230 -2
121 495 -7
121 292 -13
121 369 -67
121 264 -48
121 442 95
122 179 -2
122 460 -47
122 277 28
122 202 -2
122 491 73
122 434 31
122 163 92
122 367 14
122 462 -29
122 409 81
122 330 -7
122 273 -61
122 230 61
122 399 68
122 447 -84
122 140 -91
122 126 -22
122 495 45
122 150 75
123 129 -87
123 457 -32
123 291 10
123 373 -41
123 158 77
123 382 85
123 276 8
123 501 21
123 176 -37
123 497 -96
123 509 -78
123 422 65
123 472 -27
123 285 -9
123 201 69
123 467 -79
123 421 -7
123 255 -65
123 362 66
124 511 -99
124 477 46
124 419 70
124 292 10
124 260 66
124 285 -87
124 471 69
124 141 36
124 192 20
124 361 96
124 472 34
124 323 42
124 426 -65
124 300 99
124 161 62
124 475 -98
124 302 47
124 454 32
125 245 70
125 353 42
125 320 51
125 299 31
125 230 -29
125 149 -33
125 323 17
125 426 6
125 359 -35
125 313 -18
125 444 -26
125 437 -8
125 409 35
125 311 -83
125 128 55
125 255 26
125 383 50
125 203 -94
126 329 32
126 491 -24
126 222 15
126 290 63
126 128 -82
126 191 -93
126 215 -37
126 180 -58
126 394 -97
126 380 -45
126 410 48
126 381 51
126 205 -93
126 417 45
126 463 66
126 309 -95
126 232 14
126 446 -13
126 500 -37
127 188 80
127 247 -2
127 210 -12
127 269 -94
127 333 19
127 449 38
127 150 -9
127 472 29
127 263 68
127 405 18
127 133 -14
127 144 89
127 185 -14
127 344 -39
128 501 -71
128 375 -24
128 403 -32
128 136 24
128 159 36
128 195 -5
128 432 84
128 316 -56
128 229 -11
128 228 91
128 480 87
128 493 60
128 281 3
128 415 28
128 283 78
128 152 -36
128 326 -50
129 343 -39
129 374 -79
129 311 -74
129 220 -8
129 301 60
129 265 44
129 504 84
129 364 -29
129 471 88
129 161 -67
129 269 11
129 355 59
129 413 74
129 340 37
129 495 -54
130 281 -93
130 280 47
130 293 -73
130 257 61
130 160 54
130 170 -42
130 390 -59
130 340 79
130 285 -37
130 454 26
130 371 -74
130 166 70
130 345 50
130 209 94
130 288 -78
130 159 84
130 439 -91
131 382 -57
131 164 88
131 255 -40
131 361 70
131 474 30
131 448 -22
131 432 20
131 483 -85
131 486 59
131 381 31
131 134 -54
131 399 -79
131 458 -58
131 216 92
131 405 -67
131 384 -83
131 275 27
132 501 70
132 381 74
132 261 45
132 512 -96
132 414 42
132 461 -25
132 498 -56
132 151 76
132 352 -80
132 356 -69
132 368 98
132 245 27
132 191 -61
132 195 34
133 258 -97
133 169 -92
133 500 67
133 213 -84
133 265 11
133 403 -83
133 474 19
133 485 -34
133 416 -87
133 195 -49
133 351 98
133 199 72
133 164 3
133 383 -46
133 313 -22
133 417 -17
133 382 -34
134 321 -49
134 184 9
134 281 -23
134 152 28
134 308 77
134 413 -27
134 309 28
134 138 -82
134 325 3
134 471 -24
134 322 -94
134 136 15
134 352 4
134 258 -54
134 497 -81
134 331 70
134 162 63
135 339 -45
135 367 21
135 217 -16
135 443 87
135 480 -58
135 473 43
135 309 -49
135 149 7
135 299 51
135 492 65
135 334 -70
135 459 29
135 214 -4
135 181 -88
136 446 60
136 346 -52
136 356 5
136 178 -59
136 160 -29
136 192 -18
136 503 99
136 159 -94
136 179 95
136 297 69
136 448 -75
136 380 0
136 304 39
136 165 19
136 406 -100
137 333 75
137 420 74
137 226 -57
137 379 71
137 313 6
137 487 50
137 475 69
137 198 8
137 376 -53
137 224 -51
137 174 -96
137 206 -13
137 364 -59
138 276 45
138 269 -70
138 379 39
138 306 55
138 510 -5
138 364 -77
138 432 -61
138 275 -47
138 293 -5
138 283 -28
138 242 -76
138 423 -47
138 303 57
138 241 -67
138 404 14
139 173 42
139 201 52
139 209 48
139 196 -77
139 455 -27
139 233 -36
139 483 1
139 203 -4
139 237 56
139 429 -85
139 244 63
139 449 -9
139 312 62
139 393 -67
139 464 -6
140 490 -45
140 360 28
140 348 44
140 364 -83
140 162 -6
140 250 -49
140 382 -13
140 183 -27
140 167 59
140 187 -9
140 300 50
140 423 40
140 218 -63
140 152 86
140 449 -7
140 141 94
140 346 58
140 309 89
140 254 -62
140 181 -77
141 196 -6
141 390 20
141 467 -3
141 242 -78
141 367 -68
141 152 26
141 340 -8
141 496 11
141 205 -2
141 424 -56
141 211 91
141 299 -35
141 481 -39
141 150 21
141 411 92
141 447 22
141 335 75
142 384 -84
142 159 18
142 238 -99
142 485 -19
142 498 -84
142 422 -75
142 459 -26
142 466 86
142 404 -60
142 279 33
142 400 -42
142 446 -74
142 230 68
142 415 -40
142 475 91
142 412 -4
142 196 -53
143 322 -13
143 442 11
143 426 -4
143 176 0
143 401 -93
143 222 -86
143 456 -95
143 410 12
143 423 93
143 211 -54
143 214 14
143 345 55
143 279 -98
143 482 81
144 508 -12
144 382 -80
144 475 70
144 273 -24
144 184 -21
144 176 55
144 209 92
144 319 -87
144 236 -23
144 371 42
144 509 -69
144 337 -16
144 354 -88
144 215 76
144 448 96
145 283 74
145 157 -10
145 185 94
145 146 48
145 432 -64
145 224 -86
145 464 -53
145 328 96
145 510 68
145 322 -15
145 416 44
145 187 72
145 445 95
145 382 38
145 412 -33
145 205 -46
145 378 26
145 291 -83
145 329 97
146 450 -18
146 429 -45
146 316 -84
146 350 -48
146 238 -14
146 483 -40
146 360 -63
146 511 93
146 163 75
146 276 -30
146 342 -95
146 240 -76
146 266 38
146 171 -49
146 252 1
147 434 -61
147 313 67
147 503 -7
147 456 -77
147 158 -38
147 183 -24
147 225 -25
147 473 -13
147 423 22
147 409 39
147 411 -23
147 160 53
147 442 53
147 212 -49
147 266 13
147 259 58
147 337 -66
148 170 -4
148 348 -17
148 191 -15
148 495 -1
148 365 63
148 499 43
148 424 95
148 383 -8
148 263 9
148 512 6
148 324 -85
148 378 77
148 308 0
149 328 -45
149 218 -35
149 180 39
149 308 36
149 309 10
149 212 -89
149 240 -37
149 351 -1
149 280 37
149 272 74
149 420 51
149 331 2
149 466 -54
149 403 14
149 298 -74
149 505 12
149 332 -32
149 479 57
150 156 -36
150 333 -13
150 260 42
150 348 -60
150 304 36
150 344 73
150 455 12
150 382 68
150 362 50
150 378 -43
150 430 76
150 205 74
150 452 -55
150 276 62
150 286 33
150 283 19
150 465 -12
151 468 -81
151 480 4
151 268 18
151 292 33
151 319 -68
151 190 18
151 236 27
151 211 -79
151 439 99
151 244 -42
151 500 39
151 245 69
151 341 33
151 506 12
151 246 32
151 446 33
151 490 -93
152 452 -87
152 252 -62
152 176 79
152 418 3
152 305 99
152 291 18
152 234 11
152 506 61
152 460 53
152 191 23
152 379 61
152 321 70
152 296 62
152 360 -80
153 509 -44
153 329 -82
153 361 -88
153 438 -3
153 267 -63
153 237 7
153 341 -23
153 280 -97
153 302 57
153 164 16
153 503 74
153 334 48
153 493 0
153 235 5
153 273 -2
153 242 -46
153 487 -4
154 469 32
154 367 -42
154 475 67
154 291 -88
154 158 -19
154 256 61
154 455 63
154 445 -76
154 322 -56
154 349 -57
154 259 -14
154 313 -37
154 474 18
155 439 -92
155 453 5
155 312 47
155 421 -47
155 322 10
155 403 -88
155 307 83
155 279 10
155 324 28
155 179 -88
155 396 88
155 226 90
155 269 -52
155 375 25
155 499 71
155 212 -78
156 496 22
156 180 93
156 430 -19
156 294 19
156 352 -65
156 403 36
156 338 5
156 473 36
156 443 -63
156 456 10
156 458 -18
156 194 77
156 198 85
156 384 68
156 202 -38
156 293 -11
156 222 25
156 471 21
156 203 -50
157 437 -69
157 363 -78
157 321 -61
157 488 -74
157 395 -96
157 369 -19
157 446 92
157 285 28
157 504 -31
157 242 -57
157 214 28
157 415 54
157 398 16
157 432 -8
157 245 1
157 187 29
158 506 -2
158 377 99
158 329 14
158 473 36
158 306 42
158 369 -85
158 451 20
158 347 -99
158 346 -4
158 272 -40
158 384 -47
158 349 31
159 342 -96
159 309 -25
159 185 79
159 257 59
159 444 -71
159 277 -20
159 197 84
159 305 30
159 212 -82
159 368 49
159 290 45
159 389 7
159 357 -90
159 210 -72
159 429 -91
159 297 75
159 260 -11
159 400 20
160 512 -81
160 391 -43
160 187 -44
160 405 53
160 478 79
160 359 -45
160 347 22
160 318 -77
160 456 36
160 276 -72
160 428 -35
160 249 56
160 254 1
160 201 -73
160 209 -27
160 424 -10
160 247 66
161 494 67
161 490 78
161 275 42
161 285 -7
161 192 1
161 278 -85
161 469 -63
161 284 -18
161 224 71
161 423 6
161 339 58
161 327 94
161 448 17
161 472 -54
161 394 -72
161 412 -68
162 376 -99
162 253 63
162 512 77
162 320 49
162 416 -45
162 274 -37
162 329 -94
162 419 -69
162 486 87
162 249 -31
162 343 -10
162 233 91
162 424 -89
162 429 -50
162 494 -67
162 406 59
162 350 75
163 254 -11
163 174 57
163 213 -56
163 402 -1
163 251 -62
163 176 -29
163 430 3
163 292 -96
163 300 37
163 180 93
163 194 -99
163 307 -65
163 236 -74
163 343 -42
163 232 89
163 407 -99
163 260 -10
163 495 -34
164 293 -17
164 371 -46
164 313 -93
164 185 32
164 303 36
164 233 78
164 461 -26
164 361 51
164 447 80
164 264 43
164 362 -7
164 290 -7
164 424 18
164 208 84
165 262 -6
165 339 38
165 319 77
165 428 83
165 287 25
165 486 -26
165 450 97
165 457 -62
165 329 -84
165 474 -100
165 421 82
165 509 -81
165 257 -90
166 319 -81
166 372 -35
166 238 24
166 367 -69
166 440 -58
166 253 42
166 334 -46
166 346 -8
166 478 -52
166 370 -89
166 457 -85
166 365 29
166 200 -16
166 504 1
166 179 34
167 348 97
167 248 -68
167 263 99
167 303 -75
167 199 -70
167 278 -18
167 480 -27
167 270 -77
167 268 -92
167 190 -65
167 464 -46
167 502 74
167 247 -81
167 492 -4
167 351 -74
167 365 -18
168 415 -5
168 173 80
168 295 12
168 449 43
168 197 -58
168 299 14
168 394 51
168 420 -95
168 365 38
168 224 68
168 334 -61
168 454 71
168 406 -80
168 407 30
168 495 -20
168 230 -70
168 314 -83
168 288 -49
169 401 -63
169 393 -22
169 288 25
169 179 48
169 453 -21
169 349 81
169 366 41
169 296 77
169 290 -62
169 277 -53
169 196 -40
169 328 -12
169 216 6
169 301 -58
169 289 -98
170 307 -87
170 262 25
170 341 71
170 374 90
170 511 74
170 261 -97
170 504 -95
170 394 -92
170 405 49
170 282 98
170 194 -49
170 462 -83
171 291 20
171 453 -16
171 418 -88
171 240 -21
171 187 48
171 512 -61
171 213 -54
171 396 -96
171 184 -27
171 220 23
171 507 -82
171 326 -46
171 306 -36
172 430 7
172 294 69
172 357 -20
172 408 -98
172 455 23
172 277 84
172 384 32
172 280 59
172 332 43
172 219 -65
172 268 -40
172 375 -54
172 291 50
172 497 79
173 464 -41
173 337 -75
173 261 52
173 350 -54
173 328 -37
173 297 23
173 197 -29
173 249 -42
173 459 -63
173 369 45
173 183 -10
173 392 -96
173 424 49
173 361 54
174 264 32
174 385 91
174 292 95
174 495 30
174 329 4
174 476 -85
174 334 -49
174 375 -75
174 284 -11
174 480 81
174 509 -9
174 305 73
174 456 -63
174 204 -26
174 235 -82
174 367 -58
174 453 -70
174 472 4
174 413 -23
174 424 -15
175 419 -96
175 428 -57
175 288 21
175 379 -44
175 511 -60
175 253 19
175 438 76
175 326 24
175 495 57
175 380 -100
175 455 -64
176 390 68
176 403 50
176 223 -89
176 258 62
176 380 41
176 257 24
176 310 -21
176 243 63
176 381 95
176 374 71
176 350 -61
176 202 -32
176 237 -4
176 354 -43
176 245 68
176 265 95
177 460 39
177 396 7
177 452 -41
177 356 61
177 427 94
177 333 7
177 247 -73
177 179 -72
177 200 70
177 369 52
177 436 -100
177 357 71
177 384 -51
177 244 98
177 220 38
177 307 14
177 227 90
178 388 76
178 393 91
178 413 22
178 334 -94
178 365 -64
178 346 -35
178 350 -94
178 179 -19
178 297 22
178 469 34
178 245 -13
178 356 21
178 500 -77
178 329 -47
178 444 -96
178 186 54
179 309 39
179 398 99
179 389 50
179 258 -45
179 325 -31
179 218 56
179 307 -68
179 454 45
179 194 -70
179 438 50
179 186 -32
179 187 -50
179 427 50
180 481 -35
180 314 -89
180 342 73
180 322 -46
180 488 -83
180 415 76
180 388 13
180 441 -49
180 434 66
180 505 -67
181 257 -24
181 421 98
181 283 49
181 373 67
181 426 -61
181 343 43
181 507 64
181 457 33
181 287 -32
181 265 32
181 284 -76
181 406 13
181 404 43
181 508 -94
181 291 -54
181 434 67
181 485 72
182 338 63
182 247 31
182 262 -58
182 335 -47
182 425 66
182 422 65
182 420 97
182 288 34
182 243 -96
182 400 70
182 197 -16
182 411 -9
182 452 97
182 429 43
182 186 43
182 231 -54
183 204 -6
183 439 -69
183 345 -65
183 360 13
183 391 -47
183 338 40
183 418 60
183 496 0
183 440 3
183 255 -87
183 459 -77
183 354 27
183 198 67
184 347 -98
184 398 -61
184 269 -69
184 229 23
184 187 31
184 482 -82
184 259 -74
184 294 -12
184 485 76
184 322 24
184 500 30
184 208 -10
184 491 79
184 421 49
184 251 24
184 255 -38
185 397 48
185 211 0
185 465 62
185 287 -26
185 252 86
185 224 -28
185 420 -1
185 388 -33
185 300 -12
185 408 -81
185 226 -84
185 317 59
185 496 30
185 427 -72
185 502 -39
186 434 -7
186 512 -44
186 333 -62
186 273 -15
186 251 92
186 367 81
186 381 93
186 329 -39
186 309 -11
186 394 -93
186 248 -86
186 197 -13
187 323 -89
187 501 90
187 333 -64
187 393 9
187 454 23
187 408 -32
187 372 -13
187 495 68
187 269 26
187 382 -44
187 188 -66
188 479 -28
188 358 58
188 292 8
188 339 67
188 201 63
188 241 89
188 354 -25
188 512 -61
188 385 -40
188 412 -42
188 220 76
188 425 -23
188 401 56
188 368 48
189 346 39
189 361 -49
189 323 93
189 453 -79
189 491 -63
189 386 -44
189 225 -73
189 384 5
189 274 5
189 267 -8
189 445 -30
189 383 -48
189 330 -49
189 315 -73
189 357 -60
190 472 18
190 222 49
190 397 -56
190 460 -57
190 337 -70
190 237 3
190 223 62
190 320 -11
190 486 22
190 509 42
190 391 16
190 269 65
190 229 79
190 443 72
190 510 21
190 342 -95
191 279 9
191 471 47
191 388 46
191 501 26
191 228 3
191 461 23
191 208 28
191 432 40
191 197 71
191 384 -88
191 248 -14
191 331 7
191 482 89
192 499 -29
192 503 -64
192 426 -18
192 427 66
192 365 57
192 370 -58
192 260 -6
192 237 85
192 422 -16
192 316 -100
192 373 67
192 197 50
192 407 -89
192 340 72
192 355 43
192 295 -53
192 452 45
192 265 34
193 408 -18
193 332 13
193 301 -49
193 418 19
193 298 42
193 500 -43
193 356 -49
193 456 -64
193 407 15
193 479 -3
193 390 18
193 443 -7
193 244 -67
193 431 69
194 263 17
194 493 62
194 440 16
194 314 -30
194 209 93
194 319 -14
194 511 43
194 282 21
194 251 -14
194 264 83
194 494 -79
194 483 50
194 438 89
195 277 6
195 327 16
195 338 78
195 363 8
195 281 30
195 422 -85
195 482 81
195 321 -87
195 206 92
195 323 -52
196 223 18
196 239 -21
196 261 57
196 310 15
196 208 59
196 428 78
196 364 -62
196 275 50
196 328 -4
196 448 25
196 383 -43
196 273 -89
196 483 -20
196 445 -2
196 375 -72
197 463 -32
197 388 -78
197 372 95
197 511 27
197 401 70
197 464 -61
197 489 98
197 250 -89
197 310 16
197 393 -12
197 442 -9
197 198 -31
197 334 -79
197 347 -1
197 212 53
197 289 50
198 228 24
198 391 66
198 325 41
198 459 18
198 427 -23
198 361 16
198 498 -71
198 422 -88
198 342 -62
198 417 -16
198 401 -44
198 463 13
198 339 -11
199 275 -84
199 363 16
199 264 76
199 464 -48
199 426 -63
199 498 -71
199 281 -86
199 326 20
199 418 97
199 392 -10
199 303 -22
199 439 6
199 204 -29
199 463 -62
199 434 -45
199 468 -56
200 451 -95
200 489 -49
200 339 -43
200 386 42
200 507 8
200 361 -23
200 485 -44
200 219 -13
200 448 19
200 288 -63
200 222 96
200 237 -94
201 364 52
201 511 -87
201 248 -12
201 370 -48
201 254 -88
201 386 -47
201 385 -23
201 412 66
201 375 -38
201 275 55
201 440 -100
201 383 -85
201 479 31
202 203 19
202 487 -72
202 316 -22
202 222 43
202 483 89
202 449 -49
202 243 66
202 327 62
202 463 -62
202 453 -80
202 325 -40
202 416 16
203 429 -9
203 323 -48
203 415 74
203 355 -30
203 371 34
203 240 -91
203 243 98
203 487 -91
203 333 13
203 319 -56
203 482 79
203 246 27
203 454 26
203 388 -4
203 405 34
203 353 66
204 269 5
204 441 68
204 447 82
204 321 -62
204 407 97
204 344 -67
204 281 45
204 242 35
204 416 85
204 457 -88
205 357 98
205 373 61
205 485 -57
205 330 -90
205 316 -43
205 501 34
205 502 68
205 437 6
205 491 -84
205 232 -35
206 397 -43
206 485 -15
206 377 66
206 380 91
206 444 -15
206 384 -37
206 209 -40
206 417 1
206 471 68
206 449 63
206 459 -6
206 276 86
206 310 50
206 393 22
206 482 -92
206 407 -18
206 234 21
206 489 19
207 355 -45
207 393 -93
207 417 -51
207 220 -78
207 311 -4
207 425 17
207 324 -68
207 267 -58
207 213 -71
207 460 -13
207 244 16
207 470 77
207 361 16
207 369 99
208 221 31
208 328 -55
208 315 25
208 434 -16
208 313 38
208 210 57
208 372 -79
208 274 -73
208 228 -6
208 239 -51
208 331 11
208 258 3
208 463 26
208 355 -36
208 459 18
208 393 -22
209 257 -78
209 297 -45
209 430 -57
209 499 -5
209 274 -79
209 258 79
209 404 64
209 510 -30
209 446 44
209 479 38
209 334 -90
209 288 -22
209 453 72
209 280 -53
210 333 15
210 241 -87
210 431 -98
210 438 20
210 484 13
210 254 -29
210 370 -52
210 257 -82
210 490 -95
210 283 -87
210 216 68
210 401 18
211 262 -34
211 458 75
211 221 -40
211 473 44
211 384 51
211 315 9
211 351 86
211 345 81
211 499 69
211 500 2
211 438 15
212 377 74
212 495 44
212 426 -78
212 467 -12
212 443 59
212 496 -13
212 236 29
212 481 -90
212 283 91
212 318 93
213 361 70
213 272 87
213 237 34
213 233 -85
213 469 46
213 221 -96
213 438 8
213 244 -15
213 329 -36
213 377 -94
213 228 89
213 281 -88
213 270 84
213 319 86
213 486 85
214 255 34
214 441 73
214 432 -5
214 398 -57
214 446 -77
214 304 39
214 462 -72
214 420 -98
214 494 -95
214 431 26
214 292 -33
214 364 55
215 396 -75
215 330 65
215 222 17
215 248 -97
215 385 50
215 401 34
215 487 -49
215 477 -59
215 386 0
215 403 54
215 234 86
215 427 44
216 504 -20
216 374 99
216 472 0
216 240 84
216 232 32
216 234 50
216 229 43
216 348 60
216 359 56
216 462 -21
216 453 -20
216 358 -79
216 384 -63
216 281 83
216 432 5
217 382 -70
217 465 98
217 473 -31
217 235 83
217 261 -42
217 441 25
217 283 -82
217 266 -29
217 448 -43
217 314 -75
217 403 -54
217 244 -50
217 316 20
218 239 -39
218 494 4
218 467 -26
218 240 -12
218 345 -31
218 404 -100
218 421 36
218 463 78
218 268 16
218 439 27
218 250 83
218 333 -1
218 490 57
218 284 -49
219 437 17
219 291 24
219 458 -60
219 424 0
219 407 -76
219 257 -30
219 373 20
219 489 12
219 401 78
219 349 -38
219 415 95
219 405 -10
219 248 4
220 225 -52
220 333 -34
220 318 -11
220 309 39
220 268 82
220 452 26
220 264 46
221 308 -10
221 499 -74
221 483 79
221 511 23
221 503 -28
221 309 80
221 251 40
221 382 8
222 310 -91
222 391 -71
222 498 81
222 227 -32
222 231 56
222 441 45
222 327 41
222 336 -7
222 494 38
222 475 -12
222 445 -100
223 263 -55
223 415 56
223 492 -61
223 376 7
223 366 70
223 378 89
223 328 -88
223 445 56
223 414 99
223 455 -67
223 318 1
223 260 20
223 452 -65
223 264 -59
223 370 -29
223 448 -31
223 419 -86
224 499 -70
224 453 -11
224 314 34
224 443 -15
224 441 38
224 465 63
224 454 35
224 435 75
224 367 65
224 370 -1
224 268 -82
224 468 -8
224 254 -20
224 506 -95
224 258 -48
224 343 75
224 446 -64
224 390 -67
225 419 6
225 433 14
225 280 -23
225 445 -96
225 431 -25
225 383 -95
225 508 -52
225 370 -19
225 387 63
225 358 -72
225 437 86
225 287 -57
225 268 -41
225 397 -53
226 395 87
226 477 -90
226 352 -52
226 501 -47
226 371 -1
226 271 -71
226 409 -96
226 317 85
226 234 -61
226 329 -29
226 227 39
227 341 -57
227 473 -60
227 479 26
227 497 -99
227 330 -78
227 463 25
227 486 -15
227 299 42
227 500 21
227 309 16
227 503 -27
227 250 62
227 270 0
227 266 -41
228 373 1
228 273 -79
228 424 -38
228 438 -73
228 247 56
228 441 45
228 429 70
228 433 -14
228 258 -37
228 498 -62
228 451 -3
228 336 -29
229 287 16
229 321 73
229 268 16
229 415 65
229 294 53
229 479 64
229 401 80
229 316 -6
229 493 -40
229 389 -98
229 286 -42
230 449 -75
230 316 86
230 304 -24
230 272 31
230 249 98
230 347 -8
230 327 -21
230 434 -84
230 486 -86
230 408 -31
230 232 -31
230 439 -28
230 291 -82
231 343 27
231 397 -20
231 294 7
231 337 28
231 322 15
231 494 -80
231 358 55
231 440 92
231 371 -10
231 399 -22
231 445 -81
231 503 89
231 414 -58
231 379 85
232 391 -56
232 404 68
232 505 -28
232 360 -25
232 299 68
232 331 -2
232 435 -66
232 347 -11
232 311 29
232 503 -38
232 463 -1
232 461 -43
232 320 51
232 474 15
232 361 -81
232 479 55
232 247 -49
232 418 -17
232 290 88
233 240 81
233 454 67
233 375 -38
233 511 -46
233 362 -84
233 409 -84
233 276 15
233 290 -96
233 494 -53
233 436 56
233 306 -96
233 336 -43
234 508 75
234 378 -80
234 433 56
234 383 67
234 371 -51
234 425 95
234 261 80
234 344 -69
234 335 54
234 310 -33
234 454 36
234 471 -53
235 478 -47
235 422 67
235 503 11
235 426 66
235 459 -62
235 500 -34
235 483 36
235 396 -23
235 449 -36
235 351 30
235 464 28
235 493 67
236 260 -48
236 261 68
236 265 24
236 381 95
236 295 -81
236 454 -62
236 465 -18
237 384 99
237 339 -32
237 301 33
237 313 60
237 249 -63
237 356 75
237 461 70
237 239 -29
237 333 6
237 475 -38
237 265 -49
237 379 21
237 492 -71
237 375 -62
237 476 41
237 287 -21
237 468 97
238 280 88
238 414 82
238 326 -14
238 424 -63
238 290 -54
238 330 -24
238 466 11
238 432 -87
238 480 76
238 342 55
238 285 83
239 244 43
239 479 -6
239 455 40
239 347 85
239 264 -80
239 419 -97
239 363 -7
239 458 -74
239 365 -13
239 506 -7
240 452 94
240 310 -12
240 281 -23
240 300 -53
240 272 -34
240 330 -27
240 333 12
240 411 7
240 319 -6
240 507 -38
240 439 -96
240 484 -82
240 395 -85
240 316 14
241 388 -33
241 329 -91
241 467 99
241 360 -9
241 242 -64
241 379 -51
241 354 6
241 364 -100
241 244 -92
241 449 65
241 452 -49
241 455 -70
241 254 -78
241 285 44
242 449 27
242 407 -79
242 298 48
242 416 11
242 269 11
242 414 8
242 402 64
242 264 -12
242 313 -26
242 350 58
242 479 56
242 464 -71
242 270 -67
242 373 -22
242 431 -47
242 481 -84
243 349 24
243 414 -4
243 469 -29
243 409 99
243 339 12
243 313 -2
243 315 -80
243 418 -95
243 255 -75
244 284 -71
244 432 76
244 429 -29
244 355 -46
244 412 -75
244 347 -94
244 307 -4
244 474 -40
244 437 -46
244 341 -93
244 402 -46
245 263 -22
245 383 49
245 475 -91
245 343 -99
245 392 -15
245 302 11
245 313 92
245 493 89
245 278 79
245 324 1
245 395 61
246 456 -85
246 358 20
246 466 59
246 296 -39
246 316 81
246 461 70
246 338 34
246 365 48
246 474 -23
246 353 1
246 450 -84
246 444 -91
247 323 91
247 460 -69
247 362 17
247 311 93
247 335 77
247 273 -95
247 389 -35
247 368 -60
248 499 12
248 434 -24
248 287 84
248 391 -44
248 253 72
248 306 -46
248 389 -36
248 469 88
248 286 -59
248 290 -24
248 331 45
248 335 45
249 387 -42
249 378 -50
249 452 98
249 280 -35
249 311 -54
249 329 -75
249 434 13
249 286 7
249 310 -66
249 315 0
249 418 25
249 382 65
249 297 -22
250 371 -89
250 443 -2
250 313 69
250 482 -81
250 454 -100
250 293 44
250 335 52
250 417 71
250 459 83
250 479 76
250 456 64
250 332 -42
251 275 -4
251 326 -65
251 427 -69
251 471 -70
251 384 61
251 380 -90
251 351 90
251 474 -96
251 478 91
251 339 41
251 406 58
251 289 64
252 356 95
252 510 2
252 369 -19
252 358 -20
252 491 12
252 373 -32
252 464 52
252 421 8
252 271 95
252 288 -59
252 360 52
252 394 40
253 303 -22
253 488 5
253 500 29
253 334 -96
253 292 -65
253 474 74
253 281 80
253 339 3
253 364 -34
254 414 62
254 379 39
254 312 -82
254 323 16
254 415 -22
254 421 -9
254 440 71
254 294 83
254 325 47
254 335 -19
254 341 3
254 488 85
255 339 -56
255 431 -23
255 294 63
255 367 -82
255 507 23
255 408 54
255 282 85
255 377 48
255 393 37
255 280 -20
255 332 -40
256 481 19
256 291 -35
256 284 -83
256 484 -97
256 496 -81
256 350 -4
256 274 -1
256 379 15
256 458 16
256 283 -87
256 400 -83
256 500 -96
256 351 -73
256 471 -12
256 364 -47
257 367 -10
257 503 -73
257 494 -88
257 468 17
257 313 45
257 415 49
257 345 27
257 319 54
257 440 -59
257 305 -85
257 282 64
257 297 -75
257 261 5
258 488 52
258 475 -81
258 347 60
258 286 -37
258 436 -21
258 415 -14
258 342 -83
258 334 -7
258 339 52
258 387 -75
258 444 -67
259 307 -12
259 475 11
259 330 17
259 471 -63
259 500 -92
259 348 -48
259 352 -91
259 347 -51
259 445 87
259 434 -84
259 447 -26
259 287 -53
260 382 70
260 283 91
260 399 -58
260 430 -94
260 302 -3
260 320 29
260 314 -55
260 453 -4
261 432 40
261 510 93
261 284 -96
261 498 88
261 271 -55
261 349 -1
261 473 71
261 503 67
261 273 -17
261 281 -30
261 449 -90
261 425 43
261 376 3
261 463 92
261 294 -7
261 302 4
262 370 93
262 300 -91
262 380 17
262 344 66
262 507 72
262 474 84
262 437 0
262 399 -81
262 302 14
262 385 -83
262 348 17
262 459 -4
262 311 68
262 351 2
263 473 -95
263 471 -56
263 358 -96
263 487 10
263 465 -61
263 444 53
263 312 33
263 462 11
263 367 96
263 484 53
263 372 -73
263 276 14
263 505 -72
263 447 79
264 342 77
264 272 82
264 334 74
264 273 33
264 454 39
264 499 30
264 480 31
264 497 -3
264 328 0
264 309 -15
264 320 -52
264 316 97
264 450 -77
264 502 -49
265 389 5
265 378 96
265 363 -47
265 432 0
265 350 43
265 286 28
265 492 -17
265 344 -41
265 277 -92
265 307 -9
265 359 -9
265 335 -7
265 423 83
265 413 -54
266 337 -49
266 270 -75
266 440 50
266 348 69
266 309 67
266 394 61
266 319 -1
266 397 76
266 490 87
266 427 48
267 443 -34
267 453 69
267 361 8
267 430 74
267 446 -11
267 387 89
267 451 -90
268 277 6
268 333 -32
268 269 35
268 285 -97
268 507 97
268 389 -68
268 324 21
268 388 12
268 288 -76
268 465 56
268 286 -57
269 502 -51
269 509 -61
269 270 55
269 398 14
269 436 19
269 476 -87
269 489 59
269 275 -86
270 350 -93
270 438 -11
270 325 44
270 384 56
270 488 -28
270 342 37
271 508 -45
271 404 -21
271 378 8
271 433 7
271 377 -40
271 383 -85
271 462 95
271 506 11
271 272 67
271 465 -90
271 339 -88
271 386 97
272 325 50
272 371 -92
272 470 -84
272 381 35
272 508 -11
272 319 -22
272 428 -63
272 443 -92
272 439 -89
272 507 60
272 369 -60
272 344 -2
272 276 20
272 493 83
272 441 -100
272 288 53
272 287 -3
273 321 -73
273 312 -17
273 460 -56
273 336 -16
273 301 52
273 283 -39
273 318 58
273 340 98
273 281 41
273 510 6
274 343 96
274 430 27
274 372 -46
274 438 11
274 326 44
274 413 -93
274 511 -27
274 335 86
274 293 -24
274 387 -77
274 398 -51
274 345 -100
274 453 86
274 424 17
274 349 -71
274 459 44
275 396 16
275 393 55
275 485 -71
275 304 -76
275 386 -100
275 333 96
275 490 28
276 371 78
276 285 -76
276 349 -47
276 369 -30
276 451 -32
276 312 -66
276 445 25
276 462 70
276 319 49
276 355 -10
276 455 -59
276 331 80
276 435 -65
277 506 -6
277 346 91
277 326 -54
277 311 -32
277 367 -11
277 492 71
277 491 -45
277 411 76
277 424 -18
277 294 -85
277 476 32
278 367 39
278 484 34
278 428 92
278 382 23
278 504 4
278 390 -23
278 387 -14
278 316 17
278 438 -87
278 339 -65
278 311 66
278 397 34
278 314 -24
279 463 -41
279 418 23
279 292 -22
279 354 -65
279 330 78
279 378 -18
279 333 23
279 470 29
279 423 51
280 350 -32
280 417 30
280 419 -45
280 446 -74
280 356 -95
280 476 4
280 306 29
280 494 -48
280 296 -85
280 464 85
280 303 63
280 492 35
280 435 63
281 450 -20
281 405 -31
281 314 60
281 343 76
281 507 -44
281 415 -74
281 403 -39
281 352 -12
281 367 83
281 335 16
281 443 -55
281 444 91
281 353 11
281 341 -60
282 361 58
282 431 62
282 421 22
282 351 -9
282 392 -45
282 427 -16
282 284 97
282 434 -66
282 365 47
282 305 47
282 349 68
283 493 -29
283 292 69
283 426 -37
283 346 68
283 439 31
283 428 87
283 405 -19
283 473 -33
283 455 -77
283 390 12
283 344 -40
284 414 18
284 483 -75
284 465 -3
284 461 75
284 469 55
284 380 91
284 502 71
284 428 -5
284 443 -77
284 303 42
284 343 10
284 448 69
284 387 21
284 379 -96
285 446 -74
285 352 -72
285 447 19
285 371 63
285 510 -33
285 363 77
285 495 -86
285 343 -89
285 334 -41
285 317 95
285 328 -85
285 400 -48
286 380 -42
286 499 29
286 392 -76
286 338 7
286 365 -98
286 393 -86
286 334 36
286 391 -32
286 364 -78
286 362 -45
286 413 -20
287 490 -10
287 325 -42
287 304 -21
287 465 4
287 370 -46
287 338 -20
287 419 75
287 371 25
287 509 -20
288 304 -92
288 473 -31
288 458 84
288 438 46
288 511 -78
288 350 18
288 329 -77
289 511 32
289 462 -32
289 442 -90
289 391 -70
290 299 77
290 353 -2
290 427 86
290 470 -84
290 389 27
290 496 -57
290 456 -17
290 488 -17
290 454 98
290 406 16
291 398 63
291 370 95
291 424 -44
291 394 84
291 492 -80
291 496 27
291 299 66
291 443 60
291 450 -34
291 363 -80
291 406 -33
291 312 -2
291 342 33
291 509 84
292 371 -28
292 346 -51
292 370 17
292 510 -1
292 308 26
292 490 -18
292 430 -72
292 359 52
292 381 5
292 449 -21
292 374 -73
292 334 -79
292 422 -65
293 503 -2
293 438 -34
293 379 -56
293 445 -23
293 466 -72
293 470 11
293 396 -66
293 377 -64
293 482 22
293 344 -16
293 308 -37
293 467 9
294 407 -36
294 394 50
294 509 45
294 470 -75
294 414 -83
294 482 -74
294 311 -84
294 358 42
295 411 69
295 327 56
295 308 6
295 336 -12
295 416 22
295 358 84
295 420 -84
295 426 72
295 333 -5
295 364 96
296 487 34
296 332 63
296 335 -13
296 483 -42
296 391 -46
296 435 37
296 398 49
296 360 77
296 447 -5
297 445 -72
297 463 -6
297 351 -70
297 314 -47
297 316 -87
297 307 83
297 448 -16
297 435 -95
297 397 -58
297 299 -95
298 309 82
298 358 18
298 501 78
298 441 0
298 396 13
298 362 -17
299 320 46
299 335 44
299 469 -70
299 350 64
299 362 91
299 489 -7
299 471 83
299 414 -41
299 470 -31
300 398 83
300 303 -88
300 431 -31
300 506 -58
300 504 46
300 338 75
300 310 -20
300 496 93
300 335 -28
300 362 -61
301 441 -83
301 503 62
301 511 -42
301 500 32
301 481 68
301 443 39
301 409 74
301 480 -72
301 400 -91
301 309 41
302 347 -54
302 389 81
302 408 89
302 471 47
302 382 71
302 332 30
302 309 -83
302 433 -9
302 310 -15
302 367 -37
303 439 -45
303 401 -54
303 306 43
303 477 35
303 364 35
303 494 -87
303 315 -43
303 391 80
303 459 67
304 455 96
304 456 20
304 509 -32
304 357 -30
304 383 -76
304 500 13
304 414 -58
304 374 -87
304 452 30
304 512 -63
304 394 49
304 340 -92
305 466 1
305 391 -37
305 338 37
305 384 71
305 422 -3
305 490 21
305 419 -98
305 485 -49
305 373 -81
305 452 -61
305 332 -49
305 486 -4
305 342 -38
305 418 64
306 443 -72
306 380 16
306 479 32
306 371 -90
306 385 -38
306 333 -21
306 338 42
306 402 -7
307 358 -58
307 417 -94
307 454 17
307 351 -91
307 350 93
307 491 -80
307 377 -93
308 441 18
308 500 -27
308 472 -93
308 485 -65
308 342 28
308 356 55
308 438 -4
308 311 -99
308 425 16
308 329 -11
309 315 -27
309 393 -16
309 511 -88
309 427 -68
309 472 -46
309 420 -21
310 407 -22
310 428 82
310 472 30
310 487 -87
310 380 94
310 457 25
310 330 46
310 333 34
310 497 -45
310 427 -72
310 362 -4
310 313 -29
310 311 14
311 345 -63
311 344 0
311 431 -4
311 313 47
311 335 38
311 343 8
312 392 58
312 330 42
312 377 -89
312 495 -94
312 336 28
312 398 62
313 358 57
313 393 13
313 328 1
314 476 -73
314 434 -1
314 409 17
314 467 -90
314 437 -10
314 464 89
314 412 57
314 488 12
314 395 -74
314 332 -37
314 319 23
315 326 39
315 318 48
315 360 53
315 500 70
315 449 45
315 496 -57
315 370 65
315 377 61
315 364 -7
315 497 68
316 362 79
316 459 -77
316 463 18
316 384 -98
316 388 -56
316 493 84
317 404 -25
317 438 -33
317 385 -25
317 444 43
317 346 98
317 439 -91
317 499 -67
317 362 -46
318 480 -86
318 342 57
318 442 -65
318 331 -4
318 505 -26
318 459 -42
318 502 91
318 501 -75
318 441 43
318 506 90
319 407 -15
319 442 -11
319 388 -55
320 498 2
320 495 21
320 349 -79
320 362 21
320 368 62
320 373 12
320 398 7
320 339 -36
320 473 20
320 395 -68
320 391 34
320 321 -64
320 411 75
320 354 0
321 459 -97
321 336 97
321 350 62
321 386 30
321 396 -99
321 453 -31
321 441 -25
321 467 33
321 325 43
322 384 41
322 447 -94
322 509 95
322 408 56
322 393 -58
322 339 16
322 337 22
322 331 -92
323 429 -87
323 383 73
323 456 -66
323 417 0
323 332 10
323 359 97
323 458 -38
323 464 -76
323 389 -83
324 488 82
324 447 -20
324 463 -61
324 368 -64
324 455 30
325 404 69
325 375 71
325 390 91
325 365 84
325 355 -79
325 478 31
326 405 -70
326 402 40
326 422 61
326 484 -32
326 445 -98
326 485 4
326 475 23
326 430 74
326 443 8
326 454 -71
327 487 13
327 365 -88
327 451 83
327 364 73
327 492 -28
327 402 -31
327 386 -16
327 413 -45
328 417 -47
328 447 69
328 403 61
328 452 16
328 501 -86
328 339 5
328 371 -73
329 406 43
329 410 94
329 476 3
329 460 -55
329 402 -26
329 497 -65
329 461 -76
329 457 -35
330 379 -74
330 360 -83
330 365 -52
330 487 54
330 331 14
330 363 16
330 387 -61
330 468 -4
331 400 68
331 374 91
331 504 -21
331 345 -43
331 455 -82
331 391 25
332 431 -21
332 409 -47
332 442 -54
332 501 -24
332 354 -98
332 421 57
332 347 95
332 443 -7
332 427 33
332 402 74
332 343 -41
333 478 -66
333 496 92
333 402 49
333 461 57
333 423 -33
333 511 32
333 412 -6
333 361 36
333 480 -14
333 346 -17
334 382 -29
334 436 -41
334 509 64
334 396 -41
335 398 6
335 483 -39
335 497 -76
335 426 -89
335 342 27
336 491 51
336 368 -9
336 473 -69
336 489 79
336 413 60
336 341 -20
337 459 -39
337 430 -78
337 387 -70
337 458 -92
337 341 63
337 400 66
337 448 -20
337 451 56
337 473 -75
338 471 52
338 368 -28
338 449 -79
338 342 43
338 511 23
338 386 34
338 478 -39
339 458 -44
339 441 69
339 452 -59
339 376 -97
339 473 -11
339 353 86
339 415 -31
339 439 85
340 355 41
340 433 50
340 351 -14
340 385 11
340 436 85
340 435 19
340 506 -19
340 500 78
340 472 -52
341 420 32
341 453 20
341 432 12
341 460 -27
341 477 41
341 468 -22
341 446 22
341 456 34
341 378 -29
341 419 -69
341 499 -24
341 408 -38
341 454 -7
341 379 16
342 436 65
342 366 -36
342 365 -99
342 369 50
342 489 -100
342 478 15
342 382 74
342 444 -50
343 439 98
343 489 -53
343 403 17
343 467 -94
343 369 84
343 444 -45
343 465 18
343 367 -89
343 483 92
343 344 88
343 418 -83
344 390 35
344 411 8
344 345 94
344 399 -63
344 378 41
344 454 31
344 389 -65
344 352 50
345 431 -99
345 354 -87
345 372 90
345 496 -61
345 438 95
345 369 6
345 364 -49
345 418 21
345 503 -25
346 495 -76
346 429 -31
347 393 -11
347 491 9
347 385 59
347 373 -76
347 350 84
347 376 5
347 430 95
347 507 -45
348 416 -70
348 452 89
348 493 -15
348 475 -19
348 382 84
348 443 -74
348 479 85
348 404 44
348 422 -79
349 387 82
349 378 83
349 423 61
349 479 7
349 474 -41
349 451 -90
349 490 94
349 491 60
350 404 -76
350 356 -90
350 463 -10
350 365 42
350 455 -86
350 417 -38
350 502 41
350 496 -90
350 401 -60
350 494 63
350 360 5
350 478 18
351 469 -18
351 503 -99
351 366 21
351 418 24
351 459 -32
351 370 27
351 499 87
351 443 96
351 480 60
351 481 34
351 383 -7
352 441 60
352 471 78
352 368 -28
352 453 92
352 355 -20
352 494 -30
352 452 -95
352 485 46
352 388 15
353 495 89
353 450 30
353 463 -64
353 471 64
353 455 -37
353 405 69
353 371 -54
353 374 74
354 356 -95
354 437 33
354 506 87
354 482 -99
354 375 -71
354 393 3
354 434 91
354 428 -47
354 426 -25
355 489 36
355 477 98
355 417 82
355 381 16
355 482 -76
356 357 -61
356 369 26
356 449 44
356 497 16
356 489 -98
357 363 4
357 502 17
357 511 45
357 418 87
357 481 -26
357 365 66
357 503 13
357 457 -15
357 426 44
357 427 -4
357 380 58
358 495 -4
358 368 -49
358 459 -18
358 484 -66
358 411 72
358 467 -52
358 432 -42
359 407 78
359 466 -67
359 412 46
359 409 23
359 362 95
359 452 -10
359 484 -49
359 488 3
359 389 79
360 401 -86
360 469 98
360 498 95
360 439 -22
360 440 90
361 417 50
361 443 79
361 469 -55
361 512 65
361 436 -87
361 437 7
361 389 -67
361 381 97
362 430 -35
362 455 -10
362 459 86
362 464 9
362 493 -75
362 478 58
362 370 67
363 414 -34
363 472 -58
363 443 72
363 478 -38
363 484 -28
363 480 96
363 508 13
364 457 8
364 422 85
364 427 -99
364 455 3
364 372 -84
364 430 82
364 397 74
364 501 28
364 399 -74
365 467 22
365 423 34
365 461 -9
365 456 -6
365 367 -82
365 486 -89
366 400 -99
366 489 -60
366 440 81
366 450 -44
366 481 67
366 403 -88
366 370 -95
366 382 -11
367 424 -22
367 421 -73
367 500 -26
367 411 94
367 457 -2
367 454 -96
367 471 -50
367 405 16
367 430 79
368 449 -72
368 423 -39
368 383 29
368 492 -49
368 480 39
368 466 -10
368 469 -9
368 463 1
369 474 96
369 435 -6
369 419 2
369 457 -95
370 458 36
370 427 -10
370 403 37
371 491 10
371 456 -47
371 419 30
371 404 -28
371 373 -17
371 496 52
371 487 36
371 446 -65
371 505 -34
372 450 -97
372 507 -23
372 404 -81
372 373 -21
372 402 -10
373 499 -26
373 379 26
374 500 71
374 376 -94
374 451 -72
374 455 -33
374 397 -7
374 421 -65
374 492 36
375 485 25
375 443 20
375 466 -37
375 384 80
375 493 -21
375 412 44
376 399 29
376 435 19
376 462 60
376 415 -92
376 437 44
377 379 -3
377 438 -9
377 477 46
377 463 -5
377 503 -10
377 391 0
378 392 89
378 500 -3
378 442 57
378 400 94
378 483 -84
378 381 -62
378 472 2
378 452 61
378 430 -40
378 385 68
379 423 40
379 412 -17
379 460 -38
379 405 82
379 407 45
379 467 -79
379 509 80
380 479 -86
380 443 -65
380 403 -64
380 450 57
380 471 74
381 438 2
381 489 45
381 463 -86
381 421 88
381 497 12
381 454 -37
382 483 0
382 403 89
382 494 99
382 463 -82
382 400 -89
383 401 -76
383 409 66
383 493 -36
383 427 -27
383 471 27
383 386 -88
383 489 99
383 442 77
384 428 74
384 457 -16
384 463 -100
384 426 -92
384 472 -2
384 403 17
384 496 39
385 496 31
385 507 -57
385 403 -54
385 506 -67
385 425 -81
386 486 24
386 390 15
386 442 85
386 501 -100
386 437 7
386 399 -28
386 434 56
387 493 42
387 457 -13
387 438 13
387 472 -16
387 403 -71
387 431 -50
387 437 -79
388 392 62
388 443 -53
388 489 -69
388 417 -3
388 483 -50
388 466 24
388 436 7
389 488 -12
389 427 59
389 493 -42
389 487 -93
389 407 -94
389 481 72
389 406 -97
389 432 -2
389 397 -31
390 494 66
390 424 47
390 501 -16
391 499 85
391 497 -33
391 479 42
391 505 -12
392 448 84
392 441 69
393 484 11
393 487 -88
393 477 -39
393 459 -4
393 419 -31
394 402 -23
394 451 58
394 502 78
394 447 63
394 500 8
395 472 -51
395 483 62
395 433 92
395 422 -92
396 447 86
396 479 24
396 511 -4
396 432 6
396 429 30
397 482 12
397 426 -32
397 460 85
397 462 -20
397 511 -82
398 405 -14
398 479 22
398 418 -13
398 491 -43
398 445 3
399 449 -54
399 460 13
399 511 77
399 506 40
399 408 60
399 405 57
399 411 -11
400 470 27
400 496 46
400 441 -35
400 475 -53
401 489 25
401 449 50
401 455 7
401 427 -42
401 414 -23
401 499 33
401 462 76
402 410 -86
402 480 -84
402 503 -58
402 415 -52
402 450 75
402 459 45
402 416 -77
403 443 -16
403 500 95
403 435 49
403 464 -71
404 410 53
404 508 76
404 415 -41
404 484 -46
405 509 -42
405 504 72
405 417 -97
405 482 -97
405 436 -35
406 437 -9
406 434 -83
406 416 1
406 496 52
406 489 -9
406 430 29
407 506 39
407 454 -84
407 493 24
407 485 -10
407 453 -10
407 439 34
407 469 -63
407 437 98
408 495 40
408 471 -97
408 457 45
409 509 -23
409 470 -18
409 486 -78
409 485 82
409 474 53
409 459 -2
409 415 -40
410 463 -29
410 441 56
411 429 0
411 471 -11
411 476 71
412 477 -83
412 445 68
412 441 -82
412 458 -16
412 428 -37
413 512 47
413 456 -92
413 499 -81
413 458 -1
414 446 -51
414 484 -40
414 457 63
414 492 -44
414 502 -29
414 450 68
415 472 0
415 510 -83
415 507 -14
415 469 -12
415 464 82
416 443 -70
416 484 -37
416 423 80
416 460 -17
416 445 -12
417 475 83
417 464 -22
418 475 64
418 428 -36
418 452 41
418 464 17
419 475 -14
419 453 87
419 471 -82
419 466 36
419 476 47
419 429 -17
419 497 66
420 469 2
420 474 38
420 479 -30
420 478 -18
421 499 -23
421 503 33
421 437 20
421 500 92
421 428 25
421 474 75
422 445 29
422 437 96
422 426 8
423 456 -96
423 496 -37
423 449 -79
423 458 -93
423 475 14
424 449 47
425 503 -44
425 461 -30
425 452 40
425 446 7
426 502 -70
426 446 96
426 433 -80
426 487 -19
426 463 58
426 478 -74
427 483 -72
428 475 0
428 452 -94
428 436 14
428 461 -24
428 479 56
428 489 -74
428 450 64
429 477 71
429 473 4
430 448 25
430 447 80
430 443 -58
430 471 88
431 444 -84
431 499 -1
431 439 72
431 459 29
431 482 -89
431 506 11
432 449 50
432 465 98
432 500 -75
432 483 -54
433 469 55
433 449 -62
434 490 57
434 497 -5
434 451 58
436 510 -2
437 444 -34
437 509 -73
437 472 91
437 467 -73
437 489 1
438 474 50
438 446 -93
438 486 -77
438 494 -31
438 473 47
439 442 13
439 502 -31
439 473 -65
439 477 -54
439 496 60
440 493 44
440 490 -60
440 455 6
441 499 -52
441 507 89
441 511 52
443 446 -62
443 490 -97
443 460 -34
444 453 69
444 460 78
445 480 -64
445 461 -36
445 503 75
445 455 12
446 453 31
446 502 -2
446 451 61
447 510 -90
447 467 89
448 495 -14
448 511 -32
448 489 -47
448 492 -62
449 482 21
449 512 12
449 469 10
449 492 -53
449 473 78
450 479 -21
450 488 -21
450 495 17
450 486 51
450 487 80
451 491 -75
451 489 -17
451 460 -80
451 452 91
452 506 -68
452 458 -85
453 491 9
453 465 35
454 483 -75
454 461 63
454 512 18
454 472 21
455 505 92
455 506 97
456 470 -29
457 472 26
458 465 -95
458 493 77
459 479 10
459 478 -91
459 484 -72
459 461 19
460 490 71
461 489 -100
462 468 41
464 498 50
464 486 77
464 507 2
464 505 -33
465 470 92
465 502 -20
465 505 77
465 497 -48
466 499 -13
466 509 54
466 468 26
467 508 -61
467 489 -85
468 496 62
469 486 -83
470 471 93
470 480 -32
470 490 6
471 491 -17
471 476 50
471 498 43
472 496 94
473 505 -66
473 480 25
474 506 85
474 504 -41
476 493 -28
478 504 23
479 482 -35
480 502 -36
480 487 -84
481 505 -6
481 501 98
482 499 2
484 511 19
484 506 27
485 490 97
486 497 -14
487 507 44
488 494 -53
489 503 33
489 492 -17
489 505 59
491 501 45
492 500 -71
492 497 12
495 509 -18
497 503 83
504 505 -30
505 509 39
