512 5884
1 469 42
1 286 74
1 57 -82
1 211 92
1 18 -36
1 507 12
1 271 -45
1 162 9
1 168 -48
1 149 94
1 417 -83
1 482 -60
1 160 -28
1 403 58
1 471 72
1 246 92
1 421 -73
1 92 0
1 491 35
1 177 -48
1 217 -68
1 132 12
1 163 28
2 114 29
2 205 33
2 333 7
2 464 50
2 11 -64
2 506 69
2 379 -70
2 457 47
2 259 62
2 485 44
2 500 -27
2 42 87
2 328 -46
2 359 -72
2 57 81
2 423 43
2 246 -15
2 188 -96
2 253 93
2 218 -46
2 109 20
2 261 -16
2 66 93
3 85 61
3 161 7
3 480 5
3 151 28
3 332 85
3 288 -13
3 129 11
3 78 25
3 310 -17
3 33 -2
3 490 -35
3 133 92
3 165 -72
3 465 -69
3 415 40
3 435 66
3 236 -56
3 14 -91
3 195 90
3 284 -20
3 194 77
3 71 -4
4 324 -11
4 454 -23
4 45 -44
4 377 -65
4 267 -15
4 213 -38
4 391 78
4 396 90
4 356 -21
4 153 -57
4 240 76
4 444 -47
4 189 -65
4 339 71
4 343 -58
4 230 89
4 332 -70
4 401 21
4 255 -61
4 148 96
4 165 45
4 14 78
4 12 87
5 303 -81
5 326 28
5 210 -42
5 377 -51
5 483 -70
5 327 -7
5 449 -11
5 158 -35
5 477 95
5 497 -32
5 410 71
5 295 -79
5 49 84
5 225 -65
5 269 -15
5 467 -53
5 191 -65
5 83 -29
5 262 -82
5 14 16
5 350 -26
5 283 -18
5 165 95
6 84 39
6 59 52
6 352 65
6 76 -8
6 221 61
6 346 21
6 489 92
6 477 -19
6 410 -93
6 33 -5
6 74 -70
6 430 -72
6 457 17
6 212 -58
6 421 2
6 453 12
6 115 -2
6 305 73
6 506 48
6 98 -5
6 469 82
6 321 27
7 386 42
7 229 11
7 453 -67
7 340 31
7 438 -17
7 461 -32
7 423 -90
7 259 87
7 336 -86
7 81 -96
7 506 64
7 190 15
7 469 -14
7 413 -32
7 388 -80
7 273 -90
7 442 -94
7 391 -6
7 144 62
7 23 83
7 459 89
7 385 98
7 249 -11
8 130 21
8 256 -82
8 330 74
8 237 81
8 207 -57
8 124 15
8 441 63
8 248 -38
8 355 -48
8 424 68
8 191 -91
8 29 2
8 319 91
8 139 -6
8 360 93
8 455 -81
8 365 71
8 404 -82
8 123 29
8 493 75
8 218 84
8 73 -98
9 78 -70
9 500 79
9 40 -29
9 375 -10
9 322 75
9 380 -25
9 185 -97
9 423 33
9 190 -44
9 50 -7
9 276 -97
9 452 79
9 128 -64
9 378 19
9 475 27
9 37 84
9 394 43
9 430 -52
9 204 -79
9 122 -16
9 58 19
9 97 12
9 139 -82
10 377 -85
10 235 95
10 132 -92
10 450 74
10 25 26
10 395 -40
10 302 96
10 361 -1
10 45 -15
10 391 67
10 149 27
10 511 34
10 95 -30
10 111 79
10 58 -62
10 164 22
10 42 -39
10 279 -37
10 123 -85
10 363 23
10 505 57
10 494 25
11 218 -65
11 408 18
11 462 -41
11 271 80
11 422 29
11 265 -20
11 79 -30
11 43 17
11 192 4
11 297 -71
11 91 6
11 244 -30
11 54 -95
11 461 -2
11 146 -74
11 103 52
11 97 70
11 497 59
11 56 69
11 407 66
11 469 -32
11 76 -10
11 288 96
12 130 93
12 345 -64
12 31 59
12 25 31
12 230 -66
12 95 66
12 263 17
12 153 53
12 439 58
12 505 -88
12 91 -40
12 290 15
12 508 71
12 188 71
12 498 -68
12 340 -2
12 342 28
12 52 -47
12 213 -81
12 75 -11
12 55 -87
12 203 -36
13 454 -87
13 481 -19
13 493 -35
13 153 98
13 382 76
13 496 -21
13 371 0
13 306 -42
13 477 -59
13 266 59
13 453 10
13 205 13
13 325 33
13 378 47
13 336 -89
13 347 -47
13 131 44
13 277 -43
13 92 13
13 134 57
13 284 13
13 183 -39
14 201 36
14 48 27
14 153 -67
14 73 -29
14 262 -9
14 464 -69
14 117 -66
14 237 88
14 210 30
14 344 -70
14 483 54
14 33 -1
14 138 -86
14 408 49
14 301 97
14 198 -10
14 99 -35
14 266 71
14 121 -50
14 427 10
14 217 54
14 364 13
14 260 -48
15 92 43
15 185 3
15 126 -48
15 507 -52
15 49 -82
15 491 27
15 326 -47
15 148 -96
15 125 -49
15 304 31
15 470 -78
15 299 -32
15 52 17
15 377 -44
15 476 40
15 48 -94
15 107 75
15 144 -41
15 116 36
15 464 -6
15 69 94
15 208 85
15 29 -19
16 271 62
16 73 23
16 95 -82
16 71 85
16 398 27
16 70 -85
16 191 -13
16 145 -49
16 447 -27
16 173 46
16 20 66
16 424 -40
16 248 -2
16 292 -74
16 421 -54
16 239 94
16 181 -35
16 123 54
16 272 13
17 343 59
17 182 25
17 417 9
17 200 -86
17 354 -13
17 320 65
17 204 -49
17 27 62
17 238 33
17 42 -79
17 142 -1
17 412 74
17 92 -15
17 82 93
17 145 -98
17 55 -90
17 187 -11
17 389 45
17 378 -17
17 253 46
17 460 1
17 491 39
17 384 -47
18 98 -62
18 112 60
18 116 -100
18 358 76
18 155 -21
18 339 -46
18 495 -5
18 482 -5
18 102 -48
18 269 27
18 335 -11
18 321 21
18 373 -53
18 491 32
18 136 -12
18 440 22
18 498 -36
18 418 76
18 224 38
18 254 -44
18 130 64
19 425 -88
19 301 77
19 289 -87
19 256 39
19 60 -75
19 393 -80
19 358 -98
19 288 97
19 263 -47
19 388 -98
19 75 16
19 429 97
19 260 -55
19 276 -30
19 282 -25
19 428 48
19 62 -86
19 157 -58
19 162 10
19 397 97
19 255 -88
19 405 84
19 175 -88
20 335 30
20 291 40
20 294 -37
20 462 -56
20 352 -21
20 264 33
20 230 79
20 60 48
20 359 51
20 269 -13
20 499 -15
20 145 87
20 174 -36
20 265 -73
20 374 -83
20 23 -28
20 351 -92
20 307 39
20 302 64
20 99 -26
20 144 -50
20 339 -17
20 448 26
21 101 -45
21 413 39
21 26 71
21 237 49
21 87 80
21 451 13
21 506 -45
21 231 -31
21 376 -69
21 106 73
21 296 -61
21 258 77
21 509 78
21 118 31
21 95 99
21 168 -37
21 55 12
21 218 38
21 384 -49
21 392 67
21 443 -28
22 116 97
22 224 59
22 257 -60
22 243 63
22 399 -71
22 94 -83
22 452 -97
22 136 81
22 207 62
22 408 -6
22 283 64
22 322 12
22 44 48
22 84 75
22 212 58
22 48 74
22 218 76
22 492 -58
22 269 59
22 275 68
22 279 -67
23 477 -40
23 468 17
23 89 53
23 106 -98
23 118 -54
23 203 -77
23 400 5
23 105 -72
23 372 -100
23 174 -76
23 371 62
23 278 69
23 284 -29
23 313 -66
23 99 80
23 162 -5
23 355 26
23 194 14
23 129 -48
23 68 -41
23 56 24
24 280 -42
24 412 -5
24 77 36
24 478 -17
24 236 -88
24 268 79
24 443 -34
24 339 -83
24 434 -71
24 405 -53
24 252 66
24 72 -36
24 447 14
24 351 -48
24 64 68
24 511 78
24 491 -65
24 138 86
24 327 75
24 474 57
25 86 -39
25 208 -10
25 311 -57
25 291 88
25 351 -81
25 274 14
25 422 -73
25 489 26
25 47 -37
25 51 9
25 432 55
25 334 -38
25 97 82
25 363 52
25 235 -37
25 420 15
25 331 -62
25 253 -6
25 201 49
25 61 83
26 60 -13
26 218 -5
26 211 20
26 423 -20
26 268 -88
26 313 97
26 245 -28
26 319 -11
26 432 -90
26 478 -61
26 232 86
26 426 -28
26 143 -57
26 497 -97
26 84 -58
26 280 1
26 193 60
26 38 63
26 68 -21
26 418 45
26 340 -45
26 165 20
26 456 -28
27 493 7
27 424 -26
27 234 -100
27 425 -20
27 247 12
27 387 -91
27 236 -95
27 381 -95
27 176 32
27 505 18
27 43 48
27 483 -17
27 331 -67
27 335 67
27 183 -42
27 287 10
27 260 59
27 211 -83
27 237 20
27 413 27
27 163 -59
27 338 -20
28 170 56
28 253 43
28 81 39
28 322 32
28 148 -21
28 76 69
28 264 -68
28 465 53
28 116 -70
28 168 77
28 241 51
28 368 -25
28 184 98
28 391 17
28 149 19
28 219 62
28 73 58
28 268 -3
28 338 -64
28 109 -23
28 246 -73
28 82 95
28 485 -64
29 458 -100
29 211 -80
29 302 56
29 112 97
29 418 56
29 60 -56
29 268 48
29 53 -70
29 103 5
29 123 81
29 308 -64
29 117 -98
29 168 -65
29 158 62
29 510 95
29 239 -88
29 362 44
29 153 -82
29 369 18
29 116 83
29 481 -76
29 336 -93
30 404 88
30 207 -68
30 175 -13
30 355 -55
30 406 -2
30 102 -53
30 473 4
30 93 28
30 443 52
30 286 -12
30 208 13
30 240 73
30 363 71
30 493 -52
30 140 -37
30 506 6
30 161 -20
30 134 60
30 55 -7
30 88 -38
30 231 87
30 337 77
31 368 -11
31 136 -31
31 88 -29
31 169 -24
31 129 51
31 359 21
31 220 86
31 218 -28
31 280 -67
31 261 49
31 272 -67
31 471 -31
31 510 47
31 285 27
31 242 -1
31 94 -29
31 118 22
31 500 6
31 404 41
31 35 -67
31 494 99
31 36 16
32 453 -70
32 48 5
32 249 16
32 215 -85
32 146 17
32 332 -26
32 424 46
32 85 25
32 334 -21
32 279 76
32 461 -62
32 149 4
32 343 -2
32 56 -6
32 308 53
32 196 -67
32 111 -7
32 157 -57
32 229 35
32 39 -5
33 488 -22
33 362 57
33 138 -83
33 304 0
33 176 82
33 293 -8
33 477 50
33 464 -81
33 295 86
33 247 36
33 289 -85
33 498 -61
33 414 -32
33 411 41
33 279 -17
33 56 -38
33 124 4
33 476 38
33 327 -58
33 166 62
33 306 95
33 351 -40
34 257 -86
34 207 -44
34 134 -78
34 72 -76
34 132 -36
34 204 99
34 190 -86
34 128 -71
34 182 94
34 335 21
34 194 69
34 158 49
34 50 -16
34 179 -53
34 129 44
34 360 33
34 496 79
34 272 -77
34 81 91
34 383 -16
34 262 92
34 227 -81
35 393 -8
35 117 -66
35 206 52
35 138 7
35 302 -83
35 312 35
35 253 37
35 154 -64
35 77 -99
35 466 -83
35 100 -8
35 262 93
35 376 38
35 221 60
35 304 -52
35 395 -38
35 334 -81
35 281 69
35 189 15
35 196 -88
36 115 68
36 398 -8
36 441 -9
36 288 57
36 204 92
36 218 73
36 276 52
36 312 -39
36 347 -81
36 153 -42
36 503 -86
36 330 14
36 365 9
36 180 3
36 83 -50
36 445 -91
36 371 40
36 133 -68
36 158 -63
36 436 68
36 320 -20
36 410 90
36 409 45
37 377 24
37 118 98
37 345 79
37 452 36
37 241 -33
37 284 54
37 289 80
37 149 78
37 367 76
37 98 85
37 488 -80
37 127 -65
37 213 -15
37 100 -4
37 232 -30
37 302 -38
37 220 79
37 343 -53
37 70 -49
37 496 83
38 480 -11
38 466 -50
38 369 -33
38 93 -5
38 510 -53
38 182 62
38 223 -55
38 458 90
38 313 32
38 147 -22
38 100 35
38 108 88
38 339 41
38 191 21
38 180 51
38 351 29
38 333 81
38 298 -48
38 85 -44
38 460 -22
38 509 -31
38 236 20
39 40 61
39 321 -59
39 278 26
39 309 97
39 472 40
39 506 65
39 101 45
39 436 -61
39 158 -3
39 51 92
39 441 65
39 151 -3
39 401 35
39 471 -21
39 174 64
39 161 -29
39 432 -42
39 130 -1
39 139 96
39 417 18
39 144 -96
39 218 78
40 433 9
40 248 92
40 211 77
40 448 -1
40 446 -25
40 165 -69
40 348 -32
40 479 -15
40 109 43
40 416 -30
40 242 22
40 450 33
40 494 31
40 406 -77
40 334 26
40 421 69
40 129 -95
40 155 33
40 111 -56
40 322 95
40 422 -2
40 371 28
40 352 37
41 368 10
41 85 -27
41 366 14
41 211 34
41 480 97
41 309 -33
41 210 88
41 443 -73
41 439 -93
41 353 -13
41 249 44
41 345 -10
41 142 -32
41 68 -52
41 363 -4
41 498 41
41 172 -63
41 215 -45
41 148 -20
41 263 -51
42 256 -23
42 368 13
42 374 -20
42 214 -29
42 64 24
42 310 -48
42 491 21
42 174 83
42 396 2
42 117 -75
42 473 44
42 179 28
42 398 28
42 120 -4
42 308 56
42 449 -99
42 156 -9
42 406 -42
42 221 81
42 404 30
42 344 -96
42 233 3
42 386 -68
43 155 -24
43 288 -29
43 234 -45
43 143 79
43 352 -39
43 395 -29
43 321 -5
43 394 -79
43 223 26
43 191 80
43 252 -49
43 392 67
43 353 73
43 189 -35
43 150 -22
43 406 98
43 339 -3
43 330 -92
43 369 10
43 480 59
43 131 -8
44 405 70
44 48 -99
44 369 17
44 148 48
44 299 -9
44 372 -66
44 257 56
44 178 8
44 263 73
44 503 86
44 116 -67
44 284 24
44 196 89
44 182 -26
44 274 -40
44 187 93
44 156 30
44 230 -100
44 436 -67
44 232 10
44 433 77
45 357 7
45 179 -75
45 211 -95
45 207 49
45 65 -2
45 293 46
45 123 -59
45 460 1
45 55 -47
45 166 -44
45 192 -79
45 203 -57
45 237 43
45 50 76
45 439 -17
45 99 -56
45 509 -20
45 191 30
45 328 -83
45 169 -70
45 387 -4
45 201 49
46 286 -82
46 86 -60
46 203 -93
46 447 -100
46 126 78
46 298 51
46 52 1
46 435 -98
46 432 -37
46 396 11
46 223 9
46 357 -62
46 70 -93
46 470 -83
46 255 13
46 150 22
46 482 -55
46 262 33
46 351 -23
46 457 -87
46 455 -49
47 298 29
47 171 63
47 455 14
47 234 55
47 326 -17
47 148 -78
47 190 57
47 174 66
47 63 -30
47 202 45
47 59 -75
47 475 51
47 333 99
47 462 -22
47 482 -62
47 487 -44
47 438 8
47 398 0
48 495 -83
48 59 69
48 476 64
48 76 70
48 497 -74
48 407 26
48 199 63
48 105 -98
48 214 9
48 502 -65
48 99 -67
48 205 9
48 176 -91
48 90 -48
48 182 -24
48 398 33
48 183 64
48 111 80
48 125 85
48 415 99
48 399 16
49 194 -70
49 479 22
49 258 -90
49 307 76
49 417 -44
49 264 95
49 206 20
49 475 58
49 62 54
49 147 -76
49 294 82
49 212 -52
49 182 -1
49 131 96
49 278 -49
49 158 -96
49 243 15
49 159 3
49 380 77
49 363 42
49 474 -9
49 430 74
49 300 70
50 401 -39
50 74 -8
50 404 -40
50 155 -99
50 330 -31
50 497 -37
50 454 -72
50 298 -62
50 183 -11
50 53 -91
50 353 -49
50 96 44
50 138 -83
50 438 -72
50 492 61
50 321 78
50 399 49
50 260 68
50 186 -95
50 197 -95
50 460 65
51 233 38
51 164 44
51 363 -19
51 278 -23
51 505 79
51 146 72
51 69 -69
51 262 -85
51 441 37
51 313 -61
51 330 62
51 448 37
51 193 82
51 374 -39
51 468 37
51 102 -71
51 171 36
51 375 6
51 216 74
51 342 -13
52 460 77
52 335 92
52 287 -8
52 426 -67
52 507 98
52 437 85
52 97 87
52 116 -94
52 251 95
52 247 76
52 343 -50
52 94 -75
52 96 83
52 487 68
52 261 82
52 332 -43
52 257 73
52 483 94
52 207 -83
52 440 -75
53 192 -66
53 439 -58
53 234 51
53 58 23
53 266 -86
53 176 -53
53 367 -18
53 479 -69
53 477 61
53 57 72
53 489 22
53 187 25
53 449 19
53 207 72
53 349 58
53 279 -35
53 171 -23
53 431 -23
53 211 32
53 120 -52
53 190 28
54 358 -53
54 57 -1
54 64 79
54 419 70
54 110 -75
54 470 -84
54 68 -37
54 290 -77
54 440 -38
54 353 -27
54 403 -70
54 173 -82
54 395 -86
54 388 -97
54 212 -84
54 70 -97
54 451 17
54 165 -77
54 244 -26
54 228 21
55 213 -15
55 156 -87
55 92 61
55 345 -80
55 290 87
55 197 37
55 402 4
55 63 85
55 83 81
55 393 -72
55 448 -93
55 418 -59
55 343 -83
55 306 -36
55 194 82
55 420 17
55 500 -44
55 72 -73
55 409 94
55 247 -33
55 260 -68
55 510 -70
56 376 -73
56 430 53
56 136 -93
56 301 76
56 313 -76
56 258 -66
56 462 99
56 72 76
56 142 -52
56 109 30
56 221 76
56 95 50
56 353 87
56 238 -20
56 506 -14
56 155 24
56 366 27
56 373 -63
56 175 -77
56 340 85
56 427 74
56 495 61
56 384 13
57 467 -52
57 508 -99
57 454 -33
57 476 -89
57 328 -94
57 379 -88
57 386 28
57 180 72
57 105 -94
57 387 56
57 314 -49
57 464 22
57 98 -5
57 298 96
57 347 -68
57 457 -36
57 290 18
57 320 4
57 72 -15
57 489 -10
58 92 -34
58 493 18
58 269 -59
58 369 -94
58 61 -9
58 91 -98
58 485 -6
58 248 -85
58 357 -27
58 116 74
58 161 52
58 253 97
58 250 41
58 128 -31
58 420 33
58 152 95
58 242 92
58 464 48
58 404 28
58 432 -77
58 138 54
58 457 92
59 144 -1
59 428 64
59 446 71
59 174 -25
59 188 80
59 135 -34
59 176 -67
59 122 41
59 510 96
59 232 94
59 325 47
59 105 -30
59 288 -91
59 63 -12
59 62 60
59 106 43
59 399 -7
59 189 38
59 127 -18
60 240 -66
60 205 -72
60 85 97
60 257 56
60 326 -55
60 397 40
60 298 -43
60 119 1
60 287 88
60 209 59
60 414 -88
60 219 -68
60 179 2
60 303 43
60 71 31
60 494 55
60 286 -11
60 88 -45
60 373 75
61 408 20
61 299 45
61 453 -24
61 507 85
61 154 37
61 334 -70
61 115 -58
61 491 -54
61 159 8
61 337 85
61 464 -48
61 386 -25
61 174 -62
61 367 65
61 457 -84
61 157 34
61 189 -12
61 244 -67
61 216 43
61 428 -84
61 396 -61
62 136 -19
62 256 77
62 416 96
62 472 60
62 128 16
62 114 -46
62 365 -24
62 137 75
62 511 41
62 497 -75
62 418 -98
62 440 -93
62 224 89
62 71 -49
62 450 -18
62 173 -21
62 189 95
62 263 -13
62 281 -86
62 63 40
62 298 61
63 331 46
63 110 81
63 425 57
63 427 -23
63 208 70
63 144 8
63 214 41
63 97 -67
63 494 49
63 164 99
63 407 4
63 147 -42
63 374 50
63 420 -36
63 437 -55
63 161 -92
63 117 -81
63 124 -96
63 327 -63
63 278 -88
63 450 -46
64 306 66
64 467 -98
64 271 -90
64 226 81
64 107 15
64 91 97
64 238 40
64 153 3
64 255 61
64 381 -93
64 108 -44
64 258 -31
64 78 -43
64 203 -32
64 110 -93
64 265 -40
64 369 18
64 291 -60
65 128 -29
65 115 -92
65 456 13
65 142 2
65 360 48
65 255 12
65 93 49
65 419 30
65 138 -13
65 499 86
65 342 -55
65 503 13
65 114 -77
65 390 -73
65 201 31
65 231 7
65 156 -11
65 422 89
65 421 -65
65 173 -91
66 188 52
66 456 -71
66 139 29
66 450 43
66 105 -48
66 89 -98
66 238 19
66 92 68
66 336 -50
66 457 -61
66 429 -10
66 294 62
66 350 82
66 288 80
66 497 48
66 199 -30
66 468 84
66 129 -100
66 442 -63
66 301 -6
66 106 93
66 217 -13
67 176 -59
67 404 59
67 470 -94
67 459 49
67 509 65
67 337 67
67 186 89
67 223 -5
67 106 -36
67 71 -82
67 325 -94
67 344 -36
67 275 -28
67 471 -29
67 199 30
67 230 -27
67 115 60
67 445 -21
67 113 22
67 435 -46
67 336 81
67 476 -49
68 297 -81
68 491 -86
68 76 67
68 173 72
68 283 -17
68 72 -23
68 317 11
68 419 3
68 446 7
68 168 57
68 121 -24
68 472 12
68 208 -9
68 92 95
68 364 -42
68 313 -51
68 466 -1
68 412 -47
68 454 24
68 404 94
69 446 -12
69 352 55
69 381 56
69 132 -21
69 448 91
69 250 52
69 289 47
69 399 -40
69 305 -65
69 94 -24
69 467 -86
69 358 64
69 208 -85
69 336 -86
69 270 -30
69 290 -56
69 121 55
69 396 80
69 401 -53
69 454 -2
69 99 -64
69 185 67
70 182 63
70 422 91
70 79 53
70 158 85
70 286 9
70 386 -72
70 102 43
70 427 93
70 318 -61
70 204 -21
70 421 13
70 268 -18
70 322 -82
70 376 95
70 237 -23
70 354 85
70 155 -56
70 210 15
71 445 -49
71 165 -27
71 314 98
71 226 12
71 180 -26
71 285 37
71 117 -40
71 347 -7
71 157 35
71 501 -68
71 179 51
71 183 -70
71 340 58
71 342 -18
71 466 49
71 219 78
71 275 -55
71 503 -19
71 143 -98
71 467 -14
72 461 -24
72 390 -22
72 334 -30
72 220 -30
72 169 64
72 102 -96
72 214 -70
72 465 -42
72 425 -17
72 330 -73
72 352 -26
72 482 35
72 331 -54
72 397 -85
72 147 21
72 505 58
72 200 -27
72 226 -94
72 345 92
72 392 -66
72 118 81
72 235 -46
73 335 -29
73 449 -79
73 373 -21
73 440 88
73 248 98
73 431 -3
73 326 67
73 339 92
73 446 -38
73 483 96
73 152 46
73 285 -24
73 478 94
73 166 96
73 290 -62
73 327 -85
73 453 3
73 410 -48
73 244 -99
73 393 -53
74 376 69
74 448 56
74 370 2
74 416 19
74 110 -38
74 372 -53
74 444 -41
74 85 7
74 433 80
74 363 -36
74 317 37
74 493 -37
74 296 -47
74 235 -2
74 104 -86
74 174 -81
74 162 -15
74 406 -45
74 504 -7
75 144 -97
75 362 37
75 85 99
75 183 -88
75 500 47
75 291 -43
75 396 87
75 237 82
75 335 -3
75 497 -44
75 288 -42
75 89 21
75 501 23
75 211 -17
75 365 -94
75 301 -79
75 296 -65
75 489 -1
75 294 -18
75 226 44
76 328 20
76 292 -58
76 371 -38
76 173 -95
76 85 69
76 275 80
76 207 -94
76 118 -93
76 202 74
76 154 42
76 495 73
76 452 -73
76 194 93
76 503 74
76 91 24
76 308 42
76 356 -86
76 306 90
76 295 29
76 238 -82
77 197 -53
77 465 60
77 436 -93
77 178 24
77 164 -75
77 293 10
77 330 21
77 510 70
77 326 72
77 308 98
77 311 -19
77 97 75
77 307 8
77 303 -52
77 78 57
77 439 38
77 361 -85
77 295 88
77 339 -47
77 84 -46
77 441 -46
78 212 35
78 81 22
78 383 -57
78 429 -79
78 99 -24
78 497 96
78 387 -11
78 234 98
78 368 47
78 453 -94
78 203 68
78 126 47
78 381 -48
78 472 -54
78 460 62
78 352 -88
79 269 -76
79 168 48
79 212 -7
79 160 -11
79 86 -73
79 493 -70
79 341 6
79 130 52
79 393 98
79 455 27
79 190 -55
79 424 -38
79 407 -85
79 261 -93
79 146 -9
79 320 89
79 118 -80
79 287 -69
79 446 24
79 151 24
79 92 -58
80 352 -61
80 292 45
80 236 -31
80 95 89
80 185 -18
80 254 -76
80 429 -88
80 116 -95
80 475 -21
80 437 -28
80 436 63
80 508 72
80 94 -76
80 481 -48
80 373 0
80 169 -60
80 505 40
80 433 -74
80 449 -95
80 147 93
80 397 2
80 279 42
81 463 -4
81 289 48
81 457 -23
81 466 -49
81 364 -78
81 105 -67
81 260 -38
81 259 81
81 303 12
81 343 -81
81 182 -43
81 285 -5
81 96 -14
81 434 -98
81 416 1
81 315 -38
81 103 -97
81 134 -23
81 170 11
82 231 -23
82 352 95
82 125 34
82 153 28
82 220 -18
82 485 -67
82 421 -66
82 446 -40
82 196 -21
82 135 -17
82 217 -83
82 203 -69
82 471 -48
82 269 92
82 429 -68
82 313 88
82 148 51
82 339 -97
83 462 -48
83 507 65
83 396 -96
83 237 -42
83 344 67
83 95 98
83 436 3
83 110 -34
83 393 -13
83 385 79
83 368 -40
83 401 78
83 123 50
83 291 63
83 88 15
83 374 -27
83 272 86
83 493 -29
83 408 32
83 336 -48
84 489 -89
84 124 -96
84 339 -87
84 370 -22
84 104 80
84 91 32
84 191 15
84 446 -7
84 238 91
84 201 -73
84 363 85
84 295 -5
84 231 41
84 375 35
84 265 -66
84 360 -44
84 393 -7
84 483 -67
84 227 1
84 120 84
84 347 -41
85 418 -35
85 88 91
85 345 20
85 401 -58
85 477 46
85 445 31
85 225 10
85 98 -83
85 134 -78
85 502 80
85 92 50
85 132 -45
85 353 -75
85 429 64
85 508 -95
85 438 63
85 158 35
85 321 95
85 267 -12
86 223 82
86 171 -73
86 216 -64
86 402 -5
86 160 -26
86 376 56
86 499 92
86 448 81
86 155 -14
86 328 -26
86 472 86
86 139 -1
86 294 90
86 502 -6
86 432 -67
86 162 8
86 89 -68
86 154 4
86 413 87
86 298 78
87 269 43
87 176 -57
87 297 81
87 385 -67
87 301 54
87 356 76
87 315 40
87 135 80
87 329 71
87 303 48
87 320 -35
87 505 37
87 397 -41
87 245 25
87 180 32
87 352 81
87 445 -91
88 379 43
88 217 33
88 397 -16
88 463 -75
88 481 -55
88 134 44
88 503 47
88 140 85
88 411 -68
88 501 58
88 99 -68
88 112 87
88 105 37
88 276 63
88 201 -89
88 395 2
88 286 21
88 271 85
88 419 56
89 193 -10
89 280 -87
89 101 -36
89 212 -72
89 216 13
89 261 -73
89 272 58
89 385 0
89 159 36
89 418 10
89 412 -15
89 505 6
89 384 81
89 228 -6
89 369 -32
89 310 83
89 244 86
89 345 3
89 186 96
89 113 98
89 492 99
89 388 -35
90 360 -67
90 491 16
90 287 -57
90 109 -44
90 380 -62
90 236 30
90 301 -44
90 367 43
90 343 -22
90 168 -7
90 198 55
90 304 -26
90 342 13
90 503 85
90 350 -4
90 364 -82
91 212 -66
91 462 -63
91 420 56
91 352 76
91 217 -96
91 208 66
91 502 29
91 490 -80
91 442 44
91 213 -12
91 107 -96
91 126 51
91 426 -8
91 300 73
91 304 -90
91 200 -80
91 446 62
91 127 73
91 99 58
92 243 79
92 183 39
92 438 32
92 132 -6
92 429 -36
92 256 46
92 209 22
92 290 -75
92 340 9
92 375 -13
92 116 7
92 479 72
92 122 -90
92 350 -44
92 405 44
92 467 93
92 237 -40
93 177 -99
93 238 19
93 157 13
93 372 10
93 438 -26
93 262 50
93 360 -53
93 369 -79
93 112 -9
93 359 -88
93 95 23
93 269 79
93 384 -23
93 247 20
93 140 -36
93 381 64
93 228 -44
93 329 -33
93 326 5
93 242 15
93 392 -66
94 285 35
94 486 21
94 378 -62
94 282 59
94 324 52
94 305 87
94 177 -1
94 181 58
94 470 28
94 416 -59
94 287 26
94 221 -75
94 280 -84
94 203 82
94 493 27
94 226 94
94 121 -35
94 474 -6
94 441 34
95 312 2
95 330 -84
95 158 -83
95 487 51
95 433 19
95 230 -47
95 249 -20
95 253 25
95 377 -79
95 371 -77
95 310 -30
95 313 -61
95 193 36
95 326 -87
95 343 -21
95 145 66
95 224 -33
95 244 25
95 98 10
95 130 -55
96 97 -8
96 502 -59
96 457 -67
96 323 44
96 302 38
96 415 5
96 222 0
96 458 79
96 220 -81
96 281 92
96 310 37
96 108 -73
96 230 30
96 449 29
96 492 -25
96 419 -33
96 322 -57
96 154 -68
97 457 55
97 437 68
97 161 -55
97 276 -19
97 327 64
97 322 6
97 508 -1
97 445 13
97 289 45
97 229 31
97 434 77
97 218 85
97 202 12
97 212 -48
97 388 99
97 157 60
98 482 65
98 452 -92
98 189 -45
98 233 4
98 503 38
98 454 53
98 289 -59
98 385 -58
98 381 66
98 489 71
98 165 80
98 443 65
98 360 6
98 459 12
98 339 -24
98 105 -19
98 208 69
98 456 7
99 433 -11
99 265 59
99 397 15
99 303 -53
99 429 41
99 127 -76
99 505 -12
99 147 -87
99 120 86
99 444 -9
99 128 96
99 119 79
99 113 -85
99 183 -74
99 339 -52
99 217 4
99 419 19
99 489 -13
99 114 -59
99 453 -42
99 124 81
100 235 -75
100 178 11
100 415 99
100 238 -46
100 263 1
100 154 60
100 218 87
100 319 -36
100 103 -80
100 293 -17
100 424 -84
100 196 -4
100 280 19
100 174 66
100 396 -24
100 291 -94
100 276 -66
100 157 30
100 315 -17
100 357 -23
101 496 -48
101 218 -54
101 271 -23
101 324 -90
101 231 -66
101 161 57
101 448 80
101 163 68
101 451 -63
101 338 61
101 354 24
101 495 81
101 276 -27
101 393 -72
101 217 31
101 127 -45
101 340 -61
101 300 -64
101 306 -41
102 323 -39
102 181 -42
102 133 39
102 263 -24
102 334 59
102 229 56
102 111 6
102 379 15
102 362 88
102 453 -56
102 274 -6
102 465 -32
102 171 67
102 270 14
102 443 -28
102 432 16
102 417 38
102 439 99
103 443 67
103 216 -61
103 202 -17
103 426 19
103 348 -37
103 387 -50
103 471 7
103 314 -39
103 156 -11
103 294 -37
103 279 -59
103 243 96
103 412 60
103 393 -40
103 223 39
103 478 55
103 117 37
103 135 -14
104 509 86
104 350 92
104 407 -19
104 178 69
104 173 55
104 330 -21
104 483 -49
104 354 18
104 310 -45
104 318 -20
104 259 -72
104 438 55
104 320 -17
104 199 38
104 442 -84
104 185 -47
104 271 27
104 297 12
104 411 70
104 385 -48
105 427 -37
105 210 -2
105 121 88
105 312 -48
105 139 69
105 225 64
105 346 -82
105 433 27
105 417 95
105 393 -68
105 441 -72
105 115 29
105 215 -32
105 402 -12
105 111 -85
105 106 -39
105 362 -51
105 460 68
105 408 -59
105 246 28
105 194 78
106 175 14
106 441 83
106 325 62
106 242 -55
106 152 -69
106 246 40
106 151 -79
106 450 -11
106 292 81
106 337 98
106 425 26
106 300 91
106 442 37
106 219 22
106 424 38
106 459 -81
106 201 79
106 430 -62
107 437 -33
107 402 77
107 157 -54
107 470 -83
107 119 61
107 351 -15
107 235 -67
107 392 66
107 431 -11
107 192 -28
107 252 17
107 291 -88
107 330 29
107 176 80
107 501 -67
107 160 -37
107 240 -49
107 136 -34
108 414 62
108 326 -79
108 230 24
108 158 -57
108 307 -97
108 389 32
108 228 92
108 443 -48
108 367 15
108 358 -51
108 453 61
108 136 54
108 339 -21
108 133 -97
108 187 79
108 424 78
108 464 -59
108 329 60
109 236 84
109 175 67
109 411 -42
109 114 61
109 346 -32
109 478 -14
109 337 -94
109 351 -98
109 138 -49
109 150 -53
109 511 -72
109 296 -18
109 494 2
109 474 -1
109 407 -16
109 501 -83
109 374 -14
109 235 51
110 175 -98
110 503 -65
110 324 -41
110 329 -55
110 378 49
110 384 7
110 185 54
110 247 37
110 161 16
110 452 -78
110 260 24
110 405 60
110 181 11
110 114 -97
110 393 11
110 410 -44
110 308 -42
111 121 9
111 445 50
111 330 -49
111 323 -15
111 205 -64
111 341 66
111 304 -100
111 320 -25
111 359 21
111 439 -26
111 164 50
111 471 46
111 243 -25
111 138 17
111 196 -5
111 459 88
111 225 -1
112 130 46
112 393 -39
112 231 91
112 145 45
112 132 49
112 240 51
112 219 -40
112 463 66
112 504 -68
112 196 -42
112 464 46
112 453 -96
112 154 74
112 236 6
112 438 91
112 479 -61
113 181 84
113 257 -28
113 471 -99
113 374 -18
113 409 -59
113 475 -64
113 171 1
113 479 -59
113 310 -82
113 206 -22
113 170 -29
113 385 -52
113 330 -49
113 394 18
113 341 2
113 172 -46
114 121 55
114 162 -4
114 203 12
114 146 -77
114 272 -61
114 315 11
114 251 -65
114 326 -86
114 475 36
114 297 97
114 117 15
114 403 25
114 367 -19
114 441 -83
114 196 -8
114 293 -22
114 181 68
115 208 -14
115 197 25
115 281 -57
115 433 56
115 172 15
115 454 91
115 510 60
115 187 71
115 283 64
115 399 -33
115 456 -24
115 234 -36
115 159 -25
115 371 78
115 364 57
115 358 33
115 240 -8
115 293 33
115 439 -58
115 263 15
116 199 -35
116 179 -28
116 148 -33
116 385 -33
116 210 -49
116 457 -25
116 164 32
116 315 -91
116 176 70
116 198 -9
116 135 -11
116 323 -85
116 348 89
116 470 -67
116 215 53
116 272 -37
116 221 -88
116 277 -48
116 433 -73
117 411 90
117 263 64
117 201 20
117 158 19
117 312 14
117 369 32
117 240 -27
117 427 -9
117 173 -72
117 208 38
117 304 64
117 209 -91
117 232 -24
117 444 -98
117 213 54
117 392 -57
117 431 -59
117 366 -54
117 121 79
117 229 -91
118 302 58
118 192 12
118 260 -42
118 165 -64
118 313 -10
118 127 -1
118 487 -20
118 172 20
118 425 94
118 460 -31
118 229 26
118 454 -32
118 306 -82
118 303 12
118 310 94
118 435 95
118 508 -76
118 180 -31
118 219 -36
119 236 -81
119 334 97
119 143 -9
119 359 -33
119 351 43
119 500 72
119 476 -78
119 438 -85
119 192 -98
119 174 -59
119 511 27
119 228 59
119 462 99
119 189 38
119 310 63
120 314 44
120 204 98
120 234 -96
120 386 41
120 398 99
120 488 -29
120 299 16
120 371 25
120 290 84
120 449 10
120 417 52
120 198 42
120 476 35
120 247 27
121 167 6
121 471 -90
121 125 -89
121 309 47
121 248 87
121 172 61
121 180 66
121 207 83
121 396 -95
121 132 -53
121 478 -19
121 265 -60
121 202 -32
121 218 98
121 509 99
121 416 29
121 502 23
121 188 52
122 302 -41
122 319 -13
122 149 -59
122 483 -63
122 407 58
122 453 -11
122 504 -92
122 357 -74
122 509 98
122 414 38
122 329 93
122 436 92
122 502 61
122 511 75
122 469 -8
122 143 -32
122 261 24
122 185 35
122 344 38
123 125 43
123 379 60
123 479 -11
123 324 30
123 242 79
123 285 -22
123 483 66
123 475 12
123 404 -15
123 261 -81
123 463 -82
123 153 55
123 389 90
123 490 29
123 172 0
123 461 -70
124 139 -65
124 391 92
124 132 67
124 130 -63
124 276 -71
124 508 -16
124 477 32
124 451 -59
124 304 -36
124 250 42
124 181 -76
124 305 -38
124 263 -84
124 335 -15
124 350 -68
124 423 -99
125 280 30
125 467 51
125 217 -79
125 131 68
125 268 -87
125 142 -35
125 312 29
125 238 -96
125 184 66
125 212 -32
125 384 -82
125 185 -11
125 337 13
125 428 1
125 207 46
125 386 42
125 177 4
126 436 60
126 382 -95
126 317 58
126 170 17
126 376 -75
126 345 16
126 189 -14
126 451 -8
126 216 44
126 491 -21
126 477 -67
126 354 32
126 212 35
126 261 50
126 453 82
127 128 -13
127 430 79
127 285 -47
127 387 26
127 384 -84
127 363 68
127 150 93
127 159 87
127 404 -48
127 197 -8
127 220 -100
127 232 -63
127 337 26
127 340 -9
127 438 -4
127 229 23
127 343 65
127 137 34
127 264 -77
128 427 -32
128 383 20
128 156 -87
128 187 -8
128 252 -7
128 411 -66
128 210 -25
128 406 98
128 247 29
128 227 -79
128 148 -35
128 443 -69
128 475 -79
128 506 -47
128 327 -66
128 394 7
129 222 -81
129 327 46
129 361 -88
129 226 -72
129 381 96
129 325 55
129 406 96
129 366 -48
129 326 94
129 132 35
129 211 -1
129 408 1
129 352 81
129 262 -12
129 177 -92
129 507 77
129 198 -67
129 221 73
130 458 -43
130 267 -71
130 197 56
130 426 -76
130 195 -49
130 423 -79
130 171 -36
130 153 69
130 206 -37
130 233 96
130 194 -36
130 436 11
130 326 -40
130 270 -34
131 267 68
131 294 -100
131 190 93
131 340 -29
131 476 51
131 308 35
131 450 4
131 501 94
131 195 86
131 494 -98
131 233 32
131 397 -76
131 439 24
131 184 -76
131 401 -36
131 186 -58
131 140 93
131 250 -79
131 328 60
131 189 -56
132 165 -83
132 286 88
132 447 -64
132 461 48
132 433 44
132 388 74
132 416 70
132 441 -21
132 503 8
132 259 -79
132 191 27
132 467 -31
132 168 -37
133 209 -92
133 190 -96
133 405 -22
133 151 -2
133 316 50
133 191 -98
133 435 -5
133 156 -25
133 152 -90
133 181 72
133 339 31
133 493 -4
133 266 29
133 296 36
133 295 87
133 422 26
133 145 37
133 365 64
134 168 -57
134 265 -99
134 180 61
134 460 -82
134 473 -15
134 406 40
134 251 -66
134 323 -12
134 431 -37
134 345 -52
134 303 -57
134 235 -18
134 401 -95
134 201 91
134 512 -34
134 449 83
134 289 -91
134 242 -4
134 296 -30
135 482 -56
135 292 66
135 248 -23
135 297 86
135 350 14
135 140 39
135 137 -24
135 382 99
135 205 -84
135 261 76
135 422 72
135 227 -8
135 144 23
135 398 46
135 181 65
135 424 -50
135 176 99
135 446 -1
136 184 85
136 429 59
136 468 -56
136 289 -35
136 218 -20
136 317 -37
136 460 68
136 239 -69
136 401 -82
136 224 -52
136 452 -99
136 162 97
136 226 -98
136 442 -54
137 231 30
137 182 -88
137 447 -49
137 353 0
137 472 -56
137 204 90
137 448 86
137 311 -79
137 296 -83
137 277 10
137 200 17
137 414 68
137 324 60
137 267 68
137 315 47
137 346 -17
137 416 -22
137 348 57
138 193 52
138 311 99
138 500 96
138 470 89
138 249 30
138 276 -68
138 232 -62
138 460 -86
138 284 46
138 170 46
138 356 13
138 376 -99
138 444 78
138 212 -73
138 425 -52
138 154 90
138 293 -52
138 218 33
138 378 98
138 305 -77
139 442 -31
139 296 50
139 462 -5
139 316 -90
139 472 44
139 179 -56
139 427 73
139 435 -56
139 140 -77
139 157 94
139 453 -91
139 246 -45
139 460 46
139 402 19
139 410 -7
139 159 35
140 384 55
140 367 -9
140 153 -92
140 222 -100
140 347 -99
140 457 -83
140 337 86
140 195 -10
140 413 50
140 233 -17
140 296 61
140 492 44
140 411 -9
140 419 -5
140 288 -35
140 434 85
140 290 47
140 428 -97
140 203 -12
141 443 53
141 181 -86
141 431 92
141 310 -76
141 478 58
141 505 -79
141 186 37
141 480 -37
141 271 3
141 492 -6
141 405 31
141 245 -75
141 282 -76
141 362 92
141 402 -45
141 209 27
141 470 -95
141 237 17
141 156 62
142 182 2
142 388 0
142 186 6
142 462 32
142 162 -85
142 238 -62
142 396 -62
142 321 -44
142 268 9
142 177 78
142 419 40
142 155 44
142 471 16
142 337 -45
142 330 -23
142 335 19
142 191 -99
142 192 -8
143 419 -32
143 255 -31
143 386 85
143 276 20
143 297 93
143 473 -26
143 449 57
143 347 44
143 403 33
143 327 -13
143 321 89
143 174 86
143 160 -34
143 385 -77
143 265 70
143 396 11
143 184 68
143 153 -59
143 383 95
144 417 -27
144 211 -62
144 480 -89
144 264 -98
144 331 -72
144 203 19
144 216 -72
144 237 17
144 224 58
144 512 90
144 422 95
144 221 -58
144 288 -50
144 378 -19
144 442 26
145 167 77
145 474 88
145 183 -90
145 481 -75
145 336 38
145 269 -90
145 259 19
145 453 -16
145 155 -69
145 276 -68
145 209 13
145 243 -60
145 311 -27
145 422 51
145 291 41
145 479 95
145 159 -30
146 437 58
146 414 -78
146 328 -43
146 346 20
146 304 -31
146 485 -66
146 482 -93
146 400 45
146 327 -3
146 235 -75
146 495 -34
146 460 -85
146 184 48
146 340 -37
146 479 -84
146 359 30
146 251 44
147 201 -99
147 453 -57
147 420 -28
147 284 80
147 163 81
147 354 -86
147 190 -87
147 430 8
147 327 -77
147 491 -72
147 241 -88
147 476 -23
147 164 96
147 474 27
147 508 -78
148 249 84
148 255 56
148 428 -3
148 222 -52
148 419 -77
148 283 15
148 485 53
148 197 -10
148 467 29
148 174 96
148 337 71
148 407 0
148 410 -93
148 214 20
148 432 75
148 438 -73
148 207 3
149 476 -74
149 243 66
149 364 77
149 445 34
149 313 -15
149 234 -70
149 197 -26
149 228 -13
149 333 -86
149 469 -67
149 341 -75
149 173 12
149 307 94
149 446 11
149 314 -91
149 471 95
149 482 10
149 417 -99
149 367 98
150 295 -18
150 176 19
150 262 -66
150 294 -9
150 492 -34
150 186 -46
150 290 -83
150 252 -97
150 289 78
150 392 2
150 188 -39
150 423 -10
150 453 43
150 243 -53
150 251 6
150 200 86
151 482 -65
151 312 -17
151 500 68
151 393 25
151 235 -100
151 314 43
151 184 86
151 378 83
151 425 -9
151 232 -64
151 162 -93
151 210 56
151 506 41
151 311 -5
151 435 9
151 187 87
151 324 -41
151 354 -17
152 355 -89
152 184 -71
152 365 -70
152 266 61
152 494 77
152 299 -23
152 294 -64
152 450 96
152 253 57
152 352 35
152 389 29
152 231 -49
152 204 5
152 194 2
152 385 8
153 419 -19
153 400 76
153 392 48
153 229 -75
153 507 45
153 228 54
153 275 -33
153 404 76
153 411 46
153 449 -54
153 205 16
153 379 35
153 390 -8
153 302 80
153 180 -65
153 363 68
154 252 49
154 330 -8
154 217 -28
154 284 -98
154 158 -41
154 223 -6
154 367 69
154 226 -20
154 318 -57
154 344 -81
154 239 37
154 165 -69
154 394 -60
154 269 70
154 480 -28
155 265 44
155 374 60
155 183 -60
155 387 -83
155 363 -19
155 459 -63
155 383 -72
155 159 -91
155 465 26
155 401 -34
155 243 -88
155 370 27
155 468 47
155 462 -83
156 457 -53
156 470 -97
156 229 -53
156 496 17
156 363 -42
156 325 -49
156 370 34
156 449 -42
156 243 -6
156 287 67
156 482 -96
156 373 7
156 335 -62
156 439 69
156 484 -65
156 502 41
156 175 90
156 473 3
157 478 3
157 355 67
157 337 56
157 378 -11
157 445 -86
157 330 87
157 472 -52
157 279 0
157 158 24
157 192 -74
157 404 37
157 280 43
157 250 75
157 375 93
157 450 -61
157 339 0
157 240 15
157 432 -13
158 321 -34
158 160 -12
158 376 34
158 495 28
158 512 -1
158 185 50
158 429 -61
158 334 32
158 418 -32
158 234 -12
158 172 -84
158 295 75
158 420 -73
158 288 15
158 364 19
158 267 -18
158 374 -49
159 452 15
159 502 -6
159 323 54
159 189 25
159 295 95
159 239 55
159 308 57
159 392 -83
159 173 11
159 470 99
159 349 31
159 407 85
159 172 -31
159 426 -45
159 202 19
159 393 91
159 371 -38
159 380 1
159 358 63
160 248 -65
160 203 31
160 462 76
160 300 13
160 504 -22
160 188 -54
160 208 71
160 408 47
160 337 17
160 179 53
160 456 66
160 271 -7
160 168 -13
160 247 -82
160 369 90
160 182 -8
160 184 -35
161 353 66
161 351 24
161 266 92
161 388 42
161 267 -67
161 384 -72
161 310 -46
161 494 -9
161 178 -52
161 249 38
161 485 -23
161 326 -5
161 371 -3
161 251 31
161 398 45
161 411 -18
162 496 37
162 285 -19
162 439 26
162 358 50
162 416 87
162 454 -51
162 415 -91
162 447 -60
162 376 56
162 453 21
162 305 50
162 344 -39
162 270 -82
162 304 1
163 347 -26
163 512 -74
163 429 -98
163 226 99
163 177 97
163 405 -26
163 279 72
163 257 3
163 335 61
163 367 28
163 351 -11
163 187 -38
163 439 -56
163 470 89
163 358 8
163 463 69
163 409 -80
163 440 65
163 331 -69
164 328 -63
164 414 -61
164 387 85
164 181 26
164 419 -44
164 314 3
164 453 22
164 270 -11
164 254 -66
164 337 -90
164 495 87
164 462 20
164 253 -36
164 335 95
164 463 -26
164 416 -84
164 302 76
164 179 12
164 336 95
164 292 82
165 242 -89
165 351 -40
165 482 96
165 254 34
165 274 -34
165 197 86
165 188 -87
165 440 89
165 448 37
165 191 -71
165 364 97
165 485 38
166 466 -15
166 261 52
166 237 18
166 236 37
166 409 30
166 374 0
166 453 -13
166 299 -51
166 248 -46
166 302 2
166 371 78
166 474 -23
166 250 28
166 269 -92
167 448 -39
167 246 -13
167 205 24
167 305 -95
167 395 -63
167 263 -13
167 239 20
167 186 9
167 276 -85
167 275 8
167 357 73
167 212 30
167 314 55
168 387 97
168 169 -71
168 486 75
168 452 32
168 405 72
168 228 -29
168 191 -57
168 417 13
168 214 -76
168 472 -83
168 484 -26
168 465 -59
168 213 71
168 426 -69
168 279 -61
168 388 -26
168 193 96
169 361 35
169 466 -81
169 247 49
169 354 70
169 476 68
169 321 84
169 333 23
169 387 -9
169 311 -81
169 429 68
169 367 79
169 210 -27
169 348 1
169 471 -80
170 320 21
170 174 42
170 225 65
170 349 -33
170 330 -23
170 468 -87
170 459 71
170 205 91
170 345 -64
170 249 -28
170 224 -53
170 312 -82
170 280 37
170 481 -85
170 215 88
171 471 61
171 496 23
171 184 -69
171 450 53
171 368 -9
171 218 -72
171 441 -65
171 428 50
171 424 -29
171 421 75
171 271 -50
171 186 54
171 383 -43
171 255 -83
172 354 73
172 410 33
172 393 -92
172 351 80
172 188 -58
172 411 -22
172 401 -85
172 263 -56
172 418 -67
172 457 23
172 176 -10
172 333 78
172 208 -85
172 213 85
172 493 55
173 500 -90
173 209 -63
173 291 -29
173 488 2
173 277 -42
173 508 42
173 298 -47
173 357 -81
173 443 -85
173 193 -65
173 444 98
173 360 71
173 363 93
173 460 55
173 503 93
174 316 -53
174 449 -61
174 394 -94
174 222 58
174 348 82
174 256 -79
174 411 50
174 446 -81
174 384 -74
174 226 -87
174 433 62
174 459 94
174 196 -76
174 511 -85
174 261 -24
175 448 60
175 343 36
175 411 -63
175 347 -81
175 344 -48
175 384 46
175 489 -11
175 463 -91
175 208 63
175 186 63
175 389 24
175 391 10
175 364 -98
175 504 -66
175 254 -50
175 337 -2
175 270 -51
175 401 -31
176 464 51
176 399 23
176 475 53
176 401 -63
176 312 41
176 396 -56
176 286 -84
176 235 -89
176 342 43
176 334 -61
176 489 52
176 188 -44
176 237 -51
176 460 -83
177 387 52
177 197 50
177 335 -16
177 321 72
177 433 -93
177 346 -11
177 487 -1
177 298 60
177 455 -73
177 484 68
177 464 65
177 449 85
177 447 -100
177 308 83
178 265 -36
178 302 -84
178 452 43
178 431 49
178 476 81
178 284 -63
178 327 -82
178 323 38
178 423 -40
178 457 62
178 370 0
178 331 -29
178 463 -1
178 296 5
178 336 28
178 420 85
178 325 33
179 480 -3
179 191 82
179 370 65
179 277 -16
179 371 -28
179 241 -96
179 260 70
179 183 -56
179 310 -83
179 281 -27
179 486 24
179 414 -41
179 295 43
180 442 12
180 418 -14
180 279 -35
180 427 -36
180 326 0
180 201 17
180 332 -67
180 273 34
180 431 61
180 468 63
180 194 29
180 277 -75
180 346 55
180 486 89
180 211 41
180 412 -96
181 261 -11
181 511 -28
181 369 -90
181 477 55
181 256 -29
181 338 79
181 205 85
181 185 37
181 218 14
181 392 83
181 491 -80
181 371 -31
181 191 -21
181 274 70
181 249 -17
182 347 -60
182 447 -50
182 261 -82
182 398 -97
182 244 67
182 467 62
182 335 -1
182 245 -60
182 251 57
182 327 -50
182 313 -95
182 219 -75
182 509 -100
182 417 94
182 444 53
182 466 -62
182 272 -48
183 416 -88
183 458 33
183 377 68
183 279 30
183 234 -74
183 452 98
183 435 80
183 235 69
183 263 11
183 413 7
183 344 -75
183 206 47
183 403 -77
183 318 -24
183 506 41
183 437 -95
184 197 65
184 416 88
184 192 45
184 218 -75
184 508 45
184 239 35
184 343 -44
184 303 -75
184 350 31
184 213 34
184 371 -10
184 282 -81
184 407 59
185 325 -91
185 305 60
185 289 79
185 441 -3
185 208 61
185 319 -63
185 365 -7
185 501 -74
185 245 -9
185 246 2
185 307 96
185 252 45
185 467 63
185 295 -34
186 484 -61
186 421 87
186 443 -12
186 339 76
186 388 11
186 455 -73
186 192 70
186 438 92
186 349 -91
186 234 -84
186 331 16
186 270 79
186 458 -1
186 364 -89
187 383 56
187 285 -10
187 407 -95
187 492 66
187 453 44
187 458 99
187 358 32
187 347 45
187 270 54
187 413 64
187 232 -85
187 495 -53
188 238 50
188 474 76
188 294 -59
188 291 82
188 271 -98
188 373 34
188 479 54
188 210 64
188 387 -24
188 511 -99
188 353 -68
189 318 -76
189 269 79
189 216 -64
189 473 11
189 194 46
189 412 91
189 388 -16
189 422 1
189 237 52
189 288 10
189 229 7
189 418 60
189 350 2
189 223 -10
190 414 68
190 369 92
190 318 17
190 456 76
190 194 46
190 366 10
190 290 35
190 420 -75
190 337 -72
190 353 38
190 262 -74
190 211 27
191 275 3
191 341 87
191 245 -92
191 247 98
191 282 -30
191 415 -59
191 305 44
191 269 91
191 202 -37
191 350 -58
191 343 -36
191 433 -88
192 468 -92
192 382 -55
192 326 27
192 448 82
192 223 -26
192 328 -88
192 329 6
192 457 14
192 449 45
192 358 -45
192 229 -81
192 315 82
192 207 -57
192 443 -48
192 314 89
193 453 24
193 236 -35
193 379 -60
193 377 53
193 416 -38
193 475 37
193 415 68
193 405 37
193 383 -72
193 283 23
193 420 -46
193 219 -5
193 458 81
193 505 77
194 222 68
194 417 38
194 464 62
194 300 13
194 451 -31
194 503 -98
194 285 -94
194 510 53
194 393 -35
194 402 26
194 381 15
194 475 -26
195 507 7
195 345 -91
195 232 -58
195 505 0
195 365 -14
195 463 -50
195 248 -95
195 303 -40
195 398 18
195 446 -31
195 207 -53
195 403 -71
195 442 -50
195 482 30
195 455 -99
195 389 -73
195 322 -17
196 417 33
196 400 -90
196 288 -95
196 210 30
196 239 -73
196 207 85
196 246 -66
196 227 -57
196 221 18
196 222 32
196 506 -78
196 392 94
196 259 -35
196 321 63
196 391 92
197 345 80
197 236 95
197 398 -72
197 489 -93
197 365 -96
197 473 -79
197 478 98
197 281 70
197 445 81
197 485 96
197 451 48
197 491 -45
197 246 53
197 241 -5
198 488 2
198 346 -84
198 227 -44
198 272 -51
198 247 -91
198 479 -54
198 368 -80
198 436 -72
198 339 86
198 363 -23
198 255 1
198 199 -48
198 414 -32
198 216 13
198 400 42
199 482 -89
199 396 41
199 460 -23
199 274 -16
199 448 -91
199 498 42
199 510 2
199 217 -47
199 323 -22
199 289 -95
199 458 27
199 358 20
199 216 3
200 204 -39
200 407 -14
200 319 -68
200 267 -45
200 451 -31
200 307 85
200 405 65
200 230 42
200 271 40
200 426 54
200 453 72
200 269 43
200 220 -65
200 225 37
200 309 93
200 357 61
201 243 -47
201 497 48
201 351 -17
201 395 -79
201 405 7
201 495 29
201 389 -1
201 413 5
201 478 -45
201 383 14
201 462 35
201 239 23
202 258 78
202 370 74
202 472 14
202 290 -48
202 482 -29
202 301 -76
202 421 60
202 283 27
203 291 54
203 292 -80
203 333 -33
203 286 -9
203 429 36
203 318 -96
203 413 -61
203 287 -46
203 239 -90
203 278 -59
203 366 -29
203 418 -32
203 341 75
203 214 68
203 388 -13
203 266 33
204 405 -66
204 446 51
204 213 65
204 290 39
204 206 -25
204 416 81
204 273 -31
204 344 45
204 458 -88
204 370 -47
204 303 -48
204 384 78
204 353 -53
204 336 -2
204 482 97
204 369 19
204 492 74
205 480 -14
205 290 59
205 485 39
205 282 -75
205 240 27
205 379 0
205 248 -29
205 419 -39
205 327 9
205 475 33
205 424 39
205 388 98
205 321 -82
205 415 55
205 507 36
205 223 16
206 427 75
206 255 -94
206 481 68
206 224 73
206 416 -41
206 299 70
206 451 -74
206 467 1
206 509 -30
206 275 -57
206 279 -33
206 233 26
206 311 -47
207 479 79
207 304 -27
207 317 -82
207 269 55
207 373 70
207 353 29
207 280 11
207 427 -89
207 343 -74
207 234 -55
207 414 64
208 274 91
208 399 -76
208 369 -99
208 443 -68
208 232 32
208 259 87
208 252 4
208 336 99
208 347 -76
208 467 53
208 309 -31
209 346 37
209 328 -33
209 300 -67
209 230 88
209 470 91
209 260 -44
209 442 88
209 502 10
209 432 -14
209 288 51
209 284 95
210 314 -40
210 323 -9
210 399 -4
210 274 -54
210 246 29
210 247 -51
210 377 -36
210 261 58
210 288 27
210 353 94
210 347 -57
210 328 1
210 356 -72
210 322 -95
210 454 -45
211 261 -24
211 484 89
211 256 32
211 312 -100
211 251 80
211 277 -67
211 221 -50
211 380 3
211 250 94
211 217 -62
211 441 -96
212 491 -16
212 345 10
212 251 -60
212 374 99
212 214 42
212 512 70
212 406 -94
212 322 12
212 335 -82
212 218 72
212 502 65
212 352 -15
212 368 85
213 411 -99
213 354 13
213 304 21
213 509 -7
213 359 67
213 334 -7
213 377 -87
213 490 -82
213 219 5
213 282 7
213 215 14
213 252 -78
213 369 -41
214 313 85
214 419 21
214 247 -15
214 248 -82
214 265 -59
214 289 -63
214 410 38
214 297 -37
214 349 57
214 395 -86
214 509 9
214 362 -74
214 336 -78
214 425 62
214 500 55
214 231 75
215 334 23
215 304 -30
215 435 -39
215 490 -76
215 364 -29
215 366 -50
215 374 -78
215 316 -34
215 478 98
215 497 -14
215 426 24
215 501 -16
215 482 -75
215 460 -19
215 267 -11
215 502 32
215 301 -81
216 247 -52
216 433 -53
216 270 -79
216 389 2
216 218 77
216 387 -52
216 474 -20
216 370 -98
216 375 -89
216 339 12
216 262 -17
216 430 29
216 465 55
216 258 31
216 405 -68
217 496 -60
217 423 30
217 268 62
217 319 -70
217 402 6
217 333 -71
217 400 -11
217 351 25
217 494 23
217 405 67
217 292 68
217 218 80
217 448 -77
217 374 10
218 502 -42
218 508 -96
218 238 -62
218 319 -37
218 414 41
218 352 -6
218 327 39
218 447 52
218 387 -72
218 317 50
218 398 -75
218 488 56
218 505 -3
218 392 -89
218 482 67
218 388 59
219 380 -37
219 365 99
219 356 87
219 264 89
219 366 7
219 440 -23
219 236 -41
219 382 62
219 397 -23
219 425 44
219 483 -54
220 491 98
220 269 26
220 350 -50
220 341 -91
220 459 -63
220 358 -4
220 370 -41
220 323 -93
220 330 -11
220 424 63
220 407 3
220 288 31
220 228 -57
221 342 -21
221 449 81
221 353 -81
221 355 73
221 371 -100
221 344 -20
221 381 -38
221 284 -58
221 416 -47
221 304 20
221 405 -78
221 263 -97
222 422 77
222 328 -65
222 272 89
222 400 -69
222 325 80
222 504 -27
222 453 -78
222 419 -12
222 484 81
222 456 32
223 411 9
223 474 95
223 310 64
223 443 -49
223 315 -20
223 244 -36
223 287 -64
223 242 18
223 248 -94
223 359 -100
223 308 90
223 396 37
223 285 96
224 272 -44
224 231 25
224 366 16
224 254 -98
224 390 -45
224 464 46
224 382 73
224 360 45
224 394 -51
224 258 25
224 316 -7
224 478 51
225 268 20
225 449 57
225 342 81
225 377 -11
225 258 -22
225 306 46
225 323 -52
225 442 47
225 302 23
225 231 30
225 417 -45
225 257 -33
225 307 84
225 277 90
225 313 -56
225 239 69
225 413 49
225 320 -69
225 492 8
226 265 63
226 380 11
226 511 -33
226 311 -11
226 464 99
226 259 55
226 256 5
226 370 -23
226 444 -49
226 393 44
226 372 13
226 368 -51
226 391 17
226 395 -83
227 230 -63
227 433 36
227 243 98
227 434 95
227 342 84
227 345 91
227 408 -41
227 253 -94
227 475 -43
227 401 -50
227 437 -34
227 233 26
227 366 -38
227 395 10
228 265 43
228 494 6
228 465 65
228 459 1
228 398 31
228 477 -19
228 311 88
228 445 -59
228 283 24
228 356 28
228 308 -53
228 388 89
228 319 87
228 336 90
228 257 -76
228 384 90
228 430 -16
229 231 10
229 319 30
229 365 -8
229 255 -29
229 483 68
229 398 33
229 458 -60
229 335 55
229 321 19
229 256 10
229 331 -59
230 386 -86
230 265 44
230 463 22
230 279 18
230 318 -66
230 275 19
230 244 -70
230 347 75
230 464 76
230 485 -4
230 299 84
230 364 -14
230 289 68
231 264 -65
231 293 32
231 271 92
231 368 35
231 453 18
231 267 -56
231 478 -92
231 400 45
232 384 -70
232 466 39
232 432 61
232 484 85
232 455 1
232 322 -41
232 253 -63
232 385 -95
232 252 -24
232 299 58
232 509 -28
232 387 -51
232 450 -84
232 453 34
233 293 29
233 408 -80
233 496 -3
233 330 98
233 476 -18
233 394 99
233 319 16
233 451 60
233 276 -13
233 327 88
233 287 43
233 498 13
233 489 -1
234 472 27
234 477 -89
234 475 78
234 482 -62
234 305 88
234 445 71
234 388 -87
234 435 71
234 498 17
234 423 -97
234 244 70
234 470 75
234 268 -63
234 269 -57
234 339 -69
235 435 23
235 343 -96
235 416 62
235 321 -70
235 338 -56
235 413 75
235 466 42
235 348 -53
235 429 39
235 341 -87
235 308 1
235 450 -55
235 495 11
235 276 58
236 270 19
236 248 -97
236 474 11
236 460 -2
236 365 -25
236 405 9
236 512 88
236 489 -49
236 263 11
236 273 26
236 411 -10
236 299 -20
236 307 -29
236 392 39
236 337 3
237 480 -16
237 477 -75
237 331 -41
237 459 -12
237 468 99
237 252 -40
237 297 51
237 411 -22
237 372 -78
237 460 49
238 367 -13
238 510 10
238 427 -73
238 338 44
238 375 11
238 287 77
238 343 -76
238 383 -55
238 486 44
238 480 -74
238 376 -55
238 463 -92
238 461 -47
238 422 -58
239 273 -9
239 342 25
239 339 -7
239 301 81
239 305 -75
239 304 -91
239 353 -14
239 395 -54
240 470 -4
240 275 -98
240 451 -56
240 329 -29
240 253 -3
240 273 96
240 298 -29
240 316 20
240 403 44
240 368 36
241 377 57
241 393 17
241 497 17
241 409 66
241 491 36
241 354 -52
241 343 -13
241 334 7
241 310 -18
241 260 18
241 270 20
241 383 -83
241 297 50
242 269 -28
242 501 38
242 450 -24
242 256 -4
242 349 49
242 308 -37
242 390 -51
242 347 -69
242 327 -59
242 315 -62
242 481 -74
242 310 61
243 491 7
243 411 -95
243 426 86
243 460 -1
243 284 -16
243 292 -15
243 468 -91
243 360 -37
243 319 -19
243 331 -53
243 251 -18
243 492 87
243 285 -8
243 385 40
243 462 19
244 308 97
244 368 40
244 274 -35
244 277 -100
244 473 -40
244 384 -86
244 255 55
244 361 25
244 414 -52
244 252 72
244 406 57
245 405 -81
245 301 20
245 342 81
245 361 -15
245 290 24
245 362 65
245 445 -6
245 490 16
245 494 -100
245 258 92
245 401 -50
245 268 53
245 358 -54
245 397 67
245 387 95
245 271 75
245 431 22
246 294 -66
246 324 -28
246 471 -61
246 307 21
246 435 97
246 281 -4
246 478 -87
246 410 83
246 323 49
246 448 -89
246 453 64
246 451 -15
247 299 87
247 267 -22
247 479 53
247 284 -79
247 330 -78
247 470 -54
247 357 -65
247 274 -6
248 287 69
248 379 -78
248 277 -55
248 411 -84
248 284 -26
248 465 38
248 346 29
248 266 44
248 376 8
248 438 84
249 342 26
249 481 -40
249 364 74
249 329 92
249 404 -17
249 434 -79
249 293 2
249 476 -65
249 313 7
249 417 -40
249 270 78
249 485 -27
249 428 -94
249 383 -21
250 373 58
250 444 -66
250 508 -42
250 344 68
250 331 20
250 418 -51
250 340 -14
250 443 -96
250 329 -20
250 254 48
250 345 -9
251 438 75
251 434 86
251 444 -8
251 449 44
251 465 69
251 400 70
251 491 -98
251 278 -43
251 254 2
251 310 -16
252 336 99
252 432 17
252 303 -90
252 364 23
252 476 56
252 414 -70
252 288 -15
252 382 21
252 423 78
252 372 32
253 458 44
253 286 -96
253 464 23
253 274 13
253 467 31
253 500 -17
253 425 -79
253 267 88
253 475 17
253 422 -96
253 456 13
253 336 -64
254 344 74
254 263 23
254 394 70
254 303 -45
254 282 -42
254 353 42
254 393 49
254 294 -85
254 442 -45
254 488 -21
254 446 14
254 256 79
254 379 -19
255 401 -23
255 368 -87
255 325 9
255 274 13
255 295 23
255 273 77
255 463 75
255 314 -72
255 478 96
255 256 -29
255 490 75
255 297 55
255 486 69
255 416 72
255 286 19
256 296 3
256 511 -71
256 290 23
256 359 17
256 285 -83
256 495 92
256 394 35
256 413 45
256 472 -24
257 335 -20
257 327 1
257 405 20
257 361 8
257 397 29
257 436 21
257 423 -85
257 380 95
257 410 -24
257 470 -18
257 319 71
257 391 -53
258 512 -97
258 444 -87
258 387 -34
258 306 40
258 282 15
258 411 -37
258 320 -54
258 363 80
258 291 62
258 261 -15
259 281 -71
259 441 -50
259 275 -17
259 326 -56
259 347 33
259 469 78
259 437 24
259 264 29
260 370 12
260 411 27
260 266 -34
260 358 25
260 289 -84
260 445 63
260 372 55
260 468 73
260 275 -40
260 378 91
260 350 76
260 332 -100
260 426 -91
261 329 -98
261 408 1
261 300 -99
261 302 7
261 356 38
261 491 83
261 439 -95
261 334 -3
261 412 -100
261 304 -62
261 437 -81
261 349 -34
261 508 34
261 430 -49
261 481 -31
261 478 -84
262 390 90
262 464 -32
262 394 77
262 373 54
262 501 -68
262 455 -71
262 383 -54
262 495 62
262 402 -83
262 494 93
262 286 -54
263 481 -61
263 446 48
263 348 98
263 495 56
263 296 -80
263 391 -61
263 366 50
263 434 -77
263 287 -90
264 474 -32
264 510 -87
264 296 -77
264 466 -20
264 393 -72
264 447 -80
264 492 71
264 318 20
264 383 -75
265 411 -3
265 318 62
265 270 54
265 424 -21
265 492 93
265 366 22
265 362 31
265 457 96
265 477 -96
265 441 -15
265 288 -42
265 506 -67
265 299 74
266 436 39
266 283 80
266 373 36
266 296 98
266 426 -64
266 384 -93
266 270 55
266 478 -92
267 329 -75
267 475 89
267 378 51
267 465 -67
267 489 -78
267 438 -38
267 376 95
267 285 -37
267 409 10
267 365 93
267 496 -25
267 403 74
267 497 -8
267 348 47
268 456 -73
268 505 22
268 302 -73
268 350 -43
268 283 83
268 347 -5
268 370 25
269 498 -57
269 398 -41
269 431 38
269 475 -83
269 427 58
269 299 -87
269 477 39
269 285 -57
269 349 -75
269 368 7
270 427 51
270 393 23
270 512 -34
270 303 -32
270 493 3
270 475 29
270 470 1
270 415 18
270 290 -22
270 308 -4
271 388 -76
271 289 68
271 487 -42
271 318 99
271 501 -99
271 489 15
271 380 -94
271 509 -93
271 356 2
271 465 -74
271 395 -81
271 441 -53
272 455 13
272 464 -46
272 480 -48
272 275 -34
272 459 70
272 411 80
272 306 -79
272 380 -18
272 426 -25
273 434 85
273 485 91
273 501 38
273 488 -10
273 321 30
273 285 36
273 330 56
273 416 -73
274 381 -11
274 310 -45
274 321 -2
274 316 -21
274 320 8
274 362 19
274 460 -3
274 393 -33
274 327 -9
274 501 -75
274 308 46
274 360 35
274 403 -30
275 303 6
275 352 66
275 322 -6
275 502 1
275 306 92
275 311 -82
275 410 -7
275 445 37
275 496 -47
275 336 90
275 417 -34
275 480 28
275 287 80
275 440 1
276 436 -59
276 354 -75
276 295 -92
276 446 -42
276 402 69
276 339 -27
276 278 13
276 328 -22
276 484 -85
277 307 13
277 456 -66
277 419 11
277 298 25
277 470 -77
277 421 -83
277 431 -20
277 385 57
277 393 -95
277 336 85
278 471 -19
278 481 27
278 323 -2
278 512 -86
278 339 -58
278 431 27
278 462 -98
278 452 70
278 407 -23
279 458 -41
279 511 74
279 422 -64
279 388 92
279 297 54
279 393 89
279 488 -90
279 398 15
279 504 10
279 313 45
279 284 44
279 340 -50
279 419 -9
279 335 74
279 450 53
280 388 -55
280 489 -38
280 400 94
280 355 -92
280 289 76
280 427 94
280 299 58
280 510 66
280 374 -27
280 505 -67
280 297 28
280 385 65
280 432 -31
280 370 -45
280 491 -71
281 423 18
281 415 4
281 328 -19
281 317 92
281 330 80
281 437 -22
281 327 77
281 480 -1
282 333 1
282 288 -56
282 292 -8
282 470 -2
282 445 -4
282 478 -37
283 414 64
283 307 -61
283 506 84
283 467 12
283 498 8
283 501 3
283 465 50
283 500 45
283 512 79
283 311 81
283 418 29
283 474 -40
283 451 -42
284 313 33
284 504 -15
284 427 56
284 383 51
284 296 58
284 356 72
284 342 -57
284 463 72
284 461 1
284 410 9
284 358 55
285 432 13
285 504 24
285 399 69
285 400 -68
285 441 -53
285 473 -49
285 347 -83
285 427 -26
285 303 -60
285 469 -7
285 364 2
285 390 -59
285 511 -75
285 486 -63
285 499 27
285 325 75
286 440 41
286 389 -72
286 434 -22
286 398 -18
286 477 -43
286 447 64
286 505 6
286 316 54
286 362 -43
287 362 -82
287 308 42
287 482 98
287 399 67
287 428 0
287 467 -7
287 358 -89
287 349 -37
287 335 45
287 411 51
287 437 31
287 392 99
288 321 -65
288 417 -15
288 447 -71
288 381 8
288 345 -13
288 470 98
288 296 11
288 493 -76
288 308 77
288 462 42
289 359 -83
289 437 22
289 459 90
289 396 -16
289 346 90
289 434 91
289 368 -59
289 397 32
289 412 32
289 509 -76
289 386 29
290 300 -36
290 498 78
290 475 -1
290 489 -32
290 302 -17
290 392 -67
290 397 -34
291 435 78
291 299 -90
291 352 -93
291 425 24
291 403 -24
291 483 52
291 356 -55
291 407 -86
291 375 73
292 347 69
292 455 97
292 503 49
292 507 92
292 319 -84
292 312 -66
292 460 -14
292 353 48
292 378 77
293 509 11
293 412 35
293 414 44
293 320 -92
293 357 13
293 306 -97
294 339 27
294 470 -82
294 355 32
294 481 32
294 472 88
294 468 97
294 311 -92
294 337 -38
295 299 68
295 479 37
295 473 42
295 387 -1
295 495 61
295 505 -83
295 302 -65
295 426 51
295 489 -26
295 354 -26
295 438 19
295 398 -32
296 344 0
296 323 -31
296 509 -80
296 324 63
296 342 -27
296 317 66
296 467 -56
296 494 -52
296 441 39
297 504 -13
297 382 41
297 334 -61
297 328 56
297 338 -14
297 422 -47
297 315 -46
297 416 -80
298 409 -97
298 414 -6
298 394 -21
298 357 14
298 488 -27
298 452 30
298 352 -93
298 451 -5
298 507 46
298 353 -95
298 510 -93
298 390 73
298 399 -87
299 482 -83
299 305 3
299 447 -98
299 474 -47
299 456 99
299 396 44
299 382 -12
299 380 66
299 350 -74
299 317 -67
299 363 -44
299 437 -91
300 424 53
300 386 -9
300 359 -6
300 438 -95
300 330 17
300 347 22
300 478 -59
300 453 -54
300 355 -68
301 420 -40
301 383 92
301 440 -65
301 473 46
301 491 49
301 483 -46
301 416 -88
301 429 -68
301 445 -27
301 372 -20
301 391 -25
302 470 5
302 493 -49
302 349 -80
302 469 62
302 463 -15
302 394 -18
302 333 -91
302 322 13
302 406 96
302 395 69
302 365 5
303 454 -48
303 356 -33
303 433 90
303 481 18
303 400 62
303 314 -80
303 368 -40
303 306 -20
303 313 85
303 444 -31
303 502 31
304 459 -14
304 396 -51
304 504 55
304 336 83
304 491 8
304 312 69
304 313 -38
304 400 -56
304 368 87
304 373 -33
304 379 40
305 494 -56
305 406 -84
305 450 47
305 344 63
305 400 -54
305 355 -98
305 311 -50
305 500 0
305 447 -68
305 510 -57
305 458 29
305 478 28
305 370 50
305 405 16
306 335 -76
306 403 -26
306 328 -46
306 493 -2
306 485 -72
306 382 85
306 333 95
306 405 -64
306 331 -25
306 462 40
306 355 76
307 509 67
307 340 -9
307 452 -86
307 440 -64
307 332 -84
307 360 -87
307 381 -58
307 370 25
307 384 -6
307 374 -88
307 392 83
308 451 72
308 379 52
308 330 50
308 410 -18
308 430 88
308 344 -46
308 422 -90
308 381 -77
308 440 56
308 418 47
308 409 85
309 410 0
309 420 67
309 490 -14
309 497 66
309 374 29
309 314 17
309 436 -67
309 347 -54
309 440 51
309 398 39
309 362 -17
310 380 -83
310 367 -66
310 497 81
310 444 -62
310 349 98
310 390 -89
310 325 5
310 436 -26
310 475 -77
311 339 -11
311 500 -71
311 504 44
311 389 30
311 386 -73
311 325 -8
311 379 -98
311 439 -26
311 453 -76
311 372 39
311 364 48
312 472 25
312 454 -82
312 495 95
312 396 -43
313 458 -95
313 479 -51
313 358 -44
313 475 19
313 378 83
313 411 75
314 426 -75
314 510 -48
314 476 -66
314 479 62
314 452 -95
314 460 -27
314 364 78
314 378 74
314 493 -84
314 409 -13
315 398 -81
315 322 75
315 346 45
315 426 84
315 375 86
315 439 -18
315 328 -71
315 499 83
316 358 92
316 484 -17
316 451 90
316 497 -28
316 490 -30
316 437 14
316 392 51
316 413 -44
316 359 61
316 340 88
317 329 74
317 375 -87
317 359 55
317 350 -58
317 407 12
317 318 -54
317 410 9
317 374 -41
317 385 75
317 495 16
318 405 -9
318 481 -36
318 364 57
318 422 -57
318 465 -13
318 342 -7
318 324 -87
318 367 79
318 508 12
318 441 -64
318 336 -11
319 404 37
319 396 -41
319 370 -78
319 420 28
319 496 -38
319 398 93
319 400 -85
319 340 -66
319 384 28
319 366 -80
319 390 33
320 373 -14
320 508 -44
320 343 -4
320 502 98
320 486 -17
320 426 -98
320 449 29
321 466 -50
321 409 -75
321 436 -23
321 441 48
321 427 -43
321 470 -9
321 460 -89
321 465 4
321 478 89
321 447 -12
322 350 -24
322 472 -37
322 377 -24
322 429 31
322 445 -81
322 337 75
322 454 -7
323 508 57
323 471 82
323 503 76
323 469 65
323 389 30
323 399 -65
323 326 -98
323 362 -50
323 452 -75
323 454 -25
323 458 -18
324 376 -89
324 412 -58
324 451 -18
324 398 52
324 459 -19
324 364 56
324 486 -14
324 411 24
325 453 -24
325 435 70
325 471 71
325 478 -28
325 373 -14
325 423 13
325 433 99
325 403 43
326 508 78
326 376 16
326 439 -15
326 483 -91
326 485 78
326 390 38
326 392 60
326 459 -58
326 476 -26
326 423 5
326 462 72
326 420 -32
326 340 -12
326 363 -27
327 378 -4
327 468 -16
327 492 -16
327 403 51
327 423 91
327 406 -35
327 389 38
328 441 24
328 356 -96
328 465 53
328 397 -42
328 512 5
328 431 54
328 330 21
328 398 -98
328 401 21
328 443 -24
329 423 -72
329 347 -22
329 458 93
329 404 19
329 431 93
329 402 82
330 469 -100
330 380 89
330 416 -24
330 462 -13
330 445 -53
330 476 72
330 400 -82
331 491 -4
331 439 -78
331 467 -50
331 341 24
331 499 -78
331 487 86
332 380 96
332 430 28
332 348 78
332 432 38
332 374 -85
332 465 -33
332 353 41
332 341 -56
333 341 -29
333 492 -40
333 410 -9
333 473 23
333 506 93
333 438 -38
333 508 -62
333 384 -98
333 505 -61
334 493 -47
334 496 -35
334 469 70
334 439 -53
334 499 96
334 448 -54
334 413 14
335 338 -6
335 359 -42
335 382 -26
335 448 72
335 374 0
335 487 35
336 504 -77
336 435 72
336 339 -3
336 430 -76
336 488 94
336 481 -65
336 458 98
337 375 34
337 437 5
337 481 -56
337 431 -64
337 411 -98
337 372 64
337 475 -57
338 363 -50
338 396 -17
338 399 91
338 407 37
338 340 68
338 482 20
338 419 -29
339 382 71
339 410 -46
339 388 96
339 432 49
339 406 68
339 403 -20
339 493 79
339 477 -96
339 379 81
340 419 32
340 391 -83
340 407 -77
340 390 -60
340 371 52
341 356 -80
341 390 -6
341 350 -13
341 419 82
342 443 85
342 408 81
342 425 -59
342 385 -77
342 488 -2
342 402 -19
342 350 53
342 370 -56
342 509 -69
343 395 -70
343 458 -50
343 383 -66
343 404 85
343 364 -45
343 476 9
344 477 91
344 505 39
344 433 52
344 441 17
344 458 75
344 473 -63
344 406 45
344 436 -48
344 509 -53
344 401 57
345 383 -89
345 393 49
345 351 51
345 437 17
345 374 98
345 433 45
346 372 81
346 409 52
346 428 -5
346 481 -79
346 506 -2
346 512 -95
346 500 -18
346 467 -20
346 458 72
346 419 -14
346 480 -93
347 364 -78
347 496 -53
347 357 -88
347 460 84
347 379 54
347 371 21
347 449 23
347 413 -79
347 431 39
347 423 59
348 450 -71
348 406 73
348 484 1
348 351 -41
349 421 32
349 465 8
349 370 0
349 471 -38
349 373 -63
349 439 15
349 429 -53
349 385 47
350 462 36
350 505 -46
350 457 -18
350 355 -30
350 494 12
350 413 92
350 469 74
350 407 22
350 388 75
351 374 -44
351 398 -14
351 472 -64
351 419 -66
351 480 8
351 434 27
352 407 72
352 353 72
352 393 -60
352 358 8
352 466 -84
353 508 10
353 376 -79
353 395 -45
353 446 -79
353 471 -1
353 499 12
353 372 45
353 459 -89
353 411 30
354 446 44
354 437 98
354 494 94
354 471 -24
354 483 47
354 465 -2
355 499 -7
355 386 24
355 485 -93
356 428 -53
356 375 -47
356 370 85
356 488 -30
356 486 91
356 423 -22
356 481 -50
356 456 -96
357 429 -16
357 459 74
357 392 60
357 387 -64
357 470 -15
357 482 -63
358 382 -20
358 443 32
358 475 62
358 491 -6
358 453 -96
358 397 8
358 362 76
359 493 14
359 383 80
359 439 40
359 509 59
359 411 23
359 457 57
359 489 -35
359 388 31
359 465 19
360 382 7
360 477 -99
360 395 -14
360 479 -71
360 503 -30
360 438 64
361 386 55
361 462 64
361 425 84
361 432 -37
362 473 28
362 496 -15
362 418 70
362 365 -35
362 396 72
362 397 38
362 449 -27
363 465 -80
363 365 -4
363 423 -9
363 439 44
363 428 -60
363 410 15
363 434 -29
363 495 -76
364 485 -84
364 458 56
364 476 89
364 446 56
364 441 60
364 408 22
365 431 77
365 436 -66
365 394 18
365 447 30
365 372 90
366 374 -38
366 400 -89
366 484 52
366 441 -76
366 491 9
366 509 -1
366 377 -42
367 474 5
367 475 -69
367 502 -16
367 444 -81
368 443 -23
368 409 68
368 477 63
368 481 75
368 382 69
368 420 -57
369 380 -15
369 444 94
369 404 57
369 430 -52
369 510 -99
369 396 67
369 494 -35
370 457 62
370 468 87
370 456 40
370 480 11
370 467 -47
370 512 -1
371 460 36
371 503 -8
371 391 21
371 433 -96
371 425 3
371 374 95
371 471 94
372 413 -71
372 373 28
372 490 65
372 416 42
372 384 -79
373 402 78
373 464 5
373 501 -63
373 419 -78
373 433 -38
374 408 53
374 467 43
374 432 -58
374 499 -91
374 403 -28
374 449 -30
374 447 90
375 484 29
375 502 -62
376 467 3
376 399 56
376 406 74
376 383 -68
376 445 -15
376 414 39
376 432 -14
376 431 75
377 390 -95
377 476 54
377 382 -81
377 495 -3
377 463 -46
377 447 -61
378 416 2
378 434 15
378 499 51
378 382 93
378 481 -19
379 428 -31
379 508 87
379 417 23
379 410 -13
379 396 51
379 395 43
379 494 -32
380 460 63
380 420 -93
380 388 45
380 407 -100
380 467 -15
380 485 -59
380 383 91
380 402 58
381 455 -90
381 443 48
381 420 -30
381 437 94
381 486 -56
381 456 27
382 469 58
382 433 -26
382 430 -29
382 468 -44
382 417 -17
383 504 -35
383 509 88
383 403 -84
383 458 86
383 493 16
383 416 -66
383 413 -37
384 392 -22
384 421 -37
384 511 71
384 444 62
384 493 56
384 453 46
384 451 -81
385 400 92
385 456 45
385 415 -73
385 492 22
385 441 -100
385 479 53
386 437 59
386 482 -20
386 452 50
386 486 80
386 416 70
386 465 -87
387 418 33
387 457 14
387 487 13
387 432 59
388 413 -95
388 436 33
388 399 86
388 477 0
388 505 26
388 397 -6
389 485 -35
389 461 55
389 481 1
389 497 96
389 460 1
389 494 68
389 420 43
390 485 -1
390 459 90
390 511 65
390 410 -78
390 464 -96
391 431 91
391 450 73
391 495 -99
392 453 -44
392 422 51
392 393 -21
392 507 93
392 423 77
392 484 84
393 402 -88
393 512 34
393 470 -4
393 458 23
393 475 -17
394 395 40
394 420 -3
394 417 51
394 473 -7
394 430 24
395 509 -77
395 449 -17
395 406 98
395 491 -54
395 448 80
396 440 -9
396 497 93
396 505 -11
396 436 68
396 455 -1
396 487 -22
397 498 -82
397 482 -91
397 454 -34
397 500 70
397 468 5
398 481 98
398 460 -100
398 403 61
398 465 68
398 502 -42
398 504 -67
398 450 3
398 509 27
399 486 51
399 464 8
399 426 11
400 414 -85
400 471 -40
400 444 17
400 435 -87
400 464 37
400 506 -5
401 453 91
401 446 -65
401 485 -53
401 489 -99
401 410 77
401 445 72
401 510 67
401 444 66
402 476 10
402 407 -47
402 449 -11
402 423 45
402 496 -21
402 405 70
403 476 -86
403 512 19
403 448 -4
403 459 -95
404 484 23
404 407 21
404 421 -64
404 483 56
404 430 25
404 452 -2
404 473 -7
405 457 31
405 495 -2
405 441 -22
405 509 -38
405 420 24
406 507 45
406 498 59
407 491 73
407 492 -68
407 426 -81
407 456 -83
407 433 50
408 487 -40
408 411 -52
408 465 -86
408 448 -46
409 489 -72
409 413 -89
410 418 -64
410 478 94
411 443 -70
411 473 94
411 416 24
412 430 -93
412 423 6
412 436 32
412 427 32
412 462 51
412 508 -86
413 473 -7
413 458 -15
413 448 35
413 483 -13
413 478 -17
413 481 29
413 452 -90
413 470 -28
413 416 15
414 510 -75
414 465 49
414 488 48
414 460 9
415 470 -20
415 479 15
415 512 -84
415 490 88
415 425 40
416 468 93
416 496 -47
416 479 -39
416 478 -25
416 480 88
416 460 -64
417 474 70
417 489 -64
417 451 54
418 454 -58
418 443 28
418 435 95
418 510 47
419 455 -14
419 474 -89
420 457 32
420 468 -28
420 466 7
420 500 31
421 494 -95
421 508 95
421 475 -91
421 440 72
421 480 62
421 461 -95
422 426 85
422 462 36
423 452 -14
423 466 -77
423 437 -86
423 451 42
423 477 -74
423 505 -76
423 457 49
424 478 -94
424 496 39
424 493 45
424 427 41
425 450 0
425 449 51
426 447 -67
427 460 69
427 433 -11
427 438 36
427 494 -90
428 430 -99
429 490 48
429 440 78
429 460 91
429 452 -10
429 443 -65
430 451 26
430 512 33
432 485 -47
432 439 90
433 500 -91
433 455 -44
433 446 -83
433 481 -39
434 447 -14
434 466 78
434 443 48
434 438 -10
434 459 14
435 484 -9
435 451 9
435 461 -68
435 465 87
435 490 52
436 508 -36
436 451 64
437 505 79
437 509 -33
437 448 -31
437 446 -86
438 510 -6
438 503 88
438 473 -31
438 490 2
439 484 -30
439 509 22
440 463 -8
440 466 -94
440 511 -51
440 468 61
441 471 -71
442 469 -69
442 499 -70
442 479 62
442 503 -64
443 474 86
443 512 -77
443 476 96
444 453 -28
445 484 -8
445 509 66
445 483 -37
446 479 67
447 485 61
447 453 -75
447 481 10
448 485 -22
448 454 9
448 505 -39
448 449 -79
448 496 -84
449 455 -56
449 509 -30
450 451 -37
450 503 37
451 486 -88
452 455 70
452 506 35
452 478 -96
453 479 -69
453 455 4
453 458 -80
453 482 -8
453 469 10
454 499 14
455 485 38
456 489 -22
456 501 -57
456 479 -88
457 496 98
457 487 -22
457 510 71
457 459 21
458 497 -51
458 489 85
458 507 27
459 460 -94
459 496 6
459 481 -21
460 502 -49
460 508 -14
460 509 -74
461 491 23
461 502 -100
461 483 -40
461 470 19
462 510 43
462 492 79
462 512 -11
463 464 -70
463 496 -72
464 509 23
464 482 -68
466 494 3
467 475 21
467 485 -88
467 472 85
468 507 -32
469 483 18
470 503 22
470 480 77
471 479 -78
471 485 30
471 475 55
472 503 -97
474 511 42
474 509 -27
476 484 55
476 509 -7
477 509 -49
477 512 15
478 512 92
478 498 -33
479 503 87
480 509 -68
481 500 -72
481 499 81
482 499 5
483 507 -72
484 489 -98
485 505 26
485 496 -44
485 499 81
485 511 -63
486 503 -79
486 496 3
486 507 5
488 495 20
488 499 7
489 503 20
490 492 63
491 493 -5
494 508 -93
495 507 -99
496 505 -39
497 501 26
499 511 3
500 512 -40
505 506 -71
