512 5890
1 10 90
1 115 -68
1 389 56
1 512 88
1 499 65
1 378 -34
1 148 72
1 68 -2
1 363 -68
1 117 9
1 315 31
1 244 -47
1 377 -27
1 176 -1
1 478 -57
1 37 37
1 35 -92
1 22 12
1 15 -44
1 479 -83
1 314 -69
1 376 -56
1 215 33
2 77 18
2 256 -95
2 452 -40
2 226 -90
2 112 -61
2 67 -42
2 477 58
2 468 70
2 93 -7
2 402 83
2 353 3
2 230 -5
2 182 -77
2 151 -31
2 227 15
2 338 15
2 377 26
2 159 -84
2 96 57
2 494 31
2 29 -40
2 210 -8
2 264 59
3 49 67
3 387 -97
3 488 -12
3 295 74
3 375 33
3 340 85
3 127 6
3 15 80
3 510 -32
3 304 27
3 66 42
3 387 -89
3 224 99
3 381 87
3 154 17
3 473 44
3 80 -3
3 184 -86
3 456 42
3 315 -12
3 80 19
3 54 -58
3 59 19
4 266 54
4 273 -34
4 494 -55
4 299 59
4 380 41
4 441 7
4 186 65
4 192 29
4 15 11
4 63 -42
4 199 -29
4 322 66
4 103 -76
4 101 17
4 78 56
4 147 -79
4 496 30
4 61 -100
4 114 -24
4 194 -68
4 501 -56
4 16 78
5 506 -54
5 360 74
5 186 93
5 364 -15
5 77 3
5 173 -55
5 333 -75
5 167 44
5 394 56
5 447 87
5 131 35
5 104 -67
5 301 -34
5 301 -36
5 284 -79
5 270 -14
5 109 -100
5 327 -60
5 112 9
5 297 25
5 62 99
5 284 -45
6 233 54
6 184 -44
6 351 -3
6 131 -15
6 126 -54
6 200 -44
6 151 -51
6 382 -63
6 198 61
6 156 -100
6 111 -87
6 323 88
6 340 -25
6 504 -8
6 164 -72
6 320 81
6 226 -87
6 150 -28
6 94 -58
6 320 -90
6 185 -49
6 47 -41
6 118 -90
7 272 30
7 335 45
7 474 -40
7 291 -76
7 272 -95
7 388 -84
7 310 -61
7 358 0
7 358 -29
7 69 -33
7 213 -49
7 449 88
7 166 -62
7 479 -28
7 60 59
7 409 19
7 386 -10
7 264 -90
7 33 -100
7 138 -80
7 39 64
7 293 58
8 35 -4
8 172 -93
8 266 24
8 51 -19
8 356 -77
8 244 -25
8 65 37
8 198 -41
8 195 29
8 284 -53
8 83 -51
8 96 11
8 300 70
8 401 22
8 399 -11
8 239 -95
8 400 -96
8 504 -88
8 211 21
8 274 -53
8 421 79
9 371 -66
9 222 -10
9 216 -20
9 259 73
9 203 41
9 177 -50
9 176 4
9 220 15
9 37 -34
9 273 -32
9 431 76
9 466 -36
9 269 -17
9 309 14
9 338 77
9 187 4
9 503 -39
9 77 -1
9 239 1
9 50 -72
9 330 -25
9 11 39
9 450 33
10 463 -92
10 395 -74
10 256 -86
10 197 5
10 341 25
10 98 29
10 385 -70
10 317 53
10 233 67
10 307 1
10 98 14
10 331 -29
10 359 71
10 161 -19
10 82 -6
10 317 7
10 152 -90
10 88 7
10 338 -86
10 115 -17
10 475 58
10 406 -54
10 372 1
11 479 -86
11 372 33
11 292 -50
11 288 -31
11 366 77
11 480 90
11 220 31
11 203 -44
11 130 33
11 447 80
11 271 29
11 114 37
11 182 -32
11 299 69
11 433 98
11 271 -82
11 260 57
11 220 56
11 238 96
11 237 88
11 489 -18
11 144 -57
11 253 66
12 233 -73
12 259 -30
12 65 -73
12 329 -88
12 270 -19
12 203 46
12 449 -58
12 127 -51
12 39 79
12 249 60
12 159 -95
12 304 52
12 109 67
12 444 34
12 22 69
12 323 57
12 501 -86
12 424 62
12 45 90
12 115 77
12 76 -96
12 128 12
13 454 -31
13 29 -46
13 328 37
13 98 -82
13 409 -57
13 58 -36
13 39 91
13 38 93
13 136 72
13 309 -83
13 336 67
13 18 20
13 65 -92
13 464 -15
13 295 64
13 232 21
13 14 60
13 217 12
13 21 66
13 46 -96
13 460 -69
13 70 -48
13 156 -80
14 381 15
14 304 65
14 139 -48
14 191 24
14 191 -39
14 79 8
14 163 -80
14 414 -78
14 206 59
14 110 62
14 61 -21
14 448 51
14 410 10
14 344 25
14 80 34
14 458 18
14 167 -18
14 311 8
14 123 53
14 19 87
14 146 -27
14 492 -66
14 408 -73
15 463 32
15 143 -12
15 204 84
15 299 64
15 16 -30
15 181 21
15 68 -60
15 320 52
15 94 49
15 484 35
15 326 29
15 163 -48
15 274 98
15 276 -77
15 64 3
15 356 35
15 176 -9
15 182 -47
15 368 -17
15 347 83
15 420 7
16 364 81
16 201 78
16 106 56
16 476 -13
16 247 64
16 280 66
16 308 -96
16 507 -81
16 67 -73
16 136 -95
16 367 95
16 485 -23
16 124 82
16 199 54
16 506 99
16 193 1
16 432 -31
16 453 -92
16 256 -81
16 466 17
16 252 4
16 468 -13
16 437 -25
17 235 -59
17 128 -10
17 101 79
17 460 20
17 154 -75
17 360 -93
17 142 69
17 194 41
17 212 -58
17 30 31
17 512 10
17 79 -25
17 214 26
17 356 -79
17 103 75
17 196 -40
17 353 -83
17 394 -45
17 188 -8
17 500 83
17 440 19
17 184 8
17 155 -92
18 74 55
18 353 80
18 464 72
18 424 -8
18 362 28
18 42 -27
18 148 -90
18 384 -10
18 217 91
18 337 16
18 34 53
18 109 83
18 311 -61
18 437 -94
18 506 28
18 38 66
18 371 -12
18 246 78
18 488 93
18 210 -51
18 248 -20
19 274 94
19 126 -3
19 49 15
19 64 61
19 155 43
19 157 -74
19 342 -6
19 60 -6
19 84 45
19 217 -46
19 51 -30
19 301 65
19 206 -9
19 333 58
19 354 -92
19 398 62
19 389 95
19 395 -63
19 111 -99
19 33 -71
19 58 -6
19 99 63
19 466 -43
20 318 45
20 211 78
20 468 71
20 199 56
20 276 -87
20 260 -10
20 371 -1
20 168 -37
20 193 97
20 237 -76
20 119 52
20 498 -5
20 186 -95
20 131 26
20 160 42
20 126 31
20 383 -91
20 370 85
20 237 -4
20 461 26
20 142 53
20 326 -45
21 225 -56
21 186 16
21 336 -8
21 481 84
21 214 61
21 29 -100
21 465 -37
21 231 78
21 117 -64
21 211 27
21 377 -7
21 359 47
21 308 82
21 25 -72
21 366 21
21 222 35
21 304 10
21 37 38
21 241 43
21 180 -54
21 358 27
21 189 -53
22 506 -25
22 263 62
22 170 -90
22 69 -70
22 139 -20
22 258 49
22 162 -90
22 332 -42
22 32 95
22 470 -2
22 484 19
22 330 10
22 326 -4
22 324 -67
22 363 47
22 458 7
22 320 48
22 362 75
22 418 40
22 99 -44
22 458 44
22 347 -77
23 107 -49
23 188 -75
23 160 -95
23 239 -44
23 382 -53
23 68 -98
23 105 98
23 431 -76
23 366 50
23 507 6
23 167 -90
23 379 41
23 174 95
23 321 74
23 45 81
23 268 -81
23 203 -73
23 483 -69
23 155 86
23 326 27
23 339 -59
23 485 95
24 356 -53
24 212 -100
24 195 -77
24 91 -5
24 40 -73
24 315 -71
24 266 -75
24 207 -90
24 428 34
24 219 -82
24 296 -87
24 94 -46
24 56 -59
24 130 55
24 219 -38
24 375 -46
24 187 -77
24 324 -85
24 38 -9
24 105 67
24 214 -23
25 412 -66
25 248 -67
25 310 93
25 197 -53
25 264 -23
25 130 -38
25 181 51
25 256 -52
25 37 -89
25 425 -30
25 101 -57
25 205 -50
25 405 57
25 479 80
25 322 -62
25 495 -9
25 355 -46
25 437 -79
25 152 61
25 77 -4
25 488 -25
25 341 -60
25 61 -53
26 54 -61
26 149 55
26 333 -50
26 391 -79
26 342 -22
26 460 70
26 430 5
26 468 -54
26 486 31
26 107 -1
26 497 -63
26 488 -59
26 219 -48
26 398 51
26 209 42
26 138 -27
26 37 58
26 368 -27
26 492 -18
26 343 -23
26 331 -27
27 151 -33
27 369 70
27 388 -56
27 313 68
27 341 29
27 72 58
27 396 72
27 253 6
27 211 -17
27 225 97
27 136 54
27 305 5
27 487 40
27 480 -32
27 295 69
27 168 71
27 241 32
27 231 97
27 390 76
27 361 59
28 314 10
28 249 24
28 402 66
28 168 -63
28 234 48
28 359 96
28 410 -15
28 280 -3
28 158 -30
28 374 43
28 353 -10
28 466 58
28 354 -2
28 227 -79
28 476 -22
28 485 99
28 323 -76
28 390 -4
28 285 -62
28 476 37
28 444 -65
28 102 -54
29 330 67
29 102 8
29 411 -61
29 55 16
29 215 35
29 440 -49
29 435 -55
29 359 71
29 430 31
29 287 -78
29 48 56
29 95 -30
29 50 0
29 260 -65
29 208 -85
29 469 18
29 115 68
29 222 52
29 406 -23
29 76 -59
29 468 -30
29 154 46
30 203 85
30 351 73
30 508 73
30 204 18
30 92 81
30 34 39
30 202 60
30 179 90
30 484 -3
30 290 15
30 337 65
30 137 -30
30 120 16
30 128 -97
30 393 -45
30 264 -15
30 221 40
30 143 57
30 288 -44
30 307 -31
30 333 -6
30 304 25
30 60 -91
31 487 -67
31 91 59
31 334 8
31 358 -96
31 198 -35
31 131 -18
31 251 46
31 121 83
31 145 -65
31 216 -85
31 300 -49
31 448 -8
31 329 -11
31 193 -3
31 43 53
31 92 -91
31 185 -5
31 52 -4
31 304 -61
31 161 55
31 383 -55
31 361 50
32 225 64
32 461 19
32 287 29
32 282 87
32 406 57
32 172 18
32 48 45
32 501 -46
32 102 13
32 474 21
32 259 96
32 372 -37
32 60 69
32 320 -22
32 356 16
32 79 -17
32 430 46
32 130 -29
32 201 -84
32 399 -52
33 285 -26
33 53 -72
33 266 -38
33 485 -35
33 309 52
33 103 -81
33 132 67
33 437 -57
33 216 48
33 239 35
33 49 21
33 90 38
33 97 92
33 175 -2
33 492 -42
33 290 29
33 93 -92
33 457 23
33 354 -74
33 494 84
34 341 -14
34 316 -44
34 118 17
34 190 -48
34 311 31
34 63 77
34 237 -8
34 202 -75
34 213 -23
34 90 -21
34 236 55
34 424 -99
34 308 33
34 455 37
34 166 -19
34 144 -36
34 132 33
34 433 -96
34 71 82
34 223 -17
35 392 90
35 347 96
35 228 89
35 227 93
35 233 56
35 407 -26
35 321 2
35 97 92
35 229 -99
35 192 -59
35 90 -21
35 382 5
35 257 -3
35 397 14
35 399 64
35 383 -87
35 423 -19
35 189 96
35 192 22
35 375 -76
36 372 84
36 457 -83
36 261 -80
36 435 -15
36 45 -16
36 199 -82
36 50 -69
36 110 -47
36 438 95
36 126 95
36 244 -78
36 400 49
36 120 -39
36 458 46
36 437 44
36 449 33
36 123 -73
36 164 -7
36 265 1
36 296 42
37 485 -96
37 416 33
37 51 10
37 481 40
37 45 -48
37 147 -74
37 497 96
37 448 99
37 247 76
37 369 42
37 345 -4
37 371 64
37 148 61
37 442 63
37 49 67
37 353 -53
37 125 -3
37 342 -47
37 397 73
37 397 -31
37 501 -27
37 310 97
38 198 -96
38 89 -44
38 475 -78
38 170 -12
38 54 -54
38 412 -43
38 237 -45
38 250 11
38 147 -100
38 155 62
38 191 -96
38 133 69
38 480 -88
38 225 25
38 203 59
38 287 -79
38 376 89
38 322 -27
38 157 -89
38 408 17
38 245 33
38 439 68
39 162 -97
39 286 53
39 441 18
39 296 10
39 354 -50
39 127 5
39 101 -22
39 68 94
39 63 -11
39 357 29
39 259 73
39 230 -89
39 178 11
39 483 -3
39 439 -48
39 164 99
39 188 -41
39 63 61
39 396 -30
39 418 34
40 428 -47
40 287 -56
40 98 3
40 336 19
40 456 -86
40 172 -53
40 294 -62
40 92 -69
40 429 -39
40 168 18
40 117 -9
40 364 -50
40 455 65
40 95 67
40 82 -31
40 356 -12
40 431 -49
40 285 -12
40 65 93
40 172 -97
41 237 2
41 317 -4
41 380 47
41 429 36
41 403 64
41 175 -100
41 260 -10
41 103 21
41 207 -80
41 60 -10
41 180 80
41 408 -78
41 353 -34
41 143 21
41 505 -14
41 130 9
41 126 -99
41 114 -40
41 293 -81
41 264 38
41 261 28
41 278 -3
42 495 -81
42 78 68
42 83 -44
42 422 -54
42 274 -48
42 430 23
42 471 88
42 341 -87
42 496 26
42 148 -98
42 297 -23
42 244 -20
42 470 -43
42 61 37
42 338 -84
42 508 -22
42 258 64
42 473 20
42 231 -5
42 114 16
42 255 -97
42 73 19
43 502 -19
43 300 93
43 391 -20
43 315 -17
43 324 -47
43 329 80
43 261 -45
43 68 -95
43 98 -88
43 211 -1
43 77 0
43 228 74
43 332 -8
43 378 -29
43 483 -54
43 411 77
43 487 48
43 127 -68
43 55 -71
43 368 -51
43 62 -17
43 368 -69
43 77 61
44 496 98
44 238 51
44 157 49
44 55 1
44 379 61
44 160 46
44 502 65
44 315 36
44 269 -73
44 117 -39
44 272 -8
44 175 36
44 101 -31
44 388 -48
44 332 41
44 462 78
44 452 88
44 432 -94
44 506 -35
44 106 -1
44 156 -39
45 471 68
45 257 84
45 195 -23
45 178 27
45 221 -50
45 419 62
45 293 -28
45 194 -64
45 188 -53
45 77 57
45 175 -97
45 418 59
45 367 -61
45 76 -18
45 308 50
45 61 -40
45 294 -27
45 454 32
45 426 -12
45 130 -36
45 296 -96
45 71 20
46 309 59
46 433 -67
46 197 81
46 225 66
46 102 -9
46 420 -63
46 228 61
46 322 -62
46 128 -67
46 230 -64
46 175 -53
46 279 75
46 214 72
46 53 26
46 181 97
46 505 79
46 318 94
46 144 -16
46 127 76
46 382 98
46 132 -35
47 342 39
47 141 -40
47 365 16
47 56 60
47 356 85
47 483 -97
47 277 65
47 332 9
47 469 -61
47 172 75
47 69 77
47 363 59
47 405 92
47 403 33
47 249 63
47 299 98
47 480 68
47 115 84
47 122 -18
47 419 -32
47 433 70
47 431 47
47 159 -18
48 146 -28
48 424 -32
48 138 17
48 283 81
48 486 91
48 83 32
48 444 72
48 240 22
48 72 20
48 415 -77
48 123 12
48 78 -53
48 509 85
48 83 -28
48 367 29
48 139 92
48 262 -63
48 260 -17
48 95 -35
48 230 81
48 309 -60
48 374 6
49 132 80
49 302 69
49 139 35
49 361 90
49 310 -77
49 508 -60
49 64 -85
49 393 -27
49 390 -98
49 426 94
49 245 81
49 79 -28
49 88 15
49 235 -77
49 176 14
49 274 12
49 111 -36
49 194 52
49 147 28
49 434 51
50 377 -16
50 166 26
50 394 85
50 337 -5
50 154 32
50 421 88
50 305 60
50 417 -74
50 168 -71
50 461 -20
50 342 86
50 290 5
50 351 -85
50 187 -1
50 402 -16
50 206 17
50 455 -42
50 181 -39
50 444 87
50 502 -91
51 58 -3
51 478 -49
51 509 64
51 486 -47
51 256 -58
51 500 -22
51 258 -19
51 510 39
51 158 -64
51 443 16
51 203 -42
51 297 59
51 453 -1
51 70 87
51 289 -87
51 346 -46
51 180 -98
51 85 74
51 482 71
51 244 24
51 466 -8
52 351 -46
52 98 26
52 148 -61
52 431 51
52 144 5
52 113 54
52 219 -79
52 100 58
52 462 59
52 428 -6
52 335 -63
52 356 80
52 280 -15
52 404 25
52 423 -91
52 55 -7
52 324 57
52 191 -29
52 198 66
52 335 59
53 479 -58
53 466 -92
53 440 49
53 225 90
53 386 -100
53 462 41
53 479 30
53 265 -47
53 446 -47
53 463 -52
53 343 -76
53 461 52
53 500 65
53 390 -63
53 480 -55
53 465 -90
53 376 -2
53 143 42
53 152 -21
53 322 -71
54 229 -68
54 77 -61
54 134 -45
54 335 -24
54 196 -99
54 305 64
54 430 -39
54 77 59
54 59 47
54 58 -21
54 385 -93
54 95 -97
54 444 -56
54 88 11
54 315 70
54 216 67
54 170 -33
54 412 34
54 269 -82
54 290 27
54 287 -40
55 107 34
55 285 31
55 461 33
55 148 -69
55 141 -93
55 445 65
55 365 -50
55 165 -68
55 274 -38
55 65 -6
55 426 -96
55 298 61
55 182 58
55 111 -42
55 81 -83
55 163 -82
55 369 99
55 171 -81
55 233 92
56 58 99
56 359 -90
56 414 55
56 463 98
56 427 -19
56 496 -19
56 482 45
56 383 -6
56 94 0
56 284 31
56 300 -34
56 71 26
56 439 -26
56 506 -10
56 208 -63
56 243 -46
56 335 8
56 234 -28
56 284 27
56 92 97
56 64 -73
56 279 -1
57 428 -100
57 138 29
57 507 -30
57 296 -45
57 270 99
57 309 19
57 492 33
57 392 43
57 452 -13
57 166 -76
57 124 -98
57 447 50
57 341 81
57 373 -84
57 280 67
57 158 9
58 213 -2
58 282 -81
58 438 -1
58 358 63
58 82 11
58 192 -69
58 417 81
58 273 -75
58 317 6
58 145 -28
58 293 -85
58 189 -46
58 225 6
58 127 13
58 451 -86
58 95 46
58 200 -92
58 403 68
58 439 74
58 369 62
58 111 35
59 231 -36
59 333 20
59 190 -87
59 224 27
59 122 -94
59 117 -11
59 146 -6
59 108 -78
59 223 13
59 372 -57
59 498 -63
59 386 -53
59 135 -18
59 480 0
59 386 52
59 406 -48
59 288 -62
59 243 34
59 248 91
59 425 -16
59 297 -67
60 310 88
60 176 70
60 445 -24
60 205 -65
60 214 64
60 471 42
60 382 -18
60 128 85
60 505 17
60 247 71
60 368 72
60 132 -16
60 68 98
60 366 -62
60 339 -1
60 322 99
60 171 23
60 442 -3
60 160 -69
60 274 -29
60 503 55
61 188 -82
61 309 -57
61 292 -73
61 156 -10
61 503 -30
61 274 -52
61 433 -63
61 174 -36
61 417 82
61 382 33
61 152 49
61 210 -53
61 128 -66
61 109 -81
61 495 -77
61 66 68
61 348 -84
61 307 14
61 433 -88
61 481 -65
61 69 -66
61 201 -45
62 230 -84
62 389 58
62 130 -94
62 361 -100
62 282 -35
62 379 -70
62 140 58
62 455 31
62 127 -96
62 171 -65
62 206 56
62 185 8
62 184 -57
62 163 -54
62 491 -3
62 163 -36
62 99 68
62 103 93
63 412 91
63 166 -38
63 497 15
63 182 79
63 144 -66
63 484 68
63 98 -21
63 267 -85
63 334 96
63 80 21
63 305 87
63 152 92
63 74 74
63 462 3
63 181 84
63 166 -48
63 377 24
63 244 32
63 304 88
63 350 90
63 479 -66
63 323 88
64 164 93
64 447 -66
64 296 7
64 443 -39
64 501 42
64 387 11
64 318 55
64 308 99
64 481 62
64 275 89
64 443 -45
64 426 6
64 488 15
64 84 3
64 360 36
64 386 2
64 185 50
64 452 84
64 444 59
64 153 16
64 177 12
64 330 46
65 169 15
65 180 -42
65 508 6
65 480 -64
65 439 -1
65 478 -85
65 125 4
65 158 -77
65 221 56
65 424 -100
65 147 -39
65 465 -52
65 289 -12
65 393 90
65 178 -41
65 189 -21
65 433 7
65 311 83
65 161 2
66 321 -77
66 172 78
66 179 28
66 191 -23
66 261 20
66 484 -70
66 276 29
66 185 -1
66 505 62
66 274 -33
66 385 -92
66 188 69
66 173 -68
66 374 -24
66 272 -35
66 466 -75
66 439 -90
66 270 -63
66 265 96
66 119 -64
67 398 -84
67 479 -7
67 342 40
67 365 2
67 278 34
67 365 5
67 118 71
67 448 -44
67 162 88
67 133 -82
67 488 47
67 364 -21
67 178 87
67 183 91
67 388 1
67 222 -72
67 404 -16
67 105 -82
67 265 -57
67 418 7
67 435 42
67 424 5
68 222 86
68 430 91
68 125 58
68 320 21
68 257 -47
68 284 94
68 100 -82
68 174 -78
68 111 -62
68 256 -66
68 334 -1
68 263 58
68 254 54
68 482 51
68 367 -19
68 175 -59
68 279 -1
68 204 -8
68 161 -12
69 103 -40
69 372 66
69 259 -2
69 306 -2
69 72 -82
69 429 88
69 96 -26
69 100 -100
69 411 -66
69 123 -50
69 420 -45
69 300 -65
69 95 -31
69 380 33
69 396 -69
69 422 48
69 434 -95
69 145 -57
69 355 68
70 437 92
70 161 -84
70 434 15
70 393 9
70 132 55
70 232 -69
70 151 94
70 225 22
70 226 41
70 471 -1
70 159 34
70 119 -69
70 353 1
70 417 12
70 163 60
70 496 -94
70 464 -58
70 224 77
70 434 -1
71 488 87
71 89 58
71 180 2
71 107 -70
71 301 -66
71 114 -99
71 466 -91
71 174 71
71 279 7
71 218 -70
71 467 -3
71 486 31
71 490 11
71 425 -80
71 100 -82
71 261 -32
71 180 -64
71 347 79
71 143 95
72 446 35
72 341 -73
72 395 -55
72 498 -17
72 205 16
72 316 -8
72 488 -60
72 163 3
72 239 89
72 82 -99
72 78 37
72 508 -59
72 143 -86
72 256 42
72 363 -78
72 199 28
72 184 35
72 134 -66
73 349 -89
73 266 32
73 141 -17
73 166 -79
73 333 -35
73 385 0
73 243 90
73 122 -72
73 186 -22
73 146 1
73 396 -86
73 456 69
73 146 -82
73 132 4
73 285 49
73 454 -33
73 197 -29
73 510 -53
73 101 -88
73 453 -83
73 176 61
73 504 -95
74 178 3
74 233 14
74 103 54
74 206 -62
74 128 -57
74 251 77
74 439 97
74 148 -84
74 481 -4
74 337 -3
74 75 -32
74 92 -21
74 381 -89
74 281 -52
74 454 -30
74 489 99
74 435 75
74 426 -17
74 412 -68
74 338 -2
75 380 -71
75 129 -82
75 498 -44
75 500 -86
75 303 -11
75 506 -6
75 327 -83
75 229 0
75 328 83
75 384 11
75 448 42
75 340 44
75 474 98
75 135 -89
75 91 18
75 180 -75
75 435 -23
75 212 37
75 175 18
75 332 67
76 90 80
76 201 10
76 228 -27
76 149 -80
76 371 -63
76 470 39
76 347 36
76 126 33
76 509 53
76 321 -7
76 317 64
76 419 -7
76 435 58
76 310 -52
76 87 63
76 306 -34
76 212 -41
76 503 -41
76 373 -17
76 284 67
76 422 -61
77 420 35
77 106 -68
77 229 -100
77 276 -24
77 234 48
77 334 34
77 291 -94
77 161 -35
77 415 86
77 296 -61
77 412 -31
77 137 64
77 444 11
77 428 95
77 271 62
77 348 -26
77 439 79
78 137 -23
78 354 -95
78 181 -70
78 343 -84
78 135 5
78 171 18
78 369 23
78 412 15
78 96 73
78 493 -58
78 174 47
78 121 -53
78 216 -84
78 255 -18
78 160 56
78 369 72
78 374 -98
78 310 -75
79 300 -15
79 212 -80
79 481 -15
79 363 -58
79 238 44
79 362 75
79 254 -36
79 250 31
79 223 -81
79 464 67
79 171 94
79 265 -96
79 360 18
79 406 -21
79 244 -15
79 359 -15
79 172 83
79 106 -26
79 436 64
80 367 -76
80 366 -35
80 259 -61
80 238 92
80 172 25
80 339 -20
80 382 9
80 191 89
80 130 -47
80 280 -47
80 391 87
80 252 74
80 289 98
80 481 -52
80 180 82
80 450 61
80 208 -98
80 451 80
80 238 -97
81 233 -41
81 295 -59
81 102 32
81 425 -6
81 361 76
81 270 -60
81 192 74
81 301 6
81 248 35
81 159 59
81 201 4
81 421 36
81 187 -78
81 316 -17
81 133 42
81 413 98
81 131 18
81 204 53
81 179 15
81 412 93
81 287 -11
81 402 -72
82 501 11
82 116 -13
82 177 -36
82 494 94
82 271 12
82 236 -68
82 450 -81
82 294 -25
82 419 21
82 134 49
82 187 57
82 434 -52
82 486 -14
82 232 -18
82 268 58
82 192 -74
82 375 30
82 258 -15
82 84 97
82 125 84
82 333 82
83 219 28
83 483 40
83 260 -58
83 290 95
83 296 65
83 356 2
83 404 54
83 287 69
83 496 99
83 150 -73
83 356 -43
83 311 -35
83 223 24
83 167 87
83 270 97
83 312 -72
83 242 -68
83 505 -91
84 478 -30
84 302 71
84 140 -1
84 199 53
84 467 -32
84 232 20
84 154 -40
84 122 58
84 154 -42
84 277 -11
84 382 -16
84 501 -54
84 471 -54
84 413 -76
84 173 -46
84 133 -23
84 379 -60
84 176 46
84 494 94
84 362 64
85 231 -58
85 211 -67
85 108 -80
85 342 -74
85 192 -48
85 440 37
85 209 -44
85 406 1
85 236 -77
85 143 96
85 260 -31
85 223 -74
85 235 66
85 376 -24
85 353 -13
85 236 -20
85 140 -24
85 99 24
85 123 30
85 339 -22
86 105 62
86 170 -72
86 272 27
86 503 -65
86 311 65
86 341 -74
86 309 -13
86 418 21
86 238 24
86 174 -13
86 214 -7
86 349 -58
86 470 -69
86 320 -22
86 286 8
86 478 -75
86 401 -47
86 228 -59
86 497 83
87 363 20
87 93 -55
87 238 92
87 172 -37
87 427 -8
87 343 39
87 195 3
87 179 -16
87 387 -57
87 375 -28
87 180 67
87 151 93
87 163 -47
87 501 -45
87 334 -54
87 255 57
88 481 39
88 196 -47
88 464 -70
88 156 80
88 462 -84
88 310 67
88 229 43
88 507 -26
88 373 68
88 293 -38
88 306 -18
88 501 15
88 198 -53
88 405 -57
88 96 95
88 257 61
88 199 84
88 463 65
89 271 9
89 303 41
89 322 -84
89 316 28
89 261 -23
89 400 -55
89 352 -41
89 403 20
89 367 -32
89 409 -36
89 145 -6
89 91 70
89 413 43
89 195 -18
89 129 69
89 399 -82
89 282 29
89 174 90
89 430 -18
89 146 65
90 279 23
90 443 -93
90 196 -72
90 277 -89
90 446 -30
90 96 33
90 157 57
90 495 39
90 346 -1
90 384 12
90 320 -58
90 311 38
90 432 79
90 164 -13
90 103 35
90 488 64
90 153 94
91 171 76
91 171 14
91 138 -61
91 244 7
91 172 10
91 355 -83
91 481 13
91 165 4
91 303 -1
91 359 88
91 425 -88
91 174 -43
91 228 -81
91 378 22
91 253 29
91 490 -69
91 262 94
91 272 -45
91 410 77
91 128 57
91 225 -63
91 218 -62
92 284 5
92 104 26
92 504 6
92 303 -78
92 476 -87
92 434 -73
92 306 81
92 340 -15
92 140 84
92 334 46
92 427 57
92 281 -54
92 316 -71
92 366 -81
92 444 61
92 392 84
92 474 -24
92 393 35
92 286 82
92 439 7
93 371 93
93 273 11
93 424 24
93 241 51
93 204 -64
93 451 20
93 149 -2
93 227 -5
93 209 -100
93 425 63
93 371 -39
93 176 -15
93 364 15
93 194 8
93 142 42
93 444 -34
93 471 19
93 416 62
93 222 -71
93 457 -97
93 342 -15
94 425 98
94 504 44
94 480 -72
94 205 -67
94 249 86
94 163 -11
94 145 -42
94 237 54
94 250 32
94 167 67
94 342 0
94 250 65
94 332 5
94 400 -34
94 491 -36
94 231 93
94 430 -14
94 345 -40
94 185 -92
94 137 11
95 221 -6
95 463 -11
95 459 -57
95 144 45
95 392 29
95 257 -60
95 267 95
95 339 42
95 257 80
95 177 99
95 500 28
95 407 76
95 341 10
95 166 -44
95 174 86
95 338 91
95 451 29
95 302 -70
95 146 82
95 512 75
95 279 -88
95 202 -50
96 214 -98
96 350 -70
96 132 -26
96 470 12
96 116 -61
96 102 -62
96 150 69
96 414 2
96 436 27
96 399 -88
96 221 -27
96 291 -37
96 433 -63
96 283 -20
96 109 50
96 294 72
96 137 57
96 359 -50
96 387 53
96 376 60
96 479 -37
97 387 57
97 148 22
97 323 69
97 385 -55
97 425 -36
97 390 53
97 245 -57
97 505 -57
97 159 32
97 179 50
97 176 99
97 400 -89
97 480 94
97 173 -40
97 137 -96
97 503 34
97 342 30
97 115 81
97 150 -53
97 354 -49
97 139 -45
97 451 -3
98 342 3
98 103 9
98 367 -63
98 358 -93
98 373 72
98 280 -28
98 146 23
98 345 -72
98 260 -57
98 348 -37
98 485 -32
98 204 54
98 297 51
98 411 55
98 464 3
98 141 -1
98 120 23
98 104 -38
99 314 -71
99 192 -36
99 431 60
99 342 36
99 176 41
99 321 32
99 159 -34
99 132 -81
99 144 -74
99 486 13
99 111 64
99 290 12
99 189 97
99 204 -83
99 129 -83
99 120 -37
99 351 -99
99 492 -1
99 330 26
99 440 -45
100 360 -72
100 413 65
100 337 28
100 389 -95
100 289 -10
100 425 -57
100 352 43
100 350 52
100 258 3
100 361 -58
100 285 67
100 139 -61
100 358 96
100 169 -16
100 434 59
100 133 -64
100 216 56
100 347 -86
101 152 -67
101 170 75
101 432 5
101 303 49
101 482 42
101 440 -78
101 273 -29
101 343 -88
101 115 -77
101 467 77
101 292 29
101 350 81
101 498 -53
101 428 -28
101 489 -35
101 223 -11
101 390 72
101 209 -54
102 112 38
102 389 95
102 483 91
102 295 4
102 419 7
102 228 -93
102 251 61
102 341 -3
102 158 -92
102 490 57
102 282 91
102 186 -88
102 126 93
102 478 -72
102 297 -22
102 339 86
102 331 -83
102 196 14
102 164 -79
103 460 72
103 219 69
103 223 -42
103 273 93
103 190 49
103 455 31
103 165 35
103 280 -80
103 143 -58
103 302 -33
103 501 -48
103 383 11
103 281 -98
103 356 82
103 109 -7
103 400 42
103 373 -96
104 290 68
104 440 -99
104 441 -67
104 494 -23
104 457 -65
104 462 -52
104 121 63
104 389 62
104 206 12
104 118 -61
104 482 -69
104 354 -13
104 311 -39
104 215 -86
104 325 -56
104 275 28
105 240 -43
105 479 6
105 404 44
105 179 38
105 272 75
105 215 15
105 498 -48
105 230 -85
105 217 -75
105 304 77
105 400 -84
105 496 90
105 511 82
105 445 53
105 220 62
105 212 -50
106 213 76
106 116 -99
106 258 84
106 263 98
106 218 -11
106 386 17
106 252 76
106 121 -28
106 285 -52
106 269 -92
106 336 -62
106 193 -56
106 258 96
106 254 -1
106 325 51
106 419 -33
106 293 -52
107 197 -93
107 496 58
107 276 31
107 374 55
107 129 -79
107 139 -38
107 245 -98
107 265 -95
107 281 -32
107 201 -28
107 510 -67
107 396 13
107 474 -69
107 494 30
107 118 72
107 152 -84
107 503 -85
107 411 -76
107 254 41
108 372 -13
108 151 18
108 283 78
108 309 -62
108 205 86
108 415 39
108 487 -1
108 447 0
108 240 -76
108 379 -4
108 414 -45
108 337 7
108 463 49
108 363 -93
108 240 80
108 254 46
108 396 92
108 143 -5
108 228 -12
109 333 -81
109 133 70
109 459 -94
109 452 11
109 201 -21
109 411 43
109 220 59
109 150 -7
109 390 -79
109 331 -48
109 453 80
109 296 -46
109 117 -71
109 185 -13
109 179 -38
109 397 -100
109 229 68
109 374 84
109 291 -3
109 471 96
109 266 -88
109 388 87
110 271 21
110 155 -63
110 273 83
110 168 51
110 282 67
110 409 -91
110 492 -67
110 459 38
110 255 19
110 297 89
110 511 54
110 473 32
110 157 -56
110 397 67
110 315 11
110 211 -85
110 193 89
110 391 -41
110 387 88
110 502 -14
110 222 92
110 315 -88
111 254 44
111 375 -47
111 160 -81
111 392 19
111 433 -79
111 474 80
111 257 -38
111 388 -81
111 197 -34
111 362 46
111 139 -99
111 361 -45
111 161 87
111 450 -14
111 471 75
111 339 57
112 231 8
112 182 -76
112 206 -46
112 172 -16
112 512 -49
112 352 34
112 237 -25
112 437 -53
112 228 -59
112 510 -31
112 168 74
112 207 -6
112 199 30
112 407 32
112 329 62
112 332 -42
112 116 23
113 133 -66
113 376 -82
113 473 52
113 116 91
113 138 -17
113 419 -18
113 295 23
113 120 -80
113 215 -73
113 315 -58
113 471 87
113 462 83
113 173 -59
113 225 -14
113 122 96
113 261 -100
113 416 75
113 143 81
113 424 -79
113 399 -42
113 502 7
114 239 -61
114 282 82
114 300 -36
114 272 -76
114 394 -26
114 122 -57
114 269 50
114 308 79
114 446 69
114 345 -20
114 312 -24
114 456 34
114 265 -89
114 295 -35
114 367 -2
114 339 11
114 301 -78
114 258 -75
114 364 -36
114 228 98
114 473 76
115 228 -86
115 233 36
115 427 -53
115 324 7
115 127 37
115 317 85
115 243 11
115 493 -56
115 436 65
115 203 28
115 318 -58
115 321 20
115 473 76
115 332 47
115 157 7
115 497 -80
115 222 62
115 318 79
116 243 62
116 224 -69
116 307 3
116 173 -56
116 184 -64
116 276 29
116 411 31
116 188 83
116 294 -79
116 496 23
116 162 86
116 196 30
116 457 6
116 156 53
116 247 33
116 385 -89
116 347 27
116 331 0
116 146 -1
117 416 7
117 503 72
117 388 -38
117 216 -28
117 119 -42
117 316 -87
117 141 31
117 391 -79
117 258 -10
117 454 -42
117 384 -92
117 297 10
117 147 -39
117 239 -36
117 496 -20
117 510 -65
117 133 -59
117 314 -27
117 424 -74
117 432 -28
118 183 -10
118 446 0
118 224 10
118 162 17
118 137 74
118 212 1
118 201 6
118 439 71
118 372 23
118 281 -17
118 313 86
118 307 14
118 491 -24
118 177 55
118 261 -90
118 243 62
118 201 -7
118 317 -70
118 453 -23
118 335 -87
119 493 37
119 163 -25
119 126 -72
119 387 -91
119 288 13
119 398 73
119 408 -83
119 437 77
119 356 38
119 317 84
119 330 -98
119 155 -8
119 469 -4
119 312 -92
119 289 -69
119 302 -15
119 441 84
119 225 -14
120 319 -35
120 223 -72
120 352 -40
120 373 57
120 427 -44
120 408 61
120 229 99
120 407 -35
120 273 67
120 336 -51
120 424 -84
120 172 62
120 185 14
120 334 39
120 306 -61
120 417 -68
120 340 71
120 477 -26
121 362 31
121 281 70
121 306 -24
121 478 35
121 370 18
121 208 -21
121 327 89
121 322 -14
121 424 -98
121 444 75
121 478 -62
121 283 94
121 419 -63
121 224 -72
121 371 -22
121 468 18
121 191 87
121 430 -18
122 343 69
122 190 -3
122 285 -51
122 196 -46
122 335 51
122 243 -66
122 404 -70
122 160 15
122 379 -26
122 173 58
122 197 32
122 135 -34
122 157 -17
122 370 -4
122 300 17
123 498 -59
123 479 -28
123 250 -99
123 454 25
123 427 -15
123 324 40
123 477 83
123 414 -79
123 237 93
123 384 37
123 198 -13
123 239 -72
123 318 -40
123 452 -15
123 417 -40
123 241 57
123 227 75
123 313 -41
123 504 90
124 429 -12
124 249 -83
124 446 -51
124 278 50
124 393 -47
124 430 -58
124 358 84
124 459 -73
124 377 -38
124 318 -34
124 143 34
124 209 -10
124 506 -86
124 361 48
124 337 -78
124 241 48
124 465 -63
124 377 12
124 219 19
125 179 15
125 425 68
125 293 -93
125 469 96
125 272 91
125 362 16
125 463 -86
125 508 42
125 450 -76
125 434 16
125 420 35
125 237 -56
125 344 -46
125 346 -82
125 429 -37
126 235 -86
126 224 -53
126 458 93
126 308 15
126 463 10
126 400 -77
126 275 31
126 447 6
126 275 -92
126 151 81
126 499 37
126 389 97
126 272 -68
126 139 74
126 235 -94
126 287 14
126 148 -79
127 308 -72
127 284 -36
127 395 -25
127 368 -100
127 306 -52
127 431 37
127 469 -27
127 478 -72
127 383 -10
127 348 20
127 291 63
127 240 -71
127 234 -48
127 422 -25
128 146 80
128 449 4
128 319 51
128 489 -96
128 324 28
128 394 -79
128 473 34
128 472 -89
128 322 92
128 407 -42
128 468 -1
128 231 -45
128 274 2
128 208 86
128 282 -74
128 449 -25
128 511 18
128 287 -53
128 464 -36
128 362 -82
129 324 87
129 248 5
129 306 -26
129 154 -79
129 236 -94
129 182 84
129 284 -78
129 358 -70
129 213 -29
129 461 -86
129 328 9
129 342 51
129 264 96
129 266 27
129 337 -4
129 467 -45
130 145 38
130 290 -33
130 247 33
130 184 -47
130 494 7
130 172 -71
130 239 81
130 295 30
130 426 -38
130 358 -7
130 327 -76
130 207 -35
130 276 40
130 464 27
130 496 -23
130 431 3
130 189 51
130 301 35
131 444 -7
131 148 -12
131 427 9
131 311 61
131 270 -98
131 185 89
131 386 95
131 395 -36
131 466 -24
131 432 -29
131 141 -11
131 373 -2
131 411 79
131 171 -21
131 476 -97
131 412 -24
131 333 -15
132 318 1
132 252 34
132 250 59
132 387 -18
132 334 -64
132 246 -10
132 237 67
132 370 74
132 347 38
132 422 19
132 233 47
132 192 -33
132 174 -52
132 322 64
132 424 -95
132 268 -2
132 216 -2
133 204 49
133 367 -98
133 456 4
133 239 16
133 220 17
133 264 97
133 275 -13
133 245 69
133 335 21
133 402 1
133 205 -22
133 427 -2
133 237 -75
133 413 -98
133 435 -3
133 230 87
133 339 -38
133 388 -82
134 357 80
134 500 -29
134 460 50
134 247 24
134 419 32
134 428 -75
134 435 -90
134 409 72
134 459 -96
134 136 14
134 356 88
134 151 -25
134 460 15
134 258 -71
134 168 -17
134 249 -35
134 351 76
134 358 -50
135 446 42
135 388 2
135 329 -1
135 171 -6
135 155 -24
135 242 -63
135 208 -87
135 309 85
135 150 -50
135 310 -83
135 410 6
135 270 38
135 218 97
135 230 -85
135 247 62
135 341 -91
135 220 40
135 254 52
135 403 -38
136 354 67
136 284 13
136 237 -87
136 339 -22
136 381 -90
136 277 43
136 160 47
136 161 56
136 370 -43
136 367 88
136 210 -3
136 322 -91
136 199 -67
136 260 55
136 425 84
136 459 -46
136 261 3
136 431 2
136 292 -29
136 146 -7
137 365 -83
137 196 55
137 360 -29
137 154 -94
137 358 -80
137 378 -100
137 196 -85
137 164 -79
137 199 89
137 385 -90
137 251 88
137 205 4
137 495 -86
137 174 -33
137 381 -26
137 150 76
137 504 -67
138 466 27
138 489 -87
138 374 -100
138 505 56
138 275 -38
138 459 39
138 181 -98
138 381 -23
138 148 -41
138 461 -33
138 437 -15
138 298 -16
138 176 -90
138 408 63
138 141 -41
138 250 80
138 391 -80
138 176 91
139 193 -68
139 142 -18
139 240 -93
139 411 66
139 350 -58
139 236 -83
139 509 14
139 322 24
139 432 11
139 389 -69
139 293 -3
139 381 -12
139 175 64
139 472 24
139 344 46
139 171 -24
139 425 7
139 351 37
140 448 -70
140 387 -28
140 467 61
140 401 55
140 360 24
140 196 29
140 201 44
140 345 -89
140 339 32
140 489 21
140 167 -64
140 287 -11
141 347 98
141 391 -83
141 377 -10
141 235 -98
141 181 -34
141 486 -89
141 441 47
141 384 -10
141 346 97
141 281 27
141 287 -63
141 503 82
141 150 16
141 327 -8
141 319 -27
141 320 7
142 208 -48
142 308 -7
142 240 -12
142 232 -82
142 286 -4
142 430 57
142 493 -30
142 309 -4
142 508 0
142 396 -24
142 421 -55
142 212 -75
142 313 77
142 169 24
142 285 37
143 225 -73
143 467 -21
143 157 -22
143 278 -12
143 197 -100
143 221 49
143 252 -65
143 382 -39
143 349 20
143 511 58
143 249 62
143 261 27
143 198 -88
143 417 -77
143 196 -25
143 402 2
143 411 39
144 472 -70
144 303 98
144 152 82
144 401 -75
144 284 47
144 340 7
144 479 23
144 367 68
144 463 -30
144 442 -7
144 473 -48
144 359 -16
144 232 -62
144 420 -81
144 217 54
144 418 30
144 188 -71
144 394 65
144 215 -27
145 344 6
145 388 91
145 483 81
145 464 -44
145 206 -41
145 179 14
145 367 -53
145 310 7
145 275 81
145 195 -1
145 485 -38
145 186 80
145 483 -76
145 341 79
145 447 21
145 242 53
145 246 -11
146 221 91
146 315 -9
146 185 -1
146 340 -56
146 309 -22
146 173 18
146 341 98
146 459 -41
146 289 43
146 380 89
146 349 55
146 315 -36
146 307 -97
146 220 -23
146 408 -16
146 278 -50
146 173 86
146 483 -48
147 491 57
147 308 -20
147 347 -72
147 297 29
147 381 5
147 209 -34
147 361 -47
147 226 82
147 343 -61
147 376 -38
147 380 63
147 322 94
147 233 66
147 343 -18
147 195 -70
148 374 -53
148 268 56
148 310 -84
148 241 81
148 228 39
148 372 -99
148 434 -92
148 450 -87
148 233 29
148 309 -35
148 160 -34
148 196 -8
148 443 97
148 336 -71
148 226 91
148 402 -85
149 150 -54
149 415 94
149 243 53
149 331 6
149 461 72
149 416 -70
149 170 -23
149 252 75
149 432 20
149 411 -57
149 279 -26
149 278 48
149 506 29
149 273 -70
149 418 53
149 454 68
150 274 -54
150 273 -98
150 505 35
150 468 -73
150 511 -8
150 407 -41
150 507 -86
150 481 -53
150 469 -29
150 257 16
150 267 8
150 488 94
150 484 8
150 327 75
151 201 -45
151 347 89
151 265 77
151 235 81
151 487 66
151 276 14
151 242 2
151 287 54
151 336 39
151 252 -21
151 351 -56
151 347 -12
151 377 87
151 263 12
151 224 -1
151 388 52
151 478 88
151 426 -85
151 257 77
152 385 94
152 375 -52
152 337 -7
152 262 17
152 325 -85
152 402 13
152 465 73
152 464 -55
152 237 -37
152 387 -69
152 169 30
152 154 -1
152 249 -55
152 180 85
152 432 -86
153 292 5
153 244 17
153 485 11
153 475 -43
153 232 -95
153 213 54
153 341 -26
153 182 49
153 395 15
153 257 -42
153 156 65
153 268 88
153 280 44
153 330 -14
153 505 -48
153 382 75
153 447 33
153 382 59
154 242 62
154 504 -54
154 479 -6
154 223 -28
154 497 38
154 503 -76
154 194 -69
154 507 -92
154 375 77
154 251 38
154 227 44
154 263 -54
154 340 -43
154 396 50
154 172 -24
154 495 -37
155 406 -16
155 478 35
155 428 -66
155 291 93
155 345 41
155 431 49
155 170 -10
155 230 3
155 394 -70
155 490 50
155 176 -84
155 401 -29
155 460 -21
155 167 -61
155 479 -40
155 318 -96
156 324 26
156 228 -91
156 421 -70
156 504 66
156 221 34
156 305 -80
156 296 8
156 458 -97
156 352 -16
156 167 90
156 305 53
156 492 -81
156 342 -41
156 200 -56
156 275 16
156 200 -18
156 171 -64
157 330 48
157 256 62
157 167 64
157 476 -33
157 467 67
157 467 11
157 276 11
157 225 62
157 398 25
157 327 -62
157 247 -95
157 406 -77
157 489 -30
157 289 -53
157 211 74
157 208 -72
157 232 92
158 342 -78
158 323 -43
158 436 19
158 511 34
158 270 31
158 200 5
158 265 45
158 211 -81
158 351 -59
158 251 36
158 415 -22
158 436 5
158 492 -37
158 188 -77
158 489 99
158 353 30
158 319 35
158 289 65
158 482 -57
158 192 59
159 405 25
159 221 64
159 412 -52
159 218 -48
159 252 99
159 202 -88
159 183 -99
159 431 -55
159 276 -87
159 288 -13
159 334 -76
159 224 -36
159 439 -90
159 419 -92
160 419 7
160 416 -83
160 346 49
160 323 -19
160 221 -58
160 372 16
160 210 -23
160 494 25
160 229 -1
160 476 -7
160 354 44
160 199 76
160 438 -69
160 203 2
161 394 97
161 192 -58
161 460 -10
161 384 -38
161 237 -84
161 394 -6
161 406 -86
161 322 -96
161 244 18
161 509 54
161 269 -63
161 338 -14
161 453 -32
161 213 -15
161 463 8
161 174 -6
162 431 72
162 446 33
162 495 62
162 435 -79
162 258 -17
162 408 -25
162 266 38
162 429 72
162 301 -56
162 324 -3
162 302 77
162 437 77
162 400 -51
162 481 -15
162 305 -9
162 472 93
162 233 -66
162 362 73
162 361 -2
163 494 55
163 183 -34
163 201 -54
163 314 11
163 413 -13
163 209 4
163 194 66
163 353 26
163 240 14
163 485 87
163 211 -65
163 197 84
163 244 88
163 208 -47
163 260 -50
163 391 -69
163 244 -33
163 218 -10
163 494 -57
164 426 75
164 261 -30
164 238 69
164 329 27
164 375 91
164 282 85
164 278 -19
164 450 61
164 384 -67
164 380 57
164 414 -43
164 395 69
164 278 -35
164 311 -63
164 227 -50
164 328 -60
164 489 -68
164 419 -82
165 342 84
165 415 18
165 170 23
165 239 42
165 480 -41
165 253 -98
165 236 -52
165 423 81
165 265 48
165 408 -86
165 175 -90
165 276 77
165 306 -17
165 473 -100
165 192 -12
166 397 -81
166 472 -36
166 191 73
166 490 85
166 345 18
166 347 -43
166 341 64
166 376 -83
166 487 -90
166 366 73
166 312 92
167 403 43
167 491 60
167 482 -16
167 175 78
167 365 47
167 480 86
167 389 98
167 183 -55
167 283 44
167 250 77
167 428 28
167 363 -96
167 273 -92
167 292 -14
168 363 39
168 436 -67
168 334 57
168 259 79
168 466 84
168 292 -54
168 207 14
168 264 -23
168 304 40
168 275 -95
168 200 65
168 346 -38
168 195 54
168 228 -26
168 353 -65
168 348 -87
168 334 79
168 281 -5
168 196 46
169 239 -37
169 427 -57
169 384 61
169 498 24
169 512 24
169 420 59
169 377 21
169 354 72
169 282 -24
169 450 93
169 202 77
169 364 -18
170 218 23
170 382 44
170 488 -39
170 209 42
170 229 96
170 342 -49
170 316 -8
170 275 18
170 419 -90
170 373 71
170 249 -87
170 249 -66
170 252 8
170 425 35
171 511 -68
171 441 36
171 173 -86
171 281 -60
171 285 -68
171 485 -47
171 330 99
171 253 31
171 188 -16
171 373 94
171 354 22
171 384 -14
171 279 -20
171 315 -94
171 222 30
171 180 -99
171 455 17
172 439 -46
172 314 -18
172 455 15
172 389 -80
172 511 96
172 477 -41
172 233 47
172 310 21
172 444 -38
172 365 45
172 399 -84
172 247 18
172 376 -89
172 479 35
172 364 -98
172 425 14
173 401 58
173 415 -93
173 401 75
173 370 -25
173 266 -72
173 305 34
173 336 -37
173 495 14
173 225 -52
173 392 79
173 220 80
173 431 -49
173 316 -63
173 284 99
173 462 63
174 425 17
174 379 -31
174 388 94
174 213 -7
174 399 -7
174 397 -32
174 407 -96
174 465 35
174 320 48
174 421 93
174 324 15
174 397 -5
174 455 -57
174 258 30
175 354 95
175 489 -15
175 218 -21
175 264 36
175 231 -23
175 435 -89
175 393 -71
175 365 94
175 347 87
175 360 -97
175 443 84
175 321 -39
175 378 67
175 398 -27
175 401 83
176 281 -68
176 338 2
176 300 -27
176 462 92
176 182 -67
176 284 28
176 180 49
176 376 83
176 436 89
176 224 40
176 394 66
176 419 14
176 198 -22
176 409 -94
176 281 56
177 404 40
177 249 -24
177 483 -6
177 343 14
177 455 69
177 199 95
177 339 -7
177 205 -3
177 194 74
177 469 54
177 221 -88
177 396 -47
177 317 -28
178 220 25
178 273 -94
178 361 -20
178 333 68
178 257 -92
178 352 85
178 429 73
178 222 -67
178 432 -55
178 405 48
178 369 1
178 279 27
178 390 -29
179 235 53
179 390 61
179 438 -46
179 413 -93
179 284 41
179 207 -26
179 385 30
179 365 11
179 498 2
179 232 -78
179 249 -37
179 272 -49
179 370 89
179 510 38
179 197 -24
179 333 73
179 476 -36
180 369 11
180 370 92
180 249 42
180 407 78
180 288 -28
180 453 -19
180 368 94
180 241 -10
180 228 44
180 483 -50
180 240 0
180 458 73
180 211 -1
180 213 32
181 302 13
181 356 -94
181 493 -75
181 349 14
181 431 79
181 344 -40
181 437 -40
181 354 69
181 247 -54
181 352 77
181 437 -30
181 422 28
181 492 -39
181 254 -90
181 380 13
182 322 -46
182 203 46
182 473 21
182 327 -2
182 234 -78
182 300 -28
182 220 -84
182 451 -43
182 484 -43
182 420 57
182 459 34
182 367 -71
182 377 -14
183 314 94
183 276 -87
183 300 -76
183 424 71
183 382 -21
183 297 -70
183 373 66
183 230 20
183 249 94
183 272 73
183 301 -36
183 226 94
184 406 33
184 334 47
184 455 44
184 433 89
184 346 63
184 415 -65
184 481 58
184 396 -53
184 320 -44
185 210 95
185 457 53
185 374 93
185 463 -20
185 281 42
185 425 80
185 213 -23
185 252 -69
185 393 -95
185 502 15
185 264 -76
185 400 -65
185 451 62
185 280 77
185 264 2
186 275 3
186 493 -62
186 505 73
186 193 -39
186 313 -38
186 413 18
186 328 94
186 193 73
186 328 -26
186 305 -81
186 416 -25
186 462 91
186 451 22
187 351 97
187 444 84
187 378 51
187 200 14
187 346 18
187 339 34
187 238 18
187 509 -32
187 357 -60
187 280 51
187 342 27
188 506 -64
188 477 -98
188 456 56
188 418 69
188 296 -61
188 466 73
188 196 -73
188 280 -15
188 421 39
188 482 -19
188 228 53
189 206 0
189 192 71
189 327 25
189 222 -58
189 265 55
189 457 38
189 439 16
189 324 66
189 347 64
189 214 7
189 294 -22
189 344 -67
189 319 85
189 466 -77
189 390 1
190 260 38
190 328 7
190 492 33
190 386 -78
190 457 -24
190 330 72
190 382 88
190 280 36
190 347 58
190 282 25
190 323 -4
190 356 16
190 322 89
190 209 -34
190 304 42
190 375 58
191 395 0
191 498 53
191 223 64
191 217 -61
191 321 -42
191 387 48
191 279 -34
191 307 52
191 208 38
191 353 -51
191 472 92
192 497 -83
192 475 -60
192 442 -58
192 362 -24
192 290 62
192 497 -56
192 379 -50
192 442 22
192 510 -66
192 366 13
192 237 -59
192 388 -93
192 494 48
192 316 -78
192 383 58
192 388 -37
192 427 63
192 431 55
192 231 -26
193 338 -17
193 364 -31
193 395 -70
193 502 -48
193 434 95
193 273 99
193 291 -67
193 367 29
193 355 10
193 458 -32
193 250 79
194 512 -89
194 267 67
194 427 80
194 483 -22
194 356 65
194 303 -39
194 394 -85
194 205 21
194 362 -72
194 429 91
194 493 -90
194 308 -10
194 505 -65
194 301 47
194 302 -15
195 296 34
195 222 37
195 351 17
195 216 -70
195 429 -59
195 278 -46
195 493 -43
195 349 -87
195 512 11
195 445 -6
195 346 11
195 504 -23
195 396 -6
195 239 60
195 372 67
196 381 32
196 257 -91
196 296 -7
196 436 56
196 334 80
196 507 -10
196 305 8
196 446 8
196 225 49
196 366 -11
196 405 91
196 265 -89
196 275 -17
196 299 -93
197 380 -78
197 456 -50
197 363 -31
197 236 39
197 420 0
197 269 1
197 451 56
197 319 70
197 346 -60
197 312 30
197 475 51
197 421 -99
197 265 -16
197 384 -6
198 404 9
198 311 57
198 224 64
198 383 -47
198 441 -13
198 452 84
198 331 5
198 363 99
198 446 51
198 227 36
198 393 -27
198 275 29
198 411 -17
199 293 11
199 407 42
199 320 84
199 418 91
199 495 74
199 256 74
199 212 41
199 492 34
199 484 58
199 321 38
199 263 7
199 457 7
200 415 87
200 210 61
200 405 75
200 294 -87
200 343 -14
200 391 -50
200 259 -72
200 350 -12
200 399 -79
200 340 -71
200 267 73
200 222 -43
200 210 47
200 505 -100
200 453 -75
201 499 -89
201 238 -91
201 317 95
201 406 -29
201 488 86
201 446 67
201 319 -83
201 250 -72
201 428 -85
201 364 65
201 484 -6
201 427 40
201 355 -93
201 308 23
201 235 23
202 330 -78
202 427 -47
202 395 -55
202 488 -35
202 203 -74
202 350 47
202 276 -65
202 306 -68
202 442 44
202 479 66
202 381 -65
202 203 -30
202 436 -43
202 498 25
202 447 28
203 373 -38
203 234 -34
203 425 26
203 458 -90
203 488 -45
203 404 -61
203 371 6
203 310 -99
203 260 -6
203 208 56
203 470 -62
203 447 32
203 337 64
203 368 95
204 380 61
204 240 63
204 297 81
204 512 -92
204 409 -95
204 489 65
204 485 76
204 425 82
204 225 42
204 409 5
204 363 -99
204 404 -43
204 500 -83
204 211 68
204 502 -30
204 507 65
205 377 86
205 420 -46
205 206 -60
205 264 -87
205 274 -5
205 316 37
205 410 12
205 436 -35
205 482 -83
205 375 -91
205 297 90
205 360 -95
206 497 3
206 429 44
206 319 84
206 248 -42
206 419 5
206 335 -10
206 454 -44
206 448 91
206 467 63
206 491 67
206 470 94
206 449 -15
206 210 33
206 430 -90
207 323 -7
207 227 -19
207 282 67
207 401 33
207 423 92
207 420 21
207 497 38
207 408 3
207 375 58
207 282 -67
207 308 -97
207 390 -37
208 257 -87
208 342 -99
208 250 -45
208 286 28
208 282 -37
208 330 -2
208 421 97
208 465 32
208 268 70
208 347 35
208 319 58
208 301 47
208 226 59
209 367 75
209 398 -81
209 409 -82
209 220 85
209 283 48
209 357 44
209 333 94
209 294 -30
209 329 -85
209 406 -85
209 462 98
209 360 -93
209 474 91
209 322 -11
209 506 50
209 466 -33
209 413 50
210 264 -32
210 246 -75
210 315 34
210 432 -44
210 499 10
210 328 60
210 416 -35
210 478 -9
210 403 86
210 362 -83
210 265 -58
210 441 92
210 495 -63
211 243 -75
211 394 22
211 485 21
211 326 12
211 215 78
211 328 92
211 400 -39
211 490 79
211 472 92
211 341 -5
211 463 45
211 503 37
211 497 34
212 356 14
212 228 -44
212 496 -37
212 223 -18
212 273 -39
212 477 -23
212 232 88
212 367 3
212 283 -88
212 321 -17
212 365 57
212 402 -8
212 243 -86
212 365 -38
213 355 -85
213 273 -27
213 382 -63
213 246 -18
213 455 -55
213 461 79
213 371 -36
213 217 -11
213 362 -30
213 291 -12
214 404 60
214 311 -88
214 483 -83
214 314 -32
214 371 -81
214 452 -38
214 301 57
214 403 -2
214 242 61
214 246 52
214 220 -95
214 329 0
214 393 82
215 323 -78
215 300 -7
215 335 -54
215 307 39
215 507 34
215 332 49
215 291 -99
215 370 99
215 265 26
215 319 -41
215 408 37
215 325 -78
216 369 -5
216 478 75
216 326 -69
216 217 -50
216 288 -46
216 250 11
216 224 -70
216 421 -31
216 506 -67
216 405 25
216 364 67
216 422 94
216 465 30
216 430 67
216 411 -94
217 378 -64
217 494 -5
217 496 56
217 475 -57
217 321 -87
217 440 20
217 246 42
217 347 -98
217 452 -45
217 369 -41
217 236 29
217 315 31
217 499 -1
218 338 -86
218 263 -70
218 379 69
218 311 11
218 471 -49
218 425 -66
218 223 38
218 327 -89
218 349 -6
218 347 -49
218 229 67
218 415 64
218 431 40
219 488 52
219 349 -97
219 387 73
219 461 7
219 236 -52
219 330 -73
219 270 27
219 271 -47
219 499 -80
219 397 -76
219 428 -95
219 429 -7
220 374 -12
220 391 18
220 371 -15
220 393 -95
220 419 -45
220 278 98
220 396 -21
220 320 95
220 306 -48
221 296 -88
221 348 -19
221 378 49
221 290 -2
221 405 36
221 339 92
221 449 -52
221 281 -71
221 319 -74
221 243 -60
221 367 49
221 380 -91
221 425 -69
221 280 88
221 336 26
222 279 97
222 480 57
222 385 34
222 363 80
222 365 -65
222 257 -38
222 263 -35
222 365 -73
222 277 24
222 426 -54
222 228 40
222 307 -38
222 375 -44
222 307 39
223 440 -88
223 239 -94
223 414 -26
223 334 -12
223 465 -1
223 394 -74
223 343 20
223 288 -32
223 397 73
223 452 69
223 300 86
223 353 -54
223 379 38
223 443 -34
223 325 -16
224 339 -2
224 363 0
224 418 91
224 501 -42
224 448 -24
224 327 22
224 347 -65
224 356 -1
224 319 88
224 378 48
224 334 34
224 373 -75
224 451 11
224 291 -34
224 235 36
225 418 43
225 237 83
225 497 -94
225 400 62
225 309 -35
225 233 77
225 297 -47
225 258 -62
225 478 -30
225 442 -6
225 508 42
225 387 6
226 445 96
226 335 -18
226 502 -22
226 413 70
226 232 -53
226 450 -30
226 505 -77
227 396 45
227 341 -93
227 387 72
227 279 -35
227 241 -38
227 311 99
227 412 -25
227 371 -88
227 298 46
227 375 -60
227 358 -41
227 256 -33
227 497 -49
227 385 9
227 428 26
228 325 -26
228 328 -95
228 465 11
228 398 -100
228 301 31
228 469 90
228 380 -38
228 368 18
228 400 89
228 321 -2
228 458 -19
228 443 -52
228 444 -66
229 463 -94
229 486 21
229 368 61
229 460 80
229 325 -1
229 491 -53
229 330 -64
229 430 52
229 247 -77
229 415 -24
229 458 -64
229 422 -44
229 408 -92
229 473 22
229 481 8
229 265 46
230 434 -24
230 486 -59
230 443 -99
230 232 -85
230 396 63
230 475 -46
230 417 -40
230 345 72
230 316 -34
230 373 -40
230 478 -26
230 409 -60
230 257 -75
231 349 6
231 255 -63
231 466 56
231 488 89
231 499 -21
231 370 -100
231 312 -46
231 335 -78
231 487 75
231 232 28
231 282 -7
231 278 29
231 245 -59
231 282 95
231 363 -4
231 293 -66
232 268 -89
232 264 -67
232 323 -37
232 398 6
232 442 19
232 252 21
232 392 -92
232 444 -61
232 325 -41
232 459 -7
232 479 -99
232 502 -11
232 341 22
232 376 51
233 254 24
233 241 74
233 509 39
233 350 -26
233 303 83
233 282 -92
233 481 -51
233 391 -79
233 338 58
233 272 48
234 351 24
234 425 -36
234 284 19
234 379 37
234 386 -90
234 323 74
234 442 57
234 358 59
234 506 97
234 349 22
234 346 -78
234 252 39
234 383 99
235 271 -82
235 478 3
235 354 27
235 402 84
235 267 -19
235 281 35
235 480 -32
235 275 -63
235 287 -4
235 276 -55
235 393 28
235 484 98
235 330 -39
235 258 -46
235 298 28
236 267 71
236 449 36
236 511 46
236 385 22
236 448 -85
236 351 -41
236 390 -22
236 480 16
236 453 18
236 253 70
236 350 -81
236 494 89
237 393 -60
237 344 72
237 403 94
237 246 31
237 255 2
237 445 -45
237 399 84
237 470 -52
237 245 -25
237 343 15
237 286 28
237 269 -32
238 427 8
238 365 63
238 285 88
238 344 -97
238 314 39
238 305 20
238 416 55
238 473 -99
238 263 85
238 341 97
238 334 98
239 449 -74
239 320 21
239 394 84
239 502 27
239 307 95
239 328 38
239 392 -17
239 285 -4
239 434 39
239 310 97
239 347 -40
239 303 61
239 286 -10
240 357 62
240 264 46
240 358 90
240 382 -83
240 353 -30
240 406 -81
240 366 -85
240 391 -68
240 348 -16
240 261 18
240 429 -33
240 241 -11
240 507 97
240 508 52
240 492 74
240 330 96
240 473 -24
240 261 16
241 279 -23
241 320 10
241 358 71
241 307 -29
241 442 -50
241 308 50
241 452 95
241 427 -77
241 289 -69
241 412 54
241 483 53
241 508 15
241 324 -50
241 433 -11
242 294 12
242 365 36
242 400 -40
242 303 81
242 379 -26
242 345 8
242 428 71
242 284 -36
242 370 -64
242 485 0
242 383 -13
242 349 26
242 417 -81
243 400 78
243 313 57
243 256 -5
243 440 -73
243 291 96
243 280 -33
243 262 47
243 472 -27
243 507 51
243 487 -6
243 447 29
244 296 -6
244 256 12
244 435 -84
244 354 -32
244 254 -54
244 394 7
244 256 -93
244 394 -53
244 388 -63
244 417 -60
244 282 -29
244 358 -19
244 509 -97
244 420 75
244 491 74
244 510 31
245 278 90
245 477 45
245 320 0
245 452 55
245 263 -87
245 369 22
245 404 95
245 434 -39
245 301 28
245 473 -68
245 430 -13
245 506 -11
246 266 20
246 368 -39
246 379 99
246 511 -41
246 509 66
246 475 -12
246 388 83
247 457 -88
247 502 -19
247 326 31
247 372 -15
247 497 -2
247 453 18
247 443 -28
247 430 -65
248 316 32
248 454 93
248 451 -1
248 500 19
248 347 -53
248 420 -86
248 343 -11
248 259 -86
248 340 57
248 315 35
249 469 80
249 320 -1
249 436 -33
249 275 -41
249 461 78
249 429 -38
249 259 -17
249 254 -32
249 316 -78
249 505 51
249 358 76
249 305 43
249 255 -57
249 364 49
249 310 14
250 334 -19
250 425 59
250 279 -18
250 262 1
250 320 -98
250 447 64
250 481 -35
250 475 -43
250 448 -48
250 337 86
251 405 -20
251 488 -24
251 485 72
251 371 78
251 301 44
251 407 12
251 463 97
251 304 -53
251 431 55
251 492 71
251 270 92
252 406 79
252 493 -17
252 291 -17
252 457 5
252 406 63
252 335 -90
252 478 -50
252 459 80
252 358 -14
252 427 74
252 427 -52
252 466 52
253 273 -88
253 316 20
253 338 -96
253 498 0
253 489 37
253 292 -39
253 283 94
253 367 43
253 277 37
253 272 -82
253 392 -47
253 308 8
254 279 33
254 388 11
254 491 29
254 326 88
254 381 59
254 320 -26
254 360 -28
254 357 97
254 372 5
254 473 65
255 373 39
255 359 -15
255 394 31
255 458 97
255 475 96
255 488 88
255 385 -82
255 351 -98
255 325 94
255 356 37
255 461 -36
255 505 -68
255 478 -34
255 447 72
256 345 -12
256 334 -35
256 416 69
256 268 -15
256 404 -80
256 288 -59
256 441 -52
256 468 26
256 498 26
256 504 63
256 359 89
257 396 -36
257 354 -87
257 464 99
257 294 -53
257 392 49
257 371 89
257 372 10
257 302 98
257 498 51
257 282 -64
257 421 35
257 376 82
257 313 -84
257 399 -10
258 416 80
258 369 -77
258 343 8
258 282 -96
258 438 75
258 277 99
258 303 75
258 485 76
258 296 -98
258 441 92
259 370 31
259 352 -51
259 374 72
259 488 -82
259 499 67
259 497 -58
259 473 51
259 269 15
259 398 -3
259 442 -12
259 404 22
260 337 -13
260 414 17
260 435 77
260 452 33
260 273 -84
260 464 57
260 348 90
260 443 -71
260 268 -82
261 354 35
261 456 -63
261 472 39
261 374 12
261 427 73
261 488 -30
261 352 52
261 432 55
261 419 95
261 317 -71
261 300 85
262 481 -37
262 425 26
262 315 13
262 295 -4
262 284 -7
262 299 98
262 501 -73
262 363 -58
262 292 10
262 488 80
262 509 89
262 296 49
262 335 21
263 333 33
263 282 -53
263 297 57
263 447 42
263 486 -15
263 347 17
263 307 -78
264 369 14
264 344 -30
264 424 52
264 412 -21
264 446 66
264 437 40
264 416 25
264 274 -7
264 411 -6
264 479 84
264 437 94
264 502 -41
265 505 20
265 437 91
265 383 -48
265 415 64
265 268 73
265 298 -24
265 419 -70
265 507 -42
265 381 5
265 312 -3
265 494 24
265 330 -47
265 420 -25
265 474 6
265 490 47
266 392 -73
266 447 -25
266 435 57
266 340 97
266 342 -77
266 273 14
266 438 -54
266 439 -31
267 473 -40
267 384 5
267 480 -54
267 280 13
267 406 71
267 337 48
267 501 70
267 498 -91
267 488 57
267 504 38
268 412 47
268 355 3
268 275 -99
268 343 31
268 439 -2
268 416 52
268 359 -40
268 359 7
268 457 -8
268 447 -60
269 405 -77
269 304 -76
269 430 -100
269 271 42
269 337 57
269 393 -97
269 396 11
269 385 -78
269 496 -61
269 327 2
269 297 67
269 474 71
269 436 -5
270 504 -55
270 505 82
270 345 68
270 439 -3
270 353 57
270 362 77
270 497 74
270 401 71
270 496 -88
270 402 33
271 398 53
271 276 -26
271 511 74
271 291 81
271 352 46
271 493 -83
271 425 68
271 291 67
271 421 -29
272 500 73
272 440 78
272 316 58
272 422 15
272 396 -84
272 392 -25
272 300 75
272 312 45
272 472 9
272 395 -71
273 359 70
273 294 -22
273 505 48
273 372 41
273 479 -46
273 428 40
273 475 -73
273 279 43
273 312 14
273 387 88
273 338 87
273 393 66
273 431 -5
273 492 -1
273 400 91
274 423 -34
274 282 33
274 281 1
274 469 -60
274 459 -74
274 421 -5
274 280 -99
274 363 -52
274 296 -46
274 370 55
275 481 -31
275 508 92
275 477 61
275 452 -29
275 290 -25
275 504 -54
275 435 -47
275 409 -25
275 327 -68
275 298 -28
275 477 -30
275 385 92
276 487 73
276 416 48
276 310 -73
276 495 50
276 379 16
276 459 -5
276 278 -10
276 509 -67
276 330 -90
276 442 54
277 491 96
277 350 67
277 506 49
277 374 -77
277 407 11
277 336 23
277 317 -2
277 306 15
277 484 29
277 397 -47
277 331 30
277 364 43
277 379 -32
277 419 44
277 353 -93
277 380 -64
278 279 -38
278 336 -91
278 508 -7
278 383 36
278 315 -34
278 416 9
278 289 -96
278 464 -37
278 335 -1
278 373 87
278 492 -49
278 323 29
279 326 -24
279 466 -84
279 411 -46
279 488 94
279 495 -53
279 417 1
279 401 -63
279 380 -68
279 377 73
280 294 -9
280 495 95
280 299 -48
280 403 -89
280 501 41
280 328 53
280 385 -23
280 460 76
281 378 -67
281 410 16
281 359 8
281 388 66
281 466 -44
281 356 -44
281 333 -76
281 471 -51
281 469 -14
281 355 72
281 294 95
282 445 -84
282 326 -45
282 327 50
282 508 83
282 296 92
282 389 97
282 436 -15
282 511 82
283 377 1
283 488 20
283 385 -48
283 317 2
283 473 88
283 312 78
283 338 23
283 402 23
283 497 -2
283 306 65
283 354 -80
283 311 -52
283 343 96
283 396 82
284 294 33
284 380 93
284 410 11
284 449 46
284 333 26
284 365 17
284 498 67
284 445 29
284 466 -16
284 417 43
285 344 28
285 430 62
285 406 -6
285 459 55
285 486 -50
285 392 -68
285 463 70
285 495 2
285 489 -41
286 386 -87
286 445 -42
286 321 66
286 510 5
286 326 -21
286 306 -91
286 399 -6
286 510 29
286 379 33
286 358 -60
286 309 -37
287 364 38
287 324 79
287 289 -50
287 344 25
287 365 42
287 486 34
288 322 -6
288 320 -74
288 508 -21
288 468 66
288 447 -36
288 395 11
288 464 63
288 500 59
288 302 28
288 474 39
288 430 59
288 501 -14
288 418 -80
288 423 61
289 397 -12
289 335 10
289 355 65
289 388 5
289 477 54
289 298 -84
289 320 -91
289 417 36
289 366 -86
289 293 -15
289 384 -56
290 476 52
290 324 -9
290 510 35
290 494 -95
290 447 77
290 352 21
290 306 -91
290 505 -24
290 389 49
290 437 67
290 344 -83
290 378 17
290 396 22
290 456 -20
290 371 86
291 396 -27
291 323 43
291 470 94
291 365 -10
291 330 66
291 302 52
291 350 -89
291 501 -68
291 504 -19
291 449 19
291 500 58
291 372 -71
291 465 38
291 336 -94
292 318 -26
292 318 94
292 453 56
292 433 73
292 470 60
292 443 56
292 419 -45
292 487 -48
292 387 -28
293 301 25
293 327 -33
293 419 -39
293 483 -77
293 445 59
293 433 4
293 476 -95
293 323 70
293 405 -44
293 383 -26
293 355 -20
293 401 -1
293 406 -71
294 368 57
294 298 48
294 351 -67
294 470 11
294 370 -49
294 369 -6
294 394 64
294 412 70
294 455 -69
295 406 95
295 423 3
295 360 54
295 511 -65
295 459 70
295 348 86
295 343 98
295 484 -75
295 394 19
295 484 74
295 338 22
295 327 -63
296 490 9
296 298 -23
296 385 28
296 338 -48
296 489 41
296 413 18
296 506 -10
297 304 85
297 310 -78
297 320 33
297 489 -74
297 503 -75
297 468 13
297 463 -50
297 397 -13
297 387 -13
297 462 -38
297 430 80
297 499 67
298 455 58
298 373 48
298 313 -98
298 360 11
298 346 -15
298 486 45
298 382 48
298 459 -73
298 337 -92
298 432 -72
298 385 -84
299 505 21
299 504 92
299 336 56
299 308 40
299 476 -78
299 444 66
299 315 82
299 495 -67
300 503 -16
300 425 -10
300 308 -3
300 493 -41
300 457 53
300 376 -18
300 486 72
300 396 -51
300 507 13
300 420 91
301 461 -62
301 311 41
301 375 -24
301 360 74
301 378 -94
301 473 -51
301 507 13
301 411 -39
301 422 40
302 314 -12
302 347 -57
302 430 41
302 479 86
302 446 94
302 379 -35
302 383 -61
302 390 -84
302 410 -51
302 426 56
302 476 74
302 364 60
303 449 -23
303 316 -18
303 406 -10
303 400 -16
303 327 -9
303 334 28
303 363 99
303 429 95
303 310 -58
303 462 -31
303 317 -90
304 395 97
304 479 41
304 382 39
304 444 -96
304 381 30
304 400 44
304 379 -51
304 308 88
305 422 47
305 345 -32
305 333 55
305 489 14
305 322 -31
305 327 67
305 384 75
305 383 91
305 313 80
305 306 64
305 307 29
305 418 65
306 457 55
306 358 -15
306 450 -49
306 476 52
306 395 -24
306 446 89
306 451 -75
306 505 -32
306 345 21
306 418 -48
306 365 65
307 420 81
307 317 -89
307 459 -12
307 456 -76
307 417 -8
307 437 -28
307 385 -20
307 432 63
307 466 -58
307 469 -92
307 506 -72
307 496 -1
308 458 89
308 313 -24
308 358 53
308 394 48
308 446 -56
308 496 -41
308 343 82
308 468 -13
308 375 4
309 317 -62
309 362 28
309 435 21
309 446 -16
309 334 -19
309 506 -37
309 370 50
309 333 45
309 439 -1
310 322 -40
310 427 76
310 484 -1
310 436 -76
310 400 15
310 386 -16
310 484 57
310 457 -77
310 437 17
310 397 32
311 392 -28
311 406 -54
311 443 69
311 344 81
311 343 0
311 335 49
311 323 -81
312 343 74
312 440 -31
312 323 -76
312 511 19
312 404 -78
312 426 72
312 456 58
312 345 10
312 370 -9
313 392 23
313 506 -35
313 436 40
313 477 -43
314 382 -72
314 317 -95
314 483 43
314 393 57
314 481 86
314 465 -6
314 353 -60
314 488 29
314 457 80
315 328 -4
315 468 89
315 409 89
315 364 48
315 408 -93
315 382 -44
315 426 -9
315 463 56
315 392 8
315 401 -59
315 373 42
316 499 81
316 410 -28
316 419 -4
316 505 -12
316 349 -13
316 374 2
317 347 -24
317 421 81
317 471 78
317 388 34
317 504 49
317 508 -80
317 327 45
318 384 -27
318 489 -79
318 399 -62
318 365 89
318 491 -55
318 368 -66
319 470 -58
319 445 -6
319 475 91
319 415 15
319 459 -1
319 405 66
319 508 71
319 375 45
320 477 80
320 451 -23
320 499 58
320 396 6
320 376 71
320 445 86
320 435 -36
320 321 88
320 499 -30
320 376 -40
321 455 -17
321 378 -79
321 364 -22
321 451 86
321 464 -92
321 507 68
322 344 50
322 358 -38
322 443 61
322 334 85
322 487 9
322 448 -26
323 410 -47
323 436 -77
323 365 70
323 451 -87
323 477 30
323 485 -13
323 343 89
323 435 -17
323 418 -33
324 394 59
324 369 -37
324 437 -88
324 376 26
324 327 38
324 397 -16
324 392 -68
324 405 -76
324 478 -63
324 433 -18
325 379 -64
325 461 81
325 395 -31
325 332 65
325 505 -34
325 451 -80
325 464 -59
325 508 95
325 398 -47
325 460 62
325 406 -37
325 393 -69
326 384 47
326 411 -33
326 444 -15
326 450 83
326 383 -72
326 389 21
326 448 11
326 444 -69
326 410 -65
326 398 -59
326 388 -89
327 362 -17
327 431 -41
327 419 30
327 499 -11
327 459 -23
327 338 19
327 441 24
327 389 51
327 363 -29
327 371 -54
328 375 29
328 438 -4
328 472 -96
328 360 -76
328 401 77
328 366 88
328 345 -47
328 441 91
328 487 -56
329 494 85
329 331 99
329 361 64
329 486 44
329 400 -9
329 344 -98
329 512 -29
329 453 70
329 419 -64
329 418 90
330 425 -10
330 342 86
330 477 47
330 473 -53
330 505 -76
331 346 10
331 503 61
331 334 17
331 488 16
331 355 43
331 349 -79
332 343 -90
332 407 -24
332 344 -57
332 343 68
332 384 -42
332 511 -15
332 341 -51
332 355 53
332 463 39
332 502 -4
333 366 4
333 450 -71
333 406 32
333 398 64
334 433 -35
334 389 62
334 344 -41
335 434 -16
335 345 -53
335 496 -67
335 400 82
335 500 -26
335 493 67
335 397 47
335 358 0
335 400 21
335 488 3
336 456 59
336 351 18
336 458 -9
336 341 -38
336 463 46
336 416 72
337 428 -100
337 378 -22
337 475 -79
337 387 29
337 403 -22
337 381 72
337 376 6
338 454 -64
338 469 -84
338 398 -13
338 485 -99
338 461 -15
338 494 -85
338 410 71
338 340 14
338 424 -87
339 357 -21
340 396 -23
340 368 5
340 345 -28
340 491 49
340 376 27
340 369 -16
340 354 47
340 396 -82
340 442 -84
340 449 -54
341 433 27
341 412 -23
341 361 -18
341 404 -81
341 403 89
341 484 -87
341 360 -28
341 459 83
341 490 5
341 460 94
341 424 79
342 407 -61
342 437 44
342 420 -2
342 453 59
342 421 -9
342 482 41
342 480 52
342 455 61
342 387 -48
343 443 -69
343 508 -98
343 443 -78
343 457 -31
343 345 91
343 353 -95
344 378 -1
344 410 0
344 506 45
344 373 -29
344 353 -32
344 468 79
344 451 -12
345 472 56
345 497 56
345 454 -60
345 428 -80
345 453 72
345 380 13
346 438 40
346 443 -4
346 437 -99
346 360 46
346 434 77
346 386 -5
346 376 6
346 440 55
347 479 -21
347 349 -92
347 348 -41
347 500 -45
347 463 -40
347 511 -65
347 448 65
347 428 62
348 400 -67
348 483 55
348 468 23
348 410 38
348 349 8
348 474 -21
348 386 -75
349 423 -20
349 371 91
349 470 -13
349 413 14
349 398 94
350 412 45
350 453 -30
350 511 71
350 455 63
350 439 -30
350 394 -71
350 496 5
350 387 69
350 464 61
351 398 58
351 364 -21
351 390 15
351 444 -90
351 486 -85
352 359 90
352 366 -13
352 460 -57
352 482 87
352 436 -46
352 406 79
352 500 44
352 411 31
352 392 63
353 428 -83
353 493 -70
353 399 -99
353 391 -93
353 384 -50
353 400 -62
353 386 6
353 482 7
353 360 -40
353 369 92
353 461 97
354 449 94
354 407 2
354 372 31
354 432 12
354 459 76
354 479 -4
354 395 -60
354 462 -22
355 496 -83
355 442 84
355 480 26
355 459 -10
355 466 67
355 494 -6
355 409 -50
355 476 84
356 375 -80
356 459 64
356 467 -71
356 485 -67
356 461 -72
356 404 -25
356 428 56
356 368 -91
356 369 -77
356 367 44
357 490 -85
357 484 80
357 505 -94
357 459 -97
357 442 -78
357 361 -47
357 443 -32
357 422 -57
357 406 92
357 438 -10
358 440 -38
358 405 -87
358 416 -16
358 496 38
358 413 67
358 442 73
358 482 -25
358 388 -20
358 440 84
359 372 36
359 447 51
359 473 22
359 388 -49
359 370 -89
360 407 20
360 430 5
360 510 -67
360 462 17
360 470 55
361 433 5
361 387 57
361 439 14
361 422 -85
361 438 -72
361 383 -37
361 432 71
362 469 -16
362 465 -80
362 376 51
362 465 90
362 510 -60
362 382 45
362 433 57
363 480 -74
363 437 -80
363 409 -43
363 493 -49
363 418 -19
363 371 61
364 457 -72
364 449 -34
364 446 -6
364 437 -23
364 437 70
364 459 1
364 473 91
364 447 -59
365 409 23
365 390 -87
365 417 64
365 503 -9
365 410 -12
366 369 -88
366 374 -9
366 417 -12
366 511 27
366 394 -90
366 453 85
367 398 23
367 380 99
367 497 54
367 455 -54
367 468 94
367 398 81
367 457 -39
367 492 69
367 391 34
368 392 8
368 456 -88
368 444 12
368 473 58
368 506 7
368 448 -33
368 461 -58
369 444 -45
369 375 69
369 399 98
369 374 61
369 393 -20
369 506 -15
369 429 9
369 510 -28
370 460 49
370 501 -61
370 376 -85
370 390 89
370 407 -50
371 388 -9
371 406 23
371 422 -84
371 374 -12
371 452 0
371 499 30
372 475 78
372 424 52
372 378 99
373 448 -5
373 418 91
373 430 -13
373 432 30
374 422 -84
374 451 -85
374 454 56
374 433 93
374 473 62
374 379 79
375 443 61
375 397 -1
375 503 -36
375 416 -42
375 376 -92
375 503 -39
375 495 91
375 506 -75
376 382 56
376 461 -61
376 442 27
376 427 -27
377 428 80
377 434 -48
377 456 -75
377 388 -72
377 504 -27
377 424 91
377 447 -23
378 508 -47
378 402 -73
378 381 -51
378 456 -9
378 502 49
379 510 63
379 413 -17
379 450 -31
379 387 85
379 450 71
379 500 96
380 399 -31
380 443 -81
380 405 70
380 471 94
380 426 -14
380 484 -71
380 446 -98
381 464 -42
381 491 -25
382 510 20
382 443 65
382 484 48
382 458 -11
382 394 -92
382 432 -59
382 441 -21
382 500 73
383 505 50
383 508 19
383 463 -82
383 436 -84
383 477 -16
383 426 -35
384 389 52
384 474 -100
385 506 -15
385 459 46
386 464 -20
386 502 53
386 497 -87
386 501 59
386 444 -43
386 407 2
386 435 48
387 509 -65
387 442 52
387 393 45
387 424 60
388 391 -45
388 411 36
388 413 -33
388 402 29
388 455 47
388 429 43
388 485 69
389 392 26
389 462 24
389 478 96
390 398 -56
390 478 -67
390 512 -52
390 419 -59
390 394 -91
391 401 -25
391 509 70
391 406 37
391 422 -78
391 441 87
392 452 -1
392 511 32
392 434 -87
392 468 -25
392 393 -79
392 428 -42
392 439 -21
393 508 27
393 486 5
393 435 21
393 504 -4
393 395 -32
393 511 -44
394 454 -76
394 415 43
394 442 -16
394 491 7
394 502 89
394 401 61
395 416 7
395 438 -17
395 445 36
395 502 24
395 451 55
396 488 9
396 434 25
396 451 65
396 405 56
396 464 21
396 464 -67
396 413 56
397 512 -6
397 491 -90
397 434 -33
397 434 -39
397 502 60
397 402 -86
398 408 7
398 420 31
399 427 43
399 434 -60
399 457 53
399 400 60
399 485 80
399 403 -44
399 474 -8
400 454 3
400 473 33
400 509 -96
400 447 17
400 500 -91
401 458 -12
401 482 10
401 487 -93
401 425 -26
401 442 -97
402 435 -32
402 485 80
402 475 -54
402 472 66
402 457 -94
403 454 51
403 466 -12
403 503 -81
403 502 -7
403 416 -42
403 422 -9
403 500 32
403 463 -50
404 493 -97
404 489 -66
405 421 -70
405 469 52
405 409 -32
405 451 -23
406 423 -73
406 409 50
406 436 -58
406 448 11
406 437 9
407 471 73
407 499 -43
407 428 -3
407 467 7
407 506 22
407 473 -53
407 480 -14
407 492 84
408 510 -70
409 470 83
409 438 23
410 444 80
410 484 -19
410 462 -65
410 432 -84
410 474 2
411 502 -82
411 493 54
411 473 81
412 488 85
412 464 52
412 457 56
413 493 -83
413 430 87
413 415 -14
414 480 -13
414 496 91
414 502 68
414 453 90
415 428 63
415 448 36
415 443 75
415 502 -39
415 506 33
416 434 -50
416 474 -92
416 431 60
416 508 -64
416 466 62
416 434 55
417 435 3
417 489 -40
417 499 30
417 506 81
417 496 13
418 498 73
418 476 29
419 480 54
419 440 11
419 425 90
419 492 35
420 494 -50
420 462 -18
420 496 -44
420 473 -7
420 499 90
420 484 78
420 451 -49
420 461 -86
420 455 -23
420 453 63
420 462 -43
421 463 19
421 465 -21
421 458 74
421 491 95
422 442 49
422 500 -81
422 467 46
422 512 95
422 440 -62
423 458 13
423 447 -76
423 441 -74
423 469 54
423 452 57
424 488 17
424 437 64
424 478 -57
424 440 51
425 508 -46
426 462 5
426 496 -59
426 468 62
426 502 -70
426 427 68
426 448 38
426 479 -41
427 449 -30
427 476 -79
428 449 -69
428 439 -96
429 508 -22
429 444 -42
429 511 17
429 495 88
429 466 -29
429 470 -68
430 482 84
430 477 -42
430 511 50
430 500 54
430 471 65
430 497 -52
430 479 -22
431 480 -39
431 494 16
431 484 -17
432 499 67
432 491 -68
432 448 -44
432 455 65
432 495 -60
432 468 35
433 461 73
434 498 65
434 469 -39
434 478 37
434 437 -41
435 449 94
436 461 -15
436 487 -31
436 477 93
436 475 68
437 496 -83
437 460 -80
437 487 32
437 445 -32
437 465 -80
438 484 81
439 489 -81
439 454 -77
439 498 -35
440 451 -33
440 507 2
440 502 -42
440 485 78
441 442 64
441 483 66
442 456 99
442 474 31
444 509 -21
444 474 -56
445 457 -51
445 486 -38
445 474 -78
446 461 79
446 477 34
446 498 -84
448 491 5
449 479 -27
449 507 -87
449 463 -81
450 494 4
451 509 58
451 452 60
451 489 -28
451 469 -1
451 512 -6
452 460 -90
452 474 -39
452 499 -1
453 483 50
453 465 -26
453 487 88
453 468 3
453 497 -81
453 512 2
454 504 14
454 482 -97
454 487 78
454 474 -39
455 491 -33
455 512 25
456 491 -13
456 488 -42
457 481 53
457 497 43
457 502 45
457 460 -76
458 509 -75
458 461 -20
458 504 65
459 506 -95
460 509 -91
460 497 -82
461 487 42
461 508 -78
461 500 62
463 502 90
463 510 -53
463 491 29
463 503 -48
464 482 51
465 469 -80
465 484 -91
465 492 -87
465 504 78
465 506 38
465 507 -88
466 480 -8
466 501 53
468 503 -47
468 500 -32
470 511 -51
470 480 30
470 501 25
470 502 -24
471 473 28
471 510 78
472 482 -2
472 504 -64
473 494 55
473 511 70
473 499 77
474 492 28
475 485 -32
475 498 -17
477 498 42
477 479 53
477 486 -62
477 490 95
478 487 -74
479 502 -54
479 486 -98
480 497 -6
482 509 -86
485 511 -17
488 512 -62
488 491 86
490 491 -13
490 508 -6
490 507 -60
492 502 75
493 494 74
494 496 -57
494 502 -39
498 511 44
498 506 89
498 500 -45
502 509 -90
503 511 -6
503 509 31
506 512 -78
