512 5831
1 423 -100
1 283 -94
1 59 -98
1 400 -67
1 61 76
1 141 -80
1 93 52
1 228 -56
1 253 45
1 220 -88
1 55 17
1 237 10
1 287 -79
1 391 41
1 447 -50
1 68 -77
1 81 61
1 480 -57
1 127 -60
1 261 -30
1 132 -91
1 353 84
2 293 37
2 103 -29
2 247 81
2 228 -11
2 243 -83
2 273 42
2 167 -61
2 200 -19
2 133 31
2 163 -38
2 295 -83
2 481 -57
2 168 75
2 500 -35
2 25 -59
2 106 85
2 348 64
2 293 -24
2 143 -45
2 89 75
2 512 29
2 503 -32
2 459 27
3 106 38
3 267 1
3 189 -41
3 289 84
3 5 -21
3 286 -82
3 480 41
3 351 21
3 63 41
3 446 43
3 149 23
3 48 26
3 321 -80
3 186 -44
3 223 30
3 114 95
3 278 84
3 359 -43
3 146 3
3 407 -87
3 64 6
3 236 -71
3 470 -17
4 396 -69
4 395 -82
4 236 -77
4 24 25
4 282 76
4 392 -88
4 381 51
4 35 14
4 340 -77
4 504 1
4 449 93
4 437 30
4 38 -52
4 279 84
4 349 -19
4 481 28
4 423 -64
4 438 -88
4 355 -11
4 199 -55
4 512 43
4 277 10
4 385 -73
5 429 -85
5 98 12
5 68 26
5 415 23
5 38 72
5 240 -26
5 37 -81
5 235 45
5 237 -97
5 179 59
5 24 -92
5 478 -25
5 103 98
5 39 38
5 192 93
5 310 -37
5 294 71
5 114 36
5 213 83
5 255 -67
5 74 -16
5 462 -31
5 181 -60
6 57 -97
6 224 17
6 348 -60
6 289 66
6 109 14
6 148 73
6 32 -37
6 23 -1
6 217 -14
6 346 6
6 483 -54
6 63 91
6 169 -74
6 440 -48
6 228 41
6 15 -34
6 467 -30
6 113 37
6 297 30
6 257 -100
6 333 -47
6 475 95
6 300 20
7 176 -59
7 120 -47
7 465 79
7 481 28
7 203 27
7 72 -33
7 435 13
7 136 82
7 408 64
7 328 -63
7 71 -44
7 372 -31
7 500 -33
7 352 -17
7 116 -44
7 141 75
7 240 -91
7 258 -40
7 342 -28
7 266 31
7 58 82
7 180 -98
7 472 -66
8 125 -31
8 276 -13
8 483 61
8 468 -50
8 452 -72
8 122 30
8 442 69
8 220 -12
8 267 88
8 484 -83
8 422 -70
8 455 48
8 74 48
8 270 61
8 50 -42
8 50 93
8 465 -45
8 92 31
8 205 -93
8 99 -25
8 20 9
8 457 -6
9 265 -85
9 357 72
9 511 -17
9 167 15
9 127 -27
9 390 -58
9 36 32
9 276 79
9 241 33
9 408 17
9 445 21
9 20 75
9 275 77
9 260 -35
9 387 -67
9 270 82
9 239 -79
9 68 94
9 374 85
9 180 -53
9 423 -18
9 34 -34
10 170 -51
10 490 93
10 304 -33
10 82 59
10 264 58
10 72 30
10 456 -84
10 66 -25
10 190 4
10 456 -11
10 186 -92
10 57 -36
10 144 -59
10 56 -6
10 338 -27
10 116 15
10 188 82
10 14 -30
10 309 16
10 390 72
10 66 36
10 334 85
10 386 -7
11 155 98
11 497 76
11 27 64
11 309 24
11 419 33
11 316 31
11 482 -95
11 459 -72
11 197 17
11 323 -47
11 73 -19
11 148 -12
11 372 13
11 138 85
11 47 9
11 379 -95
11 85 -29
11 153 83
11 257 -78
11 451 -90
11 353 39
11 165 -34
11 506 40
12 459 -6
12 202 -13
12 182 -56
12 450 69
12 336 -61
12 385 65
12 404 -24
12 451 7
12 482 91
12 47 15
12 124 2
12 290 -37
12 54 -18
12 233 -17
12 401 60
12 37 -6
12 347 24
12 266 67
12 237 5
12 322 46
12 180 -9
12 432 -71
13 299 -11
13 36 3
13 201 -61
13 251 75
13 444 -41
13 113 -65
13 440 41
13 404 -19
13 101 -70
13 471 23
13 107 26
13 335 64
13 510 90
13 464 -86
13 399 80
13 168 -46
13 54 -53
13 389 82
13 342 85
13 384 17
13 312 -20
13 198 -3
14 99 -11
14 265 -70
14 382 37
14 259 11
14 286 69
14 64 -15
14 80 0
14 497 -95
14 248 -77
14 456 -76
14 376 -5
14 499 -71
14 116 38
14 105 66
14 505 47
14 371 -53
14 31 28
14 426 -55
14 86 -100
14 436 -94
14 157 -32
14 215 -81
15 425 -7
15 242 -79
15 246 -85
15 280 37
15 350 -99
15 175 -9
15 20 61
15 357 -59
15 100 23
15 312 -57
15 134 -40
15 258 8
15 298 -1
15 207 27
15 196 -60
15 448 -44
15 383 -21
15 402 59
15 253 -16
15 193 -93
15 366 -75
15 414 93
15 65 -57
16 203 9
16 333 -64
16 266 19
16 125 79
16 177 -1
16 183 1
16 435 -88
16 25 36
16 300 80
16 95 -49
16 203 -98
16 141 -60
16 204 4
16 426 81
16 363 19
16 276 -38
16 82 -91
16 476 -86
16 230 -9
16 280 -19
16 446 -7
16 229 -43
16 128 10
17 486 18
17 175 -19
17 113 22
17 303 81
17 299 26
17 133 90
17 136 -21
17 353 26
17 272 85
17 492 44
17 187 -21
17 156 -11
17 472 19
17 403 28
17 274 34
17 285 28
17 236 -5
17 104 54
17 56 63
17 469 -38
17 46 55
17 479 11
17 285 -89
18 480 82
18 423 -35
18 230 -91
18 241 -90
18 311 -41
18 437 -93
18 447 37
18 178 -46
18 144 14
18 99 -78
18 230 53
18 263 -87
18 191 -83
18 491 99
18 497 69
18 307 -21
18 497 80
18 472 -100
18 375 42
18 395 15
18 103 -37
18 475 -87
18 327 36
19 326 72
19 357 85
19 476 -41
19 507 2
19 151 31
19 69 -84
19 137 -17
19 511 -80
19 400 23
19 377 44
19 371 -58
19 164 -91
19 333 -3
19 332 -63
19 258 65
19 491 -75
19 159 39
19 42 -80
19 301 84
19 355 44
19 295 28
19 107 -10
19 244 -34
20 114 -92
20 55 -29
20 116 57
20 112 -53
20 481 10
20 76 -69
20 310 -95
20 372 62
20 406 41
20 505 62
20 498 -31
20 86 -11
20 31 -63
20 255 98
20 510 -29
20 321 -48
20 257 92
20 342 -100
20 198 -82
20 449 -65
20 212 -24
21 214 -55
21 240 37
21 203 81
21 453 -75
21 443 -54
21 208 37
21 140 5
21 261 -2
21 208 54
21 47 57
21 495 -74
21 280 7
21 127 -81
21 35 -61
21 188 -53
21 253 15
21 27 -39
21 139 62
21 442 76
21 64 64
21 113 -56
21 375 13
22 458 59
22 264 -98
22 401 -5
22 76 37
22 438 16
22 235 35
22 375 53
22 488 70
22 55 -32
22 35 64
22 449 27
22 436 -47
22 448 12
22 68 -60
22 196 -17
22 45 -21
22 379 67
22 317 41
22 34 99
22 430 11
22 83 37
22 448 -10
22 242 28
23 393 85
23 344 -94
23 274 -18
23 310 91
23 300 31
23 261 -31
23 336 -92
23 450 77
23 416 28
23 240 -24
23 401 23
23 338 36
23 264 60
23 100 91
23 174 -81
23 213 -80
23 328 -74
23 131 54
23 436 -8
23 372 82
23 235 -57
23 169 -57
23 390 -43
24 36 -30
24 208 -18
24 318 -13
24 36 -60
24 48 64
24 227 -58
24 257 -77
24 56 -28
24 234 9
24 200 41
24 494 -3
24 241 54
24 215 -83
24 266 73
24 104 -43
24 394 -45
24 156 -99
24 399 -40
24 302 -29
24 512 -60
24 500 -16
24 270 -60
25 500 4
25 99 -61
25 424 -58
25 180 83
25 299 -66
25 345 90
25 448 7
25 344 -49
25 107 41
25 417 20
25 311 78
25 474 -63
25 226 92
25 428 20
25 440 -46
25 56 59
25 30 65
25 60 -11
25 177 -62
25 474 -17
25 177 -75
25 149 32
26 96 30
26 283 -68
26 278 -82
26 48 97
26 108 73
26 412 96
26 403 -47
26 479 -43
26 303 45
26 41 -55
26 363 34
26 58 60
26 428 -62
26 364 -2
26 192 -57
26 451 42
26 233 -80
26 253 -76
26 36 68
26 100 -39
26 484 99
27 399 58
27 136 29
27 480 47
27 447 -83
27 188 71
27 405 -94
27 235 -8
27 29 21
27 64 83
27 154 45
27 245 -71
27 185 20
27 377 19
27 371 32
27 291 32
27 483 -35
27 477 59
27 107 22
27 148 25
27 312 -54
27 277 66
27 462 -40
28 284 26
28 485 -45
28 321 14
28 473 7
28 299 -27
28 151 83
28 200 74
28 116 -30
28 498 -41
28 256 -63
28 118 96
28 504 31
28 76 -99
28 436 -78
28 509 -22
28 66 83
28 463 14
28 376 -27
28 112 73
28 50 -33
28 174 -36
29 145 -84
29 232 -45
29 222 62
29 102 -42
29 332 -35
29 356 -89
29 486 -32
29 285 -84
29 34 -39
29 112 -31
29 303 95
29 278 72
29 312 -92
29 465 -86
29 212 90
29 298 -11
29 87 22
29 287 38
29 230 -93
29 207 43
29 105 23
30 212 97
30 266 -54
30 221 -53
30 79 33
30 252 -90
30 278 44
30 42 -48
30 458 66
30 390 5
30 220 86
30 311 -21
30 414 -70
30 325 -8
30 441 -59
30 350 -30
30 504 -94
30 91 -49
30 359 74
30 267 -55
30 458 79
30 297 -2
30 213 97
31 486 95
31 218 92
31 270 -1
31 172 25
31 84 -30
31 433 -19
31 386 13
31 423 -87
31 108 -1
31 370 -82
31 341 -11
31 162 -25
31 76 24
31 165 -70
31 333 99
31 322 26
31 407 87
31 442 -30
31 408 -72
31 178 70
31 335 -4
32 376 35
32 382 -76
32 266 -5
32 284 39
32 429 93
32 387 -19
32 382 -33
32 44 -9
32 432 -27
32 239 99
32 231 86
32 160 40
32 440 -11
32 499 42
32 88 -51
32 338 34
32 84 89
32 477 -42
32 367 -19
32 131 57
33 443 -31
33 67 -99
33 356 80
33 489 25
33 36 16
33 493 -71
33 130 -48
33 122 59
33 441 48
33 467 48
33 205 -67
33 192 -88
33 423 89
33 275 25
33 414 74
33 352 -86
33 314 24
33 205 1
33 312 -7
33 443 14
33 223 -9
34 86 41
34 331 -50
34 98 92
34 307 84
34 200 -41
34 498 -32
34 94 37
34 75 -29
34 383 7
34 133 -82
34 107 -28
34 479 97
34 154 97
34 368 -65
34 357 -15
34 51 -56
34 149 41
34 181 91
34 349 40
34 481 -65
34 77 -76
34 231 24
34 178 86
35 186 10
35 77 37
35 389 21
35 80 -53
35 117 -64
35 394 32
35 108 75
35 114 16
35 476 69
35 310 -58
35 444 -80
35 323 -45
35 483 -64
35 135 44
35 268 74
35 96 -26
35 448 -1
35 383 -26
35 415 -68
35 108 -87
35 323 -7
36 457 -52
36 364 -2
36 481 49
36 355 -10
36 100 6
36 309 -31
36 420 -66
36 511 -5
36 150 -40
36 346 -85
36 390 -85
36 435 83
36 321 -44
36 356 -14
36 183 -24
36 345 -80
36 203 -9
36 314 -17
36 405 13
36 274 88
36 375 23
36 125 92
36 509 7
37 219 99
37 370 -17
37 310 -92
37 497 -11
37 185 82
37 511 -98
37 234 43
37 201 -9
37 221 -42
37 270 -66
37 64 86
37 58 -76
37 388 -32
37 65 -97
37 265 36
37 303 95
37 147 9
37 410 38
37 50 71
37 467 53
37 403 -17
37 354 18
37 433 92
38 84 92
38 167 -95
38 222 94
38 56 29
38 413 -91
38 322 35
38 186 6
38 149 -44
38 278 -93
38 473 -44
38 147 71
38 309 -13
38 388 -32
38 509 52
38 188 -44
38 479 67
38 60 92
38 141 -8
38 487 7
38 184 -93
38 494 -65
39 420 -36
39 98 87
39 231 80
39 490 -34
39 364 35
39 488 63
39 168 41
39 104 -76
39 122 -15
39 500 -40
39 168 -1
39 170 87
39 300 29
39 198 -36
39 447 -29
39 90 7
39 449 -83
39 85 -98
39 489 72
39 130 87
39 346 50
39 387 54
40 47 82
40 45 7
40 248 12
40 60 77
40 254 -60
40 54 48
40 60 43
40 406 4
40 503 -65
40 178 -53
40 272 -45
40 471 33
40 449 29
40 154 42
40 402 -30
40 44 10
40 441 -45
40 468 -80
40 114 -54
40 499 9
40 83 1
40 62 -98
40 46 -1
41 140 -11
41 113 90
41 301 48
41 60 13
41 386 23
41 355 25
41 337 74
41 345 -67
41 177 62
41 473 55
41 250 31
41 150 67
41 345 15
41 508 66
41 259 38
41 337 -10
41 351 -85
41 506 19
41 297 -7
41 231 -16
41 137 12
42 330 -10
42 448 -30
42 276 -69
42 281 -76
42 251 21
42 469 76
42 117 -96
42 174 -4
42 474 -71
42 450 16
42 151 92
42 409 79
42 296 -35
42 204 -13
42 175 61
42 484 -31
42 48 -92
42 312 98
42 255 -76
42 167 -85
42 336 -33
43 471 93
43 491 56
43 105 -13
43 357 -19
43 73 24
43 420 12
43 488 -61
43 323 39
43 76 -46
43 394 51
43 387 -46
43 510 93
43 65 97
43 386 -83
43 509 37
43 195 7
43 92 22
43 114 80
43 253 -96
43 284 -72
43 452 -66
43 261 -81
44 371 50
44 434 79
44 133 30
44 391 37
44 353 -51
44 408 71
44 226 -26
44 207 11
44 165 -78
44 71 90
44 475 -38
44 235 -85
44 49 81
44 372 -100
44 231 -87
44 451 -15
44 329 -54
44 224 81
44 255 93
44 471 28
45 434 90
45 133 64
45 465 -65
45 215 6
45 77 26
45 311 -82
45 418 -4
45 325 63
45 69 57
45 120 82
45 147 -24
45 129 -91
45 90 -72
45 85 -72
45 495 97
45 187 -77
45 284 -66
45 299 -24
45 383 47
45 423 87
45 261 -72
46 415 -23
46 436 -56
46 63 27
46 289 85
46 314 -85
46 126 33
46 489 81
46 67 -40
46 112 89
46 272 -86
46 112 -33
46 106 -6
46 345 -56
46 297 28
46 294 -73
46 352 58
46 126 -21
46 252 -98
46 348 -66
46 351 -76
46 454 75
46 461 -20
47 407 -71
47 480 -38
47 119 4
47 134 39
47 318 -22
47 299 -69
47 247 -5
47 372 -23
47 278 -79
47 161 78
47 290 59
47 328 8
47 321 12
47 290 0
47 212 -27
47 463 -86
47 349 -60
47 205 -11
47 232 -13
47 284 59
48 433 12
48 126 -35
48 512 -8
48 126 -36
48 295 -8
48 108 95
48 101 16
48 402 -59
48 416 87
48 457 92
48 491 99
48 396 97
48 369 -21
48 290 -11
48 176 -64
48 334 69
48 253 -45
48 231 89
48 399 -51
48 147 26
48 254 -83
49 450 -75
49 109 75
49 319 -8
49 236 -28
49 197 69
49 319 -24
49 89 -55
49 249 77
49 225 88
49 352 -97
49 314 14
49 242 -18
49 460 92
49 161 64
49 102 70
49 62 -49
49 186 -75
49 433 61
49 210 -63
49 176 97
49 331 78
49 384 91
50 90 -71
50 247 -87
50 205 -36
50 149 -4
50 291 22
50 228 -69
50 347 -71
50 228 92
50 317 75
50 198 -33
50 127 -7
50 471 17
50 321 -2
50 356 82
50 329 -7
50 466 54
50 412 3
50 219 47
50 201 -40
50 469 52
50 171 -77
51 506 51
51 155 -18
51 121 31
51 512 -8
51 474 -65
51 474 -74
51 129 -61
51 487 29
51 440 92
51 122 -2
51 190 -75
51 277 13
51 292 88
51 203 -64
51 227 -14
51 156 24
51 126 -64
51 212 -3
51 295 -28
51 82 82
51 398 85
51 99 60
52 423 -84
52 259 -95
52 333 -84
52 150 63
52 158 64
52 144 77
52 74 -16
52 419 92
52 449 -46
52 160 72
52 452 28
52 325 89
52 497 -11
52 110 -63
52 307 28
52 417 59
52 314 80
52 69 89
52 494 -55
52 246 -70
52 480 26
52 386 -49
53 194 62
53 80 -9
53 101 -34
53 83 54
53 508 -4
53 63 68
53 143 79
53 446 54
53 468 81
53 184 -19
53 221 56
53 275 32
53 447 -36
53 484 -14
53 315 -60
53 459 -14
53 372 96
53 55 -51
54 240 -4
54 111 65
54 355 -74
54 166 28
54 116 10
54 73 46
54 345 -13
54 305 59
54 172 49
54 381 37
54 153 87
54 207 -59
54 441 3
54 379 -86
54 429 -63
54 268 26
54 426 96
55 92 -49
55 328 -36
55 68 57
55 199 -21
55 467 41
55 103 -53
55 422 54
55 99 -57
55 443 -28
55 465 -7
55 379 -78
55 138 -50
55 487 97
55 468 -18
55 81 -15
55 327 -83
55 120 5
55 224 -27
55 334 34
55 385 8
55 172 77
56 261 3
56 94 52
56 402 -70
56 350 11
56 389 29
56 371 -38
56 199 -57
56 222 -88
56 266 -76
56 460 2
56 85 -19
56 150 67
56 442 37
56 357 -13
56 288 -70
56 258 28
56 481 -53
56 492 95
56 178 -68
56 345 -79
57 432 -10
57 470 57
57 479 -68
57 327 -48
57 473 18
57 191 -12
57 121 95
57 435 -18
57 412 -10
57 219 0
57 333 -12
57 261 -55
57 302 -70
57 181 75
57 482 37
57 350 74
57 122 -99
58 506 -88
58 102 -11
58 302 75
58 503 78
58 208 -23
58 434 -14
58 231 -81
58 422 -84
58 287 64
58 502 2
58 68 -49
58 107 0
58 488 -36
58 201 -4
58 144 -66
58 306 -39
58 303 -6
58 68 -66
58 70 43
58 118 65
59 474 94
59 188 -91
59 351 0
59 342 25
59 479 93
59 309 -16
59 318 43
59 151 -49
59 512 -39
59 319 47
59 154 -59
59 359 -8
59 480 -17
59 459 96
59 436 -74
59 105 -100
59 478 52
59 444 -55
59 203 51
60 418 95
60 181 79
60 505 -98
60 474 -33
60 257 89
60 472 -68
60 351 -67
60 219 -82
60 490 44
60 429 45
60 287 -65
60 367 43
60 253 88
60 389 56
60 509 67
60 485 8
60 502 24
60 391 99
60 477 68
60 404 -10
60 65 74
61 214 -77
61 385 79
61 163 41
61 150 92
61 152 0
61 416 7
61 105 -46
61 298 9
61 156 -12
61 121 9
61 356 -15
61 485 28
61 207 23
61 463 -32
61 154 42
61 340 29
61 386 60
61 80 4
61 213 88
61 70 -52
61 100 33
61 445 -6
61 475 -83
62 439 -55
62 369 99
62 122 12
62 429 81
62 227 24
62 133 -14
62 484 -23
62 219 -1
62 365 2
62 408 -10
62 483 -5
62 182 75
62 183 92
62 189 24
62 453 48
62 94 99
62 163 -92
62 289 5
62 308 -55
63 212 -74
63 165 -21
63 112 -15
63 139 -63
63 487 -49
63 399 19
63 158 28
63 69 12
63 338 -59
63 324 48
63 67 -91
63 183 81
63 267 82
63 217 -73
63 251 -48
63 457 40
63 236 52
63 187 -56
63 335 2
63 428 -67
64 361 -9
64 335 -53
64 323 39
64 488 44
64 497 -12
64 262 -91
64 336 -45
64 503 -57
64 207 39
64 211 1
64 104 -65
64 415 40
64 185 -22
64 495 92
64 197 -92
64 128 51
64 447 -18
64 129 18
64 250 -44
64 93 -88
64 322 -67
64 184 -50
65 477 -38
65 490 -71
65 376 33
65 172 71
65 345 -88
65 453 7
65 418 25
65 310 37
65 253 -48
65 387 -48
65 324 -65
65 457 3
65 189 60
65 389 49
65 307 -71
65 68 2
65 346 85
65 301 21
65 410 28
65 451 79
65 222 68
65 139 -3
66 343 -27
66 186 55
66 148 13
66 380 -63
66 380 -32
66 436 30
66 356 3
66 329 -5
66 404 52
66 67 75
66 426 -91
66 404 34
66 246 -53
66 406 -56
66 107 5
66 369 32
66 373 76
66 118 62
66 258 97
67 405 5
67 71 27
67 224 70
67 232 -39
67 74 -14
67 373 -48
67 436 66
67 266 -8
67 207 -18
67 104 -1
67 94 37
67 486 -89
67 398 -81
67 388 -47
67 412 -48
67 424 -96
67 201 -96
67 381 61
67 136 -19
67 409 45
67 257 -5
67 388 89
68 140 94
68 426 -91
68 459 10
68 497 -98
68 435 15
68 207 77
68 437 58
68 177 85
68 124 -96
68 303 87
68 340 82
68 126 80
68 215 -98
68 277 -87
68 159 -15
68 390 21
68 226 68
68 293 -20
69 207 64
69 222 -59
69 336 -32
69 364 -36
69 156 46
69 303 51
69 323 83
69 245 -27
69 499 19
69 375 -85
69 146 91
69 417 35
69 220 27
69 70 71
69 378 -97
69 373 -72
69 284 -12
69 204 -28
69 266 -58
69 212 -45
70 230 -38
70 374 -28
70 499 63
70 142 86
70 411 -15
70 248 -97
70 428 -24
70 409 94
70 388 -85
70 389 -17
70 257 -46
70 492 -89
70 287 -82
70 389 89
70 287 -94
70 176 30
70 498 71
70 446 10
71 350 -1
71 371 11
71 237 -27
71 237 21
71 507 60
71 395 83
71 307 41
71 356 15
71 512 33
71 313 -6
71 245 73
71 389 -1
71 218 34
71 389 4
71 509 50
71 296 -16
71 151 80
71 289 -3
72 286 -53
72 307 90
72 182 -49
72 156 43
72 305 8
72 328 17
72 220 -53
72 257 86
72 73 0
72 227 16
72 288 12
72 304 -26
72 275 -9
72 498 93
72 170 24
72 311 -83
72 257 -14
72 90 33
73 489 -12
73 281 6
73 157 -44
73 203 -61
73 144 63
73 393 98
73 213 -49
73 250 78
73 323 74
73 75 -3
73 148 -22
73 501 -58
73 404 -8
73 379 42
73 391 -94
73 411 79
73 349 -72
73 395 -54
73 152 -10
73 359 -13
73 418 98
74 108 79
74 415 -23
74 347 -14
74 252 79
74 263 29
74 309 -81
74 249 78
74 161 94
74 81 18
74 484 -81
74 96 88
74 187 25
74 425 -17
74 179 -69
74 461 34
74 164 96
74 102 74
74 337 93
75 273 -61
75 283 -94
75 436 47
75 401 66
75 224 29
75 366 2
75 444 -22
75 403 91
75 338 82
75 415 14
75 191 73
75 261 71
75 340 14
75 222 -38
75 480 -77
75 244 45
75 81 88
75 302 -34
75 110 -72
76 420 67
76 106 28
76 138 -15
76 309 -37
76 273 -75
76 435 96
76 119 6
76 456 2
76 102 -54
76 238 65
76 85 -47
76 307 64
76 465 6
76 128 -24
76 271 66
76 348 15
76 354 27
76 478 40
76 246 4
76 355 52
77 106 -47
77 409 -81
77 101 94
77 456 90
77 390 -84
77 460 -82
77 97 -34
77 368 8
77 246 -53
77 429 -60
77 327 -35
77 252 17
77 436 42
77 233 70
77 141 35
77 274 -46
77 414 -31
77 475 -76
78 147 75
78 309 64
78 193 35
78 270 -20
78 214 36
78 509 -9
78 202 39
78 477 3
78 97 36
78 180 52
78 417 53
78 457 57
78 201 73
78 146 86
78 155 4
78 392 -39
78 298 34
78 456 -75
78 502 -61
78 215 -84
79 94 -68
79 134 -86
79 123 25
79 330 19
79 447 95
79 115 -47
79 173 81
79 462 -97
79 250 24
79 478 -3
79 476 24
79 447 -94
79 481 41
79 416 -97
79 173 91
79 418 31
79 112 6
79 327 95
80 160 -86
80 323 4
80 314 61
80 98 -45
80 329 97
80 236 -39
80 95 -56
80 374 -27
80 475 38
80 508 -37
80 303 -17
80 142 13
80 197 21
80 452 95
80 180 17
80 472 88
80 292 -22
80 468 23
80 230 -24
80 463 55
81 258 -67
81 354 -87
81 295 87
81 486 72
81 396 -58
81 90 -77
81 327 78
81 234 61
81 240 -76
81 230 55
81 155 8
81 392 -50
81 409 -33
81 344 62
81 373 -64
81 502 50
81 334 56
81 181 14
82 454 40
82 206 71
82 458 -92
82 304 50
82 427 79
82 158 80
82 354 66
82 437 13
82 432 82
82 490 -35
82 188 -71
82 84 -52
82 370 -50
83 493 42
83 128 57
83 400 -57
83 143 -73
83 491 -30
83 167 1
83 461 35
83 510 36
83 224 -41
83 435 -39
83 114 -36
83 509 66
83 102 5
83 193 92
83 507 -96
83 150 48
83 474 -76
83 296 10
83 280 54
84 328 -42
84 428 84
84 269 -42
84 180 88
84 156 10
84 152 -22
84 345 -93
84 156 -96
84 247 -41
84 92 -81
84 459 59
84 405 35
84 357 -83
84 475 -97
84 327 -89
84 428 41
84 249 50
84 290 3
84 299 -76
84 401 -98
85 233 -93
85 462 -75
85 279 50
85 500 -75
85 216 16
85 417 9
85 283 -1
85 149 -68
85 157 -13
85 125 59
85 99 -15
85 162 -44
85 417 -17
85 395 71
85 444 -39
85 419 25
85 213 5
86 411 31
86 297 93
86 268 75
86 369 93
86 287 22
86 163 -42
86 186 2
86 392 81
86 232 -56
86 207 18
86 305 66
86 220 -67
86 330 -49
86 193 -89
86 226 -66
86 453 -63
86 329 -36
86 285 62
86 428 53
86 242 -33
86 195 -47
87 254 -52
87 396 21
87 152 53
87 137 4
87 396 -2
87 120 -20
87 372 92
87 196 50
87 308 52
87 92 -89
87 233 -3
87 508 27
87 325 -94
87 168 -69
87 114 -61
87 412 7
87 446 -58
88 217 48
88 381 84
88 211 8
88 411 38
88 351 76
88 279 92
88 214 -46
88 164 -25
88 157 -23
88 494 85
88 354 84
88 499 42
88 120 30
88 500 99
88 414 98
88 91 -63
88 406 95
88 355 35
88 90 39
88 446 -21
88 349 -88
89 91 -29
89 454 15
89 424 -23
89 316 -23
89 239 94
89 342 -60
89 208 -49
89 278 -57
89 388 -20
89 483 0
89 325 -39
89 237 -59
89 161 -19
89 380 -48
89 216 91
89 480 84
89 283 -39
89 181 28
89 271 50
89 222 -1
90 494 2
90 101 -55
90 478 -85
90 398 -23
90 478 12
90 120 93
90 201 -30
90 169 25
90 437 -97
90 320 -89
90 246 -25
90 212 75
90 257 98
90 270 -1
90 436 -90
90 298 -97
90 272 -33
90 384 46
90 260 10
90 394 20
91 224 -45
91 125 -70
91 468 73
91 381 96
91 338 -2
91 507 58
91 445 -38
91 434 55
91 143 60
91 317 75
91 297 91
91 141 -63
91 506 -48
91 228 7
91 284 -86
91 233 58
92 232 -6
92 290 -94
92 447 72
92 456 85
92 181 -21
92 440 91
92 367 9
92 455 -29
92 356 -93
92 303 -40
92 306 26
92 319 -100
92 213 96
92 457 62
92 341 -79
93 459 13
93 501 88
93 240 -17
93 444 -67
93 483 33
93 463 -69
93 328 71
93 282 -71
93 471 14
93 302 50
93 499 -22
93 115 -69
93 449 43
93 114 66
93 290 44
93 223 90
93 330 86
93 410 90
94 379 58
94 99 -50
94 290 26
94 258 -19
94 209 -76
94 187 -74
94 130 -61
94 132 85
94 451 10
94 254 -22
94 426 47
94 239 -50
94 140 53
94 274 -84
94 369 20
94 238 -56
94 490 67
94 182 -48
94 127 -55
94 298 39
95 461 1
95 447 -14
95 413 -96
95 437 84
95 207 24
95 328 33
95 96 19
95 218 -52
95 511 64
95 96 -66
95 428 68
95 123 -69
95 312 -98
95 308 -30
95 362 72
95 328 76
95 119 -20
95 248 61
96 372 8
96 181 5
96 182 7
96 246 -55
96 101 30
96 331 22
96 140 -18
96 478 -3
96 161 -46
96 97 80
96 175 79
96 394 -61
96 392 -19
96 235 98
96 248 78
96 483 35
96 398 -47
96 381 74
96 298 -7
96 105 86
96 374 42
97 491 49
97 509 37
97 416 -73
97 326 66
97 259 -4
97 217 -35
97 231 25
97 142 -84
97 448 -95
97 434 -86
97 299 -8
97 382 -99
97 493 53
97 197 13
97 168 55
97 206 -41
97 185 65
97 502 13
98 215 45
98 243 -25
98 322 64
98 329 82
98 404 24
98 477 -57
98 315 -97
98 351 78
98 219 20
98 472 -66
98 489 27
98 351 87
98 313 -51
98 138 23
98 399 -48
98 285 91
98 368 89
98 242 -21
98 269 -43
98 472 4
99 183 28
99 395 -79
99 425 24
99 272 45
99 376 63
99 200 23
99 185 -34
99 432 79
99 154 43
99 167 -73
99 457 -48
99 507 -38
99 392 -85
99 406 71
99 201 -97
99 186 5
99 152 -73
99 494 -90
99 490 89
100 489 -58
100 216 55
100 183 -27
100 289 9
100 387 17
100 331 94
100 290 -41
100 132 -61
100 262 79
100 465 21
100 214 -30
100 115 -6
100 333 -71
100 418 -21
100 110 -88
100 215 -22
100 455 71
100 126 -53
100 277 -15
101 334 -76
101 272 72
101 256 -1
101 259 74
101 129 37
101 228 25
101 184 -35
101 139 4
101 378 -24
101 198 83
101 184 3
101 397 63
101 109 81
101 134 -3
101 459 64
101 115 -72
101 247 14
102 126 -45
102 105 -35
102 458 -29
102 199 -2
102 512 -25
102 223 -67
102 302 12
102 358 48
102 131 82
102 380 58
102 503 -56
102 257 -100
102 417 70
102 220 -86
102 217 52
102 365 -100
102 387 81
103 315 -83
103 422 93
103 306 24
103 335 23
103 377 -39
103 179 -78
103 508 -64
103 237 -85
103 135 95
103 494 40
103 393 75
103 384 51
103 139 51
103 353 -71
103 283 -19
103 496 18
103 474 24
103 146 -34
103 377 -72
104 135 -31
104 391 23
104 427 41
104 305 80
104 219 20
104 362 2
104 285 35
104 510 1
104 272 83
104 275 -72
104 192 -75
104 305 -44
104 191 15
104 302 72
104 260 21
104 293 81
104 139 46
104 279 -31
104 267 -12
104 112 95
104 279 -33
105 248 -76
105 437 29
105 319 14
105 132 98
105 418 0
105 315 -54
105 182 80
105 319 17
105 341 -54
105 375 -37
105 242 -39
105 360 -57
105 348 -63
105 286 55
105 262 86
105 162 -63
105 267 71
105 283 -59
105 487 -37
106 115 72
106 266 -42
106 163 1
106 149 -66
106 315 -94
106 170 25
106 167 -97
106 363 46
106 232 70
106 456 76
106 173 32
106 234 81
106 326 51
106 268 55
106 150 -72
106 502 -51
106 176 -36
106 487 -48
106 264 76
107 435 -81
107 190 75
107 471 -89
107 342 -21
107 461 71
107 508 -70
107 114 -40
107 431 6
107 291 -55
107 256 2
107 122 -61
107 190 25
107 181 -72
107 391 99
107 475 42
107 249 88
107 479 -54
107 468 30
107 302 -31
107 142 -51
108 233 -52
108 309 71
108 286 -44
108 392 7
108 419 11
108 444 52
108 265 -100
108 468 -99
108 328 1
108 360 81
108 150 -15
108 173 94
108 310 -37
108 312 -91
108 378 -83
108 251 -19
109 359 -42
109 396 -57
109 413 40
109 342 -86
109 405 -75
109 238 -9
109 112 35
109 130 94
109 211 24
109 355 -28
109 264 -22
109 416 -9
109 204 -96
109 491 -98
109 208 -1
109 432 -33
109 362 -92
109 503 -98
109 470 17
109 258 -14
110 501 -24
110 356 90
110 322 73
110 199 -14
110 281 23
110 145 -58
110 245 -28
110 488 -80
110 355 -42
110 160 -68
110 459 60
110 496 -54
110 243 86
110 434 -9
110 120 -97
110 336 14
110 301 -54
111 213 88
111 493 -59
111 204 -31
111 156 -67
111 169 -55
111 401 0
111 431 94
111 177 -88
111 187 65
111 447 -73
111 287 -30
111 179 -7
111 261 54
111 224 -92
111 385 79
111 296 -33
112 158 -96
112 454 31
112 270 -71
112 271 -2
112 337 -4
112 161 -77
112 356 9
112 349 78
112 474 62
112 201 45
112 337 -5
112 140 66
112 136 56
112 181 22
112 267 68
112 359 88
112 302 -32
112 498 -99
113 435 81
113 337 24
113 480 -40
113 408 13
113 308 96
113 332 -56
113 161 46
113 441 -4
113 317 78
113 350 29
113 422 22
113 463 -39
113 365 32
113 196 7
113 406 -76
113 379 50
113 236 89
113 469 -63
114 456 -94
114 454 64
114 157 -39
114 492 29
114 236 17
114 149 -64
114 261 8
114 186 -10
114 360 -90
114 213 -58
114 230 9
114 510 65
114 368 -50
114 282 -29
115 492 -9
115 234 26
115 185 -57
115 448 75
115 144 5
115 457 61
115 502 69
115 305 69
115 358 -35
115 291 -7
115 230 46
115 462 -49
115 454 19
115 494 -2
115 339 29
115 486 2
115 258 95
115 451 70
115 308 -6
115 231 5
115 135 -83
116 207 1
116 243 34
116 256 -20
116 441 -27
116 272 34
116 295 -26
116 249 26
116 177 41
116 326 44
116 400 -58
116 196 3
116 297 41
116 344 80
116 412 33
116 385 -75
116 185 -19
117 303 -73
117 184 -51
117 295 -87
117 359 76
117 195 -61
117 267 -24
117 142 9
117 250 76
117 497 -99
117 329 -60
117 145 -60
117 245 -7
117 339 -50
117 167 98
117 242 -80
117 315 13
118 448 -62
118 409 -100
118 176 -83
118 285 -95
118 199 28
118 137 -41
118 356 90
118 350 -84
118 242 45
118 226 42
118 131 81
118 325 -75
118 304 41
118 379 -42
118 249 -47
118 150 -91
118 287 47
118 356 11
118 127 -48
119 249 6
119 126 -76
119 435 -36
119 139 -64
119 290 -40
119 348 -39
119 471 -12
119 220 -89
119 335 76
119 132 -89
119 343 51
119 247 8
119 506 -42
119 477 37
119 432 -99
119 308 89
120 408 -87
120 247 88
120 146 -1
120 180 -87
120 442 34
120 195 -76
120 193 -49
120 392 -17
120 427 -92
120 465 -59
120 438 -94
120 420 59
121 446 64
121 441 25
121 282 25
121 262 -97
121 190 86
121 481 40
121 357 1
121 266 43
121 146 46
121 349 -42
121 413 -75
121 418 23
121 279 47
121 446 -88
121 199 -7
121 291 -95
121 462 -18
121 136 -69
121 229 36
122 185 -52
122 330 1
122 429 36
122 208 -80
122 340 -84
122 441 -87
122 204 -80
122 463 -84
122 402 -14
122 161 -25
122 304 -9
122 398 -42
122 187 75
122 429 84
122 412 -51
122 449 37
122 310 88
123 405 98
123 373 28
123 352 -12
123 141 85
123 305 52
123 250 99
123 415 29
123 212 56
123 174 53
123 201 -87
123 425 30
123 219 -24
123 509 34
123 162 -3
123 360 73
124 461 65
124 383 70
124 192 1
124 402 42
124 329 40
124 357 -43
124 300 -4
124 291 90
124 248 72
124 457 -15
124 200 54
124 353 -96
124 316 -85
124 301 61
124 394 33
125 368 -31
125 309 -20
125 331 73
125 241 -24
125 315 60
125 201 13
125 393 76
125 448 36
125 394 50
125 294 -63
125 430 -34
125 258 -62
125 370 -86
125 188 69
125 447 12
125 243 -5
125 291 61
125 439 67
126 152 48
126 180 -78
126 212 -42
126 315 48
126 436 91
126 166 -10
126 442 -48
126 208 -46
126 498 44
126 237 -48
126 278 -72
126 382 -59
126 385 48
126 219 85
126 177 1
126 477 -35
126 444 -89
126 399 -44
126 401 -96
127 351 -19
127 413 -86
127 178 18
127 161 -42
127 388 -50
127 439 -83
127 440 -72
127 274 56
127 257 -14
127 147 -82
127 468 4
127 339 -68
127 450 20
127 396 61
127 133 -87
127 175 45
127 162 -58
127 341 -52
128 290 -45
128 483 -30
128 129 -49
128 280 -59
128 385 -41
128 229 -2
128 316 -56
128 453 72
128 211 -10
128 300 80
128 485 40
128 403 -38
128 407 -2
128 428 5
129 346 -81
129 453 83
129 388 -57
129 486 -90
129 139 42
129 295 -10
129 374 -71
129 163 19
129 308 -15
129 400 -48
129 350 46
129 309 13
129 261 -51
129 469 77
129 400 36
129 285 48
130 507 -55
130 198 -34
130 495 84
130 411 -7
130 158 13
130 495 -64
130 191 48
130 512 30
130 462 57
130 399 -83
130 416 -79
130 397 46
130 182 30
130 259 70
130 411 -97
131 385 -87
131 411 -37
131 300 71
131 277 -76
131 325 -10
131 152 -76
131 260 -63
131 174 -85
131 452 -4
131 307 63
131 216 -81
131 508 -66
131 499 25
131 296 -50
131 398 67
131 478 3
131 201 42
132 277 11
132 235 95
132 458 -63
132 360 49
132 340 -30
132 217 -67
132 144 87
132 448 46
132 250 -8
132 215 -84
132 271 -72
132 397 -92
132 262 93
132 455 45
132 258 59
133 332 9
133 498 -89
133 410 -89
133 468 80
133 177 6
133 295 -62
133 301 20
133 434 60
133 350 -51
133 345 -88
133 207 -6
133 307 -32
134 508 61
134 234 -79
134 141 -10
134 413 74
134 177 -89
134 490 -35
134 263 39
134 160 -5
134 139 90
134 465 55
134 306 -63
134 216 7
134 272 82
134 432 2
134 149 64
134 334 19
134 418 98
134 402 -5
134 506 -23
135 287 38
135 483 21
135 400 96
135 489 53
135 505 -93
135 252 -72
135 226 41
135 495 98
135 200 -98
135 220 25
135 396 -98
135 159 -49
135 383 0
135 476 30
135 435 -16
135 186 30
135 475 65
135 257 92
136 290 22
136 415 -17
136 336 -81
136 302 7
136 151 43
136 264 -45
136 335 80
136 352 -33
136 242 -39
136 200 -16
136 341 3
136 422 -59
136 501 32
136 245 -98
137 491 5
137 322 52
137 343 47
137 409 69
137 372 -72
137 143 26
137 483 -32
137 252 -52
137 151 37
137 322 78
137 260 -10
138 445 -52
138 370 -13
138 481 -54
138 445 16
138 210 -70
138 141 90
138 432 43
138 169 -77
138 350 72
138 272 -95
138 421 9
138 407 0
138 506 -1
138 308 -15
138 429 -34
138 301 85
139 436 28
139 152 20
139 248 -20
139 461 -19
139 435 -78
139 213 -32
139 428 80
139 397 15
139 380 73
139 348 -63
139 469 -80
139 153 -25
139 328 -58
139 376 -73
139 238 68
139 185 -22
140 432 -91
140 276 -11
140 475 -88
140 398 -9
140 465 -17
140 426 0
140 324 -65
140 502 55
140 434 -44
140 439 21
140 174 83
140 469 38
140 260 78
140 237 -72
140 362 -43
140 507 50
140 506 -33
140 153 -39
141 277 40
141 340 80
141 185 -45
141 377 -14
141 195 -19
141 459 -39
141 221 -35
141 499 55
141 314 -44
141 341 45
141 178 -74
141 228 16
141 277 14
141 153 14
141 481 17
141 218 25
141 436 28
141 372 -42
142 165 -81
142 285 96
142 412 -15
142 405 -100
142 505 71
142 235 74
142 345 -41
142 248 -34
142 170 78
142 432 19
142 282 -46
142 353 73
142 191 -90
142 337 -48
142 375 -49
142 398 19
142 236 -44
142 510 61
142 160 -94
143 363 9
143 439 45
143 215 -57
143 491 99
143 335 -61
143 322 -57
143 409 -21
143 300 10
143 236 32
143 268 -89
143 393 -64
143 348 4
143 462 89
143 338 39
143 238 27
143 433 81
143 258 -79
143 439 -23
143 188 79
144 483 80
144 241 -25
144 146 -14
144 180 -84
144 157 -97
144 147 38
144 182 75
144 150 51
144 321 99
144 333 94
144 162 -47
144 491 -95
144 467 91
144 210 -53
144 450 38
144 355 -94
144 456 58
144 327 -36
144 277 -39
145 399 15
145 272 -74
145 313 13
145 512 15
145 288 -97
145 503 17
145 423 27
145 435 13
145 392 45
145 148 -6
145 479 91
145 406 8
145 502 7
145 295 -57
145 185 65
146 270 -61
146 272 -96
146 150 23
146 191 95
146 147 -49
146 355 21
146 207 62
146 243 15
146 336 30
146 446 95
146 388 99
146 174 5
146 413 -96
147 288 -7
147 478 -65
147 304 -71
147 194 -34
147 282 -10
147 413 -28
147 487 -68
147 473 -21
147 296 63
147 494 -29
147 341 -69
147 157 -23
147 215 -65
147 209 52
147 374 -29
147 497 -97
147 175 -35
148 350 -62
148 234 -37
148 269 -65
148 397 -17
148 295 36
148 213 55
148 397 -72
148 360 42
148 316 74
148 381 50
148 496 32
148 207 7
148 505 -29
148 180 -21
149 330 -64
149 430 -80
149 309 35
149 332 -73
149 395 70
149 512 26
149 223 22
149 265 59
149 420 -26
149 318 -27
149 257 -56
149 162 6
149 390 -5
149 194 -22
150 370 -23
150 458 75
150 201 55
150 382 -67
150 209 -3
150 349 -79
150 397 41
150 188 -29
150 415 -59
150 510 47
150 343 -5
150 387 65
150 325 -92
150 286 -65
150 463 89
150 168 92
150 372 31
151 326 -40
151 231 22
151 298 15
151 382 -37
151 470 -39
151 230 61
151 407 21
151 337 91
151 256 87
151 501 -48
151 324 97
151 251 65
151 294 -11
151 420 28
151 326 58
151 206 40
151 505 74
151 366 -50
152 236 -29
152 437 63
152 219 -82
152 480 -14
152 263 66
152 194 -4
152 440 17
152 288 85
152 417 -75
152 449 -13
152 499 42
152 194 80
152 167 94
152 283 63
152 376 42
152 458 37
152 164 67
152 470 -78
153 165 99
153 194 33
153 400 -20
153 496 -63
153 279 -16
153 451 -64
153 250 -13
153 252 27
153 165 82
153 236 17
153 247 -22
153 179 25
153 265 93
153 336 17
153 350 -18
153 475 53
153 359 -85
154 331 72
154 200 -33
154 512 -91
154 462 -53
154 310 4
154 440 -64
154 452 3
154 317 82
154 492 -88
154 361 -55
154 406 -100
154 312 -83
154 228 49
154 390 33
154 443 83
155 440 61
155 265 -4
155 391 -60
155 436 26
155 201 33
155 358 25
155 219 64
155 474 -21
155 218 7
155 395 36
155 174 36
155 259 98
155 384 -20
155 294 53
155 484 -54
156 313 26
156 460 -68
156 482 -57
156 461 52
156 377 69
156 191 4
156 476 7
156 387 33
156 166 -34
156 388 -68
156 511 -37
156 298 1
156 394 80
156 430 -27
156 215 -85
156 372 -88
157 424 27
157 275 -67
157 467 41
157 281 92
157 462 63
157 322 16
157 241 -82
157 332 -36
157 443 -25
157 394 93
157 376 22
157 419 -54
157 247 -9
157 403 -43
157 233 -40
158 296 -3
158 177 34
158 249 -23
158 509 95
158 207 84
158 452 -49
158 161 10
158 231 78
158 255 36
158 299 44
158 245 -68
158 351 -2
158 441 68
158 456 7
158 492 90
158 421 -21
158 354 -3
158 220 -83
158 186 87
158 305 0
159 191 -22
159 364 -48
159 452 67
159 322 -24
159 251 52
159 435 -12
159 337 -66
159 275 96
159 454 11
159 392 -56
159 296 -61
159 188 16
159 179 54
159 483 99
159 416 -7
160 423 59
160 384 83
160 267 94
160 295 53
160 375 77
160 223 2
160 245 7
160 254 52
160 405 46
160 436 14
160 360 -51
160 426 92
160 351 -55
160 503 21
160 403 99
161 222 15
161 229 76
161 338 26
161 240 -33
161 359 -41
161 287 39
161 314 -33
161 245 26
161 199 -69
161 341 -96
161 266 -86
161 275 76
161 484 -1
161 451 93
161 274 -64
161 424 67
162 252 -26
162 202 69
162 411 32
162 486 99
162 498 -19
162 274 78
162 509 11
162 508 -98
162 220 -30
162 423 -52
162 163 61
162 273 -26
162 323 26
162 382 -77
162 204 -39
163 336 -91
163 467 35
163 271 0
163 235 57
163 512 -96
163 400 38
163 206 50
163 344 28
163 169 -97
163 242 -76
163 266 -6
163 391 -59
163 472 -57
163 383 -81
163 456 -40
164 441 89
164 168 56
164 215 -36
164 293 -24
164 327 61
164 511 84
164 405 -95
164 392 -15
164 353 -30
164 311 31
164 388 -81
164 309 -90
164 492 -14
165 403 34
165 451 -13
165 440 98
165 328 -30
165 321 73
165 486 -5
165 354 -89
165 168 -16
165 409 9
165 434 65
165 432 2
165 310 90
165 359 -46
165 240 -41
165 426 -81
165 456 14
166 362 -28
166 381 14
166 366 4
166 213 45
166 317 -66
166 328 -54
166 295 1
166 195 -92
166 368 25
166 378 -3
166 214 95
166 169 -53
166 448 -54
166 494 14
166 211 -70
166 260 9
166 176 -78
166 264 65
167 373 -55
167 507 -90
167 315 34
167 268 -19
167 174 -39
167 343 49
167 437 -35
167 284 37
167 195 27
167 186 -73
167 472 34
167 444 -68
167 333 52
167 397 -53
168 250 -54
168 290 -89
168 496 -61
168 243 64
168 360 -26
168 176 -40
168 500 -20
168 194 70
168 474 -80
168 234 91
168 485 67
168 327 -73
168 221 56
168 393 -83
168 415 -71
169 359 34
169 218 91
169 231 42
169 376 -41
169 220 3
169 244 -20
169 471 -96
169 338 -58
169 297 -60
169 294 -90
169 293 -69
169 353 46
169 365 19
169 195 28
169 464 40
169 496 94
169 384 -93
170 298 -12
170 276 19
170 401 42
170 249 -54
170 276 22
170 230 -84
170 341 -34
170 214 86
170 342 -71
170 189 -99
170 414 -25
170 196 96
170 370 61
170 247 30
171 235 26
171 378 55
171 189 -95
171 367 66
171 291 59
171 470 17
171 304 65
171 322 27
171 232 -29
171 396 48
171 272 73
171 292 -60
171 492 46
171 383 -37
171 186 65
172 399 73
172 326 -34
172 467 92
172 451 8
172 457 9
172 180 -41
172 310 -58
172 242 73
172 251 33
172 423 84
172 178 -12
172 303 83
172 231 32
172 250 -12
172 249 76
173 242 43
173 511 -16
173 439 99
173 305 44
173 278 -76
173 453 46
173 346 18
173 458 93
173 498 22
173 494 55
173 305 -91
173 440 -90
173 488 -75
173 423 -11
174 418 -72
174 310 68
174 223 28
174 351 -46
174 493 56
174 388 -38
174 441 3
174 407 -25
174 396 -99
174 440 74
174 206 -84
174 469 -32
174 333 -74
174 482 34
174 292 -72
175 370 -59
175 344 -12
175 181 34
175 289 -4
175 486 -5
175 433 51
175 253 -95
175 209 92
175 467 -16
175 268 -42
175 445 -69
176 495 -11
176 262 -42
176 451 22
176 227 30
176 245 83
176 374 -85
176 497 49
176 303 -73
176 356 -37
176 196 -15
176 416 -77
176 392 70
176 200 98
176 222 -62
176 266 84
176 203 86
176 395 90
176 416 73
177 396 98
177 336 38
177 335 40
177 392 6
177 460 13
177 393 29
177 266 -76
177 256 -59
177 224 94
177 438 23
177 201 -2
177 220 28
177 205 45
177 241 59
177 262 -22
177 498 -35
177 434 45
178 478 -42
178 219 -37
178 404 37
178 388 29
178 383 -43
178 329 57
178 268 -98
178 373 -77
178 303 73
178 398 -1
178 505 49
178 300 70
178 364 -14
178 364 -5
178 232 -74
178 244 57
179 443 88
179 494 85
179 388 -46
179 475 14
179 428 -86
179 245 68
179 418 -63
179 350 -53
179 338 11
179 207 3
179 238 48
179 386 -27
179 461 -39
179 211 76
180 297 14
180 242 -6
180 358 -38
180 194 -20
180 387 -39
180 222 59
180 419 45
180 307 -85
180 199 47
180 463 20
180 381 79
180 379 -38
180 198 40
180 263 -10
180 441 -93
180 416 -44
181 326 37
181 310 78
181 415 57
181 222 -17
181 348 94
181 245 -63
181 206 55
181 498 -17
181 462 -83
181 305 -77
181 374 -14
181 507 -59
181 215 -79
181 415 40
181 298 75
182 372 75
182 324 7
182 420 88
182 432 26
182 326 -65
182 250 80
182 342 98
182 225 7
182 226 40
182 400 67
182 264 92
182 372 94
182 510 -61
182 203 89
183 278 4
183 463 -44
183 410 -33
183 279 -82
183 349 -61
183 228 68
183 193 25
183 440 34
183 492 26
183 498 -37
183 508 -27
183 415 -27
184 283 26
184 235 64
184 447 -76
184 190 40
184 376 1
184 214 40
184 235 29
184 450 81
184 314 -82
184 351 25
184 205 -36
184 278 59
184 431 7
184 410 16
184 389 -49
184 193 -48
184 237 -98
185 247 66
185 352 -17
185 204 -27
185 200 -66
185 257 -43
185 360 -92
185 499 -86
185 432 40
185 333 75
185 354 20
185 476 86
185 246 -100
185 376 -1
185 468 -85
185 323 -62
185 457 -29
185 379 -19
186 282 5
186 208 -90
186 319 -41
186 484 -2
186 358 -40
186 280 56
186 357 68
186 444 13
186 454 96
186 382 45
186 498 53
186 249 32
186 354 -72
187 426 99
187 242 44
187 374 -33
187 483 50
187 310 22
187 356 31
187 257 -50
187 454 -58
187 444 -37
187 400 -57
187 195 24
187 381 37
187 201 -51
187 287 50
188 379 -46
188 351 -52
188 478 -83
188 452 -27
188 259 21
188 453 45
188 449 -48
188 217 16
188 335 92
188 494 8
188 507 88
188 471 -71
188 221 -80
188 501 78
188 454 -12
188 391 84
188 344 49
188 235 -81
188 315 84
189 493 38
189 315 38
189 338 68
189 221 30
189 337 -36
189 427 -59
189 241 11
189 499 74
189 415 6
189 454 -19
189 198 -64
189 266 86
189 233 50
189 512 -2
189 444 -37
189 424 -14
189 508 40
189 342 -48
189 445 56
190 459 -41
190 411 -59
190 326 1
190 463 -74
190 370 -1
190 237 -13
190 309 -58
190 510 46
190 289 94
190 267 37
190 500 39
190 500 21
190 226 61
191 339 -57
191 257 -9
191 445 -90
191 479 -75
191 504 94
191 236 13
191 293 -32
191 381 55
191 434 -73
191 338 77
191 256 90
191 210 93
191 337 78
191 461 87
191 444 37
191 199 11
192 259 56
192 339 60
192 251 -72
192 432 35
192 399 37
192 455 37
192 305 76
192 502 -90
192 444 87
192 489 31
192 269 10
192 461 -100
192 361 69
192 446 8
192 330 -1
192 338 -99
192 387 54
192 470 -72
193 334 34
193 214 14
193 467 -87
193 211 74
193 272 15
193 478 91
193 288 -97
193 306 43
193 329 -78
193 334 58
193 201 85
193 250 -69
193 362 80
193 440 -36
194 205 -29
194 212 -38
194 280 -51
194 406 65
194 394 40
194 486 18
194 435 -53
194 470 -60
194 455 36
194 322 -35
194 456 -96
194 322 -80
194 388 -81
194 222 46
194 416 71
195 323 19
195 380 29
195 401 4
195 443 -47
195 322 76
195 244 89
195 426 -61
195 257 -72
195 453 13
195 198 61
195 299 63
195 277 -26
195 301 92
196 297 5
196 508 -94
196 428 88
196 210 51
196 215 30
196 327 -2
196 304 -41
196 466 -11
196 486 -15
197 348 -48
197 371 -48
197 212 -32
197 332 0
197 467 6
197 220 5
197 243 -59
197 460 -44
197 299 97
197 426 94
197 371 -75
197 449 69
197 431 -15
197 312 -23
197 202 -40
197 199 94
198 390 24
198 443 68
198 353 -17
198 365 55
198 392 84
198 472 37
198 485 -39
198 390 22
198 296 20
198 265 -5
198 241 40
198 486 -23
199 308 -54
199 328 81
199 472 87
199 209 26
199 286 65
199 251 48
199 298 -54
199 275 63
199 362 -16
199 488 35
199 343 90
199 497 -12
199 490 81
199 262 65
200 492 -86
200 398 -70
200 246 92
200 465 -82
200 290 -83
200 435 87
200 500 -99
200 292 95
200 241 -69
200 315 64
200 434 91
200 430 -53
200 263 87
200 435 -49
200 282 -15
200 249 0
201 285 60
201 209 84
201 430 -43
201 356 36
201 509 -62
201 338 -79
201 354 5
201 425 68
201 406 36
201 415 -6
201 507 59
201 345 -38
201 293 44
202 431 -34
202 482 19
202 253 59
202 206 92
202 490 -39
202 416 -71
202 251 6
202 382 -66
202 333 32
202 310 -86
202 413 -32
202 477 53
202 220 -60
203 282 33
203 393 -53
203 503 -76
203 227 36
203 268 -60
203 511 44
203 318 -9
203 481 88
203 207 59
203 389 74
204 224 65
204 338 82
204 343 21
204 454 47
204 453 82
204 244 -67
204 380 75
204 453 72
204 402 55
204 296 23
204 422 69
204 423 93
204 313 73
204 319 -14
205 301 -20
205 357 93
205 304 -11
205 328 -55
205 510 -71
205 491 -17
205 223 53
205 222 -97
205 433 33
205 489 93
205 255 -38
205 423 29
205 310 -12
206 238 94
206 434 78
206 244 -97
206 407 -78
206 473 -92
206 355 -44
206 280 -29
206 496 -37
206 335 79
206 480 49
206 341 -71
206 297 -73
206 246 -21
206 462 78
206 212 -94
206 377 44
207 509 10
207 285 -73
207 478 88
207 341 -7
207 424 -85
207 501 -90
207 242 -81
207 385 28
207 499 39
207 452 -62
207 358 -79
207 222 -66
207 210 99
207 402 -24
207 483 -50
208 256 13
208 376 -74
208 350 -82
208 335 95
208 305 66
208 283 -51
208 425 58
208 487 -48
208 302 -37
208 235 -6
208 272 23
208 258 -65
208 350 -16
208 460 -17
209 297 -54
209 327 -46
209 290 83
209 373 -30
209 364 6
209 348 -99
209 302 -22
209 391 38
209 404 -95
209 311 -29
209 482 39
209 279 17
209 383 18
209 386 -78
209 456 37
209 353 -73
209 349 70
209 257 93
210 347 41
210 432 -94
210 366 -100
210 457 77
210 387 49
210 494 -55
210 229 -72
210 227 12
210 469 54
210 446 -10
210 491 98
210 284 83
210 232 -38
210 413 -42
210 323 92
211 447 -11
211 305 -13
211 506 23
211 318 40
211 419 39
211 384 19
211 456 16
211 452 22
211 233 13
211 213 -80
211 220 -69
211 219 -17
212 258 62
212 346 21
212 253 -84
212 387 39
212 382 -65
212 361 63
212 396 -83
212 471 26
212 227 31
212 273 -36
212 486 89
212 277 -94
213 370 72
213 266 24
213 279 -59
213 260 46
213 395 -33
213 262 -1
213 439 -89
213 249 -11
214 282 -43
214 255 61
214 362 50
214 377 10
214 346 -3
214 396 -82
214 277 28
214 393 99
214 363 31
214 216 86
214 305 72
214 444 76
214 387 -26
214 309 43
214 348 64
214 337 -100
214 395 92
214 329 -16
215 299 -58
215 441 33
215 427 5
215 435 9
215 231 -55
215 494 -99
215 290 -89
215 318 39
215 330 -37
215 491 -69
215 324 99
215 485 -59
215 455 89
216 348 10
216 219 36
216 306 -22
216 439 32
216 256 -35
216 333 -66
216 242 11
216 397 -83
216 443 -76
216 484 39
216 249 -27
216 366 -46
216 495 90
216 487 -49
216 307 -49
216 405 -68
216 396 37
217 311 -45
217 345 -12
217 481 90
217 262 -36
217 264 18
217 418 -51
217 502 -35
217 362 -13
217 368 79
217 251 70
217 255 52
217 226 94
218 491 -45
218 224 5
218 372 18
218 463 56
218 476 95
218 298 -76
218 355 -66
218 446 11
218 423 50
218 323 -29
218 271 79
218 397 -3
218 497 -29
218 475 61
219 310 10
219 337 -71
219 252 91
219 320 -40
219 319 92
219 267 2
219 311 -78
219 434 -15
219 488 -75
219 491 -75
219 416 -33
220 236 13
220 506 -8
220 331 -62
220 372 -94
220 310 -25
220 254 64
220 408 15
220 405 -48
220 378 52
220 428 26
220 278 11
220 240 32
220 243 -96
220 503 -14
220 444 92
221 401 84
221 469 -94
221 331 -78
221 349 -39
221 350 -87
221 318 -16
221 430 92
221 458 -96
221 493 -76
221 329 96
221 222 -79
221 480 35
222 486 -81
222 361 -61
222 325 -63
222 245 67
222 250 15
222 491 88
222 306 -59
222 325 62
222 244 -11
222 456 -90
222 457 6
223 453 -74
223 231 91
223 401 88
223 509 4
223 284 -78
223 405 -75
223 373 3
223 334 83
223 420 89
223 392 -45
223 365 -66
223 318 -56
223 481 94
223 263 -5
223 435 33
223 422 46
223 506 45
224 372 -38
224 340 -97
224 467 85
224 474 -35
224 239 -26
224 455 -99
224 368 75
224 335 -17
224 438 31
224 502 69
224 420 -38
224 507 85
225 463 86
225 356 40
225 370 -57
225 449 5
225 282 -15
225 384 -95
225 352 52
225 247 -18
225 509 64
226 477 -17
226 414 60
226 426 -32
226 264 -30
226 248 66
226 426 -18
226 358 -78
226 300 -69
226 264 98
226 329 16
226 481 94
226 388 79
226 403 88
227 333 80
227 343 28
227 307 -85
227 395 -16
227 352 -97
227 448 -81
227 508 -72
227 314 -98
227 414 23
227 501 -72
227 382 -97
227 458 36
227 310 -95
227 345 86
227 296 -84
227 267 -79
228 424 25
228 466 92
228 288 84
228 358 -82
228 379 -95
228 372 52
228 349 -66
228 231 71
228 303 -41
228 311 -10
228 387 -11
228 271 70
228 475 -45
228 252 55
229 489 41
229 340 -27
229 277 52
229 290 -66
229 448 -19
229 235 -20
229 252 -92
229 406 -10
229 385 75
229 238 35
229 392 49
229 248 29
229 474 90
230 343 28
230 260 -100
230 371 98
230 497 97
230 234 77
230 300 55
230 357 66
230 487 -91
230 347 96
230 347 -20
231 327 15
231 305 36
231 253 -27
231 363 5
231 420 21
231 385 -69
231 404 -3
231 448 70
231 334 79
231 269 -23
231 387 64
232 505 -48
232 288 4
232 351 38
232 491 49
232 361 -39
232 425 -14
232 462 -33
232 484 85
232 309 -20
232 281 2
232 397 8
232 322 89
233 402 48
233 356 24
233 351 49
233 291 -11
233 323 53
233 352 -53
233 503 -12
233 307 64
233 511 -58
233 307 78
233 335 -16
233 237 35
233 333 -74
234 415 82
234 466 -36
234 500 40
234 496 -23
234 362 -61
234 406 -78
234 380 10
234 409 -64
234 306 66
234 290 38
234 416 53
234 262 79
234 494 -46
234 308 77
235 406 94
235 411 -32
235 256 14
235 507 11
235 406 -38
235 359 -52
235 324 33
235 297 77
235 350 84
235 393 -25
235 314 65
236 485 -25
236 419 -68
236 375 67
236 345 45
236 267 73
236 394 80
236 250 89
236 314 -64
236 243 71
236 260 42
236 285 14
236 474 9
236 507 70
236 315 -76
237 463 13
237 508 -40
237 378 -1
237 472 -98
237 368 83
237 293 -39
237 286 21
237 297 15
237 452 -81
237 256 -42
237 388 82
237 329 90
237 408 5
237 268 -62
238 480 -44
238 392 62
238 353 52
238 340 80
238 426 64
238 340 -13
238 438 4
238 264 84
238 447 -84
238 261 4
238 360 -50
238 374 29
238 342 87
239 308 -36
239 299 -100
239 255 4
239 285 18
239 249 91
239 330 -33
239 295 64
239 297 23
239 241 -69
239 505 53
239 430 19
239 449 4
239 288 -35
239 482 -71
240 310 -65
240 274 -57
240 473 -14
240 458 -96
240 409 -90
240 479 -1
240 300 -58
240 460 -74
240 288 -93
240 298 -86
240 505 38
241 259 49
241 510 32
241 363 33
241 409 65
241 250 -38
241 433 -72
241 509 34
241 400 84
241 428 -51
241 423 -47
241 375 -84
241 390 -53
242 492 60
242 259 -82
242 434 16
242 323 -4
242 322 -47
242 345 28
242 377 -97
242 368 -29
242 376 -52
242 243 -63
242 428 -64
243 463 75
243 375 74
243 478 57
243 411 -97
243 383 12
243 381 -35
243 365 57
244 445 64
244 485 -87
244 433 -57
244 264 -89
244 292 75
244 249 -44
244 372 2
244 299 56
244 440 33
244 248 -97
244 466 3
245 501 72
245 393 -11
245 362 -92
245 505 -58
245 488 -47
245 464 -59
245 393 -19
245 465 63
245 504 -35
245 467 -31
245 251 12
246 396 -21
246 308 -54
246 361 74
246 265 27
246 344 74
246 453 -12
246 338 -71
246 326 -2
246 434 -75
246 489 -29
246 264 61
247 295 -91
247 423 90
247 485 -59
247 294 43
247 361 -31
247 401 -22
247 391 -31
247 429 -83
247 462 7
247 286 69
247 500 -16
247 263 -4
247 488 -79
247 507 -50
247 309 36
248 299 -75
248 284 -92
248 436 -67
248 420 -6
248 429 -5
248 360 -13
248 268 14
248 478 94
248 326 -3
248 308 46
248 426 59
248 317 21
248 393 10
248 374 56
248 454 -18
249 303 -57
249 451 -67
249 260 -92
249 376 55
249 332 84
249 301 2
249 449 -92
249 253 35
249 415 37
249 320 -29
249 406 -62
250 392 91
250 321 48
250 500 51
250 350 60
250 465 63
250 507 -12
250 311 -54
250 377 81
250 347 11
250 494 -15
250 508 -43
250 370 -43
250 283 -26
251 478 71
251 502 67
251 319 -58
251 353 8
251 399 -37
251 281 98
251 370 -13
251 506 -37
251 315 54
251 425 11
251 268 42
251 441 -88
252 284 75
252 308 14
252 314 -69
252 417 -45
252 430 21
252 316 -1
252 475 55
252 470 -43
252 367 96
253 403 98
253 399 93
253 487 32
253 329 -12
253 434 -58
253 427 32
254 382 55
254 498 50
254 341 -100
254 265 -51
254 334 -37
254 437 -69
254 403 35
254 441 -66
254 498 75
254 420 -15
254 288 67
254 400 -21
255 494 48
255 309 23
255 392 -97
255 454 86
255 356 15
255 392 70
255 468 -31
255 353 41
255 397 -90
256 316 35
256 448 -45
256 360 75
256 353 -49
256 350 -55
256 340 82
256 304 -96
256 384 71
256 375 -30
256 457 -16
256 367 -90
256 341 34
257 323 -14
257 463 43
257 293 -79
258 437 10
258 329 -77
258 366 -34
258 294 86
258 448 43
258 386 -49
258 316 87
258 429 -45
258 479 -48
258 343 -37
258 284 9
258 354 83
258 486 -98
259 405 -55
259 504 -67
259 452 -22
259 350 -55
259 427 -90
259 415 93
259 399 54
259 328 -32
259 343 -71
259 500 38
260 416 52
260 481 -95
260 297 -61
260 304 -61
260 262 1
260 410 34
260 396 93
260 416 72
260 285 -29
260 292 -56
260 284 -20
260 412 88
260 382 86
260 489 -28
261 374 -73
261 486 87
261 264 72
261 355 50
261 351 46
261 331 -73
261 352 -10
261 319 -95
262 377 41
262 350 50
262 295 58
262 317 -48
262 300 -9
262 319 18
262 371 5
262 488 86
262 265 -67
263 409 -7
263 270 90
263 412 -30
263 400 -38
263 507 23
263 326 96
263 364 -3
263 350 -41
263 482 66
264 338 80
264 376 83
264 474 82
264 499 35
264 336 -21
264 282 -3
264 322 -20
264 502 -8
265 336 57
265 367 86
265 506 -13
265 353 -82
265 451 -37
265 483 -38
265 372 96
265 441 -79
265 276 32
265 427 -56
266 477 -89
266 269 -81
266 351 79
266 396 88
266 495 35
266 343 -15
266 350 59
266 303 93
266 290 -32
266 409 -54
266 409 -10
267 465 -54
267 357 83
267 489 58
267 410 -3
267 335 -35
267 365 -85
267 370 -26
267 367 -21
267 438 33
267 395 64
267 439 19
268 411 10
268 391 -90
268 483 28
268 308 -81
268 506 5
268 468 -19
268 350 25
268 298 -34
268 426 -46
268 432 -35
269 328 39
269 439 16
269 348 2
269 435 -97
269 449 33
269 367 21
269 330 46
270 290 77
270 478 51
270 276 -11
270 478 18
270 358 73
270 385 10
270 371 40
270 441 86
270 323 42
270 445 -35
270 459 -63
270 498 -35
270 492 -26
270 407 -48
270 347 44
271 310 -43
271 468 -28
271 392 82
271 414 90
271 502 56
271 361 -48
271 311 22
272 351 82
272 477 -56
272 296 -83
272 297 -46
272 408 -63
272 492 -68
272 494 -86
272 276 10
272 290 -66
272 335 22
272 401 -27
272 435 18
273 300 30
273 345 -98
273 445 -4
273 341 64
273 339 -67
273 296 34
273 354 82
273 409 0
273 382 58
273 302 74
273 322 -17
273 424 81
273 390 63
274 362 -64
274 307 52
274 488 -47
274 401 -39
274 457 -72
274 308 -18
274 468 51
274 372 -99
274 468 34
274 356 66
274 458 -11
274 497 44
274 325 67
275 410 -65
275 456 52
275 483 -97
275 300 68
275 301 -70
275 305 -56
275 475 -93
275 372 -56
275 359 2
276 408 -15
276 476 -8
276 494 87
276 469 49
276 387 8
276 372 89
276 376 -19
276 477 23
276 472 -45
276 342 -67
276 311 79
277 382 -41
277 473 15
277 481 -91
277 463 14
277 478 -67
277 287 85
277 477 30
277 377 -71
277 506 -32
277 376 -19
277 317 57
277 406 87
278 503 86
278 409 -18
278 454 74
278 511 83
278 371 37
278 480 -26
278 375 78
278 426 -72
279 425 -99
279 465 -96
279 381 -91
279 426 74
279 314 -34
279 362 78
279 336 -28
279 347 31
279 299 2
279 366 74
279 427 23
280 370 -57
280 287 90
280 365 -38
280 291 -84
280 459 83
280 364 -43
280 355 -34
280 305 -76
281 410 -14
281 316 -3
281 503 23
281 401 -39
281 464 -59
281 420 43
281 322 47
281 354 -65
281 454 49
281 333 90
281 379 -72
281 357 3
281 445 -87
281 416 -74
282 493 82
282 432 64
282 477 -81
282 401 10
282 331 -71
282 334 69
282 480 -72
282 387 78
282 345 76
282 509 -32
282 483 -62
283 353 -78
283 331 -73
283 308 72
283 492 -30
283 411 -6
283 439 -72
283 339 -66
283 399 -11
283 494 -40
283 402 -41
283 346 -2
283 312 -26
284 418 44
284 473 -26
284 338 -4
284 346 -10
284 305 -73
284 318 16
284 346 -67
284 466 -1
284 502 -19
284 409 -97
284 435 -24
284 306 63
285 500 -13
285 393 -100
285 291 -30
285 365 72
285 349 -22
285 463 -75
285 420 -61
285 486 19
285 450 -80
285 352 -62
285 449 97
286 426 -52
286 302 90
286 424 -93
286 498 -31
286 410 -40
287 333 -7
287 374 71
287 321 -77
287 504 -14
287 483 44
287 336 50
287 428 92
287 427 41
287 341 -35
287 382 -100
287 407 -41
287 458 -6
287 500 -89
287 430 -33
288 355 11
288 504 -66
288 454 -98
288 432 72
288 501 -80
288 318 -41
288 468 90
288 448 95
288 383 1
288 410 87
288 371 6
288 481 -67
289 436 -68
289 380 -88
289 496 -77
289 387 -81
289 481 -17
289 446 65
289 313 -95
289 417 -92
289 463 -8
289 459 -6
289 335 23
289 406 84
289 460 -66
290 330 16
290 485 -33
290 394 -59
290 325 53
290 439 -34
290 296 -8
290 388 85
290 335 -98
290 418 -84
291 489 -79
291 436 1
291 351 12
291 390 56
291 482 -48
291 342 -67
291 497 39
292 343 76
292 499 79
292 474 -2
292 424 94
292 299 -74
292 325 -45
292 507 33
292 363 8
292 402 -32
293 481 65
293 455 -54
293 351 -39
293 327 69
293 444 -21
293 297 2
293 414 11
293 420 49
293 449 99
293 489 -41
293 481 88
294 460 -76
294 431 23
294 388 79
294 485 -17
294 418 27
294 487 52
294 349 -12
294 297 63
294 478 65
294 340 -72
294 314 -81
294 418 -56
294 423 78
295 369 70
295 473 -50
295 378 8
295 311 73
295 452 -63
295 375 93
295 330 -18
295 466 22
295 338 51
295 296 64
295 456 18
296 447 37
296 507 30
296 452 -6
296 487 -68
296 435 61
296 503 31
296 315 -37
296 491 -76
297 301 7
297 473 20
297 368 81
297 511 8
297 350 53
297 507 -75
297 351 -94
297 321 43
297 325 53
297 504 -87
298 384 -93
298 344 -74
298 512 -38
298 331 67
298 344 23
298 396 37
298 507 46
298 410 -89
298 422 82
298 390 75
298 427 -50
298 319 96
298 394 93
298 506 14
299 447 69
299 467 41
299 423 13
299 306 20
299 453 -95
299 502 73
299 306 -33
299 466 -54
299 471 92
299 499 66
299 477 26
299 328 -97
299 369 -2
299 410 22
299 471 -36
300 411 13
300 435 57
300 372 42
300 476 -41
300 454 -8
300 383 21
300 312 -70
300 384 75
300 441 95
300 467 -16
300 446 -97
300 359 37
301 303 91
301 434 -30
301 434 -30
301 508 -7
301 324 69
301 394 33
301 302 -48
301 450 76
301 476 -77
301 421 -91
301 327 46
302 305 69
302 443 14
302 341 -77
302 495 86
302 366 -30
302 505 19
302 450 34
302 481 34
302 325 -21
302 446 15
302 343 55
302 336 -68
302 476 57
302 407 41
303 470 21
303 508 27
303 443 12
303 408 -70
303 474 6
303 462 -10
303 353 -68
303 414 88
304 329 34
304 510 7
304 340 -36
304 488 24
304 321 87
304 447 92
304 344 -90
304 339 -88
304 479 86
304 484 96
305 420 -78
305 376 3
305 370 -47
305 427 19
305 461 39
305 420 56
305 360 -15
306 353 34
306 360 63
306 459 65
306 312 -61
306 377 -85
306 415 -68
306 358 8
306 412 -100
307 470 33
307 329 -69
307 369 50
307 390 30
307 329 15
307 417 -80
308 434 -84
308 375 70
308 340 35
308 486 -95
308 361 -46
308 410 -59
308 348 -87
308 322 51
308 409 64
309 462 23
309 458 89
309 470 11
309 375 16
309 408 26
309 401 -60
309 495 24
309 501 40
309 357 86
309 458 -40
310 365 58
310 434 6
310 373 -75
310 409 64
310 323 75
310 355 45
310 331 44
310 320 51
310 465 58
310 503 -36
310 475 8
310 365 -46
310 448 69
311 431 10
311 396 21
311 339 -87
311 400 62
311 316 60
311 326 -66
312 317 -13
312 413 45
312 435 78
312 496 85
312 461 -6
312 397 -23
313 494 8
313 357 -53
313 483 -28
313 413 22
314 367 -89
314 467 -87
314 457 96
314 414 93
314 383 18
314 477 -63
314 503 -83
314 412 10
314 449 58
315 424 -41
315 498 63
315 337 22
315 377 -3
315 379 -72
315 350 35
315 391 85
315 506 51
315 408 93
315 328 -1
316 342 49
316 385 -90
316 432 74
316 387 61
316 319 -60
316 458 75
316 452 -64
316 402 34
316 361 -5
316 506 -48
317 448 43
317 421 54
317 361 21
317 360 -68
317 423 53
317 340 -17
317 497 -59
317 389 -35
317 418 3
317 427 66
317 424 -64
317 367 -71
318 407 34
318 433 -10
318 465 66
318 469 11
318 494 29
318 339 -40
318 510 14
318 508 84
318 489 -73
318 334 87
318 496 67
319 449 -22
319 469 -14
319 380 29
319 331 87
319 421 -82
319 440 50
319 460 58
319 382 -78
319 400 85
319 376 85
319 403 70
319 323 40
320 375 33
320 500 -94
320 357 -17
320 361 24
320 354 -83
320 452 -52
320 463 88
320 504 -73
320 497 -63
320 355 -37
320 334 -34
321 329 -93
321 372 -39
321 359 -11
321 343 -4
321 338 67
321 469 -67
321 495 -40
321 377 -3
322 346 -39
322 420 -10
322 368 75
322 455 81
322 350 17
322 506 75
322 483 -61
322 482 -44
323 503 -89
323 459 -48
323 361 9
323 379 -92
323 484 -24
323 330 57
324 476 -67
324 511 -58
324 438 91
324 449 -49
324 427 -96
324 425 38
325 450 -30
325 398 28
325 383 -25
325 511 8
325 504 36
325 364 -6
325 493 18
325 376 -49
325 389 -81
325 364 -90
325 460 -12
325 406 -91
325 422 89
326 510 -30
326 375 -46
326 431 -46
326 348 -32
326 327 86
326 440 -18
326 384 -95
327 505 59
327 403 11
327 411 78
327 423 35
327 442 -9
327 457 21
327 425 -16
327 367 30
327 436 60
328 335 -42
328 467 -48
328 460 83
328 351 -48
328 497 21
328 498 29
329 471 -89
329 394 -23
329 483 -71
329 449 23
329 468 -2
329 501 97
329 504 14
330 408 -64
330 404 34
330 447 4
330 412 65
330 346 28
330 447 -40
330 379 19
331 509 -73
331 465 -18
331 457 76
331 377 -35
331 395 26
331 401 19
331 485 5
331 446 -29
331 470 -23
332 366 92
332 498 -78
332 446 -44
332 403 46
332 485 63
332 341 96
332 356 -1
332 348 -37
332 371 -80
332 378 29
332 438 -82
332 355 -20
333 476 85
333 507 69
333 465 -28
333 344 -90
333 341 25
333 441 -99
333 415 95
334 462 -72
334 437 -71
334 351 -75
334 358 89
334 418 46
334 511 -63
334 444 93
335 510 83
335 348 -75
335 504 -64
335 471 -12
335 501 47
335 456 28
335 481 56
336 440 52
336 342 -93
336 363 11
336 343 31
336 475 6
337 485 -94
337 498 30
337 354 81
337 490 12
337 361 49
337 498 -40
337 443 -24
337 397 72
337 435 44
337 465 68
337 498 49
338 408 35
338 363 -2
338 424 -88
338 399 -66
338 504 -61
338 396 -20
338 394 38
338 389 -41
338 490 60
338 377 94
338 501 33
339 371 -23
339 345 -30
339 504 27
339 397 38
339 452 -77
339 483 42
339 449 -54
339 503 -84
340 492 -82
340 382 25
340 489 11
340 469 -21
340 360 -55
340 440 91
340 464 67
341 429 -55
341 511 -12
341 353 -13
341 344 27
341 437 90
341 469 85
341 380 92
341 380 84
342 415 83
342 370 51
342 448 9
342 368 94
342 459 87
342 368 -55
342 381 -18
343 447 -85
343 503 -82
343 380 55
343 402 -16
343 444 26
343 374 51
343 471 47
343 484 23
343 487 40
343 425 -75
344 452 30
344 385 27
344 472 81
344 484 -75
344 429 -50
344 369 17
344 475 -87
345 417 46
345 371 64
345 472 -22
345 377 -94
345 498 -72
345 404 -77
345 511 -81
345 363 -49
346 409 39
346 440 68
346 462 10
346 347 -67
346 370 -79
346 507 -11
346 491 83
346 484 -43
346 371 71
347 377 2
347 361 -66
347 464 -36
347 365 41
347 468 -24
347 405 7
348 489 83
348 353 13
348 359 91
348 433 -70
348 442 -92
348 442 -17
348 491 87
348 407 -90
348 455 -11
348 428 -82
349 409 22
349 416 17
349 486 -88
349 492 48
349 466 64
349 452 -57
350 372 8
350 405 -3
350 420 -65
350 465 -15
351 477 53
351 486 83
351 408 17
351 487 0
351 409 50
351 369 68
351 355 -68
351 449 -57
352 466 -4
352 393 72
352 472 82
352 397 -70
352 365 39
352 415 -35
352 431 -83
352 394 3
352 433 24
352 434 -9
352 416 -32
352 363 86
353 498 -62
353 421 -100
353 495 70
353 413 16
353 454 39
353 452 4
354 399 1
354 441 -40
354 456 -78
354 473 -81
354 459 -72
354 366 68
354 415 -15
355 476 0
355 495 -17
355 358 68
355 484 -9
355 422 -70
355 476 -100
356 364 -10
356 512 3
356 479 84
356 497 -73
356 395 -5
356 415 15
357 388 -83
357 477 -93
357 489 -77
357 383 55
357 463 -13
357 469 24
357 363 -77
358 411 68
358 404 20
358 383 -34
358 491 -87
358 429 -68
358 470 38
358 444 64
358 456 50
358 383 54
358 486 -5
358 485 -99
358 502 12
359 445 -87
359 422 81
359 398 29
359 425 -96
359 390 93
359 493 -16
359 442 9
359 495 -16
359 459 -4
359 449 -81
360 364 -8
360 458 -84
360 431 55
360 442 44
360 376 85
360 471 12
360 504 -48
360 363 47
360 510 -81
361 478 -95
361 432 69
361 391 -11
361 508 -98
361 443 2
362 444 4
362 468 46
362 412 35
362 435 -47
362 378 9
362 427 33
362 467 65
362 451 53
362 399 -13
362 366 77
362 382 50
362 465 -7
363 501 -6
363 372 93
363 408 -74
363 416 -17
363 410 -88
363 404 52
363 458 30
364 416 52
364 375 -45
364 498 22
364 474 -80
364 427 51
364 512 -16
364 484 35
365 500 31
365 498 -54
365 495 57
365 472 60
366 429 46
366 446 35
366 502 30
366 466 47
366 469 12
366 468 -95
366 459 96
366 439 14
367 463 37
367 456 -62
367 401 72
367 431 -94
367 486 75
367 391 -58
367 478 77
367 439 -69
367 468 38
367 441 -29
368 384 -54
368 428 13
368 510 -9
368 424 -78
368 485 65
368 423 -71
368 414 48
368 436 -30
368 412 84
369 414 -65
369 374 -54
369 477 -98
369 497 -85
369 457 -83
369 470 50
370 506 50
370 389 87
370 501 -20
370 418 22
370 495 36
370 479 -13
371 464 -86
371 449 -45
372 406 26
372 421 -93
372 454 -51
372 389 -44
373 413 -95
373 487 -24
373 375 -17
373 489 82
374 424 59
374 460 10
374 441 66
374 487 12
374 457 27
374 443 33
374 487 -70
374 404 1
375 423 -67
375 395 1
375 469 -4
375 472 56
375 421 97
375 432 -57
376 501 79
376 426 93
376 422 -32
376 403 -39
376 396 -31
376 436 -55
376 492 -6
376 391 47
376 412 -32
377 492 90
377 500 -22
377 400 -79
377 473 0
377 471 -90
377 382 -76
377 437 97
377 410 36
377 420 -68
378 510 -23
378 428 -79
378 396 75
379 447 25
379 480 -66
379 451 56
379 398 53
379 422 85
379 480 -25
380 503 57
380 482 -23
380 429 3
380 468 -6
380 396 45
380 454 -10
380 506 72
380 474 -94
381 419 -37
381 432 -13
382 438 -15
382 497 -12
382 484 20
382 454 18
383 400 -72
383 466 19
383 413 -62
383 419 91
384 389 2
384 500 50
384 420 16
384 416 -54
384 404 45
384 467 63
384 465 -90
385 397 -76
385 480 68
385 420 45
385 406 13
385 403 91
385 453 38
386 402 31
386 478 43
386 470 -77
386 420 98
386 479 96
387 492 7
387 452 -72
387 500 -64
387 397 -60
387 413 86
387 469 37
388 431 85
388 444 28
388 486 -62
388 495 -36
388 416 -87
389 394 -100
389 478 -54
389 454 -21
389 397 -1
390 437 68
390 424 83
390 427 -38
391 468 -69
391 402 -18
392 435 -100
392 440 79
392 439 39
392 483 98
392 415 -64
392 451 -8
392 459 -35
392 411 -10
393 512 81
393 498 49
393 499 89
393 396 -75
393 471 -59
393 458 51
394 451 16
394 465 85
394 477 17
394 448 -17
395 492 27
395 405 -49
395 451 -25
396 485 -100
396 458 15
396 454 -81
396 447 -92
396 461 -36
396 400 31
396 431 -37
396 480 7
396 485 -86
397 453 77
397 425 86
397 422 -72
397 427 -95
397 447 -58
397 447 -46
398 494 90
399 510 56
399 504 -92
399 486 24
399 439 21
400 462 99
400 433 -17
400 464 17
400 480 66
401 447 -62
401 487 -44
402 430 -75
402 422 38
402 506 -98
402 409 78
402 417 88
402 457 93
402 437 99
403 417 -67
403 417 -52
403 406 -6
404 444 -32
404 479 34
404 422 93
404 504 -20
404 464 -97
404 498 30
405 406 46
405 510 -58
406 479 99
406 498 -85
406 445 -95
406 500 22
406 450 29
406 409 -42
406 508 59
407 477 -87
407 457 1
407 411 -58
408 446 -50
408 433 -39
408 487 -60
408 498 52
409 483 -58
409 509 78
409 490 89
409 434 -17
409 499 94
409 456 79
410 501 -44
410 471 -29
411 486 -14
411 445 -23
411 483 -15
411 512 84
411 438 41
412 486 -60
412 483 -90
412 471 28
412 453 51
413 440 43
413 475 -36
413 440 73
413 455 32
413 472 18
413 439 -72
414 451 -18
414 447 69
414 441 -8
414 497 67
415 474 20
415 452 76
415 458 46
416 418 69
416 417 -24
417 440 -30
417 510 -51
418 461 25
419 501 46
419 420 -86
419 510 11
419 437 80
419 493 7
419 454 54
420 430 -94
420 508 58
420 474 -84
420 498 62
420 441 -9
421 507 12
421 445 22
421 494 -100
421 422 91
421 450 75
422 491 63
422 458 91
422 487 -96
422 510 52
422 477 -43
422 462 -37
422 431 -14
423 494 -26
423 475 11
424 462 -82
424 467 45
424 428 -97
424 505 -57
425 440 88
425 444 59
425 442 -65
426 448 -26
426 433 -79
426 442 8
426 488 86
427 443 48
427 441 88
427 491 96
427 508 -30
428 450 65
428 481 92
428 473 93
429 498 47
429 494 26
429 472 -92
430 500 34
430 492 -15
430 511 18
430 435 -49
431 493 -11
431 439 39
431 445 29
431 497 18
432 454 -29
432 451 93
432 433 50
432 502 -23
432 506 -9
432 475 59
432 489 -10
432 486 54
433 442 -65
434 450 -94
434 511 -68
434 475 -55
434 449 -35
434 486 -62
434 489 33
434 438 26
435 508 37
435 466 -24
435 446 75
436 447 -27
436 465 97
436 512 68
437 481 60
437 479 -85
437 509 82
437 487 55
437 475 -67
438 467 7
438 443 -8
439 490 88
439 483 9
439 506 -77
439 471 2
441 476 -10
441 457 -37
441 467 -32
441 463 -55
441 480 14
442 476 -58
442 506 56
443 484 -5
443 499 80
444 457 33
444 497 -55
444 497 93
444 510 21
444 447 -79
444 470 -23
445 504 21
445 468 2
446 483 62
447 487 -23
447 465 -45
448 479 39
449 492 81
449 472 26
449 451 -96
449 479 -96
450 508 91
450 471 50
451 478 70
451 470 79
452 497 92
452 490 -76
453 483 15
453 459 13
453 462 -17
455 481 84
455 475 -43
456 463 7
457 508 -55
457 485 -91
457 502 -36
457 472 -84
458 504 -15
459 461 -52
460 492 -34
461 488 45
461 467 -66
461 481 -15
461 487 37
461 488 26
461 494 -72
462 505 -29
462 469 -37
463 510 -66
463 468 20
463 506 26
464 500 -5
464 491 -57
464 477 -32
464 495 82
465 478 -19
467 495 -76
467 490 -77
467 507 -31
467 476 51
467 476 -85
468 501 45
469 509 -34
469 471 -80
469 505 -95
470 497 -92
470 510 -55
470 481 -87
470 475 93
470 496 -59
471 503 -84
472 480 79
472 507 -39
473 502 -84
474 498 36
474 485 4
474 480 -55
474 485 -51
475 510 -99
475 485 16
475 499 -57
477 481 87
477 502 -28
478 486 34
480 499 -48
482 495 60
483 491 -84
483 496 54
484 512 -64
484 497 -30
484 485 12
486 491 76
486 492 84
489 503 7
489 500 54
490 496 -87
490 510 53
491 501 -39
492 504 2
495 506 -54
497 505 33
498 503 -75
500 506 -42
503 507 -33
504 505 -23
506 510 60
507 512 30
511 512 83
