512 5914
1 320 -25
1 176 -53
1 267 -61
1 115 21
1 250 49
1 175 -29
1 357 82
1 363 66
1 389 7
1 314 -60
1 149 24
1 437 53
1 257 24
1 69 -71
1 92 -45
1 417 -48
1 300 -31
1 259 85
1 355 -86
1 85 -32
1 84 57
1 176 -45
1 382 28
2 416 76
2 329 68
2 476 -100
2 271 -18
2 314 -62
2 435 -96
2 268 87
2 431 -73
2 404 4
2 395 -55
2 205 86
2 301 42
2 262 64
2 174 -81
2 146 66
2 370 14
2 21 -5
2 440 77
2 221 -26
2 241 84
2 83 -59
2 154 12
3 378 19
3 186 -58
3 257 41
3 75 56
3 492 39
3 236 99
3 273 92
3 10 -98
3 131 43
3 482 25
3 470 52
3 111 84
3 181 -56
3 226 -12
3 259 -83
3 281 -98
3 85 -4
3 107 78
3 83 84
3 410 -62
3 202 38
3 465 -82
3 348 -83
4 301 40
4 215 -65
4 94 41
4 441 -97
4 48 -55
4 460 13
4 416 -62
4 258 -5
4 75 -92
4 511 -47
4 239 86
4 330 25
4 363 48
4 434 7
4 495 62
4 220 -33
4 197 96
4 83 -85
4 39 78
4 367 63
4 289 -6
4 365 -71
5 111 -36
5 380 -51
5 143 58
5 115 -39
5 396 -76
5 430 47
5 80 -88
5 20 36
5 20 50
5 406 12
5 377 21
5 295 68
5 108 71
5 398 48
5 263 -15
5 140 -60
5 142 -64
5 510 -36
5 409 -43
5 467 3
5 253 5
5 364 -80
6 221 85
6 140 -83
6 479 -84
6 487 13
6 161 -57
6 272 -53
6 354 -44
6 185 79
6 494 1
6 79 -37
6 234 -13
6 454 90
6 512 42
6 145 30
6 413 72
6 225 -21
6 103 -6
6 70 62
6 59 -27
6 23 -59
6 428 -15
6 384 -48
6 465 -84
7 236 -86
7 188 92
7 328 -77
7 325 -72
7 98 55
7 9 -89
7 32 -61
7 121 -24
7 142 -23
7 139 -90
7 305 -41
7 501 -77
7 54 7
7 187 -98
7 49 -60
7 186 47
7 42 26
7 459 -23
7 240 27
7 435 52
7 189 43
7 508 51
7 419 -88
8 225 10
8 381 -3
8 27 -35
8 243 93
8 504 39
8 482 -99
8 136 -4
8 283 8
8 415 -15
8 474 -85
8 344 -80
8 150 14
8 247 -69
8 43 49
8 35 -31
8 386 40
8 443 -11
8 266 0
8 289 -69
8 350 -5
8 80 23
8 269 86
9 417 -43
9 37 61
9 495 -32
9 23 41
9 417 -33
9 193 -48
9 142 -75
9 114 -7
9 356 -70
9 199 54
9 185 65
9 251 -40
9 470 83
9 140 43
9 205 11
9 315 -58
9 231 -35
9 396 20
9 367 64
9 450 -19
9 116 -46
9 368 -11
9 292 -61
10 443 -51
10 185 -32
10 412 21
10 317 2
10 395 22
10 472 69
10 144 97
10 103 -40
10 474 60
10 443 -83
10 296 -49
10 202 -13
10 69 -87
10 463 81
10 286 -38
10 399 57
10 181 4
10 343 7
10 459 -83
10 448 -59
10 207 -39
10 162 87
10 340 53
11 245 17
11 450 -47
11 123 22
11 363 -33
11 30 79
11 175 -95
11 332 65
11 496 -86
11 391 35
11 451 91
11 126 -46
11 117 -82
11 493 74
11 164 48
11 134 45
11 174 46
11 401 1
11 139 -57
11 38 17
11 206 91
11 299 -99
11 109 -96
11 67 55
12 283 -19
12 326 -6
12 468 -76
12 66 78
12 24 -33
12 447 69
12 95 -61
12 179 7
12 86 -35
12 361 -76
12 72 16
12 175 -69
12 237 60
12 400 -87
12 144 33
12 344 -59
12 438 -63
12 13 46
12 389 17
12 31 85
12 443 4
12 340 -73
12 295 -50
13 462 18
13 81 56
13 506 93
13 39 14
13 378 98
13 421 36
13 227 98
13 458 39
13 222 66
13 373 -31
13 300 81
13 112 61
13 280 -3
13 115 31
13 151 -81
13 249 -6
13 20 -47
13 113 69
13 149 -2
13 499 50
13 389 99
13 53 -12
14 472 -50
14 484 29
14 178 42
14 64 -48
14 405 20
14 72 34
14 240 -29
14 112 38
14 75 -81
14 481 25
14 237 -13
14 314 6
14 84 -25
14 413 91
14 390 62
14 165 45
14 437 -20
14 134 81
14 75 -90
14 193 6
14 121 25
14 191 65
14 502 -92
15 410 70
15 183 62
15 466 -69
15 434 -10
15 444 83
15 441 -23
15 362 74
15 54 -2
15 141 10
15 160 -31
15 395 -93
15 409 -33
15 435 72
15 21 -42
15 53 54
15 317 5
15 384 -73
15 439 57
15 440 4
15 501 61
15 412 -100
15 287 -85
16 204 61
16 318 38
16 480 -74
16 231 52
16 63 -81
16 395 38
16 81 -19
16 299 92
16 340 -87
16 318 86
16 461 -66
16 24 -95
16 431 -94
16 276 65
16 503 -88
16 351 18
16 474 26
16 102 -79
16 205 30
16 495 -56
16 290 10
16 224 52
17 407 78
17 175 -81
17 233 70
17 278 -32
17 273 -71
17 31 21
17 474 -12
17 478 -14
17 483 -79
17 476 10
17 70 49
17 26 -47
17 484 28
17 377 -58
17 50 61
17 399 -12
17 139 -68
17 182 -84
17 210 -93
17 216 -17
17 178 56
17 370 67
17 441 33
18 138 -69
18 395 52
18 290 -95
18 218 14
18 78 48
18 27 39
18 307 -18
18 421 39
18 82 -28
18 293 -61
18 335 23
18 420 0
18 505 -91
18 379 -2
18 295 8
18 474 -54
18 351 -91
18 27 -2
18 481 57
18 244 52
18 85 -85
18 89 -30
19 472 -96
19 55 -74
19 393 -26
19 122 33
19 127 92
19 40 -77
19 245 34
19 106 -74
19 152 -36
19 405 -6
19 421 61
19 295 -100
19 258 77
19 150 -14
19 253 -37
19 225 74
19 193 -8
19 443 -74
19 407 -77
19 139 -98
19 135 55
19 42 -95
20 295 83
20 155 -45
20 301 -40
20 475 13
20 219 8
20 407 90
20 216 4
20 480 99
20 458 38
20 472 38
20 33 67
20 399 91
20 122 75
20 266 77
20 270 -41
20 255 28
20 233 -23
20 31 -77
20 255 79
20 81 89
20 131 -63
20 120 66
21 56 72
21 44 -3
21 319 -72
21 198 98
21 323 97
21 190 93
21 26 -49
21 342 59
21 343 7
21 114 -12
21 242 -16
21 168 34
21 454 -31
21 472 89
21 54 -9
21 27 73
21 87 -100
21 275 -62
21 212 51
21 212 85
21 71 -40
21 241 -75
21 149 69
22 390 -25
22 422 -14
22 410 63
22 126 -90
22 409 -48
22 344 25
22 91 -44
22 304 -79
22 334 94
22 511 -91
22 262 -28
22 344 65
22 159 -86
22 373 -70
22 489 -34
22 218 3
22 392 1
22 233 -91
22 58 -39
22 374 -2
22 512 38
22 159 77
22 179 -87
23 260 -74
23 481 -11
23 297 4
23 109 -100
23 257 29
23 266 -6
23 326 98
23 271 -56
23 70 42
23 341 -14
23 409 -76
23 418 44
23 324 -68
23 225 17
23 262 59
23 202 6
23 27 36
23 116 -55
23 339 -78
23 267 -45
23 311 47
23 118 -64
23 205 36
24 225 -84
24 156 27
24 96 -14
24 37 82
24 197 95
24 142 60
24 400 20
24 169 -53
24 274 -67
24 197 35
24 495 78
24 471 -54
24 406 72
24 188 20
24 226 23
24 199 -17
24 107 -67
24 378 56
24 450 39
24 400 -87
24 387 -27
25 483 69
25 489 -79
25 312 -45
25 123 95
25 49 -77
25 437 39
25 368 -46
25 174 7
25 37 22
25 439 -22
25 367 67
25 382 -72
25 33 -37
25 104 -88
25 348 9
25 136 53
25 114 84
25 240 -25
25 214 63
25 488 97
25 71 -81
25 351 51
26 406 2
26 240 86
26 163 -31
26 357 63
26 72 68
26 309 66
26 473 58
26 363 24
26 138 -36
26 370 91
26 128 12
26 332 68
26 412 72
26 220 42
26 93 -41
26 458 -26
26 36 -11
26 483 -60
26 79 52
26 39 -72
26 306 -75
27 76 16
27 458 -38
27 300 57
27 288 -2
27 509 47
27 394 58
27 51 -23
27 461 44
27 492 -92
27 461 14
27 319 92
27 218 -58
27 354 33
27 140 79
27 46 -87
27 246 91
27 58 -78
27 444 76
27 403 23
27 400 42
27 175 32
27 142 86
27 462 -88
28 384 17
28 297 -70
28 137 48
28 321 -3
28 490 65
28 342 81
28 372 -89
28 433 69
28 144 -1
28 191 71
28 63 94
28 396 69
28 442 64
28 324 -12
28 342 5
28 306 -52
28 473 0
28 440 31
28 206 36
28 95 -2
28 344 -80
28 439 40
28 451 -33
29 156 47
29 270 59
29 207 60
29 360 95
29 381 39
29 102 -90
29 355 5
29 44 -45
29 51 0
29 295 -16
29 162 16
29 92 9
29 244 81
29 305 -53
29 200 79
29 301 73
29 327 -27
29 327 63
29 348 -66
29 353 -67
29 382 1
30 374 44
30 435 -42
30 489 87
30 443 17
30 115 24
30 483 -2
30 236 -22
30 269 -7
30 285 42
30 32 64
30 226 56
30 386 -44
30 420 74
30 292 23
30 207 41
30 89 -37
30 146 53
30 305 -73
30 352 6
30 174 -36
30 126 82
30 506 -36
30 197 19
31 312 51
31 152 61
31 49 -44
31 224 75
31 113 31
31 303 11
31 234 -52
31 319 -64
31 403 94
31 512 25
31 363 -76
31 428 8
31 456 -4
31 323 -28
31 115 20
31 452 -6
31 491 -85
31 480 -80
31 457 -73
31 354 44
31 203 35
31 251 -60
32 343 59
32 315 11
32 54 15
32 375 -93
32 165 71
32 69 82
32 157 58
32 107 -5
32 509 34
32 87 11
32 177 -90
32 243 2
32 368 -48
32 411 15
32 76 23
32 444 78
32 231 13
32 404 93
32 271 3
32 56 -54
32 330 -77
33 215 8
33 131 14
33 139 14
33 289 -91
33 440 -18
33 67 -31
33 409 22
33 365 -60
33 322 2
33 445 29
33 217 29
33 65 73
33 231 65
33 95 -38
33 505 78
33 262 61
33 484 23
33 306 65
33 79 -92
33 467 -91
33 464 37
34 97 97
34 153 35
34 296 58
34 382 41
34 214 65
34 374 -12
34 482 90
34 231 -21
34 173 -61
34 353 -25
34 377 -86
34 310 -10
34 111 34
34 326 31
34 113 -1
34 139 -35
34 197 82
34 156 23
34 422 0
34 292 18
34 465 -24
35 83 74
35 152 -36
35 298 52
35 234 82
35 133 -64
35 214 43
35 297 65
35 57 68
35 135 48
35 71 36
35 292 -33
35 172 -39
35 304 -45
35 221 29
35 348 84
35 72 -76
35 304 -22
35 234 -55
35 397 14
35 290 90
35 82 79
35 51 -13
35 424 -15
36 354 22
36 254 -13
36 204 -90
36 98 -31
36 350 10
36 377 -53
36 470 -6
36 296 58
36 153 25
36 341 -33
36 328 60
36 262 93
36 215 -33
36 182 -15
36 430 66
36 265 62
36 473 -83
36 237 16
36 481 -99
36 134 -26
36 301 -47
36 292 -87
37 404 11
37 109 26
37 359 -39
37 283 79
37 162 22
37 386 70
37 40 42
37 356 -77
37 74 -36
37 407 -51
37 374 49
37 482 -73
37 223 -24
37 310 8
37 478 -51
37 145 -48
37 509 -27
37 407 -19
37 458 -28
38 463 -65
38 367 74
38 171 -38
38 340 -56
38 405 57
38 188 -16
38 176 5
38 495 -82
38 131 -23
38 106 62
38 203 -4
38 292 91
38 144 -29
38 164 -51
38 280 -35
38 415 -98
38 242 -16
39 92 -46
39 371 29
39 305 59
39 473 -63
39 51 90
39 274 31
39 208 -65
39 499 14
39 171 84
39 97 -38
39 444 20
39 226 -99
39 61 -91
39 391 44
39 88 70
39 511 -95
39 498 57
39 99 76
39 407 25
39 442 8
39 112 -49
39 363 -32
40 260 25
40 379 -18
40 166 4
40 86 14
40 395 -56
40 495 60
40 117 -8
40 385 -97
40 117 -95
40 223 25
40 158 23
40 131 2
40 106 2
40 493 75
40 74 -56
40 467 24
40 96 -76
40 453 51
40 318 -83
40 245 -91
41 358 67
41 151 -57
41 163 -53
41 305 -20
41 393 54
41 419 92
41 155 -64
41 368 48
41 90 -2
41 510 79
41 289 -76
41 350 51
41 422 -69
41 248 -68
41 154 40
41 420 -17
41 403 1
41 271 -58
41 75 -61
41 104 99
41 478 -58
42 176 31
42 493 -82
42 87 -35
42 429 28
42 275 71
42 446 -66
42 201 49
42 82 -53
42 462 56
42 442 87
42 172 3
42 139 -75
42 473 -56
42 302 27
42 225 9
42 98 -57
42 502 -5
42 148 -92
42 205 38
43 248 -98
43 198 64
43 249 71
43 324 -61
43 315 -91
43 458 -95
43 157 1
43 432 -40
43 265 76
43 312 -4
43 293 23
43 234 -87
43 53 -47
43 381 4
43 324 44
43 358 -64
43 377 -83
43 156 -12
43 437 38
43 127 55
43 387 -30
44 467 16
44 255 -96
44 102 45
44 310 93
44 240 68
44 403 81
44 168 3
44 251 -32
44 476 19
44 368 13
44 420 62
44 253 74
44 261 -20
44 419 84
44 377 -36
44 412 -6
44 272 -86
44 88 63
44 277 -9
44 59 -31
44 195 -100
45 394 -87
45 277 90
45 159 68
45 58 59
45 67 -80
45 273 8
45 194 81
45 304 37
45 108 -64
45 345 -7
45 502 -63
45 253 47
45 140 -75
45 500 39
45 373 58
45 478 51
45 291 -76
45 418 -88
45 366 -93
45 507 47
45 88 10
45 280 -34
46 249 84
46 277 -89
46 221 -15
46 144 -40
46 224 94
46 376 -51
46 248 71
46 208 -44
46 226 -24
46 384 -41
46 448 58
46 492 -10
46 484 -21
46 358 23
46 471 20
46 489 -80
46 127 47
46 327 17
46 267 44
46 265 46
46 395 29
47 55 -42
47 438 -40
47 428 -36
47 274 -43
47 222 39
47 208 45
47 401 3
47 415 -14
47 165 2
47 440 -47
47 495 -1
47 220 -99
47 478 46
47 197 11
47 274 19
47 71 73
47 492 -25
47 413 70
47 278 -95
47 281 45
48 490 35
48 287 -17
48 441 9
48 309 -89
48 195 -5
48 80 -67
48 422 -10
48 107 18
48 84 30
48 121 35
48 434 46
48 108 -60
48 212 34
48 181 -42
48 63 87
48 63 41
48 135 -14
48 474 79
48 238 -60
48 297 -9
48 49 27
48 109 81
49 504 3
49 71 -86
49 167 -77
49 369 68
49 298 -54
49 340 23
49 204 34
49 474 90
49 427 89
49 421 8
49 506 2
49 164 -62
49 219 -6
49 388 -68
49 227 95
49 92 83
49 341 -13
49 262 -65
49 264 -12
49 265 9
49 464 -49
50 181 8
50 390 -83
50 275 66
50 486 24
50 358 -31
50 257 34
50 489 13
50 245 -70
50 81 82
50 328 -98
50 333 79
50 447 -69
50 368 75
50 496 -26
50 110 -78
50 504 29
50 322 -39
50 415 79
50 479 12
50 303 90
50 281 -35
50 54 65
51 91 -19
51 362 21
51 83 -61
51 270 -32
51 498 -9
51 211 47
51 232 -3
51 479 13
51 122 -65
51 110 83
51 151 -26
51 196 -32
51 67 -3
51 422 -12
51 127 90
51 349 -24
51 199 66
51 512 75
51 259 -60
51 252 40
51 246 73
51 246 16
52 159 -88
52 306 21
52 276 -48
52 488 87
52 130 50
52 125 9
52 155 -96
52 91 19
52 295 -72
52 118 -1
52 59 -46
52 288 -32
52 321 1
52 161 -41
52 388 -51
52 391 22
52 205 66
52 473 -38
52 339 -9
52 380 -98
52 359 32
53 110 80
53 204 -91
53 332 4
53 340 -44
53 110 80
53 181 -21
53 278 -98
53 113 -100
53 154 1
53 81 -7
53 139 55
53 228 -22
53 290 -9
53 399 -73
53 215 -31
53 390 -16
53 374 60
53 113 91
53 442 19
53 223 -5
53 184 8
54 418 88
54 57 99
54 394 44
54 183 6
54 292 -50
54 204 -34
54 369 -65
54 485 9
54 301 -94
54 320 75
54 69 -97
54 186 0
54 490 -99
54 200 -82
54 102 57
54 325 -91
54 223 70
54 60 3
54 252 43
54 93 23
54 476 21
54 101 39
55 277 -32
55 243 48
55 212 -13
55 282 -93
55 185 9
55 465 22
55 354 54
55 222 62
55 507 -59
55 217 -5
55 449 -46
55 384 -99
55 438 4
55 63 42
55 375 -99
55 480 3
55 332 39
55 365 -42
55 325 -22
55 449 -41
55 292 -9
55 383 31
56 253 42
56 453 21
56 203 68
56 80 -94
56 251 -22
56 221 -64
56 166 0
56 266 36
56 185 -85
56 486 83
56 273 20
56 449 -38
56 318 48
56 297 55
56 143 57
56 346 1
56 379 94
56 445 32
56 309 42
56 241 71
56 182 50
56 440 -26
57 502 64
57 512 33
57 239 44
57 60 96
57 77 -30
57 238 -100
57 275 28
57 366 54
57 197 -17
57 204 85
57 446 -7
57 129 -4
57 204 65
57 407 67
57 214 -35
57 138 32
57 147 52
57 230 42
57 78 31
57 304 -30
58 287 -93
58 484 -70
58 60 -92
58 395 -64
58 451 96
58 274 9
58 224 -76
58 244 27
58 487 -51
58 259 15
58 113 65
58 171 -73
58 478 34
58 170 87
58 254 42
58 203 1
58 113 -97
58 117 33
58 223 9
58 82 -97
58 454 55
59 487 22
59 449 65
59 169 -65
59 511 -42
59 354 -18
59 154 -22
59 313 33
59 331 40
59 195 73
59 350 -21
59 452 -76
59 75 -34
59 337 -64
59 298 75
59 342 35
59 447 -18
59 207 -85
59 135 90
59 255 -83
59 461 74
59 191 85
59 121 99
60 102 64
60 106 -2
60 486 -32
60 317 -41
60 282 -99
60 331 -50
60 307 1
60 212 -22
60 266 -96
60 152 -20
60 492 -83
60 410 -71
60 238 -93
60 77 -49
60 203 -54
60 364 -7
60 278 -45
60 283 -90
60 65 60
60 413 -43
60 309 -96
61 511 21
61 125 -25
61 75 -74
61 148 34
61 266 35
61 282 61
61 448 -63
61 394 -100
61 227 -81
61 337 -40
61 471 50
61 91 73
61 500 -27
61 250 -74
61 292 -36
61 190 37
61 394 -73
61 393 7
62 462 32
62 427 49
62 389 -15
62 286 -85
62 300 76
62 211 4
62 435 -41
62 230 -65
62 339 -57
62 298 -8
62 93 77
62 319 -45
62 401 -2
62 442 -30
62 428 -22
62 259 -98
62 150 14
62 332 -92
62 311 45
62 423 -46
62 462 98
63 134 -77
63 190 19
63 156 -51
63 173 57
63 358 43
63 316 -41
63 500 36
63 167 -47
63 273 -32
63 228 -80
63 121 -40
63 467 80
63 192 28
63 499 -29
63 309 -97
63 283 82
63 87 60
63 471 -61
64 248 -39
64 431 57
64 159 73
64 130 -41
64 71 58
64 352 -86
64 406 68
64 110 76
64 370 99
64 94 87
64 450 -18
64 230 -23
64 510 -72
64 408 69
64 272 46
64 390 82
64 471 -13
64 422 93
64 229 -80
64 432 -14
65 212 -70
65 300 -17
65 136 -24
65 266 -95
65 235 -18
65 245 -53
65 145 -80
65 135 -8
65 188 23
65 340 -41
65 415 84
65 383 74
65 431 -14
65 436 -61
65 214 -37
65 259 -67
65 474 94
65 149 -21
65 219 -85
65 405 -33
65 406 88
66 141 34
66 180 -66
66 290 79
66 167 95
66 68 39
66 493 -94
66 500 -12
66 319 -94
66 224 95
66 478 -10
66 506 -19
66 246 -24
66 376 14
66 72 -42
66 356 61
66 375 -92
66 279 -98
66 332 46
67 166 67
67 464 -18
67 112 -92
67 176 29
67 115 9
67 283 -65
67 372 1
67 145 35
67 400 8
67 133 91
67 109 -6
67 457 -37
67 198 69
67 464 77
67 483 -34
67 394 22
67 344 -17
67 134 1
68 100 95
68 229 95
68 404 93
68 207 86
68 444 -54
68 492 -28
68 462 62
68 484 -43
68 112 -73
68 370 64
68 297 19
68 76 16
68 500 -50
68 115 -7
68 456 -5
68 458 5
68 118 55
68 391 8
68 267 65
68 83 28
69 417 56
69 161 -20
69 409 58
69 115 0
69 246 -67
69 330 66
69 143 -53
69 510 88
69 336 98
69 503 -41
69 407 -44
69 234 72
69 127 -5
69 187 93
69 409 90
69 89 55
69 197 -27
69 88 -58
69 147 -42
70 247 -15
70 252 96
70 354 -58
70 239 92
70 103 -28
70 423 68
70 465 -71
70 320 65
70 376 -81
70 147 -1
70 154 51
70 351 31
70 413 -14
70 179 81
70 452 35
70 72 22
70 246 0
70 284 6
70 403 55
70 470 87
71 132 87
71 167 -37
71 266 91
71 341 44
71 75 -23
71 216 -32
71 463 -43
71 323 -33
71 97 -52
71 341 -61
71 264 -30
71 315 40
71 257 2
71 170 31
71 362 -61
71 97 -88
71 94 50
71 487 44
71 360 -100
72 157 11
72 249 -20
72 352 96
72 177 17
72 414 -6
72 222 -78
72 280 -80
72 371 58
72 161 20
72 301 0
72 411 -23
72 173 46
72 344 -64
72 232 -39
72 174 -15
72 230 99
72 485 34
73 439 9
73 503 -39
73 338 -11
73 108 -90
73 147 42
73 278 89
73 363 -35
73 307 -45
73 354 -96
73 228 -3
73 478 79
73 271 -44
73 334 2
73 407 56
73 124 35
73 138 93
73 330 -36
73 182 1
73 485 86
73 319 -56
73 198 15
74 356 18
74 348 86
74 415 -48
74 499 11
74 192 65
74 173 80
74 382 -74
74 399 8
74 288 47
74 293 -87
74 94 -40
74 227 17
74 90 3
74 75 64
74 162 -10
74 121 1
74 327 85
74 226 38
74 448 -21
74 373 16
75 178 -42
75 397 22
75 237 -46
75 405 18
75 264 -49
75 203 -43
75 421 -4
75 324 -22
75 507 32
75 295 49
75 210 -9
75 201 -25
75 247 24
75 244 89
75 473 10
75 388 -74
75 212 -48
75 146 3
75 82 84
75 416 9
76 423 0
76 410 -32
76 331 60
76 433 8
76 430 -66
76 427 68
76 471 -75
76 230 -20
76 479 -56
76 236 1
76 449 -52
76 484 -54
76 314 49
76 439 -85
76 465 49
76 172 -78
76 268 -99
76 419 58
76 465 97
77 314 -58
77 496 64
77 109 -48
77 273 41
77 209 -100
77 260 -69
77 310 -24
77 346 -91
77 163 21
77 475 -43
77 504 -48
77 429 -6
77 396 -28
77 285 60
77 440 71
77 163 -25
77 358 -84
77 236 42
77 278 -10
77 315 50
77 181 -3
78 460 -32
78 394 75
78 432 -6
78 339 -52
78 416 -59
78 368 18
78 275 -69
78 157 -63
78 494 34
78 177 -47
78 372 -6
78 442 57
78 102 74
78 464 -45
78 360 -91
78 164 27
78 206 23
79 384 78
79 415 -30
79 136 -95
79 115 -12
79 176 -35
79 350 75
79 502 -60
79 341 -47
79 134 -66
79 353 41
79 509 -20
79 319 -83
79 237 43
79 308 98
79 301 39
79 225 -33
79 258 -6
79 194 95
79 356 -90
79 144 38
79 436 -43
80 174 -25
80 438 -96
80 91 3
80 483 61
80 212 -45
80 309 -84
80 124 -46
80 452 -19
80 252 -49
80 471 10
80 233 32
80 410 -70
80 169 -85
80 265 -73
80 281 57
80 119 -99
80 340 -10
80 345 -7
80 492 10
80 505 -44
80 448 -24
81 459 -9
81 263 -41
81 119 74
81 219 -40
81 115 -49
81 430 32
81 110 -42
81 300 -82
81 500 73
81 464 -90
81 490 58
81 386 29
81 142 87
81 347 -97
81 314 -100
81 205 0
81 507 26
81 183 -43
81 474 -41
81 445 87
81 167 -83
81 213 -22
82 85 34
82 450 -88
82 495 75
82 494 -47
82 387 -52
82 100 -96
82 256 -29
82 364 -85
82 420 79
82 450 -9
82 265 -26
82 113 -48
82 502 40
82 392 94
82 428 -12
82 197 63
82 316 70
82 129 -24
82 460 -29
83 402 1
83 237 -84
83 297 40
83 458 44
83 511 54
83 157 -99
83 109 -58
83 241 7
83 315 -69
83 485 76
83 446 37
83 205 48
83 448 48
83 466 20
83 210 -86
83 218 50
83 219 42
83 358 23
83 217 12
83 121 60
84 247 -74
84 511 -55
84 209 -1
84 368 -6
84 279 -39
84 418 18
84 309 -73
84 213 31
84 353 60
84 339 58
84 90 -26
84 347 42
84 385 -66
84 488 -46
84 296 32
84 116 -88
84 494 -21
84 384 70
84 161 -41
84 314 -67
85 216 -71
85 306 -24
85 377 37
85 498 29
85 262 -81
85 489 -47
85 364 -16
85 92 2
85 326 37
85 317 89
85 285 92
85 468 77
85 143 69
85 192 78
85 194 83
85 399 16
85 293 74
85 504 -10
85 445 95
86 219 92
86 282 86
86 244 19
86 154 8
86 350 99
86 315 40
86 428 1
86 266 96
86 292 -3
86 232 -87
86 112 97
86 356 80
86 281 -26
86 125 68
86 184 -81
86 158 82
86 399 53
86 170 -99
86 177 96
87 477 -70
87 465 -10
87 210 79
87 225 23
87 168 16
87 220 -8
87 189 -23
87 272 58
87 198 5
87 119 -82
87 309 -38
87 146 25
87 198 24
87 476 89
87 504 54
87 254 57
87 158 -41
87 128 20
87 121 -27
87 88 -2
87 442 -79
87 115 -12
88 121 85
88 228 -46
88 211 -60
88 361 87
88 320 5
88 393 65
88 139 -77
88 482 -47
88 307 74
88 422 -54
88 200 59
88 453 -21
88 146 -16
88 164 29
88 498 57
88 110 -62
88 484 45
88 273 -56
88 207 -70
88 391 -59
89 414 30
89 440 96
89 480 -99
89 372 45
89 424 49
89 334 -4
89 459 45
89 169 -51
89 495 67
89 439 -12
89 285 -47
89 413 -20
89 129 -6
89 462 -55
89 286 -60
89 116 52
89 116 53
89 109 -91
90 166 -5
90 258 22
90 260 -34
90 174 91
90 143 48
90 371 -52
90 350 26
90 188 12
90 267 22
90 231 -100
90 471 12
90 369 -66
90 270 -55
90 147 76
90 138 39
90 319 57
90 449 -37
90 292 20
90 388 -41
90 386 44
91 451 3
91 153 46
91 317 -18
91 488 -23
91 178 21
91 151 -89
91 300 19
91 207 -100
91 245 -65
91 436 59
91 164 9
91 302 -54
91 405 71
91 177 -96
91 189 49
91 210 -35
91 477 90
91 461 60
91 300 -46
91 229 86
91 478 -94
92 401 27
92 415 -8
92 169 -67
92 312 -83
92 261 -100
92 162 59
92 433 82
92 290 -50
92 336 10
92 392 -86
92 107 59
92 100 -2
92 194 -32
92 391 68
92 397 92
92 244 18
92 503 65
93 296 -61
93 408 82
93 357 -35
93 218 97
93 190 -81
93 191 -56
93 512 47
93 506 -51
93 338 7
93 495 -73
93 213 6
93 481 -46
93 133 85
93 165 -42
93 166 -69
93 308 2
93 502 96
93 506 52
93 135 44
93 413 -42
93 350 -93
94 426 -23
94 395 34
94 134 -53
94 97 -43
94 229 84
94 350 56
94 448 20
94 98 50
94 498 97
94 283 9
94 128 48
94 228 -17
94 432 -74
94 306 -78
94 444 20
94 282 -26
94 260 81
95 419 91
95 457 65
95 478 18
95 393 0
95 466 -38
95 404 -79
95 270 76
95 158 -81
95 164 76
95 371 8
95 160 -38
95 431 -49
95 396 -22
95 181 90
95 247 86
95 180 94
95 321 -93
95 468 3
95 113 -85
95 442 88
95 230 -66
96 439 28
96 427 16
96 253 -71
96 159 70
96 189 98
96 366 46
96 158 51
96 448 91
96 360 12
96 154 -98
96 232 -20
96 170 21
96 482 -33
96 297 -18
96 443 -87
96 357 65
97 373 67
97 493 64
97 498 -68
97 365 -24
97 259 -82
97 376 -98
97 449 -81
97 308 15
97 449 -37
97 111 -77
97 480 -80
97 196 -55
97 225 61
97 125 -87
97 166 -84
97 291 57
97 332 91
97 315 -81
97 140 -56
97 385 66
97 188 -24
97 307 67
98 240 -20
98 469 8
98 197 -91
98 351 -62
98 229 73
98 207 -84
98 203 86
98 504 -23
98 328 24
98 204 -30
98 440 -76
98 178 52
98 241 85
98 192 -97
98 145 80
98 334 4
98 233 -77
98 236 -54
99 305 -42
99 366 -22
99 256 22
99 140 21
99 506 -45
99 151 28
99 374 69
99 383 -75
99 458 -69
99 417 -98
99 141 9
99 414 -31
99 230 63
99 314 -1
99 365 -60
100 244 23
100 113 -6
100 298 45
100 308 -66
100 370 21
100 490 -29
100 450 32
100 124 -1
100 363 -14
100 474 -27
100 475 -63
100 332 -42
100 255 -35
100 231 -32
100 237 -58
100 220 -54
100 197 23
100 137 -74
100 170 -77
101 487 65
101 332 -3
101 493 21
101 501 -2
101 340 -70
101 142 0
101 477 -16
101 453 -37
101 478 63
101 292 6
101 434 97
101 211 57
101 384 -24
101 177 -69
101 291 -99
101 147 50
101 108 49
101 273 21
101 190 -16
102 357 -91
102 115 -95
102 427 -72
102 155 -83
102 145 -72
102 465 9
102 415 -73
102 459 -23
102 149 70
102 510 9
102 340 -17
102 247 31
102 406 -69
102 105 -90
102 268 -34
102 507 68
102 333 -49
103 212 2
103 252 -89
103 264 -68
103 178 -22
103 175 82
103 195 87
103 497 -26
103 364 25
103 308 25
103 396 -41
103 237 -84
103 349 25
103 268 67
103 217 -14
103 146 -34
104 105 64
104 372 -41
104 293 65
104 133 -46
104 232 -96
104 113 90
104 215 12
104 168 -95
104 169 10
104 336 -44
104 456 -52
104 203 48
104 303 92
104 270 -65
104 370 30
105 419 -58
105 120 -26
105 291 -87
105 255 -70
105 319 -51
105 355 -8
105 226 80
105 145 28
105 161 66
105 403 -100
105 380 -74
105 324 64
105 170 95
105 256 -39
105 300 -84
105 418 -17
105 303 95
105 169 97
106 295 -86
106 384 26
106 142 94
106 132 -92
106 457 -97
106 291 83
106 163 61
106 293 70
106 438 77
106 449 16
106 451 -26
106 308 -80
106 219 14
106 366 21
106 493 -23
106 251 15
106 476 83
106 365 -95
106 233 -21
107 391 64
107 433 89
107 486 -32
107 325 64
107 420 -91
107 200 27
107 234 45
107 396 93
107 400 97
107 374 57
107 489 -57
107 300 -74
107 235 -43
107 373 31
107 114 -9
107 349 84
107 490 55
108 383 79
108 179 72
108 354 85
108 500 51
108 257 -74
108 133 68
108 356 -58
108 405 3
108 166 -74
108 486 -19
108 268 -64
108 404 98
108 240 -2
108 257 61
108 289 -84
108 115 -31
108 229 42
108 157 52
109 350 -54
109 349 56
109 132 -27
109 446 75
109 484 7
109 172 -65
109 130 18
109 225 -67
109 367 35
109 157 -94
109 232 -69
109 451 -35
109 418 -13
109 156 57
109 302 -92
109 429 40
109 144 80
110 328 84
110 507 38
110 247 -57
110 139 31
110 301 -89
110 512 88
110 175 78
110 498 -2
110 328 71
110 207 -48
110 190 83
110 196 -91
110 205 -54
110 500 92
110 116 77
110 171 89
110 294 -73
110 364 -29
111 462 -70
111 261 69
111 431 -56
111 230 78
111 487 -37
111 367 25
111 237 59
111 173 76
111 188 -52
111 458 -19
111 367 74
111 306 -89
111 308 -29
111 294 74
112 123 -67
112 413 56
112 472 30
112 269 22
112 494 34
112 445 -90
112 221 80
112 481 80
112 400 -5
112 375 18
112 222 -47
112 354 -74
112 273 3
112 504 21
112 113 35
112 435 -70
112 212 97
113 163 -79
113 258 -6
113 168 -49
113 399 -68
113 485 -19
113 432 -45
113 448 -10
113 473 -93
113 313 45
113 429 53
113 500 -31
113 376 86
113 296 40
113 140 71
113 336 -41
113 314 -79
114 434 -27
114 189 -74
114 408 59
114 314 58
114 435 -74
114 174 -97
114 409 48
114 492 11
114 366 41
114 219 19
114 380 -57
114 305 -99
114 299 17
114 276 -57
114 279 -47
114 273 81
114 480 -27
114 501 -62
114 289 62
114 250 90
115 220 -22
115 162 47
115 354 -12
115 258 -27
115 507 36
115 372 -20
115 431 70
115 365 -13
115 414 -29
115 152 -29
115 211 -36
115 381 -24
115 486 92
115 445 -24
115 132 -49
115 341 -71
115 442 -18
116 446 70
116 171 99
116 371 -86
116 286 -79
116 272 29
116 195 -96
116 303 -80
116 225 -92
116 243 2
116 356 -15
116 345 -2
116 490 31
116 157 -80
116 501 65
116 480 -56
116 244 56
116 394 1
116 210 86
116 239 -17
116 399 90
117 397 -17
117 260 34
117 313 -23
117 324 36
117 382 81
117 468 87
117 385 -25
117 194 65
117 309 -33
117 451 74
117 413 -75
117 239 -62
117 246 16
117 249 -19
117 221 -93
117 126 39
118 459 41
118 386 -92
118 259 -87
118 421 5
118 256 -26
118 350 21
118 293 11
118 412 -76
118 229 57
118 262 28
118 367 -89
118 473 -33
118 385 77
118 137 -79
118 385 -68
118 279 79
119 480 -90
119 311 -47
119 273 -3
119 343 80
119 347 37
119 470 53
119 253 -19
119 288 50
119 373 -8
119 166 -62
119 243 -92
119 304 -57
119 342 97
119 198 29
119 468 39
119 421 91
119 373 40
120 150 -28
120 156 -81
120 190 36
120 489 -61
120 399 65
120 418 -32
120 247 -63
120 362 -23
120 453 -15
120 258 12
120 153 -61
120 436 -12
120 484 -83
120 436 4
120 390 -72
120 332 -7
120 472 -63
120 264 49
120 279 -42
121 346 16
121 375 40
121 290 -3
121 290 -80
121 272 24
121 430 88
121 408 65
121 259 -61
121 428 -1
121 502 -57
121 497 -40
121 234 87
121 401 -60
121 430 -35
121 465 -27
121 411 -19
121 464 -21
122 341 64
122 433 49
122 210 -98
122 243 -35
122 298 66
122 363 71
122 415 -83
122 252 -63
122 155 20
122 166 -91
122 277 -44
122 224 39
122 199 12
122 223 11
122 255 -75
122 129 53
122 394 -55
123 265 -86
123 351 89
123 208 -43
123 431 -39
123 381 -72
123 283 -94
123 248 29
123 489 4
123 327 85
123 262 -14
123 204 10
123 467 45
123 243 -44
123 263 -34
123 411 -14
123 466 -44
123 207 -45
123 424 -33
124 341 -49
124 145 -75
124 257 88
124 339 -25
124 263 5
124 254 -39
124 165 40
124 169 -26
124 363 48
124 228 32
124 456 -24
124 421 4
124 322 77
124 211 27
124 381 -46
124 215 63
125 357 62
125 223 16
125 154 3
125 167 -18
125 286 41
125 451 30
125 166 -42
125 191 -24
125 503 -46
125 337 62
125 350 67
125 355 81
125 449 -88
125 479 83
125 507 -3
125 147 77
125 229 -56
125 306 5
125 182 66
126 344 65
126 306 -84
126 214 68
126 411 -48
126 489 -25
126 392 -13
126 225 52
126 213 -74
126 194 41
126 463 11
126 416 50
126 304 -98
126 509 -45
126 309 -85
126 231 30
126 179 -5
126 128 -81
126 415 29
126 357 24
127 255 75
127 254 -19
127 395 43
127 490 35
127 183 94
127 277 56
127 444 -98
127 429 -73
127 150 68
127 191 53
127 358 -89
127 133 62
127 364 -34
127 483 49
127 432 81
127 397 56
127 306 -38
128 295 17
128 147 18
128 216 70
128 406 58
128 466 -99
128 220 -65
128 274 74
128 502 -95
128 141 -95
128 486 -97
128 277 13
128 377 62
128 382 -14
128 479 -74
128 428 23
128 508 -100
128 217 34
129 375 -52
129 382 -33
129 438 -19
129 447 32
129 304 -84
129 386 -2
129 133 -96
129 172 -86
129 475 4
129 482 8
129 464 15
129 468 -87
129 164 -41
129 286 72
129 214 -12
129 139 59
129 243 69
129 408 26
130 373 59
130 340 -66
130 250 91
130 200 45
130 387 51
130 175 -70
130 218 -98
130 439 91
130 347 41
130 162 52
130 407 46
130 370 77
130 329 98
130 298 -54
130 274 53
130 353 79
131 469 -95
131 307 -83
131 417 -73
131 392 -54
131 286 -82
131 462 29
131 203 -61
131 254 -80
131 480 69
131 312 -35
131 486 40
131 486 0
131 357 35
131 372 -17
131 469 82
131 241 28
132 465 -34
132 505 63
132 322 10
132 300 90
132 165 3
132 304 1
132 218 2
132 333 -54
132 152 89
132 301 62
132 280 -98
132 393 94
132 341 57
132 485 -49
132 392 99
133 141 14
133 497 -77
133 310 46
133 409 97
133 341 64
133 512 -43
133 470 -68
133 314 52
133 288 56
133 306 6
133 179 -25
133 233 56
133 262 30
134 383 63
134 358 51
134 215 68
134 253 -57
134 185 85
134 235 91
134 259 34
134 511 80
134 263 -16
134 175 9
134 309 -30
134 238 44
134 407 -70
134 185 78
134 442 48
134 159 36
134 484 -62
134 351 92
134 262 -86
134 504 16
135 230 62
135 272 -76
135 368 -37
135 448 -16
135 403 -62
135 341 77
135 489 71
135 314 -85
135 190 10
135 327 23
135 352 -68
135 390 -51
135 352 33
135 425 43
136 295 65
136 205 8
136 428 -32
136 139 -13
136 443 6
136 395 93
136 408 -9
136 439 -14
136 187 -94
136 401 95
136 484 50
136 258 -9
136 263 24
136 453 -70
136 455 -67
136 167 -96
137 192 -31
137 492 94
137 430 21
137 447 -84
137 349 -25
137 178 -66
137 156 49
137 490 35
137 464 20
137 388 44
137 341 -11
137 144 76
137 413 -24
137 350 4
137 332 15
137 441 -71
137 378 30
137 467 13
138 377 -14
138 415 36
138 233 -67
138 170 -47
138 167 74
138 411 -94
138 315 -31
138 497 40
138 213 80
138 294 -13
138 410 84
138 156 44
138 311 10
138 387 -75
138 268 -99
138 400 -33
138 255 -94
138 378 76
139 474 -70
139 424 19
139 491 64
139 164 -69
139 486 5
139 252 -97
139 302 -66
139 434 54
139 400 -91
139 299 -98
139 334 75
139 507 -40
139 488 79
139 447 -35
139 185 -36
139 159 35
139 393 18
139 480 -40
139 323 43
139 246 -45
139 474 92
140 167 -66
140 405 -93
140 349 -50
140 275 -58
140 278 45
140 151 40
140 309 32
140 315 53
140 465 -39
140 357 23
140 226 57
140 474 86
140 214 37
140 487 -17
140 409 -56
140 339 26
141 230 82
141 507 35
141 306 75
141 351 -60
141 282 -19
141 397 36
141 424 54
141 489 25
141 431 20
141 260 -11
141 369 -15
141 227 -62
141 162 43
141 489 -16
141 426 41
141 317 24
141 376 21
141 154 28
142 268 49
142 318 -24
142 383 75
142 462 -16
142 324 -33
142 500 21
142 212 -84
142 448 -67
142 424 -87
142 376 -55
142 314 6
142 210 27
142 251 99
142 494 -85
142 442 90
142 380 -48
142 406 -9
142 358 -61
142 269 46
143 289 -19
143 173 -65
143 406 -93
143 467 51
143 340 68
143 179 -1
143 244 -13
143 179 -45
143 334 -47
143 373 -3
143 173 -66
143 271 21
143 492 -14
143 330 -78
143 480 -64
144 304 -34
144 355 51
144 356 -25
144 400 -79
144 467 55
144 200 -49
144 264 -25
144 257 46
144 422 -94
144 273 -67
144 297 58
144 404 21
144 322 -62
144 347 66
144 267 -52
145 449 38
145 251 -26
145 321 -50
145 410 -73
145 235 74
145 240 26
145 287 -4
145 472 -42
145 285 79
145 465 16
145 159 60
145 482 34
145 233 -68
145 197 -37
145 264 81
145 279 -25
145 330 15
145 277 -59
145 299 84
145 389 -100
146 424 1
146 308 74
146 367 19
146 265 -69
146 206 42
146 415 -74
146 236 88
146 412 -38
146 203 26
146 347 65
146 402 -37
146 286 12
146 271 97
146 334 -9
146 452 81
146 512 -99
146 438 23
146 340 89
147 289 35
147 391 -55
147 273 95
147 161 55
147 381 5
147 166 -69
147 240 -100
147 351 -69
147 403 71
147 388 -70
147 435 -78
147 311 -24
147 277 62
147 434 45
147 301 38
147 368 -38
147 472 44
147 201 -26
148 211 10
148 185 10
148 399 -66
148 229 81
148 509 -18
148 179 79
148 257 -64
148 416 -79
148 231 -52
148 404 95
148 288 89
148 207 42
148 231 29
148 229 -71
148 396 91
149 271 -92
149 426 -83
149 239 -29
149 200 18
149 325 -70
149 286 65
149 247 58
149 228 86
149 184 -92
149 180 -51
149 396 -100
149 313 23
149 318 18
149 409 60
149 260 -93
149 295 45
149 378 95
149 383 -24
149 372 -13
149 361 -83
150 467 16
150 424 -27
150 269 -48
150 316 52
150 417 92
150 425 -24
150 305 92
150 353 97
150 278 -45
150 222 -1
150 270 -58
150 250 -28
150 362 0
150 377 -49
150 509 -85
150 166 -2
150 385 10
150 322 75
150 404 79
150 508 18
150 407 -74
151 204 18
151 381 -48
151 218 30
151 284 67
151 414 49
151 404 -26
151 182 -61
151 400 -55
151 209 -74
151 483 -37
151 184 -29
151 468 63
151 261 69
151 283 -78
151 402 -17
151 416 61
151 273 67
151 313 87
152 258 17
152 353 -71
152 492 -50
152 218 86
152 346 12
152 481 33
152 403 -68
152 163 31
152 261 46
152 511 -52
152 158 15
152 512 94
152 406 50
152 358 5
152 458 89
152 332 47
152 199 6
152 251 87
152 344 -96
153 159 36
153 216 -47
153 294 35
153 430 51
153 234 64
153 347 -18
153 215 15
153 311 45
153 282 -96
153 233 8
153 499 11
153 181 21
153 488 67
153 219 -29
153 250 -36
154 197 23
154 430 6
154 452 41
154 255 24
154 506 37
154 466 10
154 392 50
154 469 6
154 208 99
154 274 -75
154 218 6
154 302 90
154 454 -75
154 433 41
154 265 -84
154 170 88
155 309 -11
155 335 -61
155 226 69
155 222 -44
155 193 -91
155 325 -91
155 279 -95
155 406 -78
155 315 -68
155 180 72
155 229 -84
155 226 -75
155 164 -5
156 416 -15
156 197 -7
156 429 87
156 456 90
156 167 91
156 404 -93
156 290 -44
156 326 -84
156 423 -57
156 214 53
156 286 43
157 507 -41
157 482 -66
157 215 58
157 208 -50
157 323 2
157 364 -49
157 242 -58
157 285 -75
157 364 -43
157 460 19
157 229 37
157 178 -92
157 354 13
157 393 -10
157 199 -8
157 456 -13
157 340 74
158 433 -29
158 477 -86
158 364 57
158 202 -91
158 346 9
158 301 22
158 237 -63
158 497 -39
158 401 26
158 197 47
158 271 -1
158 215 -18
158 361 -90
159 195 25
159 367 -40
159 288 -48
159 430 13
159 401 -99
159 178 -63
159 265 -95
159 166 -65
159 341 -67
159 218 36
159 195 42
159 441 31
159 387 -5
160 377 -62
160 325 -27
160 182 79
160 218 -81
160 425 18
160 319 49
160 258 92
160 244 -36
160 206 51
160 218 -8
160 163 -84
160 227 -80
160 206 -63
160 488 -92
160 310 -37
160 342 -78
160 435 -33
160 383 85
160 512 -8
160 185 -64
161 216 -73
161 264 -6
161 334 -23
161 508 45
161 213 -51
161 298 18
161 174 7
161 406 -50
161 443 50
161 210 40
161 235 -71
161 178 87
161 417 21
161 301 6
162 289 61
162 364 -94
162 314 87
162 188 21
162 505 99
162 243 76
162 411 -89
162 384 -87
162 177 37
162 321 -68
162 317 -52
162 418 23
162 181 45
162 406 46
162 172 34
162 505 41
162 187 -81
162 409 -19
162 211 -65
163 425 36
163 254 -50
163 164 5
163 294 24
163 383 -50
163 205 -39
163 366 -50
163 365 23
163 255 75
163 348 24
163 247 67
163 376 -36
163 271 37
163 290 70
164 386 4
164 390 1
164 329 0
164 477 42
164 327 91
164 369 45
164 480 11
164 167 53
164 227 94
164 412 27
164 414 41
164 319 -55
164 457 42
164 309 -18
164 512 -20
165 340 -33
165 444 -12
165 505 25
165 272 -54
165 371 -93
165 378 57
165 302 -83
165 226 -82
165 215 26
165 472 -95
165 409 -27
165 391 96
165 412 13
165 500 24
166 306 -6
166 201 -12
166 445 -34
166 357 -66
166 435 58
166 208 -21
166 435 43
166 221 83
166 379 -53
166 459 91
166 406 28
166 207 28
166 226 -82
166 250 22
166 366 81
166 332 -48
166 281 -59
167 295 79
167 388 6
167 318 -46
167 438 -95
167 484 -67
167 211 -79
167 169 56
167 214 45
167 204 64
167 506 95
167 408 -32
167 235 68
167 448 -37
168 367 -35
168 263 -98
168 215 63
168 305 -41
168 313 24
168 437 -88
168 386 -31
168 348 81
168 362 47
168 245 -26
168 187 21
168 428 58
168 502 93
168 497 81
168 228 4
168 493 -65
168 333 76
169 284 -64
169 331 23
169 242 -59
169 389 -99
169 320 -19
169 340 75
169 379 10
169 494 3
169 372 62
169 372 16
169 198 -85
169 457 28
169 218 70
169 367 -48
169 480 64
169 280 28
170 341 75
170 429 77
170 300 -17
170 231 -84
170 345 -92
170 189 47
170 236 -14
170 372 -39
170 252 34
170 324 -22
170 490 -82
170 489 -62
170 507 -96
170 503 -95
170 412 42
171 295 -46
171 488 36
171 403 -12
171 342 -85
171 441 88
171 449 39
171 184 34
171 270 -34
171 203 -25
171 450 -26
171 281 -77
171 238 -55
171 172 -66
171 397 79
171 334 21
171 252 -5
172 184 20
172 195 2
172 256 -92
172 505 79
172 251 -62
172 337 9
172 338 -66
172 291 -85
172 407 14
172 308 -71
172 503 48
173 247 -79
173 296 -17
173 292 28
173 190 41
173 407 -16
173 477 -13
173 503 -53
173 457 46
173 356 -18
173 218 4
173 230 46
173 332 66
173 301 18
173 374 -26
173 282 -8
174 305 -69
174 232 94
174 317 -13
174 429 71
174 185 68
174 331 44
174 260 -66
174 251 -65
174 393 -77
174 184 -45
174 392 -76
174 471 35
174 198 -67
174 385 -27
174 272 -45
174 353 51
175 446 -17
175 381 45
175 218 46
175 259 -85
175 305 40
175 280 22
175 238 -22
175 204 -22
175 187 23
175 458 -57
175 390 44
175 367 64
175 374 66
175 226 44
175 486 -65
175 496 -47
175 366 93
175 466 -95
176 490 25
176 238 72
176 376 16
176 401 -88
176 416 78
176 235 77
176 283 88
176 473 24
176 208 -74
176 405 15
176 390 22
176 318 0
176 332 -78
176 262 52
176 286 -53
176 247 92
176 194 92
176 473 -56
176 372 -73
177 251 98
177 332 41
177 512 -15
177 317 50
177 356 -8
177 405 0
177 407 84
177 261 -28
177 307 91
177 217 -89
177 209 2
177 286 96
177 414 -93
177 469 -67
177 212 -30
177 237 -95
177 366 -2
178 280 -2
178 461 -57
178 441 -100
178 258 -69
178 262 -20
178 291 -51
178 279 82
178 238 -68
178 234 -84
178 274 85
178 385 28
178 491 -10
178 213 -98
178 502 15
178 509 63
178 402 -18
178 209 -71
178 473 -84
178 445 -8
179 472 -97
179 235 -52
179 206 -59
179 497 -8
179 387 12
179 383 21
179 421 8
179 492 5
179 498 -42
179 489 -60
179 501 -47
179 420 27
179 297 18
179 343 -12
179 231 -7
179 405 88
179 271 -24
179 451 -17
179 317 -29
179 368 99
179 418 -40
180 276 -59
180 341 -1
180 405 9
180 208 72
180 335 -10
180 469 69
180 460 -69
180 278 97
180 347 -94
180 421 -46
180 184 74
180 198 -80
180 338 -39
180 279 35
180 265 -90
180 346 -59
181 247 -45
181 272 2
181 301 47
181 278 -5
181 313 99
181 338 -4
181 405 24
181 363 32
181 191 48
181 342 47
181 211 79
181 352 12
182 456 44
182 271 23
182 414 -31
182 189 64
182 280 -87
182 377 52
182 401 -24
182 190 9
182 282 45
182 444 -75
182 339 -68
182 186 -16
182 239 8
182 244 -21
183 205 58
183 497 33
183 378 -29
183 185 -85
183 322 -61
183 417 8
183 298 87
183 337 -86
183 480 71
183 346 -26
183 266 -21
183 401 45
183 403 -60
183 415 35
183 200 -1
183 200 52
184 411 16
184 511 67
184 433 -5
184 371 -96
184 237 -66
184 476 -89
184 406 96
184 228 -91
184 512 -85
184 452 51
184 453 45
184 388 -12
184 385 -10
184 418 -65
184 382 1
185 270 84
185 344 -68
185 202 71
185 461 34
185 509 46
185 329 -27
185 221 -72
185 242 51
185 484 76
185 507 90
185 420 61
185 300 -65
185 506 91
185 304 94
186 501 -36
186 289 7
186 363 43
186 270 72
186 511 -22
186 223 -86
186 271 -9
186 318 14
186 378 -31
186 489 25
186 291 80
186 368 -32
186 204 55
186 426 74
186 473 63
186 470 42
186 298 -25
186 445 60
186 387 -73
187 251 12
187 403 -4
187 415 26
187 414 -77
187 301 15
187 234 93
187 370 -98
187 193 -76
187 310 44
187 471 86
187 490 -27
187 346 12
187 335 -90
187 344 14
187 444 16
187 200 -26
187 381 -57
188 317 65
188 447 -75
188 300 28
188 411 39
188 387 -52
188 217 -44
188 304 -17
188 306 51
188 442 -51
188 207 88
188 409 -89
188 323 -5
188 255 78
189 358 -90
189 319 32
189 456 78
189 360 -8
189 479 -35
189 420 -58
189 279 28
189 429 99
189 360 -1
189 199 -38
189 487 -29
189 496 -84
189 383 -73
189 318 -30
190 423 44
190 202 -3
190 337 30
190 449 78
190 245 88
190 285 -22
190 376 53
190 367 -48
190 276 0
190 457 -55
190 477 90
190 294 -15
190 439 15
190 200 92
190 287 -50
191 399 94
191 401 -67
191 492 77
191 511 -47
191 205 -16
191 444 -85
191 238 17
191 208 56
191 473 56
191 484 -38
191 496 -49
192 314 -9
192 493 42
192 419 10
192 271 98
192 222 -98
192 451 34
192 290 -4
192 389 -63
192 203 -92
192 354 -98
192 475 65
192 470 -39
192 481 -70
193 260 76
193 451 43
193 305 62
193 381 -91
193 306 22
193 405 -34
193 315 62
193 363 17
193 349 -14
193 424 90
193 264 99
193 260 83
193 218 -24
194 462 -34
194 256 -94
194 350 -36
194 463 -30
194 448 94
194 289 70
194 460 23
194 506 -69
194 470 83
194 511 -67
194 349 3
195 218 -8
195 339 -11
195 352 -37
195 280 23
195 355 80
195 512 99
195 276 -99
195 456 -6
195 280 -11
195 237 83
195 490 3
195 423 79
195 219 87
195 245 8
196 231 -48
196 507 60
196 280 1
196 210 94
196 369 97
196 262 -90
196 421 99
196 510 -94
196 275 12
196 407 -98
196 456 71
196 277 61
196 245 78
196 226 -86
196 388 26
197 237 75
197 385 -37
197 452 26
197 215 -3
197 329 96
197 322 -51
197 376 -86
197 429 -28
197 310 55
197 395 -52
197 289 -36
197 446 -29
197 349 -96
197 228 -50
197 274 -31
197 204 0
197 260 64
197 505 -46
198 403 -67
198 500 0
198 452 -20
198 346 58
198 235 -69
198 393 -33
198 331 -6
198 210 -58
198 347 25
198 231 27
198 315 12
198 219 -81
199 298 -47
199 264 -51
199 451 85
199 407 -26
199 295 39
199 364 -92
199 405 -89
199 265 9
199 220 93
199 501 85
199 290 45
199 229 98
200 406 77
200 331 -80
200 436 -85
200 466 -34
200 281 -33
200 258 36
200 250 -81
200 334 30
200 244 -46
200 502 90
200 480 32
200 360 -7
200 255 -83
200 330 -64
200 275 -39
201 484 -98
201 244 -5
201 385 -93
201 436 60
201 400 -88
201 271 -24
201 339 95
201 435 -61
201 372 79
201 497 72
201 477 -80
201 374 22
201 418 -56
201 389 -77
201 318 8
202 412 38
202 232 -29
202 448 74
202 429 -96
202 479 -77
202 502 54
202 313 -10
202 390 -63
202 308 -24
202 397 50
202 254 -55
202 496 28
202 288 -37
202 469 28
202 500 -32
203 441 -2
203 285 -86
203 463 56
203 379 -74
203 378 72
203 389 -71
203 465 38
203 354 54
203 471 11
203 208 31
203 253 61
203 313 -49
203 320 -8
203 352 -92
203 250 37
204 282 -69
204 435 15
204 232 -82
204 448 -66
204 413 -64
204 357 1
204 216 -6
204 318 11
204 490 12
204 237 73
204 253 -76
204 283 -71
205 484 26
205 449 73
205 209 -83
205 333 -70
205 250 -35
205 377 34
205 212 -56
205 360 -50
205 490 51
205 280 92
205 253 32
205 343 8
206 496 78
206 390 -5
206 294 -45
206 431 -96
206 425 58
206 338 -96
206 251 -82
206 459 -16
206 484 64
206 415 -94
206 429 81
206 236 81
206 254 -31
206 288 -77
206 252 -79
206 369 70
207 318 -67
207 223 -75
207 493 -42
207 309 32
207 409 48
207 472 1
207 249 45
207 436 93
207 321 9
207 342 -45
207 446 8
207 282 -92
207 454 11
208 296 -24
208 391 58
208 355 9
208 244 63
208 477 -35
208 454 -98
208 409 -29
209 266 -42
209 416 -100
209 216 35
209 325 -61
209 467 77
209 234 -60
209 512 -30
209 276 -85
209 418 75
209 471 -20
209 386 -74
209 443 87
210 280 -23
210 402 52
210 430 71
210 382 84
210 453 -72
210 248 59
210 466 -100
210 282 73
210 471 44
210 435 40
210 393 56
210 257 59
210 270 79
210 504 69
210 401 37
211 475 6
211 251 74
211 230 -27
211 277 44
211 506 84
211 396 64
211 322 87
211 245 24
211 490 48
211 219 -30
211 410 83
212 269 85
212 448 15
212 502 14
212 344 -8
212 476 -26
212 360 53
212 300 22
212 359 -85
212 450 50
212 433 81
212 389 -45
212 361 62
212 415 64
212 265 -78
212 396 7
212 232 -71
213 493 4
213 417 23
213 349 -4
213 429 -43
213 476 -32
213 292 47
213 287 -74
213 219 84
213 355 38
213 384 8
213 403 -97
213 377 -81
213 240 -59
214 490 -77
214 281 -70
214 281 -89
214 495 48
214 452 66
214 332 8
214 275 -53
214 372 25
214 369 -89
214 445 -76
215 478 31
215 423 -81
215 364 92
215 474 67
215 421 -96
215 322 61
215 405 54
215 387 33
215 223 21
215 229 -42
215 384 -64
215 459 97
215 419 -51
215 250 21
215 316 -89
215 260 -82
215 441 5
215 469 -50
216 286 -36
216 447 -65
216 279 80
216 269 20
216 301 -17
216 271 36
216 350 98
216 380 -99
216 354 -95
216 319 84
216 442 -80
216 332 86
217 366 -28
217 481 38
217 297 69
217 504 -13
217 248 -45
217 474 34
217 303 -81
217 308 -71
217 467 -82
217 455 18
217 403 61
217 376 20
217 490 -52
217 387 2
217 481 47
217 254 -98
218 240 34
218 482 55
218 346 -19
218 375 75
218 464 0
218 350 88
218 234 -70
218 394 55
218 320 -16
218 231 -25
218 250 74
218 272 -7
218 234 0
218 406 -27
218 381 2
218 471 76
219 243 92
219 505 44
219 327 44
219 272 -64
219 347 -69
219 266 -45
219 387 62
219 247 -27
219 440 -33
219 282 79
219 408 -39
219 491 72
219 389 -51
219 304 -98
220 439 -31
220 386 -20
220 237 6
220 375 -98
220 230 -16
220 344 -21
220 402 -54
220 326 -7
220 374 1
220 237 -24
220 312 50
220 414 -37
220 255 -48
221 267 -10
221 314 71
221 396 83
221 271 3
221 272 -37
221 493 -91
221 449 51
221 284 99
222 449 -61
222 310 -25
222 268 -89
222 425 88
222 436 -29
222 317 -49
222 506 61
222 339 -32
222 503 -52
222 351 47
222 288 -66
222 325 5
222 293 -64
223 282 -37
223 341 -37
223 302 -62
223 399 89
223 467 -30
223 424 32
223 264 -97
223 240 -93
223 416 -52
223 267 36
223 460 -26
223 306 -19
223 452 57
223 321 -96
223 326 -34
223 433 -97
224 330 19
224 399 46
224 299 -26
224 239 29
224 312 -81
224 280 40
224 361 -23
224 257 -98
224 278 -42
224 369 91
225 350 -64
225 378 9
225 385 57
225 443 -6
225 292 -52
225 485 20
225 326 -46
225 316 54
225 257 -24
225 344 0
225 486 40
225 392 79
226 255 24
226 440 16
226 408 -82
226 455 -87
226 262 45
226 367 -71
226 496 -37
226 462 45
226 322 -37
226 270 -93
226 380 -76
226 309 -92
226 340 94
227 454 -55
227 258 89
227 421 -83
227 467 49
227 277 -4
227 331 -81
227 263 -55
227 405 35
227 310 -57
227 286 -78
228 274 -68
228 351 93
228 295 62
228 317 77
228 271 58
228 236 -35
228 330 65
228 296 34
228 482 -28
228 403 -48
228 299 -22
228 399 35
228 358 -26
228 464 25
228 395 98
228 466 65
229 380 26
229 285 83
229 421 90
229 413 52
229 282 87
229 498 70
229 338 79
229 509 -18
229 258 71
229 465 -33
229 317 -36
229 430 -49
229 253 -26
229 367 -16
229 340 -88
230 234 -85
230 279 -30
230 498 73
230 241 66
230 409 -33
230 347 44
230 380 -26
230 387 64
230 472 -70
230 475 97
230 410 -96
230 467 41
230 432 44
231 382 91
231 454 -94
231 303 76
231 310 -87
231 264 -26
231 330 -85
231 413 -43
231 359 -65
231 356 82
231 485 -22
231 445 -37
231 455 -96
231 388 48
231 300 -32
231 312 -50
231 401 -89
232 275 53
232 244 -86
232 264 55
232 359 87
232 503 -59
232 309 14
232 238 -50
232 285 89
232 408 -90
232 459 -76
232 482 -41
232 262 83
232 464 74
233 413 20
233 260 -3
233 484 76
233 350 24
233 437 -17
233 463 -93
233 438 10
233 254 28
233 287 -34
233 339 -32
233 237 45
233 348 -97
233 270 55
233 479 -41
234 262 43
234 442 -75
234 235 -74
234 296 55
234 367 -74
234 320 20
234 384 -78
234 472 -17
234 440 -55
234 300 79
235 321 22
235 485 90
235 266 -43
235 446 95
235 362 50
235 437 -11
235 427 71
235 423 39
235 484 -100
235 507 10
235 348 72
235 277 -71
236 478 40
236 336 -50
236 497 -73
236 365 49
236 475 82
236 318 -20
236 452 -29
236 333 85
236 434 7
236 276 81
236 444 66
236 416 -47
237 365 29
237 478 -87
237 414 18
237 400 23
237 298 -36
237 432 77
237 335 84
237 439 52
237 352 68
237 353 82
237 407 -55
237 404 -75
237 271 97
238 308 78
238 424 29
238 451 -8
238 325 -75
238 494 99
238 466 8
238 366 -69
238 382 43
238 346 -87
238 408 -22
238 418 -87
238 357 46
238 330 -4
238 355 -65
238 448 41
239 254 -88
239 456 -42
239 286 28
239 434 -69
239 363 91
239 432 16
239 467 -26
239 300 7
239 510 29
239 365 -14
240 498 63
240 243 -13
240 482 32
240 501 89
240 273 -92
240 413 -82
240 390 57
240 442 72
240 289 70
240 449 65
240 488 1
241 468 -81
241 329 76
241 508 -3
241 443 -32
241 305 68
241 381 -46
241 509 -100
241 453 -44
241 433 -27
241 446 52
241 497 42
241 265 -50
242 342 -75
242 265 -49
242 480 -89
242 244 -41
242 452 37
242 361 -84
242 311 -36
242 386 -76
242 265 89
242 425 51
242 423 -58
242 438 1
243 492 -59
243 379 56
243 481 -57
243 319 -60
243 389 -11
243 346 76
244 475 -37
244 392 -84
244 331 39
244 436 12
244 492 -95
244 400 -51
244 465 88
244 266 80
244 431 97
244 372 8
244 462 90
244 328 -85
244 266 -17
244 344 1
244 376 -57
245 451 -20
245 306 52
245 374 -37
245 505 -19
245 485 -11
245 394 14
245 320 -87
245 344 22
245 501 43
245 250 98
245 481 5
245 394 79
245 316 -61
245 418 -54
245 288 54
245 486 30
246 499 -75
246 371 95
246 442 48
246 402 73
246 436 -80
246 311 -92
246 273 -17
246 324 19
246 458 88
246 483 62
246 403 21
246 335 83
247 418 -8
247 345 -36
247 365 95
247 479 -44
247 348 -87
247 486 -100
247 461 -8
247 386 -1
247 362 -66
247 272 -72
247 360 5
248 428 -95
248 293 -91
248 334 -96
248 468 25
248 362 80
248 470 85
248 328 7
248 472 -34
248 267 -10
248 512 17
248 285 3
248 373 89
248 260 -85
249 422 -64
249 346 -49
249 472 73
249 306 -72
249 466 13
249 490 -96
249 283 -33
249 372 -27
249 295 37
249 282 -34
249 320 9
249 430 -29
250 468 -79
250 415 68
250 299 -63
250 407 -38
250 288 15
250 427 -70
250 474 10
250 457 64
250 423 98
250 329 -21
251 450 72
251 358 91
251 293 -39
251 358 -1
251 357 28
251 447 -47
251 367 43
251 484 82
251 392 34
251 483 50
251 284 33
251 486 -18
251 275 -4
252 421 54
252 290 53
252 337 -30
252 259 75
252 372 -99
252 439 70
252 384 89
252 281 88
252 441 27
252 439 81
252 461 72
252 376 97
252 373 -23
253 497 81
253 355 2
253 371 -15
253 450 -53
253 371 -3
253 289 -69
253 499 -100
253 395 18
253 461 55
253 426 28
253 316 -98
253 370 6
253 368 -24
254 266 -41
254 263 83
254 483 57
254 409 -65
254 401 32
254 469 -20
254 289 -28
254 479 -34
254 420 -70
254 371 92
254 441 -29
254 285 43
255 333 69
255 313 26
255 494 -18
255 261 72
255 356 -96
255 308 85
255 287 -4
255 347 -52
255 312 15
255 508 12
255 415 16
255 277 21
256 504 55
256 341 13
256 503 -76
256 296 24
256 410 72
256 355 -52
256 391 13
256 273 97
256 259 64
256 280 -62
256 269 -38
256 293 -7
256 273 -94
256 457 40
256 358 -10
256 329 -74
257 352 51
257 498 -20
257 487 18
257 405 -74
257 491 -17
257 462 55
257 463 56
257 467 16
258 310 9
258 300 -45
258 464 -35
258 471 36
258 502 -3
258 508 66
258 438 -60
258 482 64
258 508 9
258 431 80
258 495 -20
258 369 -60
259 346 -34
259 338 -27
259 431 -78
259 474 13
259 303 89
259 462 57
259 447 71
259 333 21
259 388 90
259 414 -31
259 471 8
259 336 7
259 434 -81
260 412 -39
260 358 12
260 321 -51
260 280 13
260 384 -1
260 496 -58
260 278 71
260 374 -72
260 459 -83
260 300 20
260 337 -25
260 367 7
261 300 -85
261 375 10
261 477 -39
261 511 -83
261 403 -13
261 292 -40
261 431 21
261 483 71
262 267 68
262 446 72
262 278 14
262 360 -70
262 378 47
262 344 -43
262 296 -33
262 375 54
262 413 0
262 310 -7
262 434 87
262 298 -73
262 406 17
263 431 -76
263 491 19
263 363 44
263 463 91
263 342 -84
263 488 -81
263 353 2
263 461 -70
263 288 -73
263 392 97
264 290 51
264 341 97
264 420 -16
264 294 -65
264 348 -63
264 268 -33
264 470 32
264 312 -63
264 351 -76
264 486 -92
265 466 -2
265 343 -82
265 396 72
265 407 37
265 504 -96
265 497 -14
265 269 95
265 294 23
265 270 -78
265 278 74
265 319 31
265 458 -68
265 502 -26
266 470 67
266 317 -35
266 436 -73
266 488 48
266 415 56
266 474 18
266 434 -69
267 278 -37
267 458 56
267 342 44
267 328 -55
267 487 -73
267 445 57
267 433 -72
267 482 66
267 446 -14
267 304 -8
267 470 13
267 508 88
267 292 89
268 449 71
268 399 -58
268 494 -72
268 356 -11
268 411 -46
268 387 -64
268 459 81
268 296 -42
268 437 53
268 394 -94
268 455 65
268 507 -54
268 349 98
269 294 -55
269 487 78
269 404 -71
269 354 -25
269 279 -69
269 420 41
269 350 43
269 296 -61
269 329 -91
269 472 56
269 416 -16
270 366 78
270 329 -54
270 329 40
270 421 -43
270 385 -94
271 383 75
271 282 -46
271 336 14
271 333 20
271 499 45
271 450 -94
271 461 59
271 467 -44
271 328 96
271 491 86
271 480 16
272 387 14
272 511 -39
272 327 19
272 333 7
272 385 29
272 423 81
272 501 -5
272 351 -18
272 432 -48
272 426 17
273 296 82
273 437 23
273 488 -34
273 381 -32
273 318 -91
273 306 21
273 490 -75
273 425 68
273 314 2
273 372 45
273 481 60
273 463 -21
274 393 -79
274 302 -96
274 388 88
274 457 36
274 499 -1
274 404 37
274 507 -92
274 304 19
274 512 -23
274 326 50
274 313 49
274 420 -2
275 277 -32
275 509 -9
275 490 -25
275 390 1
275 429 80
275 375 50
275 363 -22
275 495 62
275 451 -38
275 505 90
275 493 -39
275 481 34
275 327 49
275 361 -66
275 429 -65
276 439 31
276 503 -33
276 502 -27
276 471 -24
276 480 -54
276 425 -28
276 291 58
276 334 73
277 313 73
277 314 85
277 509 -9
277 339 -39
277 317 63
277 303 79
277 475 -94
277 354 -9
277 433 -9
277 392 -92
277 342 32
277 450 20
277 349 -61
278 313 -86
278 286 93
278 374 -10
278 449 -49
278 449 83
278 488 54
278 448 28
278 458 -19
278 414 33
278 361 91
279 385 -55
279 294 11
279 419 -83
279 424 41
279 455 -32
279 416 50
279 487 69
279 408 -90
279 412 -56
279 496 -39
279 338 67
280 388 14
280 325 55
280 511 -10
280 457 -11
280 369 -30
280 491 -62
280 289 -84
280 387 -41
280 338 -92
280 366 -52
280 356 -45
280 490 -13
281 355 41
281 424 48
281 319 -59
281 372 -82
281 282 37
281 392 60
281 494 39
281 477 6
281 422 4
281 341 13
281 394 -46
281 436 96
281 349 -62
281 510 -88
282 319 61
282 340 -65
282 416 90
282 429 97
282 312 29
282 472 2
282 410 51
282 460 38
282 349 17
283 390 -20
283 383 -83
283 381 9
283 445 18
283 447 -81
283 487 79
283 446 19
283 476 71
283 467 -59
283 315 -60
283 399 -62
283 398 -93
284 402 20
284 473 38
284 288 -88
284 367 62
284 409 86
284 491 -95
284 325 87
284 414 76
284 432 -53
285 492 97
285 322 23
285 472 -2
285 341 70
285 482 -95
285 313 82
285 313 55
285 364 79
285 458 97
285 331 61
285 331 95
286 362 45
286 449 -4
286 507 -98
286 396 -69
286 312 -46
286 365 -12
286 314 -49
286 510 -30
286 320 96
286 448 -99
286 505 45
286 388 61
287 299 70
287 347 -54
287 391 -97
287 511 -55
287 369 -20
287 409 43
287 415 -22
287 377 79
287 459 83
287 463 8
288 412 78
288 414 79
288 389 -42
288 345 -61
288 333 -15
288 472 -47
288 415 70
289 328 -73
289 465 74
289 336 -100
289 358 -25
289 361 4
289 421 -18
289 432 -12
289 378 -38
289 363 33
289 327 -42
289 463 -55
289 471 62
290 291 -87
290 378 -97
290 372 -31
290 382 -48
290 509 11
290 418 92
290 298 77
290 371 29
290 316 22
290 332 44
290 453 82
290 472 -61
290 485 -83
291 326 2
291 476 -93
291 486 93
291 447 -37
291 506 37
291 391 -3
291 363 -75
291 400 54
291 381 -61
291 317 42
292 486 87
292 378 -81
292 500 -85
292 432 39
292 441 -5
292 487 18
292 392 -13
292 469 -28
292 507 -55
292 321 11
292 469 -15
292 426 0
293 499 20
293 444 -12
293 455 78
293 372 53
293 428 -52
293 308 27
293 317 60
293 386 4
293 302 -23
293 398 -34
293 314 -31
293 375 36
293 450 -44
294 302 1
294 338 -16
294 449 -72
294 338 87
294 473 68
294 298 67
294 331 -59
294 316 78
294 320 -44
294 474 -22
294 355 60
294 369 -53
294 335 24
294 308 54
295 349 -1
295 333 -69
295 369 -37
295 425 -83
295 365 -77
295 507 78
295 488 5
295 432 -87
295 501 44
295 444 -5
295 451 37
295 328 -89
296 414 -33
296 475 -83
296 346 -51
296 368 28
296 364 -91
296 428 63
296 419 62
296 401 -11
297 445 -65
297 354 98
297 452 -51
297 389 84
297 350 51
297 312 85
297 323 17
297 334 -37
297 504 11
298 447 -19
298 345 -96
298 341 85
298 375 14
298 362 -39
298 349 8
298 309 -97
298 394 77
298 331 -61
298 477 23
299 480 -46
299 307 -9
299 408 -25
299 497 -27
299 345 -36
299 488 59
299 420 74
299 488 18
300 444 13
300 430 -54
300 347 -86
300 484 -86
300 420 -47
300 439 -49
300 423 53
301 467 63
301 484 -53
301 488 -65
301 327 20
301 475 -34
301 459 -63
301 485 -14
301 306 -76
302 488 -29
302 472 -76
302 357 -22
302 482 40
302 325 80
302 503 -35
302 489 21
302 339 20
302 386 77
302 451 -40
302 390 63
303 354 -69
303 313 -26
303 335 -98
303 336 -74
303 403 59
303 375 -16
303 350 80
303 353 -97
304 345 -80
304 366 -60
304 318 23
304 312 82
304 435 40
304 316 -50
304 438 -25
304 354 84
304 487 10
304 417 94
305 459 22
305 350 61
305 469 -64
305 441 74
305 426 38
305 419 -67
305 334 -5
305 485 24
305 400 -2
305 310 -92
306 397 -53
306 448 -39
306 328 -39
306 330 33
306 417 -22
306 381 -2
306 323 38
306 390 65
306 494 -71
307 348 79
307 494 30
307 395 83
307 481 -33
307 374 41
307 474 -69
307 473 -15
307 459 -88
307 478 68
307 456 17
308 413 -40
308 482 95
308 418 22
308 470 -4
308 492 -19
308 458 16
308 424 -94
308 460 65
308 455 -13
308 313 -87
308 484 -100
309 436 98
309 328 -59
309 491 -41
309 462 -47
309 404 23
309 365 82
309 359 11
309 315 -28
309 452 -77
309 355 33
310 326 97
310 421 -92
310 320 87
310 480 -97
310 349 -5
310 366 94
310 311 77
310 493 -86
310 404 36
310 382 -23
311 470 76
311 430 79
311 358 -44
311 451 -61
311 489 80
311 486 22
311 487 -67
311 512 28
312 479 23
312 475 76
312 372 -57
312 476 34
312 354 -70
312 510 91
312 433 -66
312 367 63
312 361 -55
313 381 87
313 354 35
313 512 -63
313 431 -47
313 422 -54
313 337 19
313 437 63
313 422 96
313 361 -76
313 410 46
313 401 -82
313 470 18
314 332 -90
314 433 79
314 479 -52
314 323 56
314 315 -74
314 370 -62
314 482 60
314 318 13
314 433 47
314 316 36
315 353 83
315 441 11
315 433 80
315 320 -100
315 477 48
315 392 40
315 389 37
315 392 71
315 473 98
315 437 55
315 473 58
316 393 92
316 441 -94
316 480 -53
316 360 -37
316 488 59
316 394 84
317 480 -38
317 421 63
317 379 33
317 476 11
317 489 89
318 388 -13
318 454 -9
318 407 71
318 505 55
318 410 38
318 448 -2
318 431 -98
318 364 43
318 357 77
318 326 12
318 410 -24
318 382 -68
318 375 -10
319 334 -52
319 499 -72
319 468 -49
319 418 -9
319 402 52
319 453 52
319 340 -88
319 336 52
320 432 -69
320 461 -15
320 438 -90
320 424 -100
320 472 -51
320 484 -34
320 344 7
320 427 93
320 322 77
320 358 -79
320 456 -79
320 369 35
320 330 -17
320 493 25
321 323 94
321 428 -31
321 483 -16
321 344 -61
321 467 3
321 443 -85
322 467 48
322 409 38
322 387 -4
322 327 -19
322 382 83
322 434 -94
322 387 -80
322 453 -58
322 326 -36
323 459 23
323 476 -42
323 410 -33
323 402 61
323 343 28
323 467 90
323 484 -16
323 507 -32
323 466 -34
323 418 -38
323 380 31
324 326 -36
324 403 -65
324 424 76
324 454 -18
324 452 64
324 332 65
325 362 -35
325 496 -8
325 375 -41
325 351 80
325 339 57
326 404 -9
326 341 95
326 475 73
326 491 -63
326 422 11
326 456 -23
326 384 -78
326 354 -75
327 413 -14
327 340 6
327 334 -68
327 381 -51
327 346 -43
327 466 -24
327 458 97
327 480 66
328 392 21
328 490 87
328 421 -93
328 501 -77
328 404 61
328 506 51
328 336 58
329 332 -53
329 427 97
329 447 -15
329 484 8
329 439 -50
329 501 38
329 364 22
329 445 -47
329 372 -43
329 368 -46
330 411 55
330 339 -31
330 456 52
330 404 10
330 408 -55
330 369 97
330 496 26
330 474 -78
330 484 -71
330 384 29
330 488 -81
330 356 -93
331 421 58
331 365 -67
331 353 10
331 468 -70
331 499 9
331 509 -40
331 347 -99
332 348 70
332 510 -4
332 478 59
332 421 -38
332 510 8
332 468 19
332 441 -93
333 336 8
333 510 -54
333 418 -81
333 475 -85
333 445 -35
334 420 -90
334 418 -10
334 343 -56
334 453 -76
334 472 -80
334 481 -4
334 496 -94
334 454 -76
334 336 58
335 431 -26
335 492 -35
335 339 65
335 396 6
335 480 -57
335 395 20
335 390 4
335 437 0
336 507 -97
336 485 -17
336 498 79
336 358 26
336 471 99
336 500 -9
337 443 -50
337 390 21
337 420 -59
337 414 51
337 443 -44
337 394 -91
337 495 -57
337 512 43
337 446 -72
337 362 26
338 384 -96
338 458 -24
338 493 -89
338 402 18
338 497 28
338 354 69
338 374 91
338 349 38
339 426 -65
339 349 50
339 486 -29
339 439 5
339 374 -2
339 436 -91
340 490 6
340 385 0
340 491 95
340 432 95
340 457 50
340 353 29
340 385 95
340 349 67
341 445 70
341 385 -95
341 350 0
341 449 1
341 438 -19
341 443 84
341 430 -75
342 442 29
342 406 -77
342 474 -97
342 408 -37
342 380 -31
342 351 20
342 410 -87
342 398 3
342 382 -61
343 438 49
343 406 23
343 479 68
343 503 -79
344 506 -47
344 452 -35
344 480 53
344 371 51
344 414 -43
345 378 66
345 472 -52
345 411 -22
345 472 42
346 480 -70
346 490 77
346 484 75
346 349 -34
347 449 29
347 499 -21
347 499 96
347 489 91
347 375 53
347 479 -7
347 437 -85
347 371 -32
347 490 21
347 472 -46
348 356 43
348 460 50
348 391 80
348 420 -36
348 427 14
348 442 18
348 393 41
349 362 78
349 362 -68
349 404 -63
349 400 62
349 397 23
349 358 61
349 390 -34
349 459 -53
349 382 -9
350 415 26
350 378 43
350 498 86
350 396 42
350 463 -15
350 445 20
350 438 -48
351 474 -75
351 411 30
351 482 97
351 356 -57
351 453 -21
351 409 57
351 469 -46
351 460 -43
351 355 45
352 473 -16
352 482 -8
352 383 -43
352 503 -61
352 480 40
352 440 -50
352 415 -46
352 406 -81
352 409 36
352 491 72
353 477 31
353 391 -21
353 450 56
353 512 59
353 405 66
353 471 -71
353 427 67
354 453 -17
354 486 30
354 469 -39
354 510 20
354 439 27
354 383 -34
354 374 -10
354 357 41
354 363 -5
354 438 -80
355 428 69
355 379 74
355 438 -30
355 494 -56
355 482 -82
355 451 98
356 447 -43
356 448 -2
356 481 -16
356 391 35
356 412 -5
356 439 -94
357 479 89
357 369 54
357 474 -98
357 500 -10
357 512 -66
357 399 -16
357 405 50
357 415 81
358 412 23
358 428 24
358 444 95
358 381 82
359 388 -53
359 471 -63
359 421 -83
359 387 -12
359 469 -32
359 461 -43
359 381 -80
359 380 -71
359 510 -89
360 409 -12
360 383 11
360 495 -79
360 507 3
360 400 43
360 495 -51
360 438 4
360 509 96
360 442 -81
360 505 -12
360 420 -72
361 502 -25
361 478 61
361 370 50
361 373 -50
361 414 -33
361 444 -41
361 484 72
361 417 10
361 386 -47
361 436 -23
361 457 -36
362 503 14
362 379 58
362 434 -19
362 425 -94
362 458 -66
363 389 -9
363 429 -79
363 393 -9
363 469 68
363 441 39
364 498 7
364 472 -20
364 424 89
364 427 1
364 397 81
364 453 87
364 491 97
364 476 26
364 422 40
365 495 40
365 455 -1
365 459 -13
365 421 -16
366 373 22
366 376 63
366 505 58
366 479 -100
366 436 -53
367 433 -80
367 453 -23
367 425 -76
367 463 -41
367 466 74
367 384 35
367 510 48
368 436 -27
368 494 24
368 408 97
368 372 58
368 469 -93
368 389 -90
368 463 -3
369 436 71
369 501 -63
369 385 58
369 467 54
369 447 -2
369 436 22
369 488 -1
369 486 -49
370 497 21
370 481 33
370 468 75
370 417 -9
370 421 -56
370 504 52
370 445 86
370 449 22
370 438 -25
371 458 46
371 454 74
371 453 12
371 459 81
371 380 -96
371 421 -31
371 498 -41
371 496 13
371 380 -29
372 375 -33
372 445 45
372 477 53
372 375 -94
372 459 85
372 441 15
372 463 49
373 487 89
373 508 59
373 487 76
374 499 16
374 501 12
374 479 -73
374 431 78
374 412 -82
375 457 -39
375 399 -28
375 440 -21
375 379 82
375 471 -78
376 392 91
376 434 -66
376 462 75
376 489 49
376 380 10
376 484 7
376 404 -91
376 497 11
377 434 -74
377 385 -91
377 498 -94
377 386 21
377 435 12
378 411 -6
378 382 -16
378 461 -30
378 381 -62
379 455 -34
379 506 -85
379 417 -74
379 450 -39
379 446 -30
379 499 -85
379 466 17
380 408 24
380 459 13
380 419 61
380 503 -66
380 470 67
380 464 -69
380 472 -3
380 478 10
380 431 93
381 445 -91
381 450 -16
381 400 -53
381 438 39
381 491 48
381 389 -73
381 442 -100
381 449 -40
382 417 -65
382 466 6
382 412 17
382 499 13
382 501 -34
383 493 -37
383 503 -22
383 457 -32
383 427 72
383 482 13
383 424 -80
383 435 -71
383 452 55
383 441 -45
384 470 61
384 463 12
384 511 -41
384 391 15
384 496 -75
384 416 -89
384 473 -68
385 425 55
385 483 -47
385 503 -91
385 427 -58
385 403 26
385 443 46
386 387 -89
386 489 4
386 491 44
386 409 41
386 445 2
386 498 98
386 456 -53
387 465 -51
387 436 -24
387 465 10
387 457 -15
387 496 -90
387 443 -22
387 413 33
387 390 -38
388 440 -59
388 423 -73
389 508 21
389 467 -26
389 453 41
389 494 23
389 405 -49
389 438 -39
389 432 -32
389 443 -73
389 489 -83
390 449 85
390 418 18
390 430 97
390 435 -85
390 488 90
390 462 -22
391 444 86
391 511 84
391 438 -27
391 477 -94
391 413 23
392 480 95
392 406 -39
392 481 2
392 406 -83
392 425 5
392 461 2
393 443 -46
393 462 -34
393 447 62
393 465 94
394 413 -91
394 435 -90
394 461 82
394 481 52
394 422 -4
395 493 -5
395 401 -71
396 480 1
396 444 55
396 462 59
396 422 -30
397 447 -55
397 486 -83
398 438 67
398 479 45
399 500 -23
399 438 74
399 484 5
399 508 50
399 426 81
399 447 -77
399 487 -74
399 500 75
399 451 -65
400 471 55
400 451 38
400 406 -54
400 425 94
400 438 49
400 468 28
401 464 38
401 455 55
401 435 -53
401 488 -9
401 510 73
401 447 35
401 418 -73
402 468 -63
402 486 39
402 472 -48
402 482 19
403 495 3
403 507 74
403 437 94
403 447 -7
403 479 80
404 437 22
404 456 -43
405 457 -33
405 503 7
406 412 -23
406 463 50
406 445 82
406 412 -32
406 469 -4
406 477 -78
407 442 84
407 425 -88
407 493 -88
408 477 26
408 451 84
409 466 -18
409 476 -82
409 456 -51
409 507 -43
409 476 6
409 432 13
409 420 -58
409 465 -77
409 469 -8
410 486 83
410 462 -89
411 423 -30
411 453 1
411 444 23
411 444 36
411 453 72
411 461 91
411 503 -57
411 418 -25
412 490 71
412 493 68
412 473 98
413 469 1
413 459 -33
413 506 26
413 483 66
413 510 80
413 439 71
413 444 65
413 443 -51
414 490 70
414 468 -85
414 453 97
415 482 60
415 450 1
415 512 16
415 448 60
416 488 -90
416 471 84
416 452 43
417 495 90
417 500 0
417 478 -68
417 453 51
418 497 -63
418 431 -17
418 447 -62
418 499 91
419 490 -26
419 470 -5
419 497 -17
420 482 -74
420 424 71
420 434 -93
421 466 -26
421 449 -42
421 492 -2
421 427 -49
421 455 20
422 507 48
422 488 79
422 467 -43
422 473 -33
423 499 -94
423 512 -95
423 433 31
423 471 -1
424 509 -83
424 505 75
424 453 -78
425 493 -90
425 428 6
425 465 -93
425 451 -63
425 459 -35
426 484 -19
426 447 -32
426 495 15
426 470 15
426 509 48
426 461 64
427 474 -39
427 461 -80
427 510 -44
427 477 25
428 497 9
429 466 47
429 471 4
429 482 -1
429 468 -2
429 495 -18
429 498 -91
430 467 22
430 443 23
431 486 -64
431 441 -58
431 483 -7
432 489 77
432 488 92
433 447 -42
433 499 -3
433 469 17
434 471 -6
434 505 -90
434 461 19
435 440 -3
435 478 -96
435 460 65
436 439 83
436 463 -86
436 452 39
436 509 -74
437 497 -33
438 446 -24
438 454 55
438 503 -1
438 449 -35
439 512 61
439 480 27
439 484 53
440 470 -31
440 481 -80
440 444 26
440 464 47
440 450 -49
441 496 62
441 507 -53
441 451 53
441 482 -65
441 498 -96
441 481 -57
442 480 13
443 484 -64
443 471 57
443 467 15
443 498 92
444 449 17
444 466 83
445 469 -1
446 452 5
447 485 24
447 489 65
448 492 -33
448 473 -63
448 474 -17
448 458 -98
449 459 22
449 450 47
449 464 19
449 455 71
450 481 -35
450 505 99
451 493 -90
451 496 -3
451 497 94
452 454 -63
452 510 55
452 511 51
452 457 6
453 488 -18
453 457 -71
453 471 -86
453 498 78
453 495 21
454 511 24
454 491 6
454 456 -48
455 471 -59
455 498 63
457 510 35
457 504 63
458 480 81
459 490 80
459 462 -99
459 463 10
460 488 8
460 495 -1
460 491 51
460 486 -22
461 496 -23
461 492 96
462 465 -75
463 509 -41
464 483 -78
465 500 28
465 467 -32
465 485 -77
465 472 -91
465 511 -65
465 509 -100
465 488 44
465 473 43
466 502 -87
467 469 94
467 469 7
467 469 -50
467 509 9
467 468 27
468 488 -75
468 471 -24
468 488 6
469 487 80
469 491 51
469 499 -46
470 507 64
470 490 -49
471 506 2
471 493 74
471 512 -54
472 479 -5
472 489 73
473 482 69
475 491 35
476 479 -81
476 479 -20
477 505 -14
477 478 -19
478 507 -58
480 489 -67
481 503 52
481 485 9
484 492 -8
484 508 42
485 512 58
485 503 20
486 487 -54
487 499 58
487 509 77
487 510 -12
487 499 -30
488 508 76
489 509 -4
489 490 2
489 504 -28
490 494 -67
490 501 61
491 504 5
492 494 78
493 502 -24
496 501 30
497 507 -51
498 503 -95
498 511 -71
505 512 72
