256 4096
1 205 -58
1 173 83
1 54 24
1 216 -77
1 118 -1
1 144 -26
1 106 -56
1 40 -69
1 87 42
1 166 94
1 33 34
1 228 -67
1 105 73
1 57 64
1 185 -87
1 55 -64
2 222 -90
2 30 94
2 193 18
2 66 -95
2 55 58
2 59 45
2 213 25
2 81 89
2 129 -94
2 4 -79
2 79 -53
2 125 82
2 82 -92
2 129 53
2 195 -11
2 65 -11
3 96 38
3 152 61
3 171 16
3 62 12
3 22 -55
3 51 -17
3 44 -38
3 139 -98
3 110 95
3 93 99
3 252 -34
3 241 -21
3 138 -100
3 81 -62
3 214 50
3 24 37
4 86 0
4 136 -76
4 207 86
4 88 -9
4 158 -98
4 4 58
4 27 -100
4 104 13
4 203 -63
4 218 12
4 214 56
4 113 29
4 27 4
4 212 55
4 202 -52
4 108 -1
5 108 59
5 154 -36
5 18 83
5 79 -44
5 239 42
5 126 98
5 96 45
5 163 -49
5 76 -13
5 73 -9
5 175 -87
5 43 -92
5 144 -65
5 246 41
5 167 -44
5 18 -55
6 250 -74
6 149 64
6 105 -92
6 202 -80
6 117 56
6 253 33
6 2 86
6 143 21
6 183 -64
6 77 -24
6 12 57
6 209 12
6 19 -52
6 67 60
6 134 -1
6 51 23
7 45 -42
7 24 21
7 9 -36
7 73 -34
7 223 -95
7 141 31
7 245 96
7 155 -45
7 82 -70
7 154 -16
7 244 -66
7 105 35
7 141 52
7 173 20
7 6 90
7 63 66
8 22 75
8 59 -69
8 60 -55
8 96 -61
8 218 14
8 11 -76
8 82 46
8 133 -67
8 11 -48
8 197 -8
8 33 -5
8 159 -52
8 200 -22
8 86 -80
8 22 -64
8 137 -51
9 174 2
9 181 -7
9 121 -45
9 180 -14
9 199 96
9 236 57
9 33 -14
9 126 -5
9 182 19
9 157 10
9 190 -70
9 224 20
9 41 -29
9 16 50
9 219 -11
9 45 -20
10 44 -67
10 47 84
10 184 14
10 240 -47
10 62 -72
10 57 -27
10 203 30
10 235 43
10 135 -5
10 28 69
10 34 3
10 53 35
10 18 4
10 20 51
10 232 54
10 190 -22
11 151 -40
11 30 56
11 160 -47
11 132 6
11 219 -73
11 148 -19
11 15 -31
11 240 -69
11 253 52
11 62 -41
11 236 1
11 159 39
11 127 -90
11 145 -51
11 77 54
11 15 13
12 190 87
12 28 27
12 212 -10
12 97 -40
12 204 65
12 76 -36
12 187 -2
12 210 -50
12 249 65
12 186 50
12 193 -17
12 36 61
12 234 -41
12 109 -68
12 228 -96
12 223 -47
13 108 99
13 20 32
13 250 -55
13 98 -42
13 223 -77
13 45 -18
13 186 -41
13 114 -74
13 161 -3
13 92 -74
13 250 81
13 74 -99
13 58 -60
13 28 35
13 18 -93
13 103 -17
14 151 23
14 27 -71
14 189 15
14 208 -67
14 215 44
14 110 -13
14 174 22
14 72 -22
14 88 66
14 177 54
14 132 -63
14 178 -40
14 220 36
14 115 -84
14 89 7
14 37 -28
15 40 -65
15 217 3
15 43 6
15 99 -26
15 153 7
15 251 -8
15 25 81
15 75 -94
15 187 -47
15 35 -50
15 128 36
15 241 42
15 46 -60
15 168 -35
15 123 83
15 191 -27
16 81 -26
16 41 0
16 63 94
16 143 -20
16 199 45
16 89 -45
16 209 49
16 164 -28
16 68 10
16 245 -71
16 29 83
16 143 25
16 59 13
16 201 84
16 16 -25
16 131 -64
17 45 -60
17 58 -16
17 140 -94
17 80 10
17 255 -51
17 240 25
17 209 -96
17 29 -58
17 158 33
17 50 -75
17 60 31
17 71 -64
17 52 -81
17 174 18
17 216 95
17 172 63
18 44 81
18 170 38
18 38 72
18 77 -8
18 187 -23
18 182 -43
18 213 17
18 55 6
18 46 -66
18 71 -58
18 199 36
18 107 -90
18 131 76
18 176 49
18 215 93
18 128 -74
19 155 -6
19 76 43
19 234 -4
19 82 10
19 133 -71
19 8 -16
19 212 -26
19 203 28
19 248 94
19 197 -82
19 52 -24
19 125 29
19 228 54
19 128 82
19 38 58
19 166 -81
20 63 44
20 91 46
20 221 61
20 132 -76
20 173 32
20 154 73
20 247 -38
20 142 92
20 14 -66
20 35 5
20 45 -5
20 33 5
20 60 -44
20 67 -71
20 223 88
20 32 -28
21 136 -92
21 195 -22
21 138 4
21 144 91
21 138 85
21 75 44
21 245 43
21 206 33
21 136 67
21 89 21
21 33 -88
21 115 61
21 45 75
21 108 61
21 181 -75
21 208 -32
22 46 67
22 146 45
22 208 70
22 193 37
22 120 18
22 178 57
22 111 86
22 188 -99
22 19 81
22 150 69
22 102 -24
22 163 87
22 195 -27
22 92 96
22 52 64
22 178 6
23 78 -4
23 168 -92
23 64 3
23 191 -64
23 212 -34
23 52 -5
23 161 25
23 56 76
23 233 56
23 9 49
23 134 95
23 206 -89
23 223 81
23 28 23
23 115 -63
23 109 72
24 142 -50
24 64 90
24 241 88
24 154 55
24 246 -74
24 73 -56
24 96 -5
24 137 -93
24 239 0
24 50 67
24 231 -59
24 24 0
24 148 85
24 42 42
24 95 -18
24 119 -59
25 83 -75
25 57 55
25 221 86
25 65 -45
25 125 11
25 134 39
25 110 -63
25 103 52
25 156 28
25 20 -55
25 100 69
25 126 -91
25 147 81
25 24 29
25 7 91
25 145 96
26 152 -35
26 176 35
26 65 38
26 255 38
26 49 86
26 70 -29
26 226 49
26 221 28
26 4 12
26 97 14
26 93 14
26 29 88
26 94 -77
26 232 -27
26 62 35
26 155 74
27 237 -39
27 139 92
27 216 -6
27 101 33
27 157 27
27 60 -44
27 53 -46
27 102 38
27 157 -57
27 38 2
27 162 76
27 247 -6
27 255 -87
27 45 -31
27 51 -77
27 158 -45
28 191 92
28 28 -77
28 37 21
28 221 -68
28 103 95
28 7 -45
28 29 -32
28 110 -50
28 56 51
28 89 -11
28 95 -82
28 108 -19
28 135 44
28 204 -80
28 154 14
28 41 -77
29 192 -3
29 140 42
29 65 95
29 225 -8
29 26 95
29 253 -100
29 162 -91
29 25 -24
29 140 -59
29 98 -35
29 38 96
29 242 -86
29 42 75
29 160 -87
29 223 -74
29 111 88
30 99 8
30 142 10
30 198 45
30 153 25
30 143 85
30 81 -63
30 247 56
30 190 36
30 130 71
30 177 -69
30 185 -94
30 59 21
30 235 -35
30 131 -32
30 256 99
30 12 27
31 254 -74
31 116 -32
31 62 8
31 74 52
31 256 39
31 64 32
31 215 -77
31 75 -6
31 238 45
31 33 -32
31 254 92
31 217 -85
31 247 -8
31 206 -37
31 115 -43
31 222 -14
32 213 -86
32 147 73
32 156 -38
32 249 68
32 174 4
32 15 2
32 179 -20
32 222 73
32 118 15
32 254 -38
32 131 -36
32 32 -20
32 21 59
32 26 -56
32 39 -2
32 234 -21
33 155 -1
33 63 76
33 219 17
33 213 -7
33 225 17
33 186 29
33 173 -75
33 110 -64
33 144 -59
33 71 48
33 173 -59
33 49 77
33 61 92
33 167 -15
33 86 33
33 93 44
34 135 -32
34 16 -30
34 87 -60
34 190 35
34 158 -74
34 156 68
34 156 -45
34 125 -67
34 181 -9
34 250 -92
34 242 -6
34 254 -68
34 235 74
34 256 -7
34 192 -69
34 158 -49
35 103 -32
35 45 -91
35 149 55
35 249 -28
35 103 -9
35 206 74
35 159 23
35 239 -28
35 192 -53
35 107 19
35 32 64
35 161 -67
35 63 49
35 39 -39
35 197 98
35 33 76
36 174 76
36 55 27
36 177 25
36 241 15
36 129 -93
36 120 -83
36 24 -92
36 121 -15
36 250 -15
36 118 -13
36 247 79
36 251 -58
36 244 -75
36 223 -58
36 108 -53
36 63 -98
37 85 95
37 76 35
37 238 32
37 128 -90
37 254 -74
37 127 66
37 86 87
37 133 -38
37 202 26
37 22 85
37 106 -27
37 181 54
37 137 94
37 158 6
37 158 79
37 133 -18
38 110 15
38 22 10
38 243 -59
38 144 61
38 148 -49
38 7 30
38 215 -3
38 138 70
38 191 96
38 213 -63
38 161 -14
38 15 -83
38 254 -44
38 13 98
38 118 -26
38 121 34
39 51 63
39 238 -78
39 161 -73
39 43 9
39 58 66
39 136 -75
39 68 43
39 90 -2
39 35 -4
39 120 -25
39 142 2
39 10 -9
39 60 -51
39 9 -79
39 191 54
39 45 -96
40 255 -69
40 247 -35
40 31 65
40 166 14
40 38 68
40 245 -27
40 183 -43
40 116 -59
40 185 64
40 25 21
40 63 57
40 140 39
40 169 -72
40 36 72
40 156 -92
40 131 76
41 14 62
41 98 90
41 74 20
41 132 -51
41 213 -68
41 87 40
41 64 -78
41 35 -23
41 132 31
41 194 60
41 42 -87
41 174 88
41 103 67
41 121 -47
41 47 40
41 135 22
42 74 93
42 155 -80
42 14 -25
42 92 83
42 175 48
42 156 -72
42 97 6
42 28 -79
42 38 -9
42 132 97
42 160 58
42 241 -62
42 91 -88
42 154 88
42 11 69
42 68 31
43 189 85
43 139 28
43 177 -20
43 34 77
43 34 -13
43 19 39
43 61 -65
43 211 -70
43 204 -32
43 62 55
43 199 28
43 129 -61
43 237 11
43 238 23
43 18 -39
43 19 2
44 146 -79
44 72 87
44 245 -72
44 163 17
44 201 -40
44 182 54
44 13 -75
44 52 -3
44 132 27
44 3 98
44 226 -64
44 101 -32
44 177 71
44 93 87
44 106 51
44 179 2
45 164 -83
45 254 8
45 71 -14
45 180 -34
45 35 45
45 82 -60
45 91 85
45 189 70
45 96 -38
45 174 -15
45 5 -72
45 163 5
45 102 75
45 248 48
45 48 51
45 222 -82
46 252 -35
46 131 45
46 181 16
46 248 -2
46 244 18
46 246 29
46 205 79
46 88 -55
46 83 91
46 153 42
46 60 47
46 160 -87
46 145 -13
46 218 52
46 113 17
46 45 34
47 2 -5
47 161 88
47 123 -19
47 114 -7
47 194 60
47 46 -65
47 118 -91
47 54 -77
47 102 76
47 24 83
47 80 -51
47 233 28
47 15 -39
47 171 1
47 242 47
47 45 -59
48 194 44
48 220 -10
48 43 98
48 87 -60
48 232 -96
48 140 54
48 48 -90
48 6 -9
48 26 83
48 203 -32
48 28 64
48 230 -30
48 247 57
48 142 68
48 248 -58
48 165 4
49 200 37
49 65 -49
49 198 -27
49 219 -36
49 194 -23
49 17 42
49 216 33
49 33 88
49 210 -71
49 88 -56
49 21 66
49 113 -42
49 165 -39
49 176 -35
49 213 76
49 193 -9
50 189 -16
50 106 -64
50 2 2
50 10 97
50 198 -20
50 187 45
50 133 -61
50 174 -17
50 52 5
50 173 -13
50 184 68
50 193 7
50 38 -22
50 46 -35
50 194 -19
50 8 -59
51 169 -13
51 97 78
51 218 -87
51 106 -33
51 141 32
51 88 26
51 243 74
51 206 -51
51 138 -66
51 126 87
51 185 34
51 18 66
51 109 15
51 67 -36
51 53 -59
51 42 -77
52 201 -26
52 113 37
52 171 -9
52 212 19
52 120 -83
52 14 26
52 63 -62
52 22 -36
52 68 -54
52 191 54
52 88 42
52 190 -77
52 241 -28
52 188 -43
52 191 -67
52 172 92
53 11 5
53 201 -73
53 146 72
53 18 -11
53 158 -83
53 206 -52
53 81 -5
53 167 -34
53 90 96
53 170 61
53 56 -19
53 213 4
53 12 75
53 236 -64
53 189 -84
53 20 83
54 38 -43
54 232 34
54 189 95
54 80 33
54 34 44
54 119 -43
54 191 32
54 4 -98
54 81 -39
54 50 -43
54 251 -38
54 124 7
54 55 -36
54 187 65
54 138 86
54 16 71
55 209 -20
55 143 -60
55 244 78
55 177 -53
55 89 -4
55 140 -14
55 142 14
55 83 -27
55 197 66
55 213 27
55 64 -85
55 76 -21
55 112 -19
55 165 58
55 43 54
55 247 -88
56 48 13
56 94 89
56 44 50
56 232 78
56 222 -35
56 128 75
56 206 68
56 216 -43
56 75 9
56 95 33
56 39 70
56 167 -1
56 146 -98
56 124 -66
56 8 -40
56 29 85
57 111 -69
57 45 57
57 159 -48
57 95 9
57 175 19
57 112 0
57 255 10
57 48 89
57 172 40
57 32 -99
57 62 -36
57 244 18
57 95 -21
57 218 88
57 164 31
57 179 -62
58 67 16
58 183 -95
58 205 69
58 1 -99
58 123 51
58 186 -57
58 80 52
58 123 27
58 27 44
58 83 -19
58 67 -72
58 90 -7
58 68 20
58 32 -95
58 24 47
58 206 47
59 112 34
59 253 21
59 150 -28
59 91 -30
59 137 28
59 159 91
59 155 -13
59 88 -29
59 1 52
59 139 86
59 10 -46
59 203 -30
59 60 18
59 132 40
59 230 85
59 173 -82
60 157 23
60 241 71
60 99 60
60 93 -95
60 143 86
60 88 91
60 158 84
60 66 -35
60 31 52
60 143 72
60 91 -62
60 124 -71
60 8 -58
60 178 -79
60 192 -30
60 58 -28
61 174 -55
61 127 71
61 219 -64
61 8 0
61 69 8
61 76 76
61 67 -36
61 172 -49
61 122 -90
61 177 97
61 193 26
61 138 24
61 29 -94
61 49 25
61 15 31
61 165 -65
62 71 -27
62 24 -100
62 204 12
62 213 81
62 146 64
62 228 0
62 155 -97
62 154 -92
62 135 29
62 165 18
62 183 -20
62 123 -27
62 210 20
62 116 -22
62 38 84
62 154 38
63 170 20
63 170 -40
63 199 9
63 48 95
63 79 -76
63 64 -76
63 217 57
63 122 -42
63 120 -85
63 21 -22
63 83 -86
63 11 0
63 68 -16
63 226 -58
63 25 -65
63 7 -1
64 162 35
64 53 -57
64 76 -95
64 139 11
64 209 24
64 39 72
64 196 37
64 256 -3
64 244 31
64 209 -84
64 236 54
64 66 -28
64 210 -25
64 47 -66
64 149 -62
64 120 -35
65 190 58
65 39 87
65 39 -96
65 126 29
65 62 -38
65 103 -83
65 71 -89
65 113 -2
65 220 -84
65 216 73
65 101 -3
65 254 -49
65 239 77
65 242 -73
65 5 27
65 130 -98
66 105 -48
66 213 -95
66 216 -59
66 217 -60
66 203 42
66 51 43
66 129 -12
66 11 -42
66 225 -17
66 179 44
66 193 -8
66 108 -58
66 195 -83
66 115 -35
66 165 44
66 244 -5
67 156 57
67 140 -86
67 34 -36
67 195 -86
67 102 -35
67 67 -42
67 234 -85
67 74 80
67 118 7
67 50 -33
67 131 -13
67 16 87
67 98 -91
67 203 48
67 50 37
67 255 -20
68 249 -75
68 216 -18
68 109 -100
68 231 78
68 117 77
68 81 91
68 1 23
68 15 -85
68 6 58
68 157 -78
68 248 93
68 71 64
68 69 85
68 73 -59
68 229 -26
68 237 17
69 34 24
69 110 47
69 120 -68
69 161 76
69 123 -61
69 181 74
69 207 25
69 250 -85
69 171 93
69 9 49
69 163 44
69 74 42
69 251 25
69 224 85
69 78 -97
69 58 42
70 63 -78
70 93 -85
70 80 89
70 55 -66
70 111 85
70 63 63
70 65 -95
70 116 -29
70 118 33
70 38 60
70 79 95
70 59 -12
70 102 -71
70 221 -78
70 9 62
70 70 22
71 215 -14
71 23 90
71 96 -60
71 32 -39
71 206 97
71 200 73
71 126 -92
71 142 -58
71 170 2
71 73 69
71 183 5
71 231 -43
71 172 62
71 86 -8
71 133 18
71 157 -58
72 129 -80
72 152 -40
72 153 56
72 115 54
72 233 67
72 206 -1
72 59 22
72 69 -35
72 127 -88
72 150 -7
72 216 -74
72 94 -74
72 79 52
72 4 39
72 101 19
72 246 -33
73 159 -26
73 235 4
73 15 -34
73 217 76
73 227 93
73 73 -44
73 144 33
73 31 6
73 181 62
73 67 -78
73 69 95
73 9 39
73 36 -93
73 88 -54
73 52 -97
73 252 32
74 87 -36
74 206 37
74 254 -96
74 6 -1
74 169 -93
74 90 -1
74 10 -75
74 120 44
74 196 9
74 200 24
74 7 -10
74 92 0
74 172 -12
74 174 53
74 11 73
74 126 90
75 33 11
75 5 -62
75 37 -92
75 130 58
75 80 80
75 161 28
75 86 90
75 237 -56
75 227 -14
75 164 -89
75 151 -4
75 3 69
75 217 -74
75 110 -6
75 249 -33
75 235 -59
76 246 -99
76 151 90
76 189 -83
76 106 66
76 15 -85
76 130 -40
76 213 12
76 220 -11
76 29 27
76 153 23
76 119 -6
76 10 -69
76 189 48
76 187 75
76 30 -57
76 143 -82
77 177 52
77 241 -35
77 93 52
77 124 -46
77 174 26
77 170 45
77 147 -75
77 185 -52
77 39 12
77 215 65
77 158 10
77 13 -61
77 11 51
77 81 -87
77 197 96
77 79 96
78 250 38
78 38 -38
78 256 7
78 84 -79
78 246 80
78 130 -52
78 33 90
78 228 85
78 161 -3
78 201 72
78 155 -46
78 223 29
78 129 -21
78 117 -72
78 150 -56
78 116 -70
79 196 2
79 105 -80
79 98 -76
79 53 33
79 16 53
79 3 -89
79 11 39
79 248 48
79 131 -69
79 205 99
79 140 7
79 147 38
79 22 -62
79 256 -60
79 247 32
79 154 -68
80 98 -5
80 40 97
80 132 32
80 161 -80
80 93 99
80 20 -51
80 199 28
80 234 -34
80 210 -95
80 37 -17
80 102 -89
80 226 -35
80 35 58
80 126 49
80 123 76
80 120 19
81 231 -20
81 38 -14
81 98 -50
81 61 1
81 152 84
81 202 -31
81 3 -11
81 92 52
81 248 71
81 172 -36
81 94 71
81 195 -62
81 81 10
81 205 -84
81 202 -8
81 218 31
82 181 -100
82 238 -58
82 7 -73
82 155 63
82 221 -48
82 7 29
82 209 42
82 2 -68
82 63 69
82 74 72
82 46 -34
82 183 61
82 20 36
82 127 88
82 211 83
82 132 -77
83 95 -97
83 218 6
83 155 63
83 249 84
83 225 -85
83 195 -97
83 40 1
83 159 53
83 223 -73
83 190 -81
83 19 -2
83 189 -38
83 238 -31
83 47 33
83 203 41
83 105 54
84 96 33
84 101 24
84 126 -77
84 155 -40
84 203 -63
84 59 70
84 57 -88
84 114 -83
84 9 18
84 236 -21
84 199 7
84 58 66
84 201 12
84 164 57
84 67 -70
84 13 71
85 213 -20
85 256 51
85 159 38
85 250 -57
85 22 29
85 92 -80
85 160 70
85 141 10
85 130 -49
85 242 -66
85 108 3
85 208 -36
85 79 27
85 191 -55
85 87 86
85 182 29
86 184 9
86 233 41
86 254 -62
86 199 8
86 61 -77
86 217 -66
86 228 -10
86 20 -94
86 197 -51
86 140 86
86 25 10
86 148 -12
86 242 79
86 119 28
86 206 46
86 152 48
87 102 17
87 147 -25
87 126 -73
87 162 -19
87 13 88
87 96 35
87 179 42
87 6 0
87 60 10
87 214 -32
87 53 -58
87 53 23
87 102 -52
87 152 -85
87 253 23
87 178 -18
88 27 -19
88 16 -89
88 37 78
88 13 27
88 94 -35
88 18 8
88 78 85
88 155 38
88 183 -9
88 88 -32
88 4 -40
88 178 -3
88 199 -48
88 245 58
88 44 75
88 217 56
89 151 -8
89 101 53
89 220 -78
89 137 46
89 75 -63
89 105 -95
89 2 59
89 224 17
89 1 29
89 99 -98
89 150 75
89 229 15
89 213 -94
89 221 64
89 91 -26
89 200 99
90 8 -75
90 188 18
90 123 -63
90 50 -86
90 225 -100
90 54 78
90 175 75
90 165 29
90 50 3
90 74 -85
90 96 -21
90 85 -78
90 200 64
90 127 22
90 30 75
90 58 63
91 49 75
91 159 -37
91 202 84
91 151 -70
91 193 -23
91 143 -91
91 55 98
91 177 13
91 108 -62
91 17 8
91 33 49
91 236 31
91 239 48
91 186 -46
91 8 95
91 48 51
92 18 70
92 195 -18
92 42 -4
92 44 -51
92 175 -62
92 161 60
92 58 34
92 184 -4
92 63 77
92 61 34
92 28 28
92 96 14
92 23 -38
92 157 -45
92 28 -31
92 137 83
93 69 48
93 233 59
93 11 26
93 157 -88
93 27 91
93 248 65
93 113 -75
93 192 35
93 125 48
93 249 78
93 220 -2
93 208 45
93 229 2
93 172 -35
93 177 55
93 8 -33
94 124 68
94 135 81
94 24 44
94 133 44
94 246 -11
94 113 74
94 194 77
94 242 -72
94 122 3
94 96 -74
94 72 69
94 163 0
94 195 60
94 177 -77
94 133 69
94 252 84
95 46 -66
95 174 -92
95 187 28
95 53 58
95 25 35
95 137 -70
95 63 -67
95 209 -26
95 51 -96
95 163 7
95 173 89
95 114 -29
95 238 -54
95 70 70
95 136 29
95 230 46
96 255 85
96 102 -7
96 36 67
96 69 35
96 185 78
96 204 -85
96 170 -4
96 42 18
96 50 98
96 213 -15
96 252 -23
96 191 23
96 109 46
96 255 87
96 212 -30
96 186 -96
97 253 -35
97 205 99
97 85 62
97 23 -64
97 53 30
97 52 -6
97 79 -10
97 56 29
97 221 -49
97 210 -1
97 172 -83
97 127 -25
97 202 78
97 92 -65
97 146 -3
97 210 48
98 68 -54
98 234 -36
98 254 81
98 62 -25
98 37 23
98 63 70
98 61 22
98 196 52
98 102 93
98 8 56
98 117 60
98 87 71
98 27 86
98 54 20
98 210 24
98 140 42
99 234 89
99 244 55
99 106 -60
99 239 -45
99 202 -20
99 95 -93
99 132 76
99 60 -96
99 128 -66
99 121 45
99 113 82
99 56 -46
99 208 -49
99 69 58
99 142 -32
99 138 71
100 109 49
100 183 6
100 222 -90
100 246 -60
100 185 3
100 4 24
100 242 18
100 103 -69
100 187 -18
100 141 31
100 131 44
100 108 38
100 165 7
100 27 42
100 81 65
100 31 -54
101 7 -91
101 55 72
101 45 11
101 58 -81
101 58 15
101 255 41
101 40 -96
101 217 -99
101 91 -82
101 29 13
101 18 14
101 208 6
101 138 95
101 57 -73
101 29 95
101 137 81
102 20 -39
102 56 -61
102 218 83
102 155 90
102 232 -2
102 220 -85
102 242 -51
102 153 -45
102 75 75
102 138 47
102 220 76
102 127 24
102 18 -9
102 202 33
102 136 6
102 172 58
103 214 -77
103 193 -8
103 242 -25
103 81 47
103 12 99
103 203 -98
103 5 96
103 166 78
103 250 -51
103 68 57
103 191 9
103 244 -11
103 186 -94
103 166 67
103 70 -35
103 193 -31
104 37 17
104 39 -5
104 174 11
104 107 38
104 250 59
104 9 89
104 125 53
104 209 78
104 136 -41
104 60 -100
104 1 -29
104 176 -22
104 47 10
104 96 -100
104 61 -77
104 254 -83
105 65 85
105 4 6
105 232 72
105 143 62
105 244 -24
105 3 -66
105 197 57
105 106 83
105 134 20
105 114 60
105 163 -7
105 182 -52
105 74 -32
105 2 9
105 15 -13
105 129 -1
106 81 -45
106 123 -40
106 106 -14
106 135 32
106 61 -43
106 178 -45
106 172 86
106 94 99
106 147 38
106 15 -28
106 18 -51
106 164 -89
106 68 41
106 181 -7
106 19 71
106 32 95
107 71 30
107 25 10
107 91 96
107 13 -99
107 222 4
107 145 -66
107 172 -83
107 115 -54
107 240 56
107 21 64
107 245 -70
107 50 64
107 113 -80
107 122 -78
107 239 99
107 133 -43
108 244 94
108 228 -56
108 51 7
108 25 -92
108 31 -39
108 114 3
108 214 -46
108 14 -23
108 149 -63
108 21 -29
108 120 81
108 58 50
108 159 92
108 125 76
108 66 -53
108 5 79
109 191 83
109 4 -1
109 16 -38
109 236 -50
109 238 25
109 27 35
109 87 15
109 32 67
109 53 43
109 155 -19
109 218 35
109 128 -91
109 23 -68
109 135 -26
109 41 -65
109 98 14
110 120 -67
110 104 -13
110 255 9
110 32 15
110 85 -14
110 76 83
110 87 32
110 10 74
110 65 -85
110 24 -26
110 26 -3
110 25 17
110 214 -53
110 74 79
110 123 57
110 212 -64
111 243 -2
111 193 -62
111 88 18
111 213 -58
111 156 30
111 213 76
111 165 -78
111 238 88
111 134 -79
111 40 92
111 183 94
111 250 -89
111 174 -78
111 162 32
111 212 92
111 201 -41
112 135 -65
112 165 -31
112 174 -54
112 57 -43
112 212 -97
112 226 73
112 225 -73
112 107 72
112 100 12
112 10 28
112 240 73
112 206 -58
112 76 -33
112 251 30
112 185 -19
112 208 6
113 252 22
113 79 95
113 138 -27
113 52 97
113 210 -26
113 110 65
113 86 -59
113 230 76
113 221 -55
113 32 -94
113 117 16
113 73 79
113 123 -46
113 159 -87
113 183 41
113 247 -47
114 175 -18
114 97 48
114 17 88
114 172 40
114 241 32
114 27 6
114 224 -98
114 234 -39
114 108 -45
114 40 54
114 110 68
114 131 -20
114 228 49
114 131 -4
114 170 -70
114 189 89
115 230 90
115 233 3
115 62 87
115 226 78
115 34 5
115 84 34
115 160 60
115 18 -31
115 201 -87
115 71 23
115 144 27
115 22 -34
115 173 -73
115 240 36
115 128 -83
115 20 36
116 43 30
116 12 -61
116 223 -45
116 69 7
116 152 -46
116 110 39
116 30 41
116 134 -19
116 2 50
116 12 -76
116 119 69
116 210 -95
116 134 53
116 236 41
116 141 -12
116 172 2
117 63 34
117 138 -31
117 199 -65
117 162 -74
117 145 58
117 83 70
117 154 -90
117 76 32
117 236 67
117 71 -33
117 44 -32
117 50 99
117 170 -72
117 91 -44
117 72 -8
117 106 -31
118 9 -75
118 237 99
118 21 -58
118 140 19
118 226 4
118 137 -2
118 127 21
118 184 35
118 62 -14
118 213 -84
118 227 -95
118 31 -65
118 204 -59
118 70 -25
118 14 53
118 63 13
119 154 28
119 134 18
119 39 -24
119 78 47
119 194 -40
119 69 0
119 89 34
119 109 -17
119 176 -12
119 117 72
119 115 -1
119 104 -2
119 184 7
119 50 83
119 251 59
119 49 11
120 59 -35
120 104 79
120 121 66
120 239 -44
120 26 60
120 216 24
120 203 85
120 96 -34
120 253 64
120 126 17
120 167 -46
120 233 14
120 220 45
120 174 -18
120 183 55
120 54 38
121 7 4
121 172 37
121 76 -26
121 104 27
121 62 -42
121 36 50
121 24 30
121 183 -61
121 38 45
121 169 86
121 116 -5
121 61 40
121 201 -87
121 197 -38
121 254 -69
121 145 -46
122 48 23
122 80 -75
122 94 57
122 3 75
122 13 -79
122 136 45
122 56 -39
122 164 81
122 83 95
122 160 -67
122 219 76
122 224 50
122 105 52
122 195 -4
122 45 49
122 37 5
123 166 99
123 187 73
123 31 7
123 76 -54
123 12 67
123 47 82
123 247 86
123 186 -11
123 10 87
123 109 -97
123 132 -29
123 255 39
123 108 46
123 10 47
123 222 -38
123 92 85
124 116 -39
124 141 -85
124 47 -46
124 74 99
124 146 -24
124 102 50
124 153 37
124 186 -81
124 176 1
124 149 -86
124 55 -9
124 14 -36
124 148 -93
124 24 -87
124 73 62
124 25 -23
125 247 -80
125 117 -100
125 203 9
125 125 53
125 200 5
125 78 -22
125 79 -53
125 197 -9
125 249 -27
125 144 -39
125 67 13
125 181 91
125 157 -35
125 206 48
125 108 -69
125 140 -23
126 39 56
126 127 -50
126 138 -84
126 112 -35
126 34 16
126 51 -17
126 9 -27
126 237 71
126 151 62
126 24 -29
126 57 -20
126 57 26
126 183 66
126 158 -64
126 149 11
126 250 48
127 81 -91
127 58 -53
127 47 24
127 163 38
127 33 51
127 90 85
127 226 -19
127 250 -63
127 110 -4
127 124 27
127 192 88
127 136 25
127 94 87
127 244 -13
127 244 92
127 254 -42
128 150 72
128 143 41
128 61 -6
128 81 -77
128 125 -21
128 152 61
128 135 29
128 249 -21
128 192 73
128 152 15
128 203 35
128 217 31
128 88 14
128 105 86
128 209 91
128 237 -44
129 171 -45
129 208 -24
129 77 33
129 246 88
129 211 -56
129 113 -82
129 103 -10
129 7 92
129 68 33
129 37 -58
129 27 -54
129 79 -42
129 117 -7
129 187 21
129 132 -17
129 83 16
130 22 75
130 102 -62
130 69 85
130 218 71
130 162 -66
130 8 28
130 162 -31
130 57 39
130 12 13
130 109 -34
130 190 -17
130 165 51
130 29 45
130 55 46
130 188 21
130 44 -13
131 29 -83
131 199 -88
131 191 69
131 125 -76
131 26 1
131 85 76
131 172 -66
131 37 88
131 125 -80
131 68 -98
131 126 28
131 100 -53
131 39 93
131 211 79
131 5 44
131 96 29
132 231 48
132 31 -25
132 16 28
132 98 -32
132 215 -67
132 103 -58
132 126 36
132 202 95
132 15 1
132 158 52
132 19 -14
132 188 -72
132 84 91
132 97 -10
132 97 46
132 94 -14
133 163 -46
133 197 10
133 21 -27
133 251 -55
133 209 76
133 122 60
133 124 -9
133 3 53
133 5 53
133 198 -56
133 87 -17
133 185 80
133 119 64
133 73 -98
133 161 -46
133 2 -76
134 118 56
134 143 -40
134 51 -5
134 26 75
134 251 -32
134 171 44
134 248 -94
134 49 90
134 190 36
134 214 -28
134 236 -16
134 242 17
134 26 -73
134 118 44
134 14 -90
134 10 -60
135 31 95
135 106 79
135 28 93
135 49 99
135 249 71
135 3 2
135 233 78
135 26 44
135 42 -12
135 214 -5
135 197 -17
135 41 -13
135 140 29
135 171 -76
135 83 70
135 108 57
136 65 -67
136 185 82
136 109 86
136 89 70
136 190 18
136 78 -51
136 66 -34
136 137 -39
136 120 57
136 54 17
136 119 -52
136 162 81
136 133 -61
136 63 91
136 7 -76
136 186 -7
137 17 -69
137 3 -54
137 127 -74
137 227 -54
137 153 -38
137 221 42
137 163 18
137 31 73
137 27 -75
137 208 -88
137 255 -49
137 196 -45
137 242 -7
137 216 48
137 125 -17
137 135 -80
138 46 -7
138 131 18
138 238 -71
138 106 64
138 63 28
138 191 18
138 10 -21
138 31 13
138 104 42
138 49 -46
138 27 97
138 60 -39
138 44 -78
138 36 -74
138 101 -89
138 96 23
139 83 -69
139 23 -73
139 32 79
139 236 44
139 130 28
139 169 73
139 63 44
139 28 -83
139 193 6
139 176 93
139 87 -18
139 118 -64
139 107 -33
139 33 -75
139 4 64
139 233 -67
140 8 -55
140 109 17
140 177 50
140 49 20
140 147 -36
140 149 90
140 132 -86
140 225 82
140 214 36
140 124 61
140 243 -86
140 98 -94
140 121 73
140 245 36
140 46 -85
140 188 21
141 220 14
141 78 -14
141 226 -56
141 138 -78
141 124 50
141 253 -56
141 94 79
141 202 -92
141 254 4
141 66 29
141 129 68
141 186 -31
141 21 -63
141 66 96
141 54 91
141 200 33
142 45 85
142 172 -55
142 18 55
142 226 20
142 57 3
142 185 50
142 33 -78
142 58 79
142 125 15
142 167 55
142 174 96
142 35 0
142 159 -36
142 235 -15
142 27 -38
142 89 25
143 49 67
143 193 9
143 243 -100
143 133 -59
143 229 -82
143 52 -84
143 209 -3
143 228 18
143 58 -92
143 141 -9
143 245 -13
143 205 -20
143 35 -53
143 144 95
143 70 66
143 244 -14
144 27 70
144 105 76
144 6 -36
144 61 -75
144 100 -37
144 63 -77
144 161 -89
144 240 76
144 199 56
144 29 33
144 46 19
144 93 -70
144 183 48
144 256 -58
144 79 -93
144 218 -92
145 189 -64
145 189 73
145 222 -78
145 23 -34
145 244 2
145 94 1
145 90 57
145 176 21
145 50 -19
145 103 36
145 54 -61
145 160 68
145 206 -89
145 180 -41
145 151 79
145 212 -83
146 179 -25
146 35 66
146 85 -22
146 190 -78
146 66 -65
146 56 96
146 54 88
146 245 -2
146 24 -59
146 63 -61
146 149 93
146 41 66
146 9 96
146 184 4
146 245 65
146 175 -51
147 75 -81
147 22 13
147 32 -89
147 20 -83
147 73 43
147 18 -78
147 250 -88
147 84 -63
147 99 -60
147 33 43
147 3 -63
147 65 63
147 181 7
147 180 93
147 115 89
147 109 78
148 252 -93
148 28 3
148 173 -57
148 57 -78
148 235 20
148 69 90
148 46 16
148 144 33
148 71 15
148 28 50
148 204 -57
148 170 44
148 156 -70
148 230 97
148 253 -92
148 80 -2
149 106 -24
149 49 -93
149 87 -91
149 39 1
149 17 37
149 43 49
149 241 41
149 191 28
149 241 -13
149 43 -35
149 24 -29
149 60 0
149 47 75
149 26 3
149 11 3
149 241 14
150 255 -40
150 246 89
150 31 14
150 135 -16
150 133 86
150 254 -3
150 92 -65
150 54 -22
150 210 -71
150 7 -87
150 36 -60
150 158 -89
150 120 51
150 183 18
150 148 23
150 205 22
151 82 -95
151 226 -88
151 115 69
151 211 4
151 104 -26
151 24 -22
151 195 43
151 254 -76
151 142 61
151 158 -58
151 174 -32
151 219 -39
151 133 51
151 256 -27
151 62 8
151 222 35
152 167 -37
152 17 87
152 4 -84
152 223 46
152 180 68
152 162 -44
152 120 -73
152 198 -38
152 11 61
152 96 -98
152 93 -35
152 80 98
152 150 8
152 175 -36
152 65 49
152 111 74
153 143 -78
153 59 -78
153 62 15
153 138 6
153 175 -1
153 207 15
153 194 90
153 239 -13
153 219 41
153 226 -44
153 48 69
153 33 22
153 73 -11
153 143 -17
153 53 -40
153 243 94
154 220 -23
154 246 -82
154 123 -63
154 113 -57
154 101 -25
154 32 -52
154 23 -41
154 180 33
154 75 -96
154 8 7
154 78 -42
154 24 -5
154 102 67
154 21 -78
154 143 -66
154 185 20
155 84 81
155 32 74
155 97 93
155 173 -61
155 7 2
155 252 43
155 238 -74
155 113 57
155 69 70
155 29 -66
155 179 9
155 154 -89
155 225 93
155 185 -25
155 94 -54
155 128 -14
156 133 -30
156 26 -57
156 224 -38
156 9 25
156 91 -17
156 91 -54
156 79 60
156 196 41
156 156 39
156 246 -93
156 86 -26
156 161 35
156 58 10
156 150 -1
156 180 56
156 106 19
157 211 11
157 51 85
157 199 -95
157 119 -73
157 159 62
157 114 81
157 134 28
157 179 -48
157 192 -4
157 94 23
157 75 -60
157 131 32
157 128 -86
157 253 -78
157 149 26
157 104 -65
158 48 40
158 19 15
158 210 67
158 232 25
158 254 -43
158 52 -23
158 179 -48
158 71 -11
158 190 87
158 95 -6
158 14 77
158 60 -2
158 9 59
158 73 3
158 93 -51
158 142 -55
159 226 64
159 183 -7
159 249 -57
159 247 13
159 248 62
159 64 -2
159 220 56
159 47 1
159 138 61
159 12 -51
159 64 -6
159 110 99
159 151 -80
159 128 62
159 212 -65
159 228 72
160 37 68
160 147 80
160 82 -100
160 8 -49
160 245 31
160 177 -74
160 8 87
160 64 16
160 186 51
160 6 60
160 170 -67
160 67 -10
160 185 86
160 30 -4
160 186 9
160 231 12
161 82 -61
161 136 -86
161 208 84
161 100 -94
161 118 -24
161 40 76
161 44 -61
161 80 19
161 150 -99
161 185 14
161 116 -59
161 255 84
161 12 -88
161 87 -69
161 81 67
161 99 -54
162 28 70
162 90 -26
162 41 10
162 149 58
162 256 95
162 118 86
162 70 -99
162 185 -74
162 110 17
162 235 72
162 17 -92
162 157 -14
162 99 -48
162 169 71
162 130 -2
162 40 43
163 42 31
163 67 -60
163 174 -47
163 34 -45
163 173 -47
163 222 41
163 204 81
163 182 94
163 242 -8
163 182 93
163 142 -48
163 220 39
163 1 99
163 117 -14
163 54 90
163 167 -95
164 102 -28
164 132 63
164 252 4
164 96 -100
164 44 72
164 110 55
164 255 3
164 152 -76
164 20 -11
164 127 43
164 194 -35
164 196 -34
164 177 0
164 163 -99
164 217 67
164 141 27
165 196 -97
165 141 95
165 96 -7
165 155 91
165 137 -19
165 47 -32
165 191 -24
165 168 -64
165 34 -32
165 65 88
165 155 -14
165 39 69
165 254 64
165 135 -39
165 24 14
165 200 71
166 183 14
166 103 -70
166 161 -32
166 209 -100
166 199 20
166 28 96
166 157 54
166 218 78
166 253 84
166 153 8
166 80 75
166 82 18
166 165 -55
166 161 67
166 149 -34
166 248 -75
167 168 12
167 21 79
167 202 49
167 10 69
167 14 -5
167 230 47
167 161 4
167 7 -30
167 42 38
167 159 -21
167 102 -83
167 32 50
167 234 -15
167 172 98
167 1 74
167 119 -14
168 242 70
168 48 -27
168 147 32
168 250 90
168 192 26
168 49 -43
168 123 42
168 90 -61
168 49 -34
168 122 89
168 118 82
168 38 95
168 6 -2
168 215 -94
168 69 73
168 199 -87
169 14 73
169 31 -4
169 86 -100
169 161 -22
169 50 -10
169 226 -62
169 100 64
169 5 3
169 61 -1
169 1 71
169 237 59
169 247 -29
169 207 -47
169 20 6
169 93 14
169 196 -4
170 87 23
170 172 -89
170 68 -5
170 165 -40
170 171 92
170 74 8
170 5 34
170 87 72
170 125 -55
170 65 -31
170 255 -59
170 244 -67
170 172 -52
170 34 59
170 219 39
170 183 59
171 65 1
171 135 69
171 92 6
171 225 -84
171 125 -21
171 163 -8
171 179 58
171 255 64
171 253 13
171 191 15
171 126 -14
171 248 5
171 238 -49
171 216 -45
171 91 -82
171 118 -37
172 116 -13
172 65 56
172 178 -93
172 131 16
172 94 -72
172 240 -62
172 213 -15
172 210 -4
172 223 21
172 109 36
172 235 41
172 200 90
172 10 -94
172 132 -39
172 116 -57
172 192 51
173 162 -42
173 123 -99
173 208 -81
173 10 -49
173 73 -89
173 90 -30
173 38 30
173 13 52
173 24 -58
173 136 -92
173 154 59
173 57 27
173 223 97
173 177 -39
173 191 -15
173 172 -47
174 252 67
174 203 -9
174 239 -14
174 57 13
174 158 40
174 135 84
174 55 41
174 153 3
174 32 -20
174 117 67
174 71 -64
174 99 99
174 56 74
174 239 2
174 133 40
174 246 98
175 43 24
175 231 47
175 95 -95
175 33 -59
175 45 87
175 37 -42
175 108 -33
175 217 56
175 181 26
175 193 67
175 113 -53
175 138 50
175 185 -3
175 122 1
175 234 23
175 44 -54
176 41 86
176 89 -54
176 229 68
176 146 59
176 113 -31
176 68 -52
176 25 40
176 59 69
176 184 -21
176 130 84
176 139 -76
176 142 -88
176 12 51
176 207 -90
176 111 -33
176 46 -92
177 30 17
177 165 60
177 65 -7
177 141 24
177 210 -64
177 234 -87
177 144 73
177 66 -31
177 82 58
177 215 89
177 86 -46
177 178 -57
177 244 -8
177 144 -86
177 205 -74
177 169 -100
178 52 25
178 102 22
178 179 32
178 222 -30
178 254 81
178 56 69
178 228 9
178 108 1
178 240 4
178 250 24
178 47 30
178 250 -76
178 155 56
178 30 -17
178 77 -3
178 218 -17
179 195 -30
179 48 28
179 176 52
179 196 72
179 63 -5
179 174 6
179 241 -81
179 144 33
179 179 -56
179 223 -92
179 174 29
179 174 -15
179 176 61
179 102 2
179 14 47
179 236 -6
180 73 -77
180 82 -8
180 94 -77
180 61 -24
180 105 66
180 68 67
180 26 -55
180 139 -82
180 111 4
180 249 -97
180 242 1
180 180 76
180 251 -87
180 106 35
180 110 48
180 200 -9
181 134 -62
181 67 -9
181 141 -48
181 180 85
181 238 -52
181 235 -41
181 133 89
181 244 -89
181 176 36
181 256 61
181 210 -67
181 210 -42
181 159 -82
181 56 -65
181 49 1
181 247 27
182 95 42
182 113 88
182 55 -2
182 177 -78
182 18 -60
182 209 -92
182 114 -97
182 91 -78
182 144 -80
182 84 41
182 7 10
182 237 -92
182 84 74
182 253 -58
182 253 72
182 92 -84
183 161 -10
183 29 69
183 176 20
183 198 50
183 26 45
183 137 54
183 101 74
183 170 5
183 119 -98
183 9 33
183 32 67
183 66 9
183 81 10
183 206 82
183 62 -53
183 189 69
184 198 45
184 152 -26
184 237 65
184 59 57
184 134 2
184 59 -47
184 47 -2
184 126 79
184 122 46
184 23 48
184 18 94
184 209 -72
184 221 95
184 75 -44
184 134 60
184 132 45
185 147 -21
185 7 -56
185 248 -2
185 234 27
185 251 -1
185 157 -35
185 110 0
185 205 -40
185 227 79
185 227 -81
185 3 -2
185 112 -56
185 253 36
185 97 -44
185 108 -11
185 127 -31
186 145 -43
186 240 1
186 122 22
186 202 -20
186 110 66
186 183 44
186 216 95
186 34 -80
186 52 -90
186 192 20
186 88 5
186 50 -47
186 71 86
186 13 -74
186 61 -36
186 226 86
187 145 46
187 40 20
187 16 -95
187 32 74
187 20 -65
187 187 46
187 185 69
187 159 -32
187 36 -1
187 40 -37
187 45 48
187 178 30
187 20 -62
187 78 62
187 159 34
187 22 13
188 3 -56
188 78 -91
188 135 2
188 144 37
188 234 95
188 1 -43
188 84 -33
188 196 52
188 182 26
188 205 38
188 69 -62
188 101 9
188 115 54
188 93 -43
188 106 74
188 100 -58
189 124 -91
189 237 -69
189 108 -5
189 51 -75
189 143 -84
189 165 45
189 116 -24
189 46 73
189 3 77
189 32 -68
189 84 -7
189 102 73
189 226 48
189 145 46
189 188 11
189 58 -50
190 192 38
190 96 -30
190 184 -3
190 60 7
190 154 -12
190 83 -19
190 216 -92
190 145 65
190 254 -84
190 192 -93
190 144 -27
190 192 -29
190 184 55
190 60 -14
190 19 -71
190 13 2
191 43 16
191 156 30
191 246 12
191 230 -39
191 91 -18
191 233 3
191 104 24
191 200 52
191 24 -15
191 28 -88
191 85 -55
191 211 -34
191 118 -84
191 96 -92
191 29 8
191 45 -39
192 177 36
192 216 61
192 171 -30
192 187 -6
192 247 65
192 254 63
192 178 12
192 153 70
192 135 47
192 7 -98
192 196 -38
192 66 -31
192 102 44
192 59 90
192 49 76
192 61 -92
193 251 88
193 230 64
193 40 16
193 101 97
193 179 -12
193 116 -42
193 20 91
193 191 26
193 43 -83
193 147 58
193 176 -35
193 181 -59
193 82 -47
193 58 -75
193 251 49
193 134 -85
194 97 86
194 53 -47
194 173 70
194 146 -13
194 218 39
194 72 -2
194 230 97
194 203 68
194 166 -3
194 211 -35
194 119 -25
194 47 40
194 177 26
194 56 -67
194 15 -99
194 30 -83
195 158 -48
195 8 98
195 123 88
195 199 88
195 12 73
195 194 -78
195 39 95
195 154 -64
195 88 58
195 218 55
195 203 55
195 177 78
195 83 39
195 246 -93
195 137 -39
195 186 -35
196 87 -58
196 117 -40
196 183 -42
196 68 56
196 185 -96
196 168 78
196 114 -1
196 176 31
196 102 98
196 214 -27
196 95 12
196 252 -66
196 238 58
196 224 -22
196 36 59
196 209 97
197 229 50
197 109 94
197 231 40
197 252 40
197 236 -63
197 228 -6
197 31 45
197 111 94
197 198 28
197 8 81
197 241 -41
197 236 -56
197 182 33
197 189 68
197 52 -29
197 238 -41
198 211 67
198 5 93
198 238 28
198 218 -84
198 29 -20
198 127 -64
198 173 88
198 239 -2
198 100 41
198 103 -25
198 1 48
198 196 -34
198 144 30
198 200 10
198 147 -73
198 172 98
199 104 -80
199 183 96
199 193 39
199 177 -2
199 202 -84
199 225 81
199 111 99
199 144 16
199 1 0
199 88 84
199 227 -50
199 22 23
199 71 73
199 198 76
199 133 -34
199 171 3
200 133 10
200 21 78
200 231 72
200 121 98
200 27 81
200 106 37
200 10 -65
200 237 98
200 141 -66
200 45 14
200 192 82
200 117 -98
200 118 -44
200 83 5
200 54 -85
200 198 -83
201 219 -12
201 214 -25
201 212 -50
201 24 46
201 108 -22
201 242 81
201 248 21
201 7 47
201 87 10
201 206 -97
201 64 -92
201 12 -22
201 16 -97
201 29 28
201 216 -81
201 171 87
202 67 -25
202 205 48
202 1 -33
202 244 2
202 13 94
202 222 13
202 52 34
202 151 -47
202 249 46
202 124 63
202 173 -18
202 117 42
202 54 -92
202 147 11
202 29 -23
202 74 4
203 54 -29
203 95 75
203 27 -75
203 238 -11
203 200 58
203 92 -16
203 167 -32
203 134 -3
203 191 -69
203 16 -57
203 92 -57
203 145 91
203 227 89
203 44 86
203 49 17
203 158 -63
204 213 87
204 24 -28
204 253 48
204 204 89
204 72 -64
204 87 -70
204 235 89
204 61 90
204 104 78
204 256 41
204 31 -36
204 113 -73
204 44 61
204 160 29
204 108 -53
204 82 -78
205 254 50
205 78 -4
205 91 57
205 182 -17
205 140 44
205 226 -93
205 83 -89
205 92 89
205 142 44
205 216 43
205 25 44
205 85 -75
205 176 -28
205 215 -30
205 31 -15
205 120 -82
206 154 44
206 158 -15
206 162 -4
206 150 -51
206 198 61
206 5 70
206 67 -92
206 236 65
206 45 -3
206 220 83
206 154 74
206 172 -27
206 111 -26
206 31 -7
206 221 -38
206 231 -83
207 66 -4
207 3 64
207 151 79
207 88 91
207 158 27
207 86 -52
207 249 -74
207 17 -56
207 150 -89
207 244 -20
207 193 78
207 28 -73
207 103 83
207 132 -65
207 231 12
207 252 -58
208 91 67
208 160 8
208 247 -91
208 229 83
208 35 50
208 71 -53
208 19 54
208 78 91
208 179 -17
208 159 -64
208 14 -34
208 226 2
208 125 -14
208 189 -18
208 104 33
208 45 -74
209 6 2
209 80 -23
209 16 -79
209 125 -25
209 115 18
209 124 45
209 125 9
209 184 76
209 172 23
209 94 -23
209 238 41
209 66 -63
209 217 -57
209 113 5
209 68 -8
209 27 -42
210 204 -75
210 85 44
210 20 -86
210 36 -65
210 12 55
210 208 69
210 234 -43
210 208 96
210 7 2
210 228 41
210 33 8
210 158 -82
210 115 73
210 160 77
210 189 97
210 50 86
211 102 -89
211 220 35
211 154 -31
211 116 -80
211 194 -71
211 80 81
211 37 61
211 104 71
211 150 64
211 16 92
211 254 -29
211 13 84
211 106 -74
211 235 -4
211 122 96
211 109 11
212 253 72
212 229 -67
212 208 53
212 152 3
212 86 -63
212 184 54
212 27 -21
212 151 94
212 255 -8
212 146 -99
212 219 -61
212 252 58
212 49 40
212 177 47
212 214 29
212 12 -12
213 121 31
213 197 -75
213 127 -31
213 124 12
213 252 -60
213 73 -18
213 187 -58
213 56 25
213 86 -61
213 148 -14
213 74 84
213 249 65
213 14 68
213 245 -15
213 118 25
213 166 -100
214 24 15
214 236 -3
214 20 29
214 165 -15
214 245 77
214 178 4
214 232 36
214 180 -48
214 11 -73
214 209 -31
214 70 -33
214 164 -64
214 13 21
214 11 -40
214 184 33
214 17 -38
215 210 -36
215 14 68
215 217 59
215 136 -1
215 35 72
215 225 -34
215 106 71
215 51 18
215 112 18
215 164 16
215 176 11
215 242 -3
215 99 -94
215 153 10
215 190 -47
215 131 -77
216 73 -8
216 218 74
216 121 81
216 247 9
216 91 -65
216 161 64
216 90 51
216 43 24
216 185 34
216 60 -63
216 239 56
216 233 58
216 162 66
216 68 0
216 254 -43
216 122 50
217 78 -86
217 169 85
217 19 -12
217 94 47
217 107 -87
217 6 41
217 169 -37
217 24 -30
217 79 -57
217 246 -63
217 211 88
217 174 60
217 1 91
217 76 -61
217 96 -49
217 132 88
218 205 -87
218 13 31
218 185 59
218 76 -71
218 145 -83
218 173 13
218 3 -12
218 251 -16
218 205 52
218 244 -78
218 215 96
218 254 40
218 159 80
218 152 -24
218 28 -98
218 196 -94
219 120 -32
219 187 -1
219 150 70
219 248 14
219 120 97
219 247 -84
219 256 -3
219 118 -45
219 151 -6
219 253 86
219 210 -69
219 236 24
219 21 15
219 150 76
219 209 64
219 203 59
220 2 -52
220 47 -93
220 160 -65
220 129 -49
220 120 43
220 185 -49
220 249 44
220 8 53
220 246 -88
220 22 -14
220 238 46
220 35 69
220 118 51
220 196 -12
220 233 15
220 117 -77
221 21 -47
221 168 -27
221 26 -77
221 95 94
221 146 87
221 100 71
221 256 -58
221 94 72
221 128 -80
221 207 69
221 201 -60
221 159 -14
221 155 -4
221 173 0
221 86 -24
221 190 12
222 234 -62
222 158 2
222 99 -74
222 5 40
222 205 43
222 59 53
222 224 63
222 190 -73
222 174 24
222 22 52
222 178 13
222 155 46
222 212 -90
222 200 12
222 235 -60
222 230 29
223 82 42
223 99 -68
223 110 -91
223 154 -15
223 202 78
223 34 45
223 37 -12
223 58 -17
223 194 -83
223 3 -90
223 161 8
223 70 -68
223 122 41
223 19 86
223 24 40
223 120 -3
224 152 -24
224 38 -93
224 40 63
224 236 -33
224 9 -1
224 127 95
224 213 7
224 47 -67
224 154 86
224 179 76
224 232 27
224 54 -70
224 217 -44
224 202 30
224 225 81
224 156 -79
225 55 -94
225 55 84
225 14 89
225 219 87
225 226 1
225 61 -80
225 245 -50
225 145 -60
225 86 -76
225 44 -93
225 64 -52
225 236 42
225 5 93
225 70 77
225 214 88
225 60 -10
226 82 82
226 21 -73
226 44 -74
226 177 15
226 200 -74
226 194 84
226 131 57
226 186 39
226 72 62
226 192 -64
226 151 4
226 175 -37
226 51 11
226 156 -57
226 6 -59
226 62 -50
227 187 -67
227 176 7
227 176 -59
227 105 70
227 27 -40
227 19 -43
227 149 -71
227 20 96
227 131 20
227 58 -19
227 184 -84
227 233 63
227 203 89
227 17 99
227 7 -89
227 91 77
228 105 -19
228 51 59
228 102 -92
228 210 -85
228 26 -55
228 217 61
228 6 32
228 43 -95
228 117 24
228 10 -82
228 139 -49
228 120 -47
228 218 -75
228 113 37
228 109 -72
228 244 -90
229 131 21
229 42 20
229 104 86
229 160 -65
229 89 12
229 24 -9
229 66 -25
229 230 -88
229 200 82
229 52 -50
229 64 34
229 206 -78
229 139 -41
229 133 -15
229 138 -61
229 12 -98
230 25 82
230 205 -100
230 124 -25
230 107 25
230 4 -58
230 108 -87
230 232 -34
230 202 -23
230 10 -72
230 63 87
230 146 99
230 147 68
230 72 76
230 109 6
230 110 -70
230 84 89
231 58 90
231 250 96
231 19 -56
231 246 -78
231 26 17
231 220 -25
231 41 58
231 12 -30
231 133 -29
231 97 -32
231 4 -32
231 59 -72
231 63 -50
231 30 -80
231 208 91
231 198 -44
232 194 9
232 171 -83
232 95 -2
232 99 -11
232 244 -40
232 144 -55
232 109 -21
232 179 -1
232 180 93
232 185 -26
232 99 30
232 143 15
232 104 9
232 9 65
232 172 -57
232 208 -82
233 59 11
233 216 90
233 50 -41
233 213 -15
233 71 90
233 239 32
233 80 -82
233 250 -6
233 148 93
233 176 -41
233 187 -59
233 187 -55
233 48 -44
233 85 -25
233 193 66
233 15 -81
234 128 -94
234 38 -99
234 47 -90
234 141 57
234 48 -19
234 183 29
234 62 -66
234 16 82
234 255 -44
234 107 54
234 143 7
234 221 -20
234 240 76
234 172 11
234 48 36
234 190 43
235 6 -94
235 233 -28
235 121 63
235 51 30
235 248 43
235 60 74
235 140 -84
235 7 -77
235 117 8
235 199 -75
235 206 -75
235 89 62
235 185 -46
235 71 -79
235 91 -32
235 87 -56
236 58 -41
236 138 -40
236 203 54
236 199 73
236 252 55
236 88 83
236 16 79
236 174 32
236 255 97
236 83 64
236 205 56
236 103 56
236 232 44
236 21 -6
236 104 -36
236 147 -4
237 186 59
237 42 52
237 177 -53
237 58 75
237 11 -94
237 220 -47
237 20 76
237 116 35
237 168 -92
237 172 -31
237 140 -12
237 64 85
237 233 -72
237 105 -65
237 91 -25
237 188 -4
238 156 23
238 195 2
238 187 35
238 22 81
238 42 53
238 3 -23
238 15 74
238 190 -24
238 160 -8
238 82 19
238 212 -27
238 237 24
238 86 71
238 211 51
238 120 -83
238 192 -21
239 224 -26
239 194 -83
239 134 -31
239 119 -66
239 114 49
239 72 -7
239 150 68
239 101 -56
239 172 35
239 249 -12
239 220 81
239 93 -9
239 37 89
239 166 98
239 117 62
239 128 89
240 132 15
240 8 36
240 205 -54
240 35 4
240 141 -38
240 145 36
240 150 -64
240 158 70
240 124 -9
240 168 29
240 237 67
240 70 -18
240 20 58
240 27 -19
240 53 75
240 155 30
241 194 66
241 57 3
241 199 41
241 250 -74
241 131 -40
241 3 18
241 215 -56
241 217 14
241 199 -27
241 6 9
241 233 -62
241 190 49
241 122 41
241 167 87
241 247 -74
241 28 13
242 150 73
242 44 -91
242 136 -74
242 193 18
242 102 -14
242 61 33
242 177 -60
242 101 -29
242 131 4
242 127 24
242 244 29
242 139 -88
242 27 60
242 23 -81
242 29 24
242 196 60
243 20 -69
243 64 -63
243 211 -79
243 117 -74
243 199 62
243 6 61
243 122 61
243 79 -47
243 50 58
243 254 34
243 227 67
243 52 84
243 128 -4
243 61 -38
243 25 -100
243 138 -9
244 18 10
244 68 86
244 221 -27
244 55 52
244 167 0
244 139 67
244 14 32
244 195 58
244 191 50
244 122 -28
244 116 81
244 182 -39
244 209 -59
244 189 98
244 44 -42
244 58 -30
245 177 -11
245 26 -72
245 134 82
245 217 52
245 5 43
245 90 76
245 38 31
245 15 -56
245 48 95
245 200 50
245 72 92
245 235 68
245 24 -50
245 56 -55
245 92 52
245 13 -33
246 231 11
246 189 -34
246 91 33
246 243 28
246 87 52
246 212 -99
246 56 38
246 208 51
246 130 84
246 172 24
246 91 -44
246 4 -47
246 180 -58
246 69 47
246 36 -50
246 158 -58
247 181 70
247 75 30
247 53 27
247 209 65
247 74 -1
247 143 -14
247 209 -74
247 249 -12
247 174 -90
247 13 -1
247 6 21
247 130 31
247 197 -82
247 15 27
247 73 70
247 113 39
248 242 91
248 71 -76
248 171 -26
248 135 16
248 246 23
248 164 -67
248 160 -78
248 47 53
248 251 86
248 230 73
248 56 93
248 229 -84
248 123 -89
248 63 -78
248 164 97
248 51 92
249 161 -32
249 9 38
249 79 79
249 167 50
249 218 50
249 130 30
249 46 -41
249 30 -59
249 212 16
249 139 -70
249 53 -44
249 79 -49
249 135 13
249 159 62
249 173 30
249 201 -60
250 175 55
250 91 -95
250 29 -46
250 188 92
250 80 11
250 19 99
250 252 89
250 145 75
250 51 -10
250 66 11
250 178 92
250 7 -57
250 75 -78
250 210 -80
250 73 33
250 12 -47
251 173 -1
251 118 -33
251 5 -95
251 102 36
251 62 27
251 97 54
251 74 -7
251 151 -3
251 225 71
251 140 65
251 214 -74
251 149 58
251 244 -37
251 214 7
251 111 56
251 91 -43
252 119 -8
252 73 -62
252 244 68
252 101 -90
252 225 -68
252 217 39
252 115 -84
252 224 39
252 53 -80
252 22 -36
252 144 -93
252 113 -27
252 99 89
252 73 -60
252 51 -99
252 10 89
253 168 92
253 116 73
253 179 -30
253 98 96
253 47 -22
253 137 17
253 173 25
253 177 -97
253 199 -68
253 18 -49
253 98 14
253 244 27
253 218 -96
253 205 -36
253 218 -71
253 148 50
254 15 -50
254 175 -64
254 181 7
254 49 68
254 203 -1
254 120 -30
254 121 72
254 256 -63
254 8 88
254 30 55
254 198 57
254 243 42
254 28 51
254 59 -94
254 207 -100
254 118 68
255 104 -90
255 256 -16
255 1 53
255 9 -88
255 239 -56
255 56 -35
255 125 -33
255 147 32
255 219 13
255 59 -46
255 139 56
255 120 -72
255 109 87
255 27 -25
255 177 -17
255 78 -89
256 84 56
256 204 -79
256 52 -4
256 156 -46
256 131 12
256 14 -46
256 50 52
256 229 15
256 21 2
256 227 -24
256 95 -12
256 1 91
256 148 59
256 229 -71
256 209 77
256 189 93
