256 1972
1 160 -69
1 131 50
1 19 -90
1 163 57
1 77 -52
1 207 -30
1 224 -58
1 142 28
1 138 70
1 253 80
1 78 -90
1 141 -9
1 50 58
1 23 -2
1 127 17
1 154 -39
2 164 37
2 89 -40
2 150 -77
2 63 53
2 68 -63
2 11 -74
2 209 -53
2 224 36
2 27 -2
2 86 81
2 183 54
2 125 -8
2 105 -93
2 126 -99
2 93 -35
2 102 -56
3 77 -83
3 114 13
3 43 86
3 189 34
3 158 93
3 163 -47
3 70 -81
3 115 73
3 129 -32
3 198 15
3 182 50
3 35 55
3 52 92
3 57 70
3 20 79
3 243 7
4 214 68
4 67 42
4 241 17
4 69 -88
4 253 73
4 238 80
4 102 3
4 68 50
4 123 74
4 96 38
4 240 -80
4 100 -66
4 71 9
4 156 -12
4 124 -62
4 26 90
5 12 -14
5 6 -32
5 79 -43
5 41 56
5 225 32
5 139 98
5 88 -84
5 72 -18
5 10 -88
5 149 51
5 175 96
5 37 85
5 110 56
5 229 -6
5 141 59
5 231 -93
6 50 73
6 24 -46
6 31 -26
6 130 50
6 245 95
6 118 -47
6 210 78
6 105 -29
6 238 29
6 250 55
6 223 18
6 22 5
6 147 4
6 40 1
6 106 21
6 215 -2
7 132 38
7 8 36
7 181 -97
7 160 -68
7 42 18
7 141 31
7 10 -10
7 198 -16
7 158 -16
7 137 -53
7 119 45
7 128 -13
7 64 55
7 27 22
7 112 38
8 192 -40
8 20 20
8 194 -3
8 28 81
8 15 -61
8 42 29
8 109 -37
8 204 -94
8 117 -97
8 228 -8
8 73 49
8 118 -55
8 123 -93
8 95 69
8 214 37
9 156 -41
9 80 -39
9 191 -32
9 68 -48
9 203 26
9 29 -98
9 223 90
9 256 89
9 55 -25
9 140 99
9 27 -38
9 163 -17
9 141 72
9 213 -25
10 186 -35
10 227 22
10 242 3
10 62 -52
10 128 62
10 222 84
10 182 -39
10 24 -48
10 91 40
10 27 -16
10 110 -98
10 55 67
10 206 -74
10 122 99
10 143 -34
11 104 54
11 236 42
11 128 29
11 241 5
11 62 75
11 120 -72
11 170 54
11 73 -100
11 67 93
11 214 98
11 40 -61
11 220 44
11 116 -51
11 150 -94
11 65 -3
11 152 78
12 67 78
12 40 58
12 216 -74
12 174 -95
12 53 91
12 129 -26
12 39 -92
12 96 -35
12 217 -98
12 92 -21
12 101 18
12 14 19
12 33 85
12 97 -92
13 31 63
13 27 71
13 246 -86
13 166 -22
13 157 45
13 77 -74
13 170 90
13 38 35
13 16 -51
13 86 84
13 183 65
13 147 -76
13 23 33
13 108 -69
13 61 77
14 225 -23
14 60 44
14 157 70
14 185 59
14 206 -57
14 216 -60
14 200 65
14 68 32
14 188 31
14 20 -25
14 180 99
14 100 -83
14 119 49
14 77 -6
14 23 -5
14 197 -90
15 143 48
15 214 64
15 199 -50
15 179 24
15 34 -69
15 164 -41
15 207 -80
15 127 50
15 251 82
15 189 -50
15 227 41
15 123 73
15 64 -41
16 121 -98
16 57 -75
16 116 -78
16 107 1
16 156 27
16 233 -78
16 215 96
16 67 -23
16 20 73
16 232 -14
16 187 48
16 51 -30
16 210 -4
16 146 97
16 240 -65
16 230 -54
17 101 -82
17 89 89
17 164 -74
17 210 -20
17 158 -33
17 252 -28
17 150 -93
17 136 -5
17 212 36
17 151 -94
17 78 49
17 240 3
17 163 77
17 244 -49
17 116 47
17 134 -36
18 142 -19
18 21 -83
18 78 -8
18 74 13
18 55 97
18 241 66
18 193 55
18 143 -82
18 117 -56
18 131 35
18 228 -41
18 41 -95
18 243 17
18 99 -71
18 232 9
18 103 52
19 71 53
19 163 40
19 25 -56
19 37 87
19 152 55
19 36 -33
19 206 -16
19 174 -58
19 58 99
19 186 73
19 57 15
19 68 -92
19 231 58
19 22 45
20 175 88
20 250 -82
20 170 27
20 116 -14
20 224 50
20 191 -85
20 39 -14
20 86 -18
20 223 -61
20 44 25
20 90 -18
20 35 66
20 219 34
20 202 71
20 89 75
21 108 -89
21 217 36
21 229 55
21 169 23
21 139 44
21 252 -43
21 237 -81
21 75 1
21 47 -55
21 118 -7
21 97 92
21 31 -96
21 239 68
21 187 -15
21 104 -44
22 168 83
22 172 69
22 138 -28
22 218 -74
22 62 -82
22 159 21
22 208 69
22 43 -88
22 114 36
22 79 35
22 94 25
22 238 -94
22 80 98
22 146 -70
22 123 -22
23 256 89
23 199 -75
23 170 -91
23 111 22
23 134 -66
23 242 53
23 88 11
23 185 -88
23 57 -73
23 182 -41
23 195 -85
23 176 42
23 60 -71
23 184 83
23 38 -69
23 137 -33
24 184 -15
24 125 -77
24 160 -30
24 26 -86
24 227 -40
24 113 75
24 85 -93
24 80 -29
24 150 -69
24 228 3
24 255 66
24 183 -96
24 93 28
24 43 -79
24 210 67
25 92 54
25 121 49
25 208 -70
25 176 -21
25 183 21
25 246 -10
25 115 -96
25 103 -66
25 144 82
25 150 -79
25 27 75
25 116 60
25 244 55
26 62 54
26 224 83
26 35 63
26 218 14
26 42 22
26 256 35
26 177 71
26 194 69
26 211 0
26 72 -64
26 111 52
26 98 -76
26 56 -97
26 198 24
26 85 21
26 84 -39
27 209 22
27 78 73
27 238 -32
27 155 -47
27 34 -81
27 53 72
27 163 -43
27 188 40
27 104 -93
27 205 -46
27 80 35
27 83 20
27 98 -28
27 63 42
27 86 -16
28 35 -21
28 159 97
28 209 -22
28 37 -4
28 250 10
28 148 92
28 39 73
28 133 69
28 251 59
28 238 -57
28 117 93
28 75 -1
28 119 61
28 244 -51
29 83 86
29 243 -57
29 183 59
29 145 -81
29 198 -54
29 121 86
29 50 -82
29 244 4
29 53 78
29 195 96
29 246 79
29 236 -39
29 48 -40
29 97 17
29 168 -30
30 49 8
30 126 1
30 216 26
30 186 56
30 225 -82
30 147 -50
30 136 26
30 240 30
30 76 -46
30 252 -10
30 150 -96
30 34 16
30 195 42
30 61 90
30 117 55
31 100 23
31 246 -60
31 194 98
31 193 -85
31 36 62
31 215 -74
31 55 44
31 202 -17
31 223 12
31 134 -27
31 244 -74
31 189 8
32 206 45
32 97 70
32 202 0
32 161 66
32 37 93
32 254 70
32 175 56
32 50 64
32 246 14
32 83 -94
32 128 -92
32 103 -8
32 125 84
33 64 -79
33 38 76
33 42 64
33 168 -5
33 36 4
33 86 -79
33 161 41
33 216 -66
33 123 -73
33 250 -33
33 179 -13
33 155 -8
33 56 51
33 204 1
33 75 12
34 80 -4
34 76 21
34 210 75
34 202 8
34 148 -5
34 204 -92
34 181 -15
34 66 -50
34 250 -34
34 54 71
34 170 -75
34 125 62
34 217 67
34 234 40
35 197 -73
35 125 -69
35 179 45
35 238 96
35 84 29
35 103 51
35 104 33
35 83 -86
35 88 -95
35 100 -34
35 75 -1
35 233 -100
35 132 -41
36 102 -92
36 124 -55
36 92 -28
36 211 -64
36 72 87
36 75 14
36 197 50
36 170 -62
36 51 41
36 138 -63
36 123 -62
36 120 -36
36 110 55
36 240 -75
37 222 -49
37 98 -88
37 71 76
37 163 -41
37 180 96
37 90 99
37 247 -43
37 170 -61
37 137 -13
37 219 -100
37 151 70
37 93 8
38 140 -64
38 125 -71
38 164 -7
38 88 27
38 104 76
38 158 25
38 54 -16
38 182 -21
38 67 89
38 137 -99
38 236 -84
38 232 59
38 82 -78
39 197 -66
39 177 49
39 74 37
39 103 -97
39 145 -25
39 209 -64
39 134 -68
39 64 75
39 184 -40
39 190 -87
39 249 -24
39 245 -7
39 104 -93
39 63 -83
39 88 51
40 174 -79
40 83 -34
40 110 -26
40 91 -96
40 189 5
40 179 -48
40 206 84
40 46 -21
40 84 26
40 158 -72
40 182 95
40 98 63
40 185 28
41 197 -82
41 62 6
41 239 -99
41 52 -28
41 69 -41
41 223 80
41 75 -91
41 95 -97
41 162 -47
41 72 86
41 138 42
41 131 -95
41 110 89
41 79 17
42 138 10
42 169 78
42 193 -8
42 155 80
42 204 -49
42 223 -85
42 183 -58
42 246 36
42 101 -7
42 195 -49
42 116 68
42 90 55
42 215 -89
42 243 -3
43 195 60
43 109 52
43 98 59
43 224 -8
43 118 50
43 140 57
43 156 11
43 210 39
43 213 36
43 177 21
43 167 -24
43 242 57
43 254 -93
43 136 14
43 122 77
44 76 -56
44 136 -96
44 183 52
44 220 82
44 156 51
44 214 43
44 227 -13
44 170 18
44 109 -96
44 99 -48
44 45 -1
44 161 73
44 75 -33
44 166 3
45 62 -23
45 187 90
45 94 -4
45 91 25
45 73 -27
45 177 -85
45 97 -49
45 102 74
45 50 -39
45 215 -46
45 93 67
45 135 9
46 176 40
46 63 76
46 115 -64
46 239 -72
46 192 -31
46 153 -86
46 65 19
46 62 -66
46 246 -25
46 123 -35
46 51 52
46 229 -98
47 254 92
47 164 -69
47 92 -93
47 58 83
47 246 22
47 160 -62
47 187 -81
47 119 -94
47 110 88
47 235 -86
48 121 76
48 101 -72
48 255 -91
48 104 82
48 242 51
48 191 -79
48 214 -41
48 167 50
48 133 1
48 185 -29
48 116 -45
48 212 26
48 228 -3
49 246 62
49 209 69
49 199 -14
49 175 18
49 250 65
49 81 24
49 97 -96
49 143 65
49 222 55
49 155 92
49 60 -86
50 213 96
50 87 51
50 149 95
50 205 -5
50 134 -95
50 168 1
50 208 3
50 242 -78
50 227 49
50 178 65
50 110 -76
50 61 92
50 91 -76
50 148 93
51 55 64
51 190 -79
51 138 20
51 95 -90
51 163 78
51 82 -98
51 156 11
51 231 -54
51 164 -70
51 237 51
52 233 -47
52 80 77
52 158 12
52 122 -99
52 177 65
52 191 -57
52 143 56
52 176 92
52 170 -27
52 234 -23
52 151 48
52 225 65
52 247 33
53 124 83
53 77 -100
53 120 14
53 108 22
53 181 42
53 123 39
53 205 -89
53 97 -65
53 251 40
53 177 93
54 172 -49
54 98 64
54 180 -46
54 216 -5
54 84 15
54 248 -14
54 95 -45
54 174 -6
54 173 96
54 198 43
54 140 -27
54 157 -37
54 56 -100
55 245 67
55 237 96
55 133 29
55 161 95
55 141 54
55 174 -28
55 151 2
55 229 6
55 93 99
55 168 24
55 56 73
55 184 36
55 193 77
55 214 -92
56 224 18
56 234 -29
56 95 -51
56 244 -19
56 208 -35
56 161 36
56 153 33
56 66 55
56 202 -37
56 99 -100
56 171 -68
56 256 -39
56 136 -99
56 197 -8
57 179 48
57 251 39
57 72 -18
57 255 -65
57 191 -94
57 124 -78
57 180 89
57 187 -76
57 86 -90
57 184 8
57 73 8
57 115 65
57 219 -84
57 64 9
57 243 -70
58 144 -61
58 228 35
58 111 56
58 100 95
58 180 -17
58 77 80
58 212 35
58 96 -29
58 247 70
58 227 -48
58 171 -99
58 179 -21
58 117 -88
59 120 -4
59 195 -89
59 116 -21
59 101 -55
59 216 -44
59 158 53
59 241 -15
59 122 -57
59 256 98
59 191 65
59 65 89
59 71 -41
59 129 1
60 150 61
60 203 -65
60 254 86
60 66 35
60 210 -36
60 246 14
60 169 50
60 116 15
60 181 74
60 220 -70
60 236 86
60 63 -43
60 147 -17
61 250 58
61 104 27
61 245 1
61 195 -27
61 173 14
61 65 78
61 100 80
61 236 65
61 252 91
61 144 36
61 219 94
61 63 -22
61 157 -2
62 234 28
62 110 -38
62 221 57
62 224 -23
62 256 -17
62 209 -67
62 124 53
62 136 -9
62 168 -1
62 119 33
62 89 9
62 145 -99
62 69 -51
63 232 -82
63 198 96
63 222 -19
63 234 12
63 255 -14
63 203 78
63 179 -18
63 173 78
63 140 -71
63 254 -30
63 202 -75
63 68 81
63 211 -12
63 172 -47
64 84 -71
64 66 39
64 148 -5
64 94 42
64 154 -40
64 228 56
64 118 -55
65 100 -66
65 127 26
65 222 85
65 122 -38
65 136 35
65 148 -55
65 199 19
65 103 -78
65 99 81
65 137 -99
65 192 -55
65 225 -6
65 152 68
66 218 -87
66 225 30
66 90 -13
66 108 79
66 239 -71
66 69 -26
66 138 -50
66 174 -64
66 241 -73
66 144 75
66 130 1
66 137 48
67 82 49
67 249 -87
67 155 64
67 116 14
67 85 -50
67 156 34
67 182 -74
67 237 96
67 166 4
67 246 69
68 155 -15
68 241 -31
68 245 7
68 140 36
68 189 24
68 75 89
68 102 86
68 169 32
68 118 -36
68 153 84
68 171 -88
68 92 -78
68 174 37
69 111 14
69 159 78
69 153 85
69 134 -94
69 107 -32
69 186 61
69 78 12
69 106 41
69 205 -79
69 229 -77
69 108 -53
70 105 12
70 254 87
70 151 -29
70 116 86
70 232 0
70 231 -80
70 192 -19
70 172 0
71 126 21
71 168 74
71 226 -25
71 171 34
71 201 -49
71 174 -54
71 72 -65
71 189 49
72 173 84
72 144 81
72 207 78
72 218 65
72 142 -41
72 185 38
72 216 -68
72 220 -89
72 170 -43
73 207 -90
73 151 -65
73 87 77
73 160 -84
73 108 -44
73 139 -39
73 79 83
73 107 -17
73 91 95
73 216 60
73 233 62
74 89 -23
74 173 -10
74 111 42
74 119 -87
74 130 84
74 214 6
74 117 -13
74 198 -98
74 87 4
74 170 74
74 250 58
74 147 84
75 79 80
75 148 -17
75 151 -34
75 214 99
75 196 -34
75 83 -83
75 116 68
75 188 24
75 225 -57
75 247 -53
75 89 69
76 195 21
76 86 -84
76 239 56
76 232 93
76 82 -5
76 208 -21
76 240 98
76 252 -71
76 183 74
77 125 -98
77 246 0
77 244 -41
77 81 -2
77 229 75
77 245 -96
77 204 -66
77 100 49
77 89 83
78 173 -17
78 217 -40
78 92 76
78 91 -16
78 178 27
78 224 -30
78 205 -70
78 245 49
79 123 52
79 198 -83
79 233 37
79 81 31
79 93 32
79 118 -61
79 164 -24
79 110 -54
79 95 -97
79 232 -25
79 173 -52
79 195 -66
79 255 -29
80 183 -73
80 198 -52
80 240 -36
80 187 -6
80 171 62
80 234 -82
80 84 7
80 205 59
80 139 -68
81 166 94
81 127 96
81 210 37
81 104 36
81 243 -34
81 240 -88
81 112 -3
81 225 22
81 245 -31
81 174 -20
82 99 -58
82 130 -99
82 159 25
82 148 -32
82 109 -75
82 209 -61
82 123 46
82 89 67
82 90 -77
82 84 -8
82 220 26
82 102 33
83 94 -22
83 214 82
83 201 49
83 127 20
83 218 36
83 103 48
83 137 87
83 106 65
83 212 -55
83 220 9
84 171 -93
84 150 -92
84 215 18
84 119 67
84 92 -90
84 130 -84
84 112 -1
84 226 -36
84 177 79
84 164 -40
84 189 71
85 160 -44
85 202 78
85 143 6
85 224 -28
85 162 86
85 223 64
85 98 -93
85 87 -93
85 140 63
85 180 -93
85 233 24
85 185 86
86 157 3
86 171 -6
86 232 -94
86 104 25
86 144 -28
86 102 79
86 224 91
86 175 -17
86 122 94
86 129 -91
86 113 71
87 175 97
87 89 16
87 239 -56
87 245 -80
87 118 64
87 110 -6
87 205 -56
87 167 52
87 172 17
87 160 56
87 100 -82
87 220 -47
87 252 -80
88 195 89
88 153 -59
88 199 -56
88 226 -88
88 151 -67
88 210 -19
88 136 -31
88 218 -46
89 140 -20
89 108 70
89 95 98
89 171 8
89 209 -66
89 120 34
89 235 -21
89 204 96
89 236 5
90 159 -49
90 103 84
90 171 58
90 155 -50
90 184 -46
90 231 54
90 98 -25
90 135 43
91 153 -80
91 198 -58
91 248 -42
91 161 84
91 219 -27
91 171 -72
91 172 -77
91 160 13
91 115 34
91 240 -43
92 98 75
92 109 -29
92 143 10
92 233 70
92 210 -33
92 222 68
92 238 -65
92 110 65
92 132 -39
92 211 82
93 145 -4
93 221 11
93 241 -31
93 215 73
93 151 -30
93 119 1
93 203 -66
93 144 36
93 225 -34
94 214 90
94 151 -57
94 225 24
94 248 13
94 192 3
94 154 -80
94 189 84
94 166 -76
94 252 -97
95 233 87
95 110 -99
95 160 2
95 241 -48
95 222 20
95 146 -99
95 223 -61
96 232 98
96 114 -84
96 190 -41
96 241 -64
96 176 21
96 170 95
96 156 -3
96 221 23
96 198 0
96 231 94
96 219 -74
97 181 87
97 234 -92
97 144 -35
97 189 -8
97 175 -26
97 207 -93
97 178 -86
97 231 50
97 233 -59
97 111 -84
98 142 9
98 129 -97
98 245 -67
98 229 94
98 140 -2
98 137 -48
98 249 85
98 205 -96
98 194 17
98 134 -20
98 179 -51
99 105 21
99 168 -53
99 173 -87
99 160 53
99 220 15
99 232 65
99 217 93
99 236 -30
99 136 99
100 216 44
100 211 47
100 108 54
100 116 -81
100 162 -99
100 236 80
100 166 -24
100 131 12
101 245 30
101 218 61
101 233 39
101 130 15
101 223 -3
101 174 -83
101 138 8
101 144 -2
101 192 3
101 166 78
102 225 -22
102 116 -54
102 207 -12
102 197 -79
102 111 -75
102 126 -34
102 253 22
102 226 -77
102 246 76
103 144 59
103 246 -92
103 182 68
103 131 52
103 162 22
103 157 -49
103 132 -31
103 120 92
103 238 -58
103 166 2
104 139 -61
104 225 72
104 214 99
104 248 -21
104 127 -58
104 175 98
104 204 -97
104 116 7
105 194 27
105 159 -95
105 248 73
105 181 -45
105 200 34
105 249 61
106 149 0
106 253 -35
106 171 -81
106 220 76
106 163 -44
106 243 39
106 146 56
106 183 -7
106 207 -96
107 129 24
107 165 -98
107 216 24
107 189 72
107 195 -32
107 251 -30
108 169 88
108 162 -20
108 243 87
108 213 84
108 109 -87
108 135 -28
108 113 -4
108 176 9
108 192 52
108 180 -4
108 253 -5
109 150 -66
109 194 -55
109 202 75
109 248 6
109 144 -72
109 117 -52
109 222 -23
109 178 -17
110 223 -49
110 131 -17
110 214 89
110 244 -80
110 256 85
110 139 -76
110 119 -82
110 148 48
111 187 -95
111 238 -24
111 149 -19
111 171 -91
111 123 48
111 237 33
112 128 -56
112 135 70
112 186 -27
112 188 38
112 150 57
112 159 18
112 115 -67
113 238 -89
113 140 -2
113 235 -54
113 231 94
113 187 -36
113 189 -85
113 168 -30
113 224 -65
113 225 66
113 217 -29
114 241 95
114 138 19
114 249 64
114 185 -52
114 256 60
114 182 -60
114 131 14
114 236 -30
114 208 -21
114 246 25
114 118 -63
115 249 24
115 230 13
115 136 48
115 247 31
115 193 -65
115 164 -71
115 161 58
115 203 43
115 176 84
115 225 -1
115 216 9
116 133 4
116 235 25
116 156 -57
116 177 -88
116 154 -41
116 119 -83
116 244 46
117 134 -33
117 178 25
117 254 32
117 212 57
117 168 45
117 166 -42
117 153 96
118 180 8
118 188 -54
118 199 -35
118 130 91
118 129 2
118 131 -70
118 153 -24
118 241 -3
118 243 27
118 146 27
119 221 -17
119 141 32
119 174 -67
119 135 76
119 231 96
119 215 34
120 161 -96
120 252 -12
120 247 50
120 158 -77
120 170 -22
120 234 35
120 204 42
121 163 -1
121 136 -92
121 207 71
121 212 -100
121 140 17
121 239 45
121 223 -37
122 207 -30
122 211 71
122 213 -79
122 215 -43
123 230 -45
123 183 -64
123 190 -35
123 229 -76
123 147 -49
123 194 49
123 169 52
123 133 -58
123 172 57
124 250 92
124 145 -25
124 126 31
124 201 30
124 255 -96
124 155 79
124 200 -97
124 224 -76
125 176 8
125 235 -98
125 137 -52
125 204 -89
125 199 -66
125 129 82
125 195 24
125 166 -70
125 237 71
125 179 23
125 212 35
126 236 -13
126 232 84
126 138 -54
126 230 -63
126 150 -51
126 196 -89
126 195 -85
127 255 -7
127 137 -97
127 154 31
127 171 -21
127 164 39
127 189 -32
127 132 -46
128 213 2
128 252 56
128 134 54
128 235 19
128 196 17
128 197 -24
128 138 79
128 189 55
128 144 -90
128 145 -78
128 203 -100
128 246 17
128 220 96
129 177 -46
129 245 -65
129 144 -31
129 181 31
129 228 -21
129 142 28
129 154 37
129 211 -66
129 227 -7
129 189 27
130 132 -54
130 145 -2
130 246 -77
130 149 -15
130 216 6
130 220 7
130 137 9
131 183 51
131 144 89
131 248 -48
131 203 -25
131 242 18
131 154 -35
131 251 -19
131 244 -54
132 232 -47
132 193 -24
132 148 -78
132 202 62
132 146 -24
132 251 -15
132 181 -14
132 172 -74
132 197 -72
132 218 -57
133 215 44
133 172 -16
133 194 31
133 156 27
133 237 -82
133 230 -67
133 253 -43
133 189 41
134 152 -18
134 251 -99
134 173 -22
134 147 47
134 189 29
134 143 7
134 179 -89
134 207 -45
135 210 -54
135 213 -20
135 220 30
135 159 -56
135 242 68
135 238 33
135 149 45
135 150 38
135 218 -95
135 215 -27
136 172 -80
136 165 59
136 212 62
136 240 36
136 146 -95
136 237 -59
136 142 15
136 202 -94
136 245 50
137 168 -57
137 235 55
137 190 80
137 159 96
137 170 -10
137 195 -87
137 209 10
137 207 -90
138 253 -52
138 240 70
138 149 30
138 207 -57
138 248 71
138 243 -61
138 208 73
138 145 53
138 210 80
139 255 57
139 206 26
139 231 -6
139 202 86
139 176 89
139 188 87
139 164 87
139 250 85
140 149 -79
140 242 46
140 207 -38
140 208 58
140 150 35
140 213 40
140 155 26
141 170 -18
141 216 -3
141 255 -33
141 225 -71
141 165 34
142 155 -6
142 218 85
142 225 53
142 147 40
142 182 10
142 143 -49
142 205 19
143 171 24
143 218 -3
143 148 -8
143 144 -38
144 196 27
144 243 7
144 179 87
144 210 63
144 146 -17
145 224 2
145 221 -72
145 186 51
145 178 -61
145 215 -52
145 220 -33
145 236 41
145 202 10
146 226 -85
146 168 -97
146 246 79
146 256 -36
146 171 -14
146 236 -80
146 228 71
146 163 94
147 160 0
147 203 96
147 157 84
148 202 -7
148 201 37
148 215 74
148 198 54
148 200 48
149 151 42
149 190 75
149 199 6
149 243 -43
149 154 98
150 185 -70
150 224 -1
150 189 54
150 158 -39
150 229 -37
150 222 50
150 246 30
150 241 75
151 238 9
151 208 70
151 219 66
151 251 -48
152 165 11
152 174 27
152 197 41
152 214 70
152 177 -97
152 216 -94
152 171 85
153 252 -21
153 191 -6
153 171 -48
153 256 -67
153 169 -21
154 229 -58
154 255 13
154 166 -97
154 223 29
154 247 31
155 244 -45
155 255 62
155 254 52
155 209 -48
155 193 84
155 181 -21
155 176 67
156 255 -71
156 221 12
156 219 -18
156 246 31
156 187 71
156 252 -4
156 176 8
157 232 -38
157 256 -12
157 191 49
157 169 -23
157 224 69
157 215 35
157 212 -42
157 240 85
157 238 -43
158 207 -12
158 194 71
158 233 11
158 252 -29
159 238 -11
159 170 88
159 208 -82
159 223 25
159 225 80
159 171 69
160 190 73
160 214 -83
160 175 38
160 202 4
161 204 -44
161 168 -18
161 176 -12
161 184 25
161 210 -85
161 227 19
161 197 -6
161 247 -7
162 209 -2
162 183 73
162 247 -79
162 250 91
162 211 -50
163 239 -11
163 216 58
163 233 -95
163 208 -81
164 238 49
164 198 32
164 193 -78
165 214 27
165 220 -99
165 181 22
166 169 -93
166 200 -73
166 225 -69
166 224 88
167 220 -2
167 196 14
167 218 40
167 171 -93
168 245 -47
168 227 -87
168 244 -32
168 253 -91
168 175 -76
168 248 -63
168 177 81
169 230 -42
169 210 -75
169 232 -87
169 250 34
169 226 -9
169 177 6
169 201 -48
169 214 27
169 174 -1
169 248 29
169 189 -99
170 229 -60
170 256 -69
171 227 6
171 173 -25
171 200 32
171 251 -93
171 201 68
172 205 -90
172 180 -35
172 185 -90
172 175 77
172 194 -39
173 250 9
173 200 57
174 202 79
174 237 -62
174 215 53
174 250 -66
175 213 46
175 176 -51
175 218 63
175 228 -45
175 234 -39
175 248 -94
175 243 2
176 192 31
176 197 10
176 200 -13
176 196 71
176 232 40
176 179 -60
177 219 10
177 202 5
177 240 69
177 199 71
178 213 -5
178 227 -27
178 210 -27
178 246 57
178 208 33
178 238 31
178 237 61
178 241 -54
179 204 -68
179 211 99
179 209 -17
179 196 -52
180 203 -96
180 222 31
180 232 75
180 207 -4
181 253 7
181 229 -92
181 252 95
181 239 83
181 203 -7
181 245 79
182 234 -55
183 227 84
183 239 -46
184 223 61
184 193 59
184 231 66
184 200 -62
184 185 -19
184 234 -18
185 224 -76
185 188 -74
185 197 73
186 202 -11
186 226 40
186 211 -97
186 251 95
186 233 -16
186 256 -79
186 200 -13
187 224 -46
187 230 -11
187 193 -33
187 252 88
188 224 64
188 228 -71
188 234 -65
188 249 48
189 250 89
189 202 -25
189 226 84
189 217 53
189 223 -40
190 217 -42
190 229 68
190 221 -61
190 209 -16
190 222 -7
190 194 50
191 216 80
191 198 -5
191 218 70
191 203 1
192 221 29
192 235 -79
192 232 38
192 198 -77
193 231 -78
193 216 -36
193 245 -66
193 224 -50
194 234 25
194 206 -53
194 226 26
194 221 -83
194 198 -44
194 200 -14
195 202 -62
195 228 -19
195 229 6
195 233 -16
195 214 -83
195 232 -87
196 245 -91
196 256 66
197 213 -12
197 208 -45
197 237 18
198 212 -84
198 231 -96
198 251 -25
198 220 80
199 252 33
199 254 -39
199 210 -69
200 249 -9
200 206 -73
200 255 -58
200 211 34
200 212 -54
200 204 -7
201 247 3
201 212 28
203 220 69
203 240 19
203 250 -16
203 223 60
204 242 99
204 240 7
205 227 -19
205 244 55
205 247 97
205 241 -82
205 248 -88
206 214 23
206 250 -15
206 217 44
206 210 99
207 224 -96
208 233 94
208 248 -85
209 215 -66
210 215 -15
210 235 70
210 247 12
212 244 11
212 224 -85
212 220 28
213 214 -71
215 224 -3
216 251 -97
217 241 -34
217 221 10
217 251 66
218 219 -86
218 225 -61
218 237 4
218 243 76
221 229 -85
221 244 -43
221 230 -73
221 242 -51
222 244 30
222 228 36
223 239 -70
223 245 77
224 251 73
224 233 -27
224 249 -35
224 238 38
224 255 -32
225 251 -71
225 240 46
226 253 11
227 239 -74
227 236 65
227 241 -53
230 244 57
230 256 -22
231 254 -82
232 241 95
233 244 -91
234 251 35
234 238 -43
235 247 -89
235 236 39
236 246 -46
237 256 76
238 250 73
239 244 65
241 245 41
242 250 58
242 249 -64
245 249 72
245 250 -46
246 251 97
247 255 -45
248 254 -10
252 254 25
