512 5876
1 356 25
1 132 -83
1 220 -22
1 472 -53
1 128 -34
1 237 -22
1 269 39
1 264 -62
1 421 -90
1 432 -11
1 18 -50
1 476 78
1 264 92
1 146 8
1 438 78
1 184 -13
1 176 -40
1 487 36
1 117 -45
1 3 41
1 78 88
1 17 8
1 409 -1
2 510 33
2 288 -29
2 273 -16
2 213 -83
2 291 93
2 471 -82
2 389 52
2 426 58
2 238 52
2 200 -53
2 486 85
2 194 18
2 248 83
2 219 -31
2 410 -12
2 479 85
2 298 97
2 481 7
2 184 -42
2 113 49
2 192 -65
2 47 -37
2 216 68
3 23 54
3 25 -31
3 69 17
3 437 -100
3 333 41
3 495 62
3 318 79
3 116 52
3 95 -95
3 370 85
3 220 -8
3 392 -36
3 122 87
3 142 77
3 205 38
3 6 -26
3 185 -86
3 166 -73
3 214 80
3 31 14
3 51 -56
3 193 -54
3 154 -62
4 329 34
4 437 55
4 505 45
4 219 -11
4 370 -65
4 266 72
4 408 88
4 495 48
4 505 69
4 285 89
4 418 98
4 110 -39
4 495 -17
4 480 9
4 474 50
4 141 46
4 160 -8
4 391 -22
4 115 45
4 215 27
4 128 39
4 189 -94
4 414 98
5 201 64
5 296 27
5 368 74
5 30 -55
5 67 -12
5 301 23
5 249 66
5 461 -46
5 75 26
5 262 13
5 98 43
5 410 -33
5 485 34
5 221 -9
5 230 -29
5 265 36
5 101 -5
5 11 80
5 38 92
5 113 -42
5 326 -3
5 370 82
6 210 -90
6 426 60
6 501 95
6 251 57
6 240 41
6 434 11
6 14 41
6 426 22
6 228 -14
6 214 23
6 405 -95
6 457 58
6 429 13
6 383 -90
6 352 -32
6 297 -63
6 50 24
6 408 82
6 388 -93
6 365 -82
6 100 96
6 12 71
6 291 -32
7 76 -80
7 273 -96
7 71 27
7 486 -23
7 480 92
7 71 -48
7 182 43
7 338 65
7 191 -71
7 19 -38
7 144 16
7 477 -99
7 178 51
7 277 -61
7 255 -1
7 261 27
7 136 69
7 198 -28
7 370 60
7 451 29
7 445 68
7 233 -57
8 200 0
8 356 -75
8 260 -36
8 60 53
8 274 -47
8 452 -63
8 28 68
8 325 -19
8 407 -43
8 492 -25
8 152 -33
8 455 -24
8 406 3
8 375 60
8 172 28
8 357 -9
8 471 -47
8 208 -16
8 393 -96
8 331 -49
8 338 82
8 133 -13
8 310 30
9 168 23
9 123 -54
9 227 -35
9 264 25
9 151 -41
9 511 -58
9 100 38
9 215 -84
9 460 0
9 78 69
9 382 -24
9 434 -82
9 153 6
9 67 18
9 132 65
9 287 12
9 486 94
9 111 -71
9 450 26
9 95 -91
9 74 4
9 55 -76
10 371 -95
10 433 -14
10 506 -38
10 475 8
10 449 -61
10 221 -48
10 269 -90
10 203 -13
10 369 -46
10 423 -77
10 403 -53
10 337 25
10 499 33
10 16 -84
10 349 10
10 486 27
10 444 -6
10 310 -29
10 26 -48
10 34 -74
10 140 76
10 72 44
10 183 47
11 478 -37
11 82 -96
11 322 83
11 408 74
11 415 -48
11 312 0
11 112 3
11 163 -80
11 451 59
11 333 -28
11 367 -69
11 286 -99
11 186 -40
11 304 -94
11 97 -58
11 366 21
11 235 71
11 192 -53
11 140 10
11 167 -11
11 336 -99
11 420 -53
12 172 -44
12 40 48
12 412 91
12 414 18
12 206 22
12 413 78
12 146 -70
12 486 -55
12 129 79
12 211 53
12 493 30
12 115 -47
12 170 -44
12 209 -63
12 81 -93
12 37 -57
12 399 -88
12 72 -85
12 349 -81
12 308 56
12 455 61
12 329 -53
12 235 41
13 294 72
13 107 29
13 292 16
13 132 -18
13 155 60
13 474 82
13 390 -43
13 301 97
13 226 -53
13 421 96
13 181 -68
13 28 -74
13 446 -75
13 338 26
13 286 82
13 321 15
13 30 36
13 89 99
13 91 96
13 297 80
13 101 21
13 507 -56
13 78 -86
14 348 14
14 343 -36
14 324 -43
14 165 -19
14 204 28
14 353 -79
14 446 54
14 205 -51
14 276 31
14 133 80
14 502 -87
14 221 75
14 349 53
14 166 3
14 136 45
14 207 -59
14 498 86
14 269 20
14 475 -13
14 59 76
14 19 71
14 191 -20
14 489 44
15 103 -84
15 83 21
15 85 74
15 171 -67
15 367 -75
15 480 -55
15 419 -94
15 374 62
15 348 96
15 158 -92
15 272 -34
15 23 38
15 282 -35
15 105 -75
15 251 86
15 489 -100
15 439 -89
15 177 0
15 310 61
15 357 8
15 130 72
15 121 -21
15 231 -65
16 139 69
16 338 17
16 440 85
16 119 -56
16 508 -85
16 115 -11
16 378 22
16 351 37
16 284 49
16 152 55
16 130 -31
16 399 99
16 421 26
16 265 -70
16 197 -100
16 20 65
16 313 30
16 123 -12
16 425 40
16 30 41
16 309 60
16 472 26
17 364 -43
17 427 -23
17 452 -3
17 298 -12
17 314 6
17 129 25
17 58 -67
17 195 -27
17 242 -97
17 462 49
17 242 -20
17 75 93
17 273 9
17 121 77
17 313 77
17 346 91
17 487 18
17 126 43
17 495 -11
17 414 -15
17 435 69
17 120 -66
18 505 -21
18 131 -29
18 437 -85
18 424 45
18 234 -33
18 183 -75
18 451 12
18 39 -44
18 55 -36
18 433 -38
18 175 -68
18 137 -23
18 176 69
18 322 -58
18 502 -11
18 375 -49
18 265 69
18 19 57
18 218 -20
18 201 -71
18 442 5
18 335 7
19 156 -22
19 459 -79
19 284 -53
19 34 -82
19 66 -5
19 164 -99
19 303 31
19 341 22
19 89 -50
19 117 91
19 377 12
19 334 -89
19 127 37
19 284 41
19 435 88
19 356 59
19 195 -90
19 215 -18
19 122 -47
19 261 -19
19 385 56
19 117 3
19 454 89
20 340 74
20 387 -44
20 224 -60
20 506 51
20 476 62
20 308 14
20 251 -83
20 433 64
20 279 90
20 52 -47
20 227 4
20 39 68
20 280 93
20 176 -79
20 282 8
20 456 -90
20 242 -68
20 78 -69
20 179 54
20 150 35
20 377 31
21 232 -42
21 65 72
21 49 -36
21 508 64
21 241 -84
21 150 -54
21 102 92
21 85 9
21 367 11
21 459 -23
21 269 -18
21 98 68
21 313 -88
21 66 22
21 388 39
21 40 46
21 117 73
21 217 96
21 272 15
21 278 -73
21 219 26
21 472 -75
22 335 18
22 395 96
22 379 -59
22 40 79
22 382 -77
22 54 25
22 404 55
22 447 -54
22 336 65
22 175 93
22 112 60
22 183 -45
22 212 66
22 321 1
22 327 -7
22 309 -26
22 199 24
22 255 -88
22 230 29
22 357 69
22 180 -55
22 159 -62
22 354 94
23 98 -81
23 505 -20
23 268 29
23 296 -14
23 378 -58
23 465 33
23 422 79
23 120 63
23 130 9
23 243 55
23 284 -79
23 168 -2
23 339 -81
23 45 17
23 508 83
23 477 15
23 255 -15
23 488 62
23 444 93
23 240 -38
24 132 86
24 414 34
24 214 -40
24 356 -17
24 285 -19
24 113 31
24 312 -48
24 129 57
24 477 -90
24 352 4
24 79 -72
24 159 -83
24 38 -21
24 28 -7
24 243 63
24 333 37
24 277 88
24 258 -3
24 159 -66
24 268 73
24 350 22
25 211 -95
25 417 -51
25 238 38
25 452 -17
25 433 -62
25 512 41
25 411 -13
25 316 -23
25 184 72
25 318 -64
25 476 40
25 485 -13
25 466 83
25 115 47
25 241 32
25 436 -7
25 395 47
25 246 -89
25 265 64
25 512 8
25 204 -46
25 301 18
25 251 62
26 97 20
26 270 69
26 394 12
26 348 -41
26 396 -59
26 88 85
26 119 -70
26 299 99
26 168 44
26 263 17
26 487 -14
26 135 26
26 299 36
26 112 -97
26 250 71
26 301 -16
26 414 -35
26 475 77
26 229 -94
26 117 64
26 255 5
26 134 12
27 233 77
27 114 5
27 64 -87
27 175 71
27 184 37
27 75 -47
27 177 -10
27 241 -28
27 29 41
27 363 36
27 456 80
27 173 43
27 253 -99
27 344 -23
27 314 -39
27 421 -45
27 72 38
27 303 -51
27 326 69
27 368 19
28 299 56
28 394 48
28 324 43
28 50 -78
28 29 -74
28 90 -77
28 262 87
28 132 -28
28 76 -69
28 139 -22
28 370 -36
28 172 -32
28 395 65
28 100 69
28 225 -1
28 401 53
28 153 84
28 284 26
28 59 -40
28 340 -84
28 282 -46
28 194 33
29 271 -3
29 335 89
29 125 2
29 359 11
29 275 -97
29 445 -92
29 305 31
29 214 -71
29 147 98
29 330 -32
29 290 13
29 160 62
29 277 -10
29 353 62
29 434 -24
29 43 -70
29 417 28
29 271 -64
29 183 39
29 122 21
29 288 -37
30 98 46
30 61 81
30 390 29
30 72 -99
30 205 31
30 56 -56
30 133 53
30 282 76
30 367 23
30 350 -86
30 72 99
30 263 -59
30 97 98
30 464 65
30 506 46
30 288 81
30 325 23
30 421 96
30 288 -28
30 232 0
30 445 -79
30 81 24
31 325 27
31 78 -82
31 393 85
31 309 -10
31 237 9
31 314 -68
31 72 22
31 505 -16
31 375 80
31 289 -81
31 430 75
31 155 -86
31 457 -71
31 117 -67
31 290 22
31 489 31
31 482 -1
31 110 -31
31 410 -25
31 497 -74
32 50 15
32 211 -76
32 241 15
32 480 -77
32 47 -78
32 313 97
32 69 -47
32 61 6
32 167 -50
32 435 72
32 202 97
32 435 -59
32 293 -58
32 400 16
32 254 -67
32 204 26
32 349 -34
32 94 48
32 43 37
32 376 99
33 373 44
33 95 -82
33 43 76
33 207 69
33 117 -4
33 394 -6
33 227 -33
33 405 -34
33 156 33
33 291 -29
33 322 -48
33 162 81
33 55 -68
33 174 -33
33 485 -94
33 77 -8
33 273 -68
33 344 93
33 413 -48
33 476 60
33 324 11
33 158 37
34 138 -48
34 36 92
34 181 24
34 131 -55
34 494 11
34 191 -52
34 431 -90
34 405 -64
34 377 56
34 64 23
34 282 46
34 364 57
34 352 -77
34 99 -31
34 314 78
34 418 -44
34 305 76
34 376 83
34 352 60
34 464 -10
34 41 -88
34 270 -56
34 121 18
35 199 -94
35 395 81
35 223 -26
35 382 -79
35 122 -5
35 60 30
35 468 63
35 243 -76
35 352 -63
35 436 -18
35 378 -23
35 421 -79
35 225 42
35 453 -32
35 54 82
35 327 34
35 317 65
35 190 74
35 208 -3
35 336 -89
35 343 -11
35 160 96
36 167 -5
36 480 10
36 227 -58
36 41 42
36 447 -10
36 403 43
36 58 7
36 270 97
36 300 8
36 99 -88
36 410 11
36 84 72
36 315 44
36 375 -70
36 105 -81
36 310 61
36 495 -86
36 59 -71
36 440 -30
36 349 -7
36 249 91
37 213 -88
37 150 56
37 439 -2
37 160 -34
37 378 46
37 453 -27
37 218 76
37 333 -59
37 458 15
37 52 82
37 355 38
37 46 40
37 416 44
37 268 -11
37 44 -19
37 278 -42
37 414 -25
37 312 -17
37 259 -91
37 220 -14
37 120 -68
37 178 50
37 443 43
38 317 50
38 470 84
38 68 -6
38 465 23
38 477 96
38 407 -49
38 217 -62
38 284 66
38 235 -67
38 413 93
38 237 16
38 375 16
38 264 -92
38 147 56
38 196 21
38 324 -48
38 363 68
38 87 -98
38 58 73
38 264 36
38 276 -26
38 381 35
38 496 95
39 364 48
39 301 -3
39 417 -100
39 247 70
39 427 9
39 295 -57
39 40 25
39 428 57
39 209 13
39 455 52
39 217 46
39 282 90
39 357 -78
39 254 95
39 289 75
39 67 76
39 236 27
39 73 -94
39 390 -20
39 247 -37
39 193 -64
39 443 -96
40 502 -61
40 323 34
40 136 -48
40 105 -67
40 111 -33
40 272 20
40 323 92
40 418 -29
40 152 -79
40 183 81
40 256 -26
40 166 33
40 116 3
40 124 -5
40 162 91
40 46 -87
40 483 13
40 450 36
40 285 71
40 380 -21
41 343 33
41 219 41
41 142 14
41 81 -25
41 233 -50
41 354 -87
41 42 -29
41 316 -64
41 284 98
41 433 -100
41 143 -59
41 328 90
41 286 19
41 450 39
41 211 47
41 421 -91
41 512 34
41 66 -62
41 497 14
41 241 79
41 97 77
41 294 48
41 413 41
42 255 -55
42 161 -22
42 499 -65
42 96 82
42 351 58
42 240 86
42 458 91
42 255 12
42 57 -72
42 412 85
42 320 76
42 280 74
42 276 80
42 202 1
42 382 25
42 97 85
42 203 -80
42 484 -40
42 199 36
42 173 -1
43 382 22
43 96 -43
43 425 19
43 215 79
43 399 68
43 369 98
43 501 -53
43 501 -82
43 324 48
43 505 -45
43 131 53
43 184 -89
43 114 -4
43 275 26
43 256 54
43 226 -16
43 432 -57
43 159 88
43 355 -95
43 186 65
43 187 90
44 362 19
44 361 -9
44 486 29
44 488 -50
44 332 62
44 314 -8
44 125 -4
44 220 34
44 150 51
44 170 -68
44 497 78
44 301 -56
44 122 -93
44 327 93
44 437 -65
44 58 -37
44 482 16
44 245 -73
44 405 17
44 78 22
45 218 45
45 204 -9
45 394 67
45 308 -76
45 146 -30
45 342 38
45 182 -70
45 482 -58
45 171 -60
45 337 35
45 414 -63
45 219 -47
45 355 -10
45 84 76
45 353 28
45 481 80
45 189 -29
45 487 35
45 387 65
45 81 -75
45 371 -76
45 223 -2
46 85 -77
46 109 20
46 363 93
46 378 90
46 185 76
46 277 -40
46 452 -3
46 429 -92
46 73 95
46 242 17
46 387 -74
46 356 -89
46 256 -61
46 128 -26
46 99 74
46 487 -28
46 374 -73
46 117 24
46 304 -99
46 309 17
46 459 12
46 339 67
47 233 12
47 413 46
47 481 9
47 434 12
47 512 74
47 288 40
47 191 -20
47 403 27
47 321 62
47 116 85
47 475 -19
47 446 88
47 61 86
47 231 28
47 485 56
47 462 89
47 210 -74
47 212 34
47 98 -16
47 286 32
48 69 37
48 196 86
48 202 16
48 434 93
48 257 -49
48 115 -4
48 133 1
48 310 45
48 360 -72
48 232 -49
48 375 94
48 498 -58
48 361 -70
48 189 -26
48 457 -15
48 87 37
48 62 -63
48 385 -51
48 428 85
48 124 7
48 497 -82
49 84 -69
49 352 -55
49 443 5
49 345 -59
49 382 33
49 341 -45
49 329 -31
49 433 -47
49 285 89
49 330 -85
49 205 28
49 278 -59
49 428 -72
49 263 -63
49 374 37
49 66 17
49 375 55
49 230 91
49 199 85
49 253 7
49 251 69
49 160 -52
50 97 27
50 356 -40
50 91 0
50 364 40
50 133 50
50 472 -5
50 66 -7
50 312 29
50 224 2
50 242 -28
50 209 -26
50 500 -86
50 307 -69
50 186 -39
50 272 76
50 360 -89
50 218 -28
50 459 65
50 401 -100
50 479 88
51 396 -64
51 329 -83
51 430 -85
51 482 22
51 151 48
51 59 70
51 95 72
51 232 -72
51 97 28
51 365 -73
51 219 88
51 277 -92
51 110 -83
51 310 -89
51 232 98
51 254 84
51 160 -90
51 251 35
51 76 58
51 488 -37
52 509 -90
52 436 33
52 170 10
52 349 86
52 107 58
52 249 -100
52 228 -72
52 210 31
52 446 85
52 321 1
52 116 -81
52 172 78
52 165 78
52 232 -24
52 272 -67
52 242 -89
52 270 -79
52 95 -79
52 312 25
52 154 -71
52 427 -13
53 293 -14
53 286 -12
53 438 82
53 447 51
53 285 -92
53 175 79
53 500 28
53 478 24
53 393 79
53 179 -8
53 160 -9
53 360 -26
53 284 43
53 124 -43
53 62 -8
53 389 -66
53 281 -5
53 390 -47
53 424 -56
53 138 20
53 409 -41
53 185 -74
53 228 -100
54 439 -26
54 392 55
54 477 -22
54 501 84
54 396 -100
54 316 43
54 463 39
54 58 -97
54 347 66
54 369 -93
54 408 33
54 340 -52
54 205 94
54 117 8
54 96 -14
54 389 -87
54 505 86
54 512 42
54 463 39
54 432 -57
54 96 82
55 500 10
55 409 -42
55 65 16
55 462 0
55 351 -40
55 322 -21
55 282 -60
55 426 9
55 308 -90
55 459 62
55 159 -65
55 195 42
55 288 -76
55 445 41
55 338 94
55 58 51
55 226 -1
55 276 60
55 77 -22
56 138 -55
56 445 65
56 132 70
56 140 58
56 471 7
56 310 -68
56 430 68
56 188 -82
56 231 99
56 69 36
56 455 67
56 137 -2
56 262 -61
56 330 65
56 365 46
56 365 -78
56 327 -86
56 427 80
56 458 -21
56 326 9
56 132 -12
56 199 21
57 349 -61
57 250 70
57 507 84
57 232 88
57 460 97
57 419 66
57 460 54
57 141 -24
57 168 94
57 319 46
57 510 47
57 274 59
57 464 29
57 261 33
57 206 -98
57 274 -43
57 395 31
57 420 -59
57 419 24
57 461 5
57 402 -59
57 502 -33
58 230 -41
58 494 4
58 452 73
58 193 20
58 396 69
58 427 -27
58 75 -4
58 289 -25
58 445 16
58 156 49
58 471 -80
58 344 -86
58 194 63
58 177 95
58 278 -32
58 325 -81
58 287 -28
58 167 56
58 151 52
59 66 61
59 403 49
59 468 -16
59 67 1
59 185 -6
59 405 -82
59 244 9
59 246 -10
59 399 79
59 129 -61
59 197 -61
59 432 21
59 200 -95
59 227 80
59 473 -94
59 238 -70
59 100 48
59 380 8
59 118 -1
59 156 17
59 235 11
60 230 27
60 324 -57
60 393 91
60 210 -98
60 495 -87
60 179 17
60 201 68
60 374 -11
60 490 -30
60 455 -1
60 311 19
60 431 -9
60 449 -63
60 268 -86
60 255 -52
60 74 -43
60 490 93
60 86 84
60 128 1
60 357 -1
61 314 -54
61 302 -47
61 149 56
61 63 5
61 257 1
61 236 -77
61 63 5
61 291 -80
61 161 -85
61 479 -51
61 79 -35
61 410 -77
61 122 -5
61 169 -16
61 396 63
61 379 21
61 336 97
61 102 78
62 464 -7
62 105 -47
62 454 94
62 203 72
62 301 -29
62 197 -14
62 467 69
62 243 36
62 497 31
62 298 7
62 136 -36
62 383 42
62 356 -93
62 511 -47
62 109 -57
62 82 -79
62 75 -8
62 134 8
62 177 95
62 380 -65
62 329 -63
63 159 -14
63 252 79
63 330 50
63 153 31
63 148 -81
63 72 8
63 403 -1
63 494 -85
63 449 -71
63 134 -57
63 199 -92
63 196 68
63 76 95
63 488 35
63 99 -46
63 223 11
63 472 17
63 503 -13
63 138 -50
64 102 73
64 334 87
64 336 -29
64 115 60
64 108 56
64 184 43
64 335 98
64 162 -63
64 401 -14
64 221 95
64 81 -76
64 417 -12
64 157 30
64 332 88
64 392 -15
64 135 78
64 117 51
64 209 -34
64 237 -88
64 94 35
65 403 -37
65 298 29
65 205 3
65 71 -62
65 119 89
65 436 29
65 284 73
65 396 -8
65 497 -16
65 274 -1
65 425 83
65 193 -83
65 355 -58
65 96 -91
65 399 -42
65 84 -38
65 250 -55
66 186 -98
66 255 32
66 194 21
66 292 -55
66 240 -39
66 443 -80
66 355 45
66 372 67
66 178 -72
66 255 73
66 223 -72
66 491 20
66 474 -74
66 203 -27
66 279 -65
66 511 -98
66 298 -47
66 505 21
66 491 -69
66 97 -9
67 162 -44
67 274 63
67 219 66
67 238 58
67 298 -80
67 234 -44
67 240 31
67 320 41
67 439 42
67 88 -25
67 131 -59
67 276 -60
67 99 -45
67 142 -5
67 490 -41
68 451 -77
68 474 -62
68 338 17
68 493 53
68 158 89
68 189 51
68 422 38
68 272 70
68 326 -42
68 173 -13
68 79 -52
68 398 20
68 240 -98
68 211 41
68 102 -30
68 406 -24
68 370 15
68 332 20
68 157 67
68 194 5
68 215 -19
69 270 37
69 252 83
69 107 -47
69 440 47
69 459 19
69 503 -21
69 375 -17
69 300 -71
69 163 40
69 133 -88
69 243 74
69 110 -99
69 462 62
69 241 88
69 425 82
69 118 96
69 207 -16
69 199 -96
69 141 70
69 132 -61
69 208 -63
69 181 -32
69 437 -83
70 144 -24
70 449 -4
70 122 33
70 108 23
70 305 -51
70 249 -57
70 160 36
70 411 78
70 130 69
70 170 20
70 167 74
70 486 50
70 111 26
70 235 -72
70 349 22
70 102 33
70 355 -1
70 169 -82
70 93 96
70 131 33
71 342 91
71 146 -82
71 480 10
71 297 -10
71 273 -27
71 219 72
71 267 -33
71 233 -11
71 90 11
71 182 17
71 167 29
71 425 -33
71 110 88
71 413 -55
71 170 8
71 191 46
71 460 57
71 190 25
71 297 94
71 164 -89
72 126 -45
72 347 -73
72 416 52
72 317 -50
72 76 -49
72 192 13
72 308 93
72 203 -15
72 448 81
72 469 42
72 141 67
72 119 31
72 163 51
72 129 -57
72 269 -30
72 183 -66
72 251 38
72 478 66
72 248 68
72 236 -12
72 381 -24
73 401 8
73 192 -61
73 102 -84
73 501 -66
73 200 43
73 97 37
73 142 95
73 389 -22
73 265 -61
73 444 -30
73 266 -42
73 384 15
73 347 13
73 276 -47
73 392 -65
73 424 -37
73 194 -75
73 134 -2
73 469 -64
73 182 -11
74 293 -36
74 440 59
74 415 18
74 313 -49
74 459 -38
74 333 -31
74 242 -59
74 369 32
74 286 72
74 358 -61
74 180 85
74 231 52
74 494 41
74 75 -78
74 381 59
74 315 58
74 423 87
74 304 -43
74 178 -29
75 255 40
75 347 -13
75 97 -34
75 301 -75
75 166 -77
75 430 -70
75 157 -37
75 383 94
75 278 88
75 76 -92
75 147 -22
75 423 93
75 358 38
75 109 86
75 414 30
75 498 -52
75 416 5
75 495 40
75 345 -48
75 391 -2
75 122 -90
76 318 -53
76 276 71
76 393 -83
76 494 5
76 292 -27
76 273 99
76 385 -43
76 271 -34
76 493 94
76 143 -12
76 161 -67
76 390 -28
76 239 -43
76 357 -83
76 321 96
76 259 16
76 409 -4
76 257 10
76 385 56
77 151 81
77 375 -1
77 85 -41
77 101 -13
77 85 85
77 454 -41
77 165 55
77 327 62
77 312 -80
77 315 -95
77 478 53
77 300 58
77 262 -20
77 398 -62
77 380 84
77 359 9
77 127 -10
77 452 -33
77 401 0
78 372 -45
78 380 81
78 436 -40
78 293 -97
78 267 -32
78 252 33
78 480 8
78 504 -34
78 247 -26
78 349 -26
78 258 -33
78 93 21
78 167 -64
78 100 -89
78 223 65
78 349 29
78 235 87
78 147 -59
79 311 42
79 130 -57
79 323 28
79 102 -13
79 355 -41
79 308 10
79 477 29
79 388 -4
79 178 68
79 367 32
79 180 19
79 466 79
79 120 98
79 196 -42
79 472 -56
79 495 72
79 105 87
79 441 -67
79 100 56
79 445 1
79 500 62
79 134 25
80 341 -16
80 305 -85
80 440 76
80 248 -100
80 322 -57
80 384 -32
80 167 59
80 420 -59
80 307 23
80 352 -90
80 108 -88
80 507 96
80 481 35
80 298 42
80 499 -75
80 142 -11
80 254 65
80 314 -65
80 176 -55
80 92 -81
81 452 36
81 391 -13
81 136 73
81 483 60
81 480 -34
81 95 -26
81 176 -87
81 358 -18
81 374 56
81 185 51
81 95 11
81 400 -16
81 109 73
81 461 -44
81 499 -61
81 400 -79
81 389 -70
81 470 -52
81 480 -10
82 428 58
82 212 97
82 200 12
82 487 -30
82 190 -79
82 250 88
82 493 99
82 124 22
82 371 21
82 276 -50
82 268 64
82 500 1
82 147 -57
82 111 1
82 475 -66
82 99 -75
82 401 70
82 151 -4
82 366 48
82 239 -20
82 377 22
83 420 -28
83 417 8
83 354 55
83 356 -56
83 253 -29
83 148 -15
83 316 -85
83 471 36
83 382 -25
83 180 18
83 310 -80
83 361 93
83 206 -71
83 512 55
83 205 -53
83 362 82
83 85 -36
83 251 -79
83 486 7
83 188 21
84 206 50
84 350 -72
84 400 -2
84 101 -91
84 147 -93
84 233 46
84 169 50
84 366 24
84 136 71
84 435 -70
84 339 95
84 153 -65
84 285 -65
84 257 64
84 400 0
84 315 -69
84 469 -90
84 138 -86
84 422 19
85 96 -24
85 401 -84
85 218 -50
85 193 5
85 500 47
85 293 -60
85 239 6
85 109 -74
85 171 36
85 350 16
85 380 33
85 254 92
85 384 92
85 474 -69
85 496 7
85 138 -29
85 393 -20
85 118 71
85 235 41
85 307 -71
86 152 16
86 343 68
86 369 48
86 487 53
86 510 -22
86 373 87
86 431 -54
86 222 -27
86 94 -85
86 379 -46
86 232 -8
86 324 -53
86 405 0
86 266 69
86 382 40
86 440 47
86 216 94
86 276 -4
86 502 59
86 137 -48
86 423 -97
87 356 -83
87 107 48
87 302 -42
87 376 8
87 105 36
87 310 87
87 445 55
87 139 31
87 346 59
87 462 -23
87 423 -15
87 134 47
87 406 11
87 257 63
87 439 -6
87 317 -89
87 436 -4
87 378 -73
87 505 -65
88 351 61
88 200 -42
88 176 -68
88 508 90
88 264 -92
88 200 46
88 227 -77
88 213 6
88 368 0
88 177 19
88 439 -89
88 460 35
88 247 76
88 367 78
88 195 -30
88 205 -57
88 510 3
88 400 -42
88 441 10
88 318 -99
89 282 -9
89 400 80
89 319 -31
89 102 30
89 282 -1
89 106 -50
89 228 -7
89 343 -69
89 288 -13
89 320 -79
89 271 -48
89 127 -100
89 242 -21
89 141 -37
89 242 -86
89 401 36
89 386 43
90 327 -78
90 473 57
90 177 43
90 231 99
90 509 -32
90 283 16
90 136 -77
90 426 -29
90 411 15
90 386 -44
90 179 -7
90 231 17
90 487 -7
90 100 -8
90 246 -96
90 211 29
90 352 -37
90 499 -74
90 283 -63
90 477 -30
91 293 -85
91 310 -80
91 179 13
91 202 99
91 179 -100
91 437 82
91 311 -74
91 421 53
91 239 -60
91 479 4
91 232 70
91 282 -67
91 360 56
91 138 45
91 276 46
91 304 7
91 393 4
91 396 -18
92 183 -87
92 210 -54
92 471 50
92 141 -46
92 377 8
92 210 75
92 361 64
92 166 77
92 231 -48
92 437 31
92 210 73
92 484 18
92 293 -77
92 279 7
92 230 -82
92 238 0
92 119 -17
93 402 71
93 227 16
93 143 -22
93 203 -36
93 152 -25
93 313 3
93 117 41
93 265 39
93 222 7
93 211 -11
93 141 -5
93 119 79
93 278 82
93 391 16
93 478 -97
93 180 -87
93 255 -40
93 195 66
93 174 -56
93 342 20
94 415 90
94 129 31
94 99 -49
94 348 74
94 242 -22
94 368 -17
94 369 -69
94 109 81
94 162 7
94 183 -55
94 407 -32
94 346 -61
94 213 81
94 341 91
94 438 -68
94 196 -26
94 446 64
94 511 85
95 483 74
95 289 -25
95 159 -83
95 507 55
95 394 -95
95 412 -60
95 106 35
95 410 68
95 172 -49
95 370 63
95 329 -25
95 479 -5
95 155 43
95 396 -2
95 267 -46
95 241 85
95 108 -96
95 161 25
95 220 -51
95 475 98
96 499 -45
96 311 76
96 477 -87
96 396 -72
96 449 -28
96 191 34
96 428 3
96 144 -4
96 343 -100
96 456 5
96 221 23
96 184 4
96 334 -30
96 512 95
96 270 89
96 256 39
96 386 97
96 254 -75
96 155 23
97 342 36
97 102 82
97 143 -35
97 455 -31
97 263 -88
97 487 -68
97 335 61
97 179 84
97 297 58
97 481 64
97 395 10
97 413 56
97 100 -19
97 184 -62
97 436 -1
97 259 -1
98 333 -44
98 298 16
98 415 -12
98 256 -46
98 270 -68
98 393 21
98 282 -23
98 509 0
98 422 36
98 481 -78
98 386 -22
98 442 57
98 273 68
98 239 6
98 483 35
98 372 -66
98 343 -100
99 300 65
99 302 -24
99 109 -97
99 223 90
99 215 79
99 260 76
99 500 74
99 365 -32
99 290 -52
99 221 -46
99 505 53
99 437 18
99 313 10
99 209 68
99 508 94
99 460 -73
99 471 49
99 326 -84
99 310 -53
99 362 61
100 242 -83
100 479 94
100 334 -49
100 132 -55
100 205 -67
100 444 8
100 507 21
100 141 -74
100 267 -75
100 108 -69
100 400 -10
100 117 -50
100 410 90
100 428 -99
100 484 39
100 506 73
100 225 62
100 265 8
100 193 -44
100 318 -88
100 248 -81
101 506 8
101 456 55
101 404 78
101 164 36
101 340 -34
101 488 -56
101 387 5
101 435 -51
101 112 -23
101 154 -85
101 460 -65
101 180 24
101 157 -36
101 443 21
101 454 59
101 321 36
101 415 -20
101 233 -79
101 185 -93
101 315 -36
102 429 14
102 450 -78
102 226 23
102 502 93
102 290 9
102 265 -99
102 465 -44
102 129 -27
102 139 55
102 244 -67
102 366 -44
102 453 40
102 417 79
102 136 59
102 260 68
102 262 48
102 359 19
102 259 -77
102 267 28
103 332 85
103 459 -65
103 263 16
103 248 12
103 257 -45
103 427 -18
103 175 84
103 374 -34
103 430 -63
103 369 8
103 186 -98
103 454 -56
103 104 37
103 433 -12
103 251 -96
103 476 -59
103 467 -5
103 463 24
104 170 17
104 124 -79
104 315 35
104 385 -55
104 124 49
104 330 -27
104 233 48
104 214 -59
104 464 -85
104 439 47
104 440 39
104 232 -86
104 149 -43
104 350 -28
104 498 -38
104 429 73
104 310 49
104 424 49
104 206 -23
105 274 -21
105 171 -3
105 164 -35
105 247 -45
105 179 21
105 253 74
105 192 18
105 155 42
105 391 79
105 276 -82
105 155 -86
105 230 66
105 429 -89
105 341 85
105 391 -11
105 504 -86
105 335 69
105 333 -95
105 336 -59
106 450 -90
106 455 -36
106 159 51
106 267 32
106 366 -79
106 123 -40
106 466 -48
106 366 -40
106 150 40
106 486 -77
106 374 -65
106 141 47
106 393 -53
106 449 86
106 323 -90
106 326 -48
106 189 40
106 483 20
106 459 72
106 357 86
107 414 -24
107 408 90
107 473 37
107 498 -88
107 347 -32
107 301 48
107 306 65
107 405 80
107 228 -88
107 230 -15
107 443 39
107 166 94
107 340 -76
107 487 -91
107 499 29
107 496 56
107 356 -46
108 495 -77
108 239 70
108 161 58
108 438 -100
108 191 16
108 498 93
108 386 -1
108 194 -95
108 135 -89
108 389 -26
108 416 81
108 287 -60
108 443 24
108 456 22
108 184 4
108 275 -19
108 320 57
108 134 -35
109 397 5
109 246 -68
109 402 67
109 171 71
109 508 0
109 184 -28
109 138 -83
109 236 -6
109 370 60
109 159 61
109 374 25
109 306 25
109 176 -28
109 417 34
109 475 94
109 503 -83
109 435 37
109 170 77
109 185 -39
110 337 -61
110 446 84
110 461 -94
110 402 -41
110 511 47
110 165 -4
110 358 57
110 474 -59
110 169 5
110 427 -21
110 141 -75
110 191 -75
110 244 26
110 308 74
110 483 31
110 324 38
110 345 60
111 289 94
111 363 18
111 354 0
111 374 -79
111 128 -31
111 344 -23
111 458 28
111 278 62
111 437 68
111 189 -38
111 465 99
111 326 -94
111 451 -75
111 261 60
111 304 -3
111 288 -87
111 318 -81
111 117 -100
111 386 -18
111 187 -28
112 351 -21
112 247 -61
112 437 22
112 272 60
112 209 -56
112 458 17
112 319 25
112 462 12
112 384 -92
112 395 63
112 396 25
112 425 25
112 465 8
112 267 69
112 118 -72
112 213 77
112 123 -98
112 360 -7
113 221 -56
113 494 68
113 334 93
113 386 92
113 394 26
113 342 60
113 494 -41
113 294 -97
113 496 -95
113 252 -78
113 337 79
113 242 -1
113 463 -74
113 455 -60
113 203 82
113 234 -69
114 349 -43
114 394 5
114 317 -9
114 377 -61
114 256 91
114 500 32
114 244 -54
114 147 -93
114 500 -61
114 504 81
114 142 -64
114 330 -72
114 302 20
114 208 -98
114 451 -28
114 139 -19
114 320 13
114 463 -39
115 470 88
115 412 71
115 179 56
115 268 64
115 507 -58
115 365 -41
115 141 -78
115 401 -16
115 301 -61
115 475 -8
115 260 14
115 399 41
115 311 35
115 368 -12
115 484 -83
115 280 14
115 431 21
115 450 31
116 512 28
116 283 57
116 137 38
116 391 66
116 217 62
116 135 -49
116 471 72
116 455 7
116 135 83
116 123 81
116 120 -84
116 167 -30
116 386 -22
116 143 -38
116 253 -34
116 490 95
116 491 -31
116 313 90
116 131 55
116 487 96
116 417 -11
116 448 -97
117 219 89
117 307 -66
117 191 -92
117 378 -97
117 149 25
117 450 -63
117 174 41
117 334 -81
117 297 -72
117 205 -1
117 322 -28
117 412 -49
117 466 28
117 147 -39
117 471 73
117 185 -46
118 292 -23
118 279 -32
118 273 16
118 311 -14
118 154 43
118 384 39
118 316 -56
118 137 -30
118 466 23
118 362 -54
118 242 73
118 505 -49
118 136 6
118 141 -31
118 435 -94
118 451 85
118 364 58
119 418 64
119 218 -20
119 300 -34
119 475 90
119 181 -27
119 415 80
119 210 97
119 273 73
119 243 -40
119 300 32
119 225 -99
119 258 57
119 125 31
119 485 -45
119 124 -52
119 451 15
119 246 95
119 474 -46
119 476 28
119 360 30
119 285 61
119 327 -62
120 500 -86
120 127 -6
120 509 53
120 404 -13
120 330 -74
120 176 32
120 322 -63
120 206 -89
120 501 0
120 486 -18
120 257 21
120 212 -30
120 165 -22
120 298 -85
120 188 77
120 322 -80
120 213 -79
120 362 -58
120 140 -58
120 256 -57
121 334 87
121 473 44
121 282 9
121 347 49
121 234 47
121 154 -68
121 235 68
121 303 47
121 262 -4
121 224 -67
121 201 -92
121 177 -26
121 469 86
121 322 65
121 485 -20
121 303 -88
121 321 -40
121 178 28
121 348 6
122 367 72
122 223 84
122 172 -81
122 306 77
122 378 58
122 458 2
122 201 42
122 271 -54
122 443 -35
122 331 14
122 356 38
122 156 56
122 407 -9
122 397 32
122 252 -20
122 347 55
123 449 90
123 457 -44
123 508 -16
123 461 23
123 208 -74
123 248 52
123 485 -27
123 258 -47
123 367 53
123 499 -13
123 125 24
123 247 69
123 267 4
123 262 -32
123 363 -34
123 459 78
123 168 17
123 509 -25
124 221 80
124 284 63
124 162 -36
124 260 -20
124 425 -40
124 379 -15
124 364 -87
124 237 33
124 470 66
124 509 -63
124 465 92
124 142 -19
124 320 60
124 226 12
124 325 60
124 508 87
124 160 38
124 411 -37
125 147 -19
125 274 59
125 489 -94
125 491 -82
125 160 27
125 472 -45
125 183 26
125 150 -75
125 286 97
125 374 -79
125 355 -1
125 217 -91
125 269 38
125 493 -98
125 376 -4
125 423 56
125 341 -19
125 296 -81
125 387 -67
126 362 24
126 321 28
126 308 89
126 386 7
126 319 34
126 311 -71
126 357 38
126 311 38
126 458 -9
126 360 -43
126 158 31
126 383 -44
126 199 7
126 504 -85
126 241 93
126 458 -64
126 489 -42
126 322 -70
127 428 -40
127 494 -65
127 483 -17
127 292 41
127 402 24
127 377 32
127 200 -79
127 420 -15
127 187 -84
127 192 -58
127 129 -72
127 379 1
127 502 -69
127 509 -66
127 291 93
127 379 18
127 500 67
128 394 -11
128 489 -94
128 236 -46
128 440 -16
128 234 52
128 206 19
128 473 -61
128 222 -63
128 272 51
128 367 -82
128 370 -58
128 206 -87
128 298 -15
128 352 -59
129 426 -37
129 287 -11
129 382 58
129 375 -47
129 381 71
129 495 56
129 246 -90
129 505 -68
129 167 3
129 351 77
129 280 69
129 462 71
129 385 -47
129 475 76
129 297 74
129 439 -94
129 150 -85
130 263 -58
130 354 94
130 279 -53
130 148 -71
130 235 -71
130 144 80
130 140 -16
130 330 -79
130 483 -24
130 269 -8
130 234 98
130 137 77
130 235 -61
130 186 64
130 200 57
130 176 36
131 229 -59
131 369 25
131 477 -48
131 362 2
131 480 76
131 143 -32
131 313 38
131 240 -60
131 487 -40
131 288 6
131 149 5
131 192 -32
131 416 -13
131 407 91
131 510 98
132 423 -10
132 196 -52
132 378 88
132 352 16
132 262 -26
132 225 -70
132 344 50
132 397 51
132 469 70
132 283 35
132 464 -13
132 415 97
132 276 -87
132 441 -98
132 506 56
132 363 42
132 458 81
132 410 -61
133 455 -35
133 426 6
133 486 -51
133 322 4
133 456 41
133 339 -18
133 233 16
133 386 90
133 223 -2
133 448 -46
133 468 48
133 505 47
133 252 8
133 209 -41
133 190 -58
133 402 -12
133 147 15
133 410 -56
134 212 35
134 495 -8
134 393 -76
134 429 7
134 433 76
134 298 -59
134 199 92
134 501 60
134 406 90
134 294 -39
134 336 -19
134 388 11
134 291 0
134 408 45
134 449 -96
134 371 -65
135 366 62
135 423 77
135 392 -40
135 350 42
135 157 -14
135 282 -46
135 309 -32
135 212 -50
135 310 89
135 220 90
135 313 -12
135 198 -10
135 158 24
135 223 67
135 273 80
135 344 -55
135 408 -33
136 235 82
136 357 58
136 391 -46
136 239 57
136 401 -78
136 263 99
136 380 62
136 348 73
136 471 -81
136 257 -18
136 338 31
136 437 94
136 281 -63
136 281 -79
136 394 74
137 157 19
137 339 7
137 283 61
137 233 8
137 173 75
137 263 47
137 211 -9
137 397 -68
137 294 -30
137 497 58
137 417 -54
137 154 49
137 142 30
137 512 -97
137 223 42
137 155 11
138 333 -7
138 350 60
138 352 40
138 151 -6
138 169 95
138 480 -49
138 254 55
138 260 40
138 167 -29
138 382 -17
138 245 18
138 415 -92
138 216 20
138 201 14
138 219 -56
138 293 2
138 339 56
139 371 -90
139 167 60
139 231 66
139 265 88
139 394 -8
139 490 -67
139 152 50
139 440 14
139 465 -1
139 192 -72
139 241 59
139 451 -98
139 347 -24
139 429 -5
140 469 -30
140 455 91
140 486 -78
140 504 -28
140 189 -81
140 440 -44
140 416 68
140 220 -4
140 504 -83
140 367 84
140 477 81
140 255 -36
140 324 -56
140 340 76
140 220 37
140 475 -80
140 235 24
141 337 -89
141 482 -8
141 436 75
141 157 56
141 332 -39
141 356 38
141 303 36
141 338 0
141 414 92
141 357 -68
141 394 78
141 228 25
141 436 -65
141 457 -21
141 342 -29
141 497 -25
141 227 -48
141 206 84
142 439 78
142 495 -38
142 442 14
142 223 -51
142 388 11
142 491 86
142 461 -17
142 254 48
142 174 -50
142 241 73
142 470 28
142 279 84
142 367 49
142 453 -21
142 353 -92
142 199 70
142 360 18
143 449 -65
143 418 -61
143 478 60
143 280 15
143 457 -4
143 391 39
143 500 -3
143 152 62
143 443 54
143 270 -6
143 166 -11
143 271 -70
143 440 -91
143 398 -26
143 419 58
143 240 -43
143 374 -67
143 158 -60
143 165 16
143 325 7
143 361 -43
144 194 -33
144 482 72
144 390 11
144 352 -71
144 475 -70
144 263 51
144 164 76
144 345 -85
144 190 -41
144 329 95
144 260 47
144 162 82
144 502 -81
144 415 -89
144 198 -76
144 376 82
144 189 -2
145 148 -51
145 254 83
145 370 -54
145 302 -80
145 485 93
145 190 -38
145 190 99
145 249 18
145 379 -38
145 150 37
145 449 -45
145 441 -69
145 368 -31
145 200 50
145 275 -93
145 475 77
145 235 23
145 509 52
146 175 -19
146 240 -7
146 503 -79
146 271 -50
146 385 25
146 320 95
146 436 62
146 318 65
146 322 21
146 299 71
146 164 -45
146 188 51
146 451 4
146 259 -78
146 499 72
146 405 -81
147 344 -8
147 243 -20
147 455 70
147 319 -64
147 386 -32
147 339 7
147 230 -19
147 190 92
147 459 25
147 325 -35
147 252 18
147 192 65
147 308 -87
147 358 -96
147 449 -35
147 313 11
147 444 6
148 176 47
148 496 40
148 370 65
148 219 7
148 193 21
148 447 -9
148 398 -33
148 339 -60
148 319 76
148 204 75
148 365 76
148 210 37
148 203 -90
148 232 -86
148 231 41
148 466 15
148 281 65
149 291 78
149 204 17
149 224 39
149 239 -93
149 463 -74
149 343 40
149 468 27
149 394 11
149 511 -80
149 395 -21
149 395 -47
149 438 -59
149 289 98
149 344 -76
149 324 -49
149 286 -77
149 448 -70
149 493 35
150 423 -75
150 153 -55
150 202 26
150 186 -92
150 253 -20
150 188 -97
150 407 -41
150 493 -5
150 309 57
150 354 -88
150 494 -2
150 303 -91
150 416 2
150 308 5
150 250 89
150 266 58
151 337 -70
151 235 14
151 228 -91
151 242 34
151 380 -91
151 432 23
151 414 -56
151 280 52
151 336 44
151 490 47
151 357 3
151 361 -32
151 352 6
151 444 -25
151 336 -11
152 207 -92
152 426 -20
152 352 86
152 168 -53
152 390 -95
152 444 -38
152 409 -33
152 250 30
152 351 -80
152 173 -100
152 440 -38
152 509 78
152 268 -59
152 469 -29
153 438 -72
153 381 -97
153 367 -5
153 280 23
153 445 -18
153 243 28
153 361 -58
153 173 37
153 439 2
153 401 27
153 352 64
153 377 43
153 369 46
153 393 -6
153 453 -69
153 393 -36
153 341 -65
153 158 -20
154 294 -85
154 162 69
154 288 -66
154 418 22
154 414 -14
154 435 -11
154 165 -93
154 506 31
154 171 -14
154 443 -86
154 240 -92
154 397 -99
154 173 -16
154 217 -42
154 385 -29
154 330 63
154 495 38
154 429 -96
154 231 -24
155 355 -96
155 192 -89
155 460 -76
155 500 -25
155 388 84
155 476 83
155 214 98
155 307 22
155 188 93
155 253 -49
155 261 -54
155 487 -79
155 226 -21
155 418 36
155 181 -46
155 395 23
155 355 40
155 294 -15
156 181 50
156 236 80
156 409 -32
156 192 -57
156 162 42
156 351 15
156 408 -80
156 336 6
156 208 21
156 422 77
156 328 -31
156 477 46
156 270 -60
156 239 -4
156 495 51
156 408 -59
156 323 32
157 237 84
157 379 -28
157 511 -71
157 351 66
157 282 -9
157 506 -51
157 360 -23
157 480 14
157 414 28
157 206 -79
157 505 -86
157 437 18
157 257 16
157 246 82
157 426 16
157 328 17
157 283 -19
157 409 96
157 193 -81
158 335 79
158 176 -47
158 202 17
158 477 -70
158 419 32
158 496 -41
158 395 93
158 316 49
158 225 -33
158 238 -1
158 470 -93
158 164 45
158 317 -88
158 436 -93
158 167 -95
158 347 -59
158 502 -99
159 336 -32
159 292 -61
159 409 -51
159 371 21
159 387 33
159 459 -27
159 440 74
159 191 -96
159 362 89
159 454 -100
159 345 65
159 387 76
159 234 81
159 189 -47
160 416 -98
160 385 31
160 360 -33
160 355 42
160 415 -36
160 448 -40
160 345 80
160 277 42
160 224 46
160 414 -75
160 309 84
160 296 -55
160 449 81
160 306 47
160 358 -10
160 184 -55
160 365 -55
161 440 62
161 174 7
161 209 9
161 407 27
161 418 -71
161 449 -75
161 497 34
161 361 73
161 394 -61
161 453 -28
161 261 -3
161 383 32
161 209 18
162 377 -100
162 206 -44
162 240 -74
162 222 -95
162 238 -64
162 210 -51
162 291 -11
162 297 25
162 463 -65
162 273 -46
162 492 -53
162 440 -80
162 325 -24
162 319 -79
162 243 33
162 315 96
163 386 36
163 414 -49
163 257 -94
163 204 65
163 275 -99
163 460 83
163 177 -46
163 447 62
163 441 92
163 242 -73
163 492 59
163 507 -44
163 186 23
163 312 80
164 381 -3
164 175 84
164 436 -46
164 243 68
164 257 68
164 346 -35
164 314 -14
164 385 -77
164 438 -33
164 234 -7
164 273 -2
164 270 -44
164 168 -95
164 450 -46
164 204 -37
164 474 -80
165 423 94
165 283 -14
165 482 12
165 257 -87
165 252 76
165 319 -41
165 410 -57
165 407 82
165 438 37
165 408 44
165 194 -43
165 362 93
165 477 -5
165 351 7
165 265 61
165 472 18
166 225 80
166 355 3
166 299 -29
166 180 -58
166 201 -20
166 308 19
166 504 5
166 508 73
166 329 -16
166 272 -8
166 402 -85
166 237 39
166 395 20
166 285 41
166 360 97
166 496 -3
166 276 -10
166 491 92
166 503 -11
167 431 -6
167 412 94
167 250 -43
167 366 -55
167 298 45
167 500 -58
167 301 62
167 269 -1
167 467 53
167 238 -29
167 367 -80
167 461 -30
167 492 59
167 267 93
167 302 15
167 368 -33
167 384 -25
167 232 -91
167 384 36
168 337 -8
168 203 -65
168 184 -38
168 220 -3
168 310 -86
168 253 -75
168 336 -98
168 471 64
168 493 23
168 431 -74
168 248 34
168 428 30
169 424 71
169 511 -29
169 476 -24
169 196 58
169 176 -28
169 220 99
169 180 -67
169 317 -20
169 502 -40
169 321 -33
169 472 3
169 489 -58
169 471 63
170 214 -40
170 234 29
170 378 88
170 352 22
170 385 36
170 324 -67
170 364 51
170 475 -26
170 370 42
170 405 -86
170 280 -49
170 251 -11
170 209 0
170 360 -99
170 444 -53
170 470 67
170 307 -15
170 247 23
171 468 37
171 332 57
171 361 33
171 244 80
171 390 -32
171 255 52
171 199 -85
171 209 -35
171 339 -22
171 451 91
171 502 75
171 370 -93
171 410 -51
171 276 63
171 312 93
171 379 39
171 415 -72
172 355 3
172 440 -78
172 253 0
172 498 -53
172 210 53
172 410 -52
172 497 -14
172 413 29
172 240 -35
172 449 -86
172 235 -7
172 218 -3
172 217 -29
172 376 -50
172 424 67
172 487 45
172 234 -16
173 510 66
173 433 -37
173 404 -100
173 203 -44
173 224 35
173 374 12
173 292 -28
173 198 71
173 241 -52
173 456 90
173 186 -59
173 364 -9
174 291 58
174 264 8
174 211 -47
174 428 94
174 491 3
174 227 15
174 331 -15
174 437 65
174 450 -94
174 372 -35
174 490 89
174 375 -78
174 250 14
174 295 59
174 393 58
174 178 44
175 271 79
175 284 49
175 182 93
175 504 -67
175 264 -7
175 353 70
175 243 -95
175 243 -66
175 311 -26
175 483 35
175 248 43
175 178 62
176 486 63
176 363 -53
176 183 -56
176 270 -59
176 350 -71
176 180 -59
176 445 68
176 300 -66
176 371 44
176 393 -68
176 216 -78
176 402 45
176 449 39
176 461 -98
176 217 53
176 399 13
177 492 -9
177 194 -27
177 448 -5
177 209 28
177 444 60
177 299 27
177 200 -53
177 234 86
177 333 -65
177 406 -39
177 239 6
177 460 -76
177 190 4
178 486 70
178 426 -84
178 446 -27
178 255 -22
178 219 85
178 332 22
178 338 -20
178 323 89
178 355 34
178 441 64
178 346 -93
178 367 -62
178 441 -75
178 202 35
178 492 -72
178 489 -46
178 207 15
178 251 -81
178 457 -36
179 277 70
179 343 85
179 401 -9
179 227 10
179 466 86
179 305 -50
179 475 60
179 496 12
179 287 -63
179 345 55
179 341 42
179 348 -21
179 188 -45
179 334 36
180 434 -90
180 509 63
180 511 -58
180 428 77
180 351 75
180 383 37
180 252 -24
180 309 80
180 214 -47
180 436 12
180 204 80
181 461 39
181 357 -46
181 231 36
181 301 20
181 207 93
181 475 56
181 229 8
181 480 76
181 269 64
181 340 54
181 321 72
181 274 -72
181 392 11
181 310 -21
181 367 2
182 429 28
182 244 -2
182 251 -35
182 213 23
182 446 86
182 354 -64
182 340 95
182 347 -21
182 505 94
182 216 81
182 390 -59
182 260 -22
182 297 -14
183 215 78
183 455 67
183 222 28
183 373 8
183 236 -63
183 462 49
183 328 -77
183 505 -94
183 207 -84
183 251 -79
183 240 -69
183 335 76
183 459 54
183 511 -44
183 310 -8
184 483 6
184 347 -80
184 509 76
184 245 -21
184 298 56
184 269 -6
184 500 -38
184 304 56
184 212 -93
184 507 -6
184 361 72
184 188 10
184 424 -94
185 380 -53
185 219 -74
185 405 59
185 343 -1
185 299 -75
185 211 -74
185 231 -64
185 328 57
185 195 58
185 391 93
185 192 -39
185 215 -44
185 287 -70
185 510 -15
185 359 4
185 484 -61
185 466 -30
186 402 -97
186 336 64
186 287 -74
186 313 75
186 264 -40
186 234 73
186 310 -28
186 188 44
186 391 47
186 301 -97
186 494 -20
186 297 19
186 245 -44
186 232 -74
186 325 -45
186 310 95
187 442 88
187 317 39
187 206 80
187 393 -18
187 275 18
187 230 25
187 383 -3
187 324 8
187 443 -3
187 251 17
187 403 86
187 512 94
187 431 -29
187 414 -73
187 355 38
187 245 -43
187 292 34
187 431 -89
187 316 -88
188 281 58
188 443 55
188 277 7
188 275 -80
188 278 49
188 430 20
188 233 -38
188 222 53
188 444 55
188 450 53
188 218 -76
188 389 -76
188 419 83
188 435 47
188 248 -71
188 275 -6
188 398 -2
189 234 -75
189 397 66
189 421 -52
189 364 69
189 431 79
189 435 -28
189 284 72
189 306 -52
189 435 -70
189 394 -48
189 293 22
189 231 -96
189 362 31
190 210 -63
190 232 67
190 483 -40
190 483 -78
190 328 -74
190 291 6
190 272 77
190 236 -42
190 231 -13
190 345 -87
190 223 -81
190 480 21
190 297 -98
190 307 60
191 393 84
191 451 -56
191 307 31
191 349 -69
191 454 -94
191 298 -59
191 289 -51
191 317 -43
191 262 21
191 364 -71
191 369 69
191 240 46
191 423 68
192 331 91
192 510 -75
192 349 87
192 214 -49
192 271 -27
192 351 -35
192 481 -93
192 474 23
192 433 -2
192 297 73
192 332 21
192 310 -32
192 345 19
192 287 65
192 402 -5
192 466 40
192 211 36
192 430 -13
193 280 77
193 440 -48
193 331 34
193 300 -82
193 433 92
193 314 -45
193 401 -16
193 220 -69
193 319 40
193 303 87
194 307 61
194 352 -2
194 420 28
194 290 -3
194 476 -36
194 448 83
194 292 -61
194 411 39
194 384 56
194 311 -55
194 369 -59
194 332 91
194 211 34
194 373 27
194 306 -76
194 490 -70
195 321 58
195 359 -22
195 466 72
195 249 84
195 348 5
195 417 8
195 230 90
195 378 -97
195 337 -19
195 286 -85
195 217 -55
195 450 47
195 465 98
195 267 -73
195 399 98
195 341 0
195 411 43
196 197 -58
196 291 14
196 383 74
196 225 -71
196 396 -44
196 479 88
196 275 -85
196 479 -62
196 350 -79
196 351 -96
196 417 18
196 426 25
196 247 -93
196 351 29
196 349 86
196 226 78
196 237 52
197 347 94
197 217 -93
197 234 -52
197 509 -1
197 204 -27
197 379 1
197 427 -52
197 412 -19
197 322 72
197 338 70
197 331 -23
197 421 82
197 495 -55
198 445 -45
198 479 -32
198 250 56
198 370 -35
198 445 -13
198 343 86
198 207 85
198 251 55
198 225 77
198 481 -17
198 441 74
198 363 52
199 314 -52
199 335 -13
199 410 68
199 425 95
199 247 -83
199 411 -16
199 484 -81
199 486 -100
199 482 69
199 341 34
199 338 3
200 358 -73
200 494 -5
200 453 77
200 291 38
200 469 -92
200 445 -15
200 230 87
200 467 -97
200 356 -81
200 284 -69
200 369 -96
200 488 41
200 292 -43
200 251 -34
200 440 -56
200 345 -74
200 202 -61
200 231 10
201 329 -32
201 232 -31
201 378 3
201 320 79
201 451 23
201 345 6
201 373 -34
201 211 -71
201 360 48
201 445 19
201 395 41
201 281 47
201 508 -60
201 457 26
201 218 36
202 365 75
202 367 64
202 217 58
202 219 38
202 344 -67
202 289 16
202 385 -73
202 377 18
202 370 -2
202 217 -82
202 288 -14
202 401 -45
203 388 -53
203 300 -98
203 244 1
203 434 -32
203 245 -59
203 208 62
203 241 -78
203 298 23
203 275 90
203 458 -30
203 410 -83
204 313 6
204 339 36
204 468 -81
204 209 19
204 448 -47
204 291 10
204 235 -75
204 414 31
204 317 -89
204 257 90
204 378 66
204 247 62
204 475 71
204 298 -78
204 422 -4
204 257 -92
204 228 91
205 398 -81
205 345 -13
205 502 19
205 312 35
205 449 -99
205 248 57
205 390 4
205 269 45
205 458 83
205 238 -25
205 457 69
205 280 -59
205 497 29
206 232 -67
206 372 85
206 285 42
206 286 -71
206 437 96
206 249 98
206 446 -51
206 263 -59
206 304 53
206 341 -28
206 324 -21
206 271 64
206 375 89
207 320 -40
207 415 -16
207 394 21
207 287 59
207 432 -1
207 300 58
207 208 -56
207 247 28
207 483 -27
207 472 -15
207 304 51
207 279 91
207 443 -28
207 441 93
207 478 83
208 492 91
208 496 -45
208 331 -100
208 440 -10
208 308 -26
208 449 -16
208 432 79
209 464 65
209 313 71
209 456 72
209 256 66
209 444 38
209 481 64
209 295 -91
209 322 47
209 359 -66
209 307 -48
209 334 20
209 283 -55
209 481 83
209 446 -64
210 351 68
210 408 2
210 489 66
210 228 -83
210 501 90
210 319 -89
210 392 -71
210 224 -75
210 233 13
210 434 -96
210 281 29
210 370 57
211 427 -66
211 375 2
211 414 -42
211 310 -55
211 465 -19
211 350 -55
211 404 45
211 319 95
212 491 -62
212 297 79
212 480 -21
212 248 62
212 341 -41
212 391 -4
212 234 -66
212 460 60
212 315 7
212 305 -99
212 218 -1
212 254 79
212 494 -97
212 417 -79
212 309 -23
212 403 74
213 497 -1
213 409 -80
213 405 98
213 219 -67
213 389 30
213 309 -42
213 493 -11
213 361 -44
213 473 84
213 426 -52
213 374 91
213 476 -43
214 383 -46
214 311 39
214 464 20
214 452 76
214 438 -60
214 440 -48
214 345 28
214 307 -20
214 431 -60
214 358 15
214 245 82
214 331 83
214 412 -10
214 267 70
214 326 57
214 427 18
215 483 9
215 319 85
215 393 84
215 496 -43
215 292 19
215 239 -34
215 486 28
215 333 4
215 428 9
215 294 -19
215 465 7
216 248 0
216 219 -31
216 367 -20
216 224 -35
216 319 23
216 431 -65
216 225 37
216 321 16
216 341 55
216 278 -58
216 424 -60
216 303 -6
217 274 -56
217 402 -83
217 354 78
217 260 -56
217 316 -89
217 297 81
217 261 98
217 499 -5
217 326 -75
217 254 -59
217 492 38
217 493 49
217 365 93
217 239 80
217 496 -2
217 258 61
217 249 90
217 335 30
217 353 -39
217 221 87
218 304 7
218 473 -83
218 234 -96
218 316 54
218 506 26
218 442 -36
218 330 75
218 224 68
218 419 5
218 459 59
218 289 -29
218 404 17
218 357 76
218 336 45
219 405 -53
219 232 -57
219 275 -42
219 420 -75
219 429 -96
219 317 77
219 503 -56
219 386 19
219 240 47
219 272 -74
219 435 24
219 329 71
219 260 -45
219 314 -42
219 323 -10
219 318 -16
220 424 -91
220 460 -69
220 304 -62
220 345 -53
220 386 -54
220 237 61
220 494 -58
220 269 -98
220 320 67
220 344 -26
220 391 54
220 224 -66
220 398 10
220 386 -5
221 249 98
221 511 41
221 330 38
221 413 14
221 502 95
221 246 -13
221 320 25
221 341 72
221 268 18
221 342 49
221 313 -78
221 321 -77
221 415 -63
222 300 57
222 386 -66
222 353 -72
222 224 -55
222 233 -32
222 469 43
222 305 87
222 409 -15
222 340 -18
222 361 7
222 401 53
223 328 3
223 317 34
223 503 55
223 358 -32
223 444 8
223 272 -2
223 234 -20
223 269 -17
223 294 -93
223 227 31
223 261 -30
223 340 -65
223 277 -89
224 319 9
224 512 19
224 438 10
224 295 66
224 307 41
224 485 74
224 326 12
224 492 -85
224 328 -99
224 374 82
225 391 47
225 375 26
225 331 -60
225 367 -81
225 366 -62
225 421 64
225 319 -63
225 235 -36
225 242 -9
225 450 16
225 269 -93
225 234 -82
226 411 -19
226 270 18
226 243 35
226 484 -42
226 239 -74
226 331 -18
226 394 76
226 485 69
226 359 -33
226 299 77
226 501 90
227 507 -24
227 492 -30
227 289 71
227 391 74
227 315 78
227 331 77
227 337 30
227 304 46
227 428 67
227 333 -37
227 253 -85
227 417 -46
227 461 24
227 321 -45
227 249 -86
228 401 -16
228 250 64
228 366 -45
228 353 37
228 269 -89
228 315 4
228 394 21
228 382 -47
228 498 -64
228 409 85
228 471 -9
228 347 76
228 452 99
228 348 -43
229 374 -65
229 255 18
229 409 -42
229 501 -4
229 403 47
229 460 39
229 368 -4
229 283 85
229 358 16
229 277 -63
229 341 -93
230 284 -28
230 438 2
230 492 -4
230 272 73
230 335 95
230 399 -89
230 359 76
230 256 60
230 316 -66
230 298 64
230 311 23
230 399 -87
230 495 -85
231 433 -67
231 367 -37
231 417 70
231 367 -98
231 440 -68
231 375 35
231 374 16
231 320 64
231 311 -36
231 503 -69
231 475 -10
231 423 15
231 329 40
232 347 33
232 320 63
232 292 -43
232 505 62
232 261 45
232 336 -35
232 330 -86
232 456 -10
232 412 86
232 424 57
232 245 -16
232 492 -58
233 385 -93
233 449 -94
233 378 5
233 487 65
233 371 -31
233 358 61
233 481 -49
233 366 -99
233 437 -23
233 304 -85
233 498 -89
233 365 -12
233 484 63
233 289 -59
233 439 95
233 504 2
234 503 29
234 299 10
234 427 -63
234 435 -69
234 398 -78
234 265 -49
234 337 -36
234 319 -37
234 332 -33
234 272 -40
234 451 -22
234 372 -34
234 300 -21
235 290 27
235 390 -54
235 419 -75
235 481 -71
235 393 52
235 401 -35
235 337 79
235 477 -34
235 355 25
235 465 -1
235 436 -51
235 400 -100
235 363 24
235 457 -29
235 431 -68
236 322 33
236 490 86
236 347 -64
236 407 11
236 246 92
236 495 -18
236 265 3
236 291 28
236 322 28
236 423 40
236 424 -29
236 477 86
236 428 -48
236 353 -28
236 471 -24
236 431 29
236 512 26
237 327 -2
237 361 -61
237 319 -20
237 255 -6
237 348 71
237 490 -36
237 419 59
237 459 -90
237 360 14
237 306 -41
237 394 -70
237 445 88
237 433 -10
237 307 -78
238 247 65
238 443 86
238 346 0
238 353 6
238 328 -96
238 452 -81
238 413 85
238 454 49
238 499 3
238 470 -24
238 386 7
238 463 17
239 510 -41
239 467 -12
239 365 97
239 503 81
239 313 49
239 407 -42
239 490 -59
239 271 86
239 488 -17
239 479 71
240 264 52
240 254 -51
240 478 -30
240 296 -39
240 473 68
240 495 -46
240 314 -69
240 485 75
240 281 -44
240 454 22
240 400 83
240 479 57
241 485 22
241 250 -43
241 409 54
241 243 27
241 348 -23
241 316 54
241 358 -1
241 268 68
241 293 -86
241 273 -65
241 268 -26
242 276 -98
242 370 78
242 287 -41
242 369 82
242 297 46
242 263 -96
242 477 -11
242 365 -34
242 367 9
242 469 84
242 326 -13
243 360 -91
243 420 -94
243 429 97
243 294 -45
243 272 -43
243 379 -74
243 419 88
243 325 95
243 348 86
243 395 2
243 365 25
243 279 76
243 389 -98
244 478 10
244 265 13
244 339 -60
244 329 -96
244 260 -78
244 337 -74
244 431 78
244 425 -87
244 404 -10
245 294 -30
245 276 -26
245 427 -85
245 486 14
245 454 42
245 257 -48
245 381 -82
245 418 -68
245 336 -20
245 454 -22
245 365 66
245 507 -92
246 310 8
246 424 10
246 270 46
246 259 52
246 337 66
246 503 52
247 359 13
247 277 5
247 308 23
247 423 5
247 445 -82
247 310 95
247 323 9
247 510 -67
247 286 -70
247 432 67
247 507 91
247 323 -65
247 470 -28
247 441 -60
247 453 48
248 396 -85
248 486 -25
248 460 -58
248 293 7
248 269 -88
248 468 -87
248 421 -21
248 441 -27
248 329 8
248 340 -95
249 325 35
249 383 78
249 341 78
249 401 70
249 381 82
249 393 -11
249 307 99
249 346 49
249 277 -76
249 354 -6
249 409 49
249 503 33
249 379 12
249 381 64
249 403 -26
250 512 83
250 431 -67
250 325 63
250 381 45
250 287 -20
250 406 6
250 315 84
250 350 43
250 484 -71
250 356 -25
250 457 98
250 360 4
250 385 -61
250 439 38
251 366 -75
251 410 -13
251 295 -37
251 293 -29
251 400 -61
251 294 -94
251 445 92
251 316 69
252 380 -9
252 440 70
252 295 -32
252 468 44
252 484 -9
252 297 -61
252 333 -18
252 332 70
252 366 -90
252 415 -40
252 444 -30
252 299 -9
253 305 -86
253 460 -19
253 487 79
253 330 -81
253 496 15
253 486 28
253 378 -90
253 311 -20
253 369 33
253 324 -39
253 488 96
253 337 -76
253 305 -11
253 304 13
253 435 -2
253 416 -6
253 325 -72
254 388 -4
254 370 34
254 301 76
254 462 -74
254 437 63
254 305 42
254 356 52
254 323 25
254 365 -28
255 269 -78
255 336 69
255 294 -91
255 449 27
255 314 -10
255 332 -46
255 450 -85
255 466 -78
255 441 14
255 262 1
255 384 -72
255 293 92
256 486 16
256 278 -70
256 363 1
256 389 69
256 267 26
256 457 -57
256 343 70
256 490 -83
256 262 -78
256 440 -100
256 350 -83
256 351 59
257 303 -39
257 299 -60
257 358 -100
257 338 52
257 455 -64
257 419 23
257 427 24
258 450 99
258 417 -56
258 506 0
258 366 -28
258 298 -10
258 307 70
258 467 6
258 373 -16
258 380 -57
258 422 91
258 416 33
258 267 -38
258 406 99
259 456 -90
259 382 48
259 418 -91
259 356 48
259 423 26
259 368 37
259 480 -98
259 307 5
259 501 95
259 380 19
259 426 22
259 417 46
259 353 -27
260 507 -40
260 433 -14
260 329 -85
260 294 -13
260 289 -70
260 279 -48
260 342 22
260 310 -98
260 285 8
260 347 94
260 491 -8
260 297 57
260 470 -95
260 476 78
261 448 -75
261 351 87
261 354 -25
261 506 72
261 412 18
261 489 -89
261 438 -70
261 300 -65
261 309 64
261 473 -12
262 366 60
262 407 -76
262 378 -19
262 509 -49
262 423 32
262 478 -88
262 386 78
262 284 12
262 361 19
262 488 62
262 497 -76
262 264 -16
263 325 53
263 345 -6
263 418 -99
263 437 -77
263 481 -95
263 302 -20
263 323 74
263 269 31
263 292 27
263 383 45
263 376 -84
263 347 97
263 450 -33
263 399 -85
263 444 1
264 307 27
264 479 15
264 468 43
264 399 -98
264 469 15
264 278 2
264 429 98
264 418 -48
264 296 39
264 504 2
264 459 1
264 483 59
265 332 -31
265 339 -94
265 466 -28
265 438 7
265 361 -32
265 475 54
265 422 57
265 452 74
265 359 -70
266 297 -65
266 412 83
266 364 65
266 385 -25
266 491 -54
266 310 -38
266 431 -3
266 485 -54
266 510 -38
266 388 46
266 283 86
266 357 -30
267 327 13
267 446 97
267 389 -35
267 382 48
267 397 -12
267 320 44
267 488 -54
267 420 66
267 425 91
267 506 22
267 504 59
267 377 -73
268 290 -66
268 493 64
268 362 48
268 493 83
268 347 -42
268 340 33
268 307 37
268 346 12
268 331 -61
268 387 77
269 301 -9
269 310 -21
269 396 -46
269 393 -46
269 460 69
269 338 15
269 297 -29
269 352 66
269 349 63
269 470 45
270 491 -60
270 446 -75
270 317 -5
270 410 76
270 283 -11
270 358 -33
270 367 35
270 400 -83
270 298 84
270 352 15
271 310 -54
271 380 -23
271 322 -31
271 497 -9
271 424 -64
271 492 54
271 396 24
272 461 30
272 320 -34
272 352 -88
272 311 69
272 399 60
272 355 75
272 418 -2
272 411 42
272 365 -79
272 368 -25
272 373 -69
272 310 59
272 460 -57
272 358 19
273 313 -8
273 353 -35
273 477 71
273 286 56
273 424 22
273 464 76
273 359 -74
273 502 68
273 430 84
273 447 66
274 405 42
274 372 -30
274 401 62
274 507 80
274 462 44
274 286 53
274 439 72
274 474 -90
275 379 -59
275 377 11
275 305 -26
275 350 -30
275 477 -86
275 388 -55
275 284 49
275 463 3
275 344 -62
275 411 31
275 310 16
276 306 94
276 421 16
276 492 -52
276 364 89
276 501 -49
276 398 -79
276 325 76
276 307 -20
276 307 44
276 440 82
277 468 17
277 420 -72
277 495 64
277 508 68
277 421 24
277 493 -1
277 365 -20
277 400 80
277 422 -74
277 476 44
278 447 25
278 311 19
278 436 -36
278 287 57
278 478 99
278 433 19
278 317 -14
278 454 -50
278 489 70
279 308 42
279 308 86
279 309 73
279 411 -42
279 456 -86
279 428 88
279 420 -52
279 311 -3
279 476 -53
279 310 95
279 391 -54
280 450 64
280 321 -94
280 482 58
280 435 3
280 347 -98
280 455 -47
280 340 -40
280 390 -85
280 413 -20
281 464 75
281 433 -65
281 283 -3
281 401 18
281 471 -25
281 296 75
281 431 7
281 305 -92
281 423 28
282 361 -44
282 319 -49
282 453 53
282 471 15
282 357 -21
282 394 -83
282 390 90
282 485 55
282 510 85
282 500 -14
283 417 85
283 352 -46
283 372 -31
283 494 -64
283 455 18
283 357 95
284 417 59
284 477 2
284 425 -32
284 318 -92
284 345 -78
284 448 -65
284 429 -46
284 349 23
284 359 -91
284 310 -96
284 356 12
284 370 56
284 463 71
285 385 81
285 303 2
285 458 74
285 484 -100
285 329 95
285 467 -19
285 357 -81
285 468 -89
286 402 -61
286 333 -96
286 408 65
286 479 -53
286 394 -60
286 430 5
286 363 14
286 402 -14
286 315 45
286 455 -100
287 449 55
287 504 -91
287 382 -36
287 383 35
287 405 15
287 439 82
287 398 71
287 306 86
287 437 -54
287 340 60
288 491 32
288 477 -4
288 491 -28
288 455 -90
288 486 52
288 402 -47
288 451 -69
288 496 -20
288 447 74
288 428 -39
288 446 98
289 417 68
289 365 41
289 466 92
289 363 -18
289 326 5
289 346 54
289 502 -12
289 323 40
289 488 -31
289 302 -2
289 316 -67
289 466 -39
289 510 -28
290 447 -72
290 445 78
290 486 80
290 405 -92
290 509 20
290 369 57
290 449 60
290 409 4
290 428 -59
290 464 51
290 437 -60
291 383 -100
291 506 -97
291 415 2
291 474 -5
291 339 -11
291 424 6
291 491 24
291 480 43
291 440 -2
291 346 -37
292 377 -62
292 310 -95
292 336 97
292 330 46
292 417 -8
292 389 60
292 382 -56
292 371 -61
292 413 3
293 309 -79
293 438 -74
293 413 -89
293 314 33
293 470 -42
293 487 98
293 437 14
293 401 23
294 506 -94
294 395 61
294 486 -17
294 418 -43
294 314 -79
295 459 38
295 352 -58
295 426 63
295 374 -84
295 411 33
295 483 -18
295 307 69
295 329 64
295 396 46
295 475 -45
296 391 -15
296 497 16
296 400 -21
296 430 63
296 301 -33
296 425 90
296 458 96
296 383 78
296 328 56
296 426 -76
297 370 24
297 473 27
297 415 -9
297 505 -48
297 386 -64
297 375 -17
297 345 -47
297 477 79
297 455 -95
298 442 35
298 359 -64
298 411 -33
298 337 -37
298 421 -1
298 299 71
299 410 94
299 366 48
299 386 -15
299 315 38
299 337 -7
299 303 -100
299 313 56
299 316 97
299 501 26
300 345 -8
300 475 47
300 406 -83
300 304 -25
300 329 30
300 329 6
300 354 82
300 382 -100
300 500 -46
300 380 -64
300 351 27
301 390 -41
301 309 18
301 401 -64
301 337 -30
301 344 -43
301 485 -27
301 317 -4
302 327 21
302 397 57
302 435 -46
302 473 -35
302 441 -61
302 341 -88
302 315 -85
302 343 -13
302 403 -48
303 351 -6
303 500 -56
303 338 24
303 456 5
303 512 61
303 475 52
303 512 30
303 464 -16
303 386 16
303 367 24
303 314 -65
303 340 11
303 451 -76
303 343 60
304 387 -59
304 400 -52
304 340 96
304 393 -77
304 468 -42
304 313 58
304 312 -16
304 437 -63
304 356 36
304 387 -34
305 372 -78
305 337 99
305 479 -96
305 404 -90
305 412 92
305 458 43
305 441 -25
305 457 93
305 468 -76
305 354 48
305 346 -93
306 337 -89
306 462 -15
306 423 -84
306 492 -7
306 436 -75
306 425 -43
306 448 0
306 345 96
306 318 -61
306 473 34
307 324 4
307 419 -81
307 323 72
307 347 89
307 351 24
307 420 -10
308 335 49
308 359 -89
308 509 59
308 367 84
308 316 34
308 341 81
308 440 96
308 403 62
308 502 -93
308 450 -50
309 357 3
309 479 16
309 344 94
309 442 57
309 496 79
309 448 -19
309 496 -82
309 504 44
309 333 36
309 365 -51
309 462 19
309 449 -26
310 477 -59
310 465 31
310 458 2
310 356 73
310 347 -52
310 401 -69
310 512 64
310 493 64
310 394 -38
310 489 -27
311 384 -96
311 450 35
311 424 43
311 357 -55
311 455 73
311 324 91
311 505 43
311 465 -95
311 448 83
311 455 -49
312 437 8
312 457 -44
312 474 -57
312 411 75
312 503 -80
312 319 18
312 489 -56
312 321 46
313 431 -66
313 503 -34
313 379 -82
313 362 -29
313 373 -16
313 349 32
313 437 82
314 436 -9
314 457 35
314 479 -14
314 407 11
314 329 94
314 372 70
314 332 -79
314 400 44
314 370 95
314 487 -99
315 370 88
315 498 -96
315 473 -12
315 408 -74
315 492 -32
315 485 -29
315 319 -13
315 479 -30
315 374 -85
315 388 -19
315 472 42
315 400 -99
316 320 -82
316 370 8
316 399 52
316 359 -13
316 375 -76
316 359 -83
316 411 -59
316 427 56
317 430 -2
317 457 18
317 386 60
317 337 44
317 392 -17
317 479 -39
317 483 26
317 487 76
317 361 -90
317 327 -32
317 409 -63
317 399 12
318 346 26
318 439 74
318 466 6
318 444 2
318 417 5
318 434 95
318 413 -44
318 440 57
318 399 42
319 444 -17
319 361 -92
319 362 17
319 498 12
319 468 -53
319 409 -64
320 321 -49
320 360 43
320 345 97
320 495 -97
320 475 89
320 392 -57
320 500 79
321 452 73
321 469 68
321 402 -16
321 374 2
321 410 -83
321 473 33
321 510 -86
321 419 90
321 462 -88
321 457 -91
321 383 52
322 452 -55
322 511 80
322 335 -95
322 360 -88
322 425 40
322 455 78
322 502 -20
322 387 -37
323 371 42
323 462 -87
323 494 57
323 437 22
323 414 -4
324 331 82
324 350 83
324 377 -92
324 485 22
324 508 -33
324 330 3
325 484 -43
325 424 67
325 466 -39
325 331 -65
325 420 90
325 414 -68
325 487 -9
325 491 -50
325 446 -94
326 392 28
326 512 -84
326 494 -99
326 370 -66
326 422 94
327 482 -58
327 375 -22
327 451 -66
327 410 5
327 412 2
327 464 97
328 404 16
328 375 70
328 337 -75
328 404 -7
328 461 -65
328 449 -99
328 443 11
328 444 -61
329 342 -51
329 488 -19
329 449 48
329 504 97
329 335 65
329 344 -91
330 471 -45
330 381 54
330 375 -48
330 427 -11
330 471 3
330 392 -35
330 492 -27
330 369 -63
330 412 -97
331 371 -34
331 423 -37
331 387 -58
331 378 -47
331 465 -48
331 504 69
331 388 13
332 452 -65
332 435 -84
332 437 48
332 393 91
332 451 62
332 450 -100
332 396 15
332 510 47
332 465 73
333 372 75
333 394 -72
333 357 -37
333 477 13
333 396 17
333 336 -89
333 426 43
333 472 93
334 378 -69
334 424 -19
334 339 -76
334 489 47
334 449 -62
334 499 80
334 371 -51
334 396 -99
334 488 40
334 490 52
334 400 -13
334 426 89
335 404 80
335 438 73
335 486 58
335 347 -76
335 405 35
335 368 18
335 462 -74
335 497 4
335 379 21
336 446 -33
336 394 8
336 415 -47
336 369 -36
336 381 36
336 482 -100
336 511 -58
336 390 82
336 348 -34
336 345 70
337 459 -13
337 460 -10
337 374 61
337 390 -18
337 486 -5
337 470 85
337 365 -50
337 489 31
338 423 7
338 463 -69
338 471 -35
338 467 99
338 343 59
338 404 10
339 485 45
339 452 -87
339 512 -93
339 393 -5
339 506 -16
339 407 -99
339 432 34
340 350 -74
340 391 71
340 469 -71
340 437 -32
340 398 -77
340 481 82
340 464 -43
340 466 30
341 427 33
341 506 70
341 388 -19
341 475 76
341 491 22
341 479 -32
341 439 54
341 462 -8
341 474 -46
341 441 -8
342 411 -63
342 387 50
342 409 -69
342 351 -85
342 426 -73
342 348 -14
342 401 -92
343 407 78
343 424 30
343 414 -20
343 430 42
343 440 -79
343 481 1
343 382 -82
343 424 -14
343 431 -86
343 473 92
343 388 7
344 367 45
344 485 -93
344 350 -73
344 350 -87
344 490 9
344 364 50
344 405 36
344 459 -88
345 349 84
345 482 -19
345 455 16
345 471 -33
345 437 56
345 490 56
345 458 -82
346 498 -60
346 360 -89
346 411 -62
346 467 36
346 462 -72
346 415 2
346 354 -58
346 437 -18
346 424 28
346 352 -95
347 463 34
347 433 26
347 504 43
347 432 -32
347 395 15
347 512 -49
348 373 81
348 349 39
348 389 67
348 409 -76
348 389 -44
348 499 33
348 467 92
349 381 94
349 419 70
349 452 60
349 504 -90
349 448 16
349 454 -24
349 466 3
349 454 -62
349 449 18
349 428 -57
349 478 46
350 444 -56
350 374 -89
350 426 53
350 398 69
350 363 44
350 390 -41
350 391 19
350 414 65
350 454 19
351 415 5
351 359 -11
351 427 -72
351 366 66
351 471 57
352 392 90
352 505 -35
352 362 -100
352 410 -78
352 355 -99
352 498 20
352 452 28
353 449 -3
353 379 -33
353 502 -69
353 444 -97
353 433 71
353 354 -76
353 397 8
354 441 17
354 510 14
354 474 55
354 399 30
354 410 -36
354 481 -65
355 409 -13
355 491 -69
355 473 -7
355 454 -16
355 423 0
355 403 -50
355 486 -81
355 400 45
356 400 -83
356 396 -79
356 369 64
357 432 -75
357 477 -32
357 472 -40
357 373 10
358 416 79
358 491 29
358 459 -22
358 495 -38
358 404 -20
358 420 34
358 366 39
359 372 -35
359 506 -86
359 424 -30
359 392 32
360 508 60
360 466 -28
360 481 97
360 427 -58
361 430 86
361 402 78
361 368 -7
361 413 -57
362 451 28
362 377 43
362 460 91
362 483 -60
362 468 -65
362 403 -16
362 418 44
362 500 -90
363 495 4
363 370 42
363 375 -8
363 397 90
363 449 92
363 407 82
363 448 18
364 485 -75
364 390 -84
364 470 -15
364 431 87
364 509 4
364 480 -70
364 487 -53
364 447 71
365 457 -72
365 451 96
365 414 -100
365 391 -9
365 434 -76
366 456 7
366 428 44
366 500 85
366 376 80
366 392 1
366 418 -72
366 396 11
366 409 -51
366 427 -8
367 431 69
367 413 20
367 383 -33
367 408 35
367 447 -96
367 494 42
367 384 18
367 421 97
367 422 1
368 378 -8
368 511 -4
368 445 82
368 369 65
368 476 98
368 372 -31
368 487 -98
368 437 -98
368 390 45
368 462 -33
369 439 -66
369 402 3
369 478 -84
369 387 21
369 436 84
370 388 19
370 391 -30
370 445 -64
370 489 -42
370 501 -6
370 432 -64
370 390 -51
370 462 57
371 441 -70
371 480 61
371 450 -37
371 442 -49
371 496 -72
371 498 75
371 476 -23
372 373 89
372 421 -32
372 456 -3
372 465 79
372 438 -91
372 479 27
372 408 -67
372 420 -82
373 477 16
373 486 22
373 394 50
373 472 -76
373 444 -8
373 479 -36
374 414 82
374 498 14
374 496 54
374 423 56
374 451 59
374 475 58
375 381 -15
375 444 -28
375 403 -45
375 410 44
375 483 55
375 429 -41
375 424 -18
376 382 -12
376 433 90
376 486 93
376 507 -49
376 499 -94
377 485 82
377 425 -61
377 500 -49
377 486 -95
377 505 -32
377 448 -31
377 384 51
377 418 -49
378 450 53
378 421 48
378 414 -97
378 503 -79
378 509 39
379 445 58
379 492 93
379 500 93
379 427 -86
379 491 27
379 499 63
379 487 -9
380 381 89
380 494 77
380 455 -28
380 508 65
380 495 -11
380 484 95
381 472 -9
381 470 11
381 457 -29
381 461 -30
381 411 -36
382 414 85
382 410 19
382 509 -60
382 486 14
382 399 89
382 413 -17
383 464 69
383 510 -11
383 385 21
383 440 6
383 390 10
383 396 77
384 425 -22
384 498 50
384 419 22
384 397 -7
384 504 86
384 466 -83
384 392 4
384 435 -63
385 415 33
385 433 80
385 498 25
385 472 -7
385 482 -90
386 479 39
386 509 -16
386 471 -68
386 410 -66
386 460 24
386 471 -62
386 506 -86
387 432 75
387 442 -46
387 446 -26
387 459 -24
387 452 -47
387 400 42
387 396 -5
388 491 18
388 509 56
389 426 97
389 402 -17
389 503 -8
389 485 71
389 479 15
389 462 -73
390 495 -13
390 395 -18
390 499 24
390 446 -6
390 432 57
391 502 22
391 481 -28
391 449 44
391 488 28
391 481 3
392 480 14
392 508 70
392 498 41
392 398 56
393 457 -8
393 397 -6
393 443 -12
393 464 -52
394 418 83
394 473 3
394 405 -22
394 431 -29
394 440 47
394 414 28
394 433 -69
394 411 -5
395 407 46
395 505 63
395 489 86
395 428 -11
395 451 -3
395 494 -2
395 493 -44
395 398 -67
395 451 -13
396 512 -92
396 504 -76
396 419 12
396 441 99
396 439 -38
396 454 -84
396 495 -63
396 445 -85
397 450 -86
397 438 -79
397 441 -62
397 477 -84
397 399 -74
398 502 -81
398 412 -1
398 485 -92
398 482 -26
399 485 -88
399 505 -24
399 478 27
399 482 -8
399 411 81
399 419 89
399 423 20
400 494 1
400 484 22
400 436 -46
401 453 -94
401 425 -61
401 446 -5
401 446 13
401 475 -81
401 462 36
401 458 -82
401 428 34
401 412 34
402 406 -100
402 410 -15
402 478 25
402 492 82
403 503 10
403 476 -47
403 504 0
403 453 21
403 510 52
403 433 33
404 443 37
404 511 -90
404 476 -80
404 478 33
404 408 -48
405 436 -24
405 499 55
406 412 56
406 419 34
406 498 97
406 438 -18
406 459 30
406 496 -94
407 498 90
407 428 -34
407 488 -61
407 463 -71
407 453 22
408 483 99
408 442 -24
408 441 -21
408 483 33
408 464 -79
409 491 -66
409 457 42
409 510 -82
410 456 59
410 467 -18
410 487 93
410 493 -100
410 435 82
410 501 -45
411 446 -62
411 480 77
411 488 -2
411 512 -1
412 497 -19
412 419 87
413 450 59
413 414 23
413 456 -58
413 488 14
413 463 60
414 507 38
414 437 -29
414 500 49
414 509 1
415 468 -92
415 458 5
415 473 31
416 446 14
416 421 50
416 494 77
416 421 21
417 455 46
417 453 -41
417 491 -89
418 510 73
418 508 76
418 488 4
418 489 28
418 491 41
419 482 49
419 500 -74
419 428 -3
419 501 11
419 451 -29
420 506 25
421 509 -91
421 492 -95
421 446 62
421 494 1
421 482 78
422 431 56
423 427 -58
423 491 99
423 484 -39
423 497 10
423 443 -22
423 428 -35
423 496 74
424 433 -83
424 485 6
424 449 -10
424 502 17
425 507 -56
425 457 -22
425 485 -51
426 486 4
426 442 -10
426 497 -1
426 510 -77
427 443 -80
427 461 -37
428 478 27
428 469 15
429 482 74
429 430 -75
429 456 -5
429 443 -84
430 484 8
432 441 41
432 440 -38
432 457 -45
433 434 -55
434 477 31
434 451 -99
435 439 54
435 479 15
437 493 -48
437 449 57
437 479 11
437 469 -75
438 452 98
439 510 -70
439 451 38
439 489 39
439 487 32
439 441 -21
440 492 -92
440 507 -70
440 483 -53
441 511 61
441 456 -9
442 455 -97
442 512 -86
443 510 69
443 469 -35
443 507 -36
444 466 75
445 459 80
445 491 -55
445 484 51
446 459 69
446 475 -78
446 485 12
447 457 96
447 504 -35
447 494 58
448 476 -95
448 505 83
448 498 77
448 477 -20
449 457 28
449 469 -54
449 463 -51
449 474 45
450 497 35
450 491 38
450 474 49
451 472 -26
451 485 -49
451 483 -25
451 471 -60
451 454 -98
452 502 80
452 504 -68
453 478 87
453 496 -18
454 473 98
454 455 -16
454 484 -58
455 512 95
456 486 57
456 471 92
456 508 -78
456 499 47
457 462 36
458 475 44
458 504 -2
459 485 51
459 504 -9
460 477 -95
460 473 6
461 472 -79
461 464 11
462 483 -8
463 503 -93
463 503 66
463 488 -26
464 489 55
465 507 66
466 500 46
466 474 29
467 494 80
467 508 96
467 506 -42
468 509 38
468 487 -61
468 504 -10
469 478 43
469 491 -99
470 485 -21
471 493 -64
472 503 -34
473 482 71
473 483 -99
473 501 -79
474 488 65
474 498 -21
475 500 -63
476 510 82
477 484 22
478 481 48
478 483 79
479 485 74
480 483 26
481 493 -1
482 492 63
482 487 -74
482 501 92
482 493 44
483 502 69
483 505 51
486 510 5
486 507 -55
486 501 -13
487 498 38
490 503 -7
491 502 -89
491 508 67
491 495 44
492 493 10
492 494 63
492 503 -66
493 511 -63
494 496 -30
495 512 -45
496 497 -66
499 510 -5
500 511 9
502 509 21
505 512 2
507 510 25
