10000 1000
368 2909
2026 837
4576 3376
3303 4747
3760 1886
156 1738
2877 459
754 3476
125 3239
4494 648
2777 1395
937 1094
2903 2713
919 222
35 354
518 2711
2965 2163
929 1405
1872 4551
4402 4263
3479 2820
975 449
602 2218
1239 3395
1787 982
4766 3118
2874 1469
3287 1832
3832 3247
2281 4477
3278 3363
4272 544
3151 1326
4257 4393
2233 3347
2186 611
4534 4406
2018 4523
1706 3568
3442 4231
722 2702
2647 4298
2067 236
2663 3796
4188 4142
1376 3876
1791 675
3738 2940
2353 325
1778 1929
261 2443
167 3706
4270 1368
815 1911
532 3889
1966 2702
4660 3283
323 4552
3230 4550
2261 2620
4386 330
1896 4562
1655 4189
4796 183
1958 2740
4884 586
194 1798
2928 3299
3952 4778
780 4163
4331 1775
1964 980
4870 3467
3012 1438
407 2657
2360 3887
499 244
20 4895
3109 1708
3933 4558
3608 1059
1139 1184
3167 3333
2711 2550
4163 3579
3557 1885
18 521
3229 4679
4397 2485
3297 1421
3779 2372
1609 1787
838 2908
4419 3785
4055 1552
1024 1839
1055 2464
4656 4402
1942 2495
1255 2904
450 4034
1041 1015
3116 2215
4669 854
4394 2785
4610 1552
4121 3317
2814 1800
1369 1222
2996 3642
2737 3895
218 1931
1709 2863
2787 97
1197 2896
817 1468
1919 4941
4704 269
4187 2671
3471 2128
3927 2025
3153 637
2660 2745
2247 2562
1018 3449
3749 4669
159 1957
319 17
4610 3132
1912 4478
18 1163
2388 2619
2213 2177
4466 3080
1268 2466
1836 186
637 4411
2171 3256
3590 162
2566 104
3678 3381
4471 556
445 575
2626 748
4218 4997
603 4432
3818 4666
937 4827
2609 424
2376 1905
4746 4175
855 2138
705 4059
2498 3273
4394 4826
1937 187
1301 1746
479 2324
2209 639
804 4184
2683 4290
2683 1993
4631 3907
911 624
3978 109
4112 4755
4548 4857
2489 4914
4326 2232
4805 818
1404 4325
3454 3387
1756 1439
4810 691
1699 3731
1058 717
1183 2756
3439 2294
1161 264
3786 933
1246 1569
4259 1955
1056 3150
4599 2297
2413 1425
1696 3691
4367 4214
3422 3450
2006 511
2821 1130
366 4051
4515 1547
302 4449
4003 238
4211 3993
1827 1616
4003 3740
326 1200
619 4598
2929 4857
2522 2174
4614 2643
928 2455
1809 4861
3339 4533
4745 3684
951 600
3326 4456
644 4741
2972 2336
895 126
2116 3696
2293 4619
4195 921
3818 4024
384 1108
1377 309
4134 3585
2335 4484
3816 3199
4530 4116
1163 4445
508 2879
3159 3484
4218 999
4147 2423
3765 3657
12 3520
1375 321
3618 1624
2633 3433
4740 386
3748 1915
532 2801
537 4977
4511 3802
3618 4643
3190 1308
2645 2909
4716 1426
2121 517
505 3001
2567 3098
4351 4400
2170 416
3774 2925
643 609
4444 463
4092 1598
1286 2820
843 4358
2968 4869
2141 2525
2255 2767
2740 4641
1817 1162
1897 1871
2380 4576
2710 1015
622 3238
3646 686
2884 422
4471 774
1725 4519
4451 4332
908 1340
4222 3870
3425 1761
4368 2158
1112 739
3544 347
1400 1037
498 2976
4639 4818
770 4723
1868 3252
3522 2542
2155 2883
1587 413
989 1591
2123 1164
726 303
488 2784
2146 2350
1762 2281
4026 3099
1244 3674
1378 2988
2032 4198
4743 4111
2711 4428
4158 613
389 2339
4769 798
1324 3567
956 2235
982 3423
3623 2004
2007 271
4280 2168
3013 1628
990 1718
558 13
1264 935
4201 3535
4041 735
4230 1785
1231 3559
3719 1684
4724 4967
3381 2282
1493 2324
710 2296
2890 3325
576 666
2874 2692
1335 736
4123 444
880 3997
3505 2000
844 210
4295 879
3069 2301
3712 4743
964 1783
1941 3262
4442 1777
4680 2815
4905 2276
2969 3612
3374 822
965 639
4742 1703
791 4736
3996 4721
1135 1584
482 1182
4871 4629
2487 1927
2562 2113
1652 7
1807 4118
1419 111
288 2525
3382 2102
4314 4372
1991 919
1728 3421
2339 2372
4722 849
4214 1092
4182 4436
2161 1250
2928 3087
4946 1032
4063 4305
2178 3694
3461 830
208 1366
4544 1185
4854 1222
4216 1216
1019 1977
4784 392
2726 4226
810 4633
3006 4929
495 651
4818 4702
4598 3840
3783 266
1816 4817
3931 1142
1715 3433
4612 2770
3801 4161
4649 1600
4702 2473
4398 849
1150 3710
855 4691
2989 4772
2228 1441
1568 1629
2410 1627
1112 455
1731 2080
69 1791
2023 2173
1317 2328
2615 3543
4282 3242
1157 2561
4127 2691
4847 1990
512 3084
4000 2128
273 1983
728 1182
1059 2677
1222 4326
2597 2546
515 2882
2365 114
1911 602
1060 2289
570 2444
171 1510
884 3632
422 380
1189 3657
1396 4616
3671 3288
1746 3213
1941 633
4781 1438
3099 4691
4881 1346
865 1451
3503 520
4195 2283
3789 2945
4586 1845
422 1286
781 900
2703 4712
2687 3624
433 769
918 3130
4058 849
378 303
4527 1986
2107 3623
4156 4759
805 546
2128 3280
1755 4946
88 3745
3082 2836
388 3215
3093 4668
4305 2133
3472 2146
978 4297
748 4699
852 421
4263 1497
4804 3221
4348 2622
1904 1411
518 887
834 24
666 713
792 2051
1561 4263
1637 2718
4730 1931
1411 4532
4922 4959
1184 509
4863 2026
3839 985
2406 1892
3951 344
1132 3572
435 3835
4300 882
2623 1664
1220 2567
3200 2019
3193 4022
4761 68
1592 4150
3254 3554
1472 1868
4518 2968
3243 3839
1373 1927
2822 2961
4465 3447
4324 3487
1586 3424
1996 3363
3815 1332
757 3149
1670 659
983 3432
2661 885
1821 630
3242 1350
2887 3936
3941 1346
3903 1441
2499 2704
2192 4663
115 4458
4930 1466
68 2389
1123 4323
1332 1863
4163 136
307 3363
4020 1643
3499 1555
309 3975
4914 638
2479 328
833 24
2655 2118
151 4814
1872 2756
1233 3728
531 2887
2875 4292
1687 4587
1520 1346
3092 4766
773 2333
3149 1402
1544 3596
745 4274
1970 2640
537 2963
4750 1744
1078 2068
3249 4759
1027 2381
430 4856
64 3978
4329 4765
2001 3823
4504 2997
299 18
554 4664
752 3241
822 89
691 141
2247 2083
3795 1645
2332 2
4350 1116
892 3667
3270 81
4882 1601
363 2545
1344 734
85 4119
675 4431
2142 3594
1945 4621
2272 4110
1815 2569
640 4436
2482 943
1614 3261
2314 543
4828 1059
1890 105
4446 1432
4653 920
3390 2471
1152 3588
3106 4524
1088 625
3648 3911
4683 1640
3110 3798
2123 4911
2480 2808
3870 3056
969 3199
1494 3436
4364 2447
3866 4090
1907 1342
1168 1427
3425 1639
4508 1146
2775 1195
2874 2399
2695 1315
1993 3624
428 4434
4231 4928
3903 1332
691 3408
2021 629
1726 3292
4124 4046
579 2797
2696 2396
3847 3304
1042 2000
4758 3634
3209 2253
215 4720
4103 4658
1189 4044
1728 47
2885 3858
1606 2910
4934 938
2978 1132
954 3705
3514 3552
1138 3759
2135 340
234 2283
2489 2263
3284 2745
4419 3665
3068 1335
4177 3842
839 3537
3689 4551
4541 1362
2667 602
4459 1191
2922 1202
4871 849
207 2636
210 3911
2754 1599
364 331
3992 4802
2617 2442
1911 2478
2785 3930
3148 1045
278 2850
2797 2738
1377 3345
4515 4229
1302 3667
1634 3894
658 1792
1273 674
613 2180
2834 982
3298 1862
581 4368
3756 2970
1703 1640
1967 3793
1581 1699
2181 1534
3640 3713
424 1632
1680 3794
4082 3370
4819 3593
3147 1352
200 4333
3667 1970
2900 4403
2312 4162
4548 270
4997 1909
2306 2290
1291 2056
4581 796
662 3583
4760 2454
2689 3839
3984 3178
1712 90
2278 878
2304 4835
4486 430
1581 3599
649 4304
464 3180
4539 335
3136 892
2167 4058
500 1705
1159 2019
1087 2099
802 3560
555 862
4896 280
493 304
1993 683
4458 4815
3622 297
4355 388
1763 3362
2218 420
63 2871
446 3723
2653 4048
762 2107
3082 2522
4600 2797
2596 3950
4112 4451
3335 3546
1198 1768
3921 2006
3064 1815
882 512
1573 431
4252 2240
4056 1736
480 726
4548 1053
2760 4978
2043 976
883 2249
2831 1134
3914 2937
818 3210
4002 475
1130 4647
1707 398
4755 4266
2831 3696
1037 2242
4485 1155
4216 3281
4617 2426
4378 4659
4030 4799
3206 735
1521 3523
1716 1902
1760 1829
131 826
240 3782
2260 2713
4865 1467
4051 2221
4052 1782
1860 4834
572 1438
4205 4585
4937 4182
2040 2852
468 771
4920 4872
3464 4561
2814 2218
3311 2193
3756 2769
2529 3174
4749 341
2501 4114
1840 1266
3812 1779
209 834
2807 466
1023 3391
180 4607
3036 4477
4983 540
3563 2580
316 2912
868 3256
3230 3181
2993 3080
1833 4552
4211 2542
926 4710
1889 618
4176 14
1129 696
2460 1193
223 4377
361 4344
3326 1699
816 360
1047 1115
4089 1701
767 115
4069 79
2320 862
4857 2711
3433 3653
4798 1000
3587 4771
2739 1689
2924 2163
2868 2648
373 3689
3431 3166
3495 2325
378 1311
314 2240
2188 4124
4494 1664
1469 3005
2326 3279
2020 599
3154 2929
4326 287
4423 3700
2467 266
3107 1189
3636 2829
3218 2901
2043 3425
2388 33
1180 1330
2634 3253
1106 4859
3733 2467
2939 4124
140 3153
3642 570
1651 4577
4202 1191
95 616
3663 3449
4866 2187
2861 1306
3923 4689
970 4280
4786 3935
3286 313
2346 1881
2522 1344
4402 2806
4139 395
274 1178
3074 2593
1694 4529
3175 3146
1700 155
718 781
4176 1567
2718 4188
4637 3336
726 1753
3920 6
3469 2746
3037 1091
4849 3539
940 4602
2248 374
700 4301
4848 4331
1704 4655
3801 2392
3353 4681
1328 4615
2974 855
552 4412
1462 488
622 3675
3636 3107
2067 1480
1865 3072
1129 3466
2849 1786
2611 386
1609 337
632 2684
4143 738
339 3508
1519 1583
3207 2928
1504 1361
3243 805
4560 2312
805 2796
59 919
4467 4509
1609 834
3756 2567
3896 4633
426 4435
4330 2558
1066 3800
2393 2641
2363 2588
819 1687
262 169
2065 4395
4705 299
469 891
4703 3171
2191 1952
783 3608
3167 657
4765 1698
1009 4364
2408 1591
2208 1852
219 2688
3742 4175
3180 4268
4722 3736
2262 4238
4889 3880
582 1026
3653 1018
1758 1834
3712 2214
2394 2510
240 3468
2931 4279
3564 1464
4625 3178
3770 1887
456 4321
4069 1918
4759 4744
2379 4744
971 303
2819 2189
1065 4379
2801 3920
4149 184
2485 1473
1191 769
3693 1495
4031 488
2151 1841
3084 1196
1172 4921
4586 3828
610 353
3336 4497
3045 1990
816 3990
1529 3001
2942 1224
3169 2
2599 709
3955 4069
4092 2307
2806 450
2112 4170
4888 3784
2043 3485
530 2685
3718 3136
4626 1749
2078 2285
4286 3837
1321 3744
4681 3477
3256 141
1246 757
3250 3367
3050 4071
2638 1852
3721 334
3047 1114
2198 4057
2063 3232
2462 278
4731 721
594 174
4448 1527
4741 396
743 3001
1203 4613
479 1903
302 4665
3661 3145
3628 2845
1072 2544
1067 1214
1873 182
2989 2614
1955 108
4014 1108
934 244
3264 4975
148 4008
1292 3220
795 4430
71 481
1087 887
4129 2768
3942 4501
44 4200
666 2996
3031 3786
3061 4381
3349 2196
2154 1499
3065 3814
980 539
4104 3925
690 704
1814 4406
2864 4466
3364 4505
4258 920
3095 2229
852 1828
2338 3850
105 880
1063 3123
2981 3260
2733 2835
1245 4159
952 3721
