1000000 2000
327343 23235
406946 211490
268384 298932
276315 488332
494518 373089
241675 343238
204490 448284
354506 197468
284255 182450
197022 342405
439499 377929
428366 212192
335996 488941
31521 345388
152709 497677
175739 420557
480388 126346
32333 437591
14327 406064
222265 261167
385922 188747
465891 348821
258398 341042
318239 172179
203111 247585
384866 370381
124682 95463
414517 288700
337919 227012
71851 331565
95668 229013
413722 244348
403334 436633
120746 264008
113481 273411
138087 181223
216333 386731
184528 149740
420028 469676
75729 316586
186703 58793
461292 473410
40543 48451
86249 443662
228493 109869
362121 227610
301687 329329
151121 313679
20010 277227
117810 264800
6782 432317
314000 89344
493684 272096
392766 414761
259517 24641
304647 9177
146663 373623
124643 469650
94161 378963
109929 197909
415206 381646
468192 299396
309360 51979
164712 31590
451382 417832
301518 320191
86520 466168
443625 200179
145903 384674
232349 65246
158202 294570
254138 32243
365085 173663
319932 340776
129369 8023
227532 241054
356579 389167
102367 90207
167577 85914
474842 384187
165243 100080
295958 328479
195387 234439
347950 59492
34995 451574
193292 479313
16854 18333
285199 22399
284681 146314
189960 310155
266053 151176
206097 388553
297750 485223
284956 494706
103754 375259
53313 357628
456972 211097
28913 173040
327732 320095
65999 142581
140310 207890
346648 432027
159945 286982
458721 148272
278664 165700
357698 494369
52933 122512
268675 180385
81464 272944
3012 461546
459209 417200
244965 72999
235187 320607
12320 17494
206537 185749
263386 86360
492892 123074
296023 469370
492111 84343
221411 444203
471455 160838
111687 410137
209109 205551
405912 133870
39559 285243
230530 16481
202334 406550
487957 137693
49106 142306
219583 74377
73543 161591
337115 378317
248397 436999
147367 51658
430474 70432
175040 348459
237018 22024
8416 106495
25482 46491
201431 279996
105653 169804
9325 439256
95154 46101
392777 447558
66657 210012
43998 390539
439881 203021
154457 217164
491476 79161
405733 263134
319820 156202
499289 353985
276399 388400
141540 362509
81246 252528
399080 224953
175848 276201
168628 362574
195920 133575
338465 315097
111692 460302
302806 350378
461184 122538
17621 458201
272287 159503
68589 22126
232330 25926
334166 34318
41193 198206
379291 478211
486338 150347
489064 360126
42156 183724
160368 52111
312599 259450
93580 185689
275437 308923
177679 467426
487339 344620
3050 269839
252995 191314
242266 326224
460873 147301
140260 415168
310687 254506
402246 204500
396079 480315
88171 341203
138833 31554
428533 233899
495661 424378
223029 186368
313874 266724
459254 486254
234872 164502
10421 127265
78263 382210
407392 339774
29665 226868
333123 66090
90429 117005
204139 486361
420261 3893
211472 71821
37753 145105
252687 449875
465286 60134
446692 69475
253419 436386
104483 92972
129402 17343
293066 430881
83800 374125
444854 138129
495130 191458
70220 492425
194608 489934
465428 462678
467124 460882
435815 478097
120136 7186
89306 190273
463367 479660
411531 398853
480132 113510
485367 193198
322295 177729
447897 478736
461696 488311
396217 482413
474217 10646
111768 3256
265938 286554
354012 235328
48112 56290
83587 497009
380566 376052
258919 79850
156308 495309
371299 270865
224352 78277
1493 245821
302419 230097
181484 254881
62680 82277
283992 413553
249257 224214
86460 475692
427760 175272
2312 294269
97017 179120
202539 197003
121991 234971
145043 277087
116676 69010
111347 164684
112675 454327
465577 476431
258484 64586
79061 50810
186239 250486
67933 120463
277764 40941
379697 1317
385166 473438
412177 422983
258556 285543
330782 3623
50927 279601
472182 241772
58543 95765
230824 18087
99629 495655
357069 243816
487290 493198
11811 71582
431916 362623
66414 491553
62530 446371
442102 422618
345222 27228
433639 408094
275943 468424
80424 308386
4081 296890
342506 425532
69649 198636
77912 452080
88822 226498
120768 261872
2576 172419
381293 56635
300445 479500
397471 30505
224944 364494
148894 447805
477821 457580
29449 461030
364322 308268
392289 128264
476426 78019
100319 35010
487550 33065
427894 259139
23665 165837
236399 471718
124659 298128
311193 482666
41318 33131
241950 434102
100764 134223
305589 38869
72131 470545
90935 462142
478769 338892
61927 451582
149713 93101
132865 216508
123326 281552
316766 46752
9334 374609
340375 82374
213302 482092
15291 451042
399660 498498
401218 178316
102885 195764
139706 267658
141895 255683
387787 94381
340712 262006
437530 454455
318355 126925
123698 91769
5271 265273
389275 79095
28086 414739
277615 113126
51145 178867
20790 105428
384272 101202
214399 491796
449282 241763
356117 68185
374399 411419
40131 468115
62216 218819
305460 65424
130598 66283
396205 280724
480894 447317
308859 319305
112616 404909
227099 63675
400473 142525
198749 227592
478181 312636
415260 223860
499492 191287
57802 277194
373004 127421
357621 162033
284503 499642
292166 479931
2411 190078
377431 496573
134243 64074
119407 172452
474619 10342
365487 154464
365192 336237
391317 163312
233184 474179
295628 60415
262742 463767
335163 230088
388184 171995
131511 12531
222913 448021
310153 26337
437620 429316
43116 82883
418663 262745
88765 10413
219995 494238
354096 344839
204295 95171
133965 346945
365630 483166
191745 150227
39819 329840
218263 423849
377075 406450
458791 463564
108910 347859
13683 227792
278445 153211
81294 89291
296249 215150
452721 82708
460917 416244
164095 182903
134988 90990
41903 109728
305942 290263
282058 61692
103256 138435
315149 47235
283812 272242
277957 201015
82819 141763
28253 119239
322912 333273
398793 89498
242043 398757
186197 138482
194137 408603
308414 490413
391153 478891
140798 27523
311746 248993
90081 222152
106414 25858
341872 178535
76156 197433
9037 181462
44139 370369
430382 357695
52133 263987
332862 23861
456145 27140
304793 94517
35551 225353
285527 138343
465695 419220
393951 18019
8654 171084
181264 474888
440962 123187
67255 337086
448176 228530
195725 420575
81456 254935
394536 445778
95952 303064
180332 216712
99053 371633
258380 156807
482789 160678
360841 21293
143032 301234
184377 481981
18172 62545
440001 319040
291090 274829
134966 339715
178482 378319
33953 157814
493100 77596
2581 37679
416716 329349
64449 210737
442506 126224
213417 368885
482061 286733
192737 97065
420720 394163
344486 259232
102983 294838
325337 388110
5947 334566
179450 434032
262961 22229
446270 113366
295815 238134
142916 443089
463102 326127
467675 489347
306402 108038
115427 4277
129422 79299
495575 300965
184361 310540
426059 87264
158794 201786
144988 229295
294997 22942
206776 26864
286642 463961
76838 467293
341180 430570
162027 110354
304718 255815
256285 196514
32032 279711
317751 6338
106368 122036
180137 329710
419604 404383
336962 199641
229661 390317
72788 420249
475639 65931
315004 320914
7492 443944
475150 240956
153883 8201
169006 133303
296363 379019
303572 56922
100388 41367
448522 322609
73250 136251
20055 210354
489138 403000
143602 262707
41540 13480
44631 294233
160571 303426
79279 404141
390153 190727
11189 246551
419727 445436
485498 147044
410471 317781
185896 89110
289132 421855
438069 144149
307697 248912
250464 289969
424674 252037
458131 255720
195325 496704
127947 378280
38418 460655
450605 191498
448927 39062
211534 54743
245711 186570
453085 264900
142465 10068
50153 223118
194313 390569
482209 11352
303883 292035
277251 4957
89644 297271
273910 464129
339301 90572
492568 267257
82097 280386
415747 477087
383008 165173
192698 160942
467496 250170
389155 441140
473119 240302
29907 329633
445594 20605
197442 456943
256508 196814
30855 344984
489203 292701
299160 228178
174955 8417
346033 364971
487911 489259
184912 202809
454121 456374
450504 219653
393002 413102
56677 378710
408250 230022
230906 92289
320469 468425
137670 236276
239564 118555
235003 479225
490177 77193
19409 158829
417695 387288
389484 280524
126410 370236
70145 237151
393556 183235
199874 332938
163855 327557
21339 386390
119783 225074
78181 168396
129787 20129
251240 371007
58476 203168
101242 376758
492947 276477
269463 360373
65892 45162
341533 18874
456041 397702
462968 296224
208004 317727
260226 481434
140371 352272
140234 430307
158945 428762
102233 5036
203629 138175
339505 204711
42038 175701
9675 261516
74941 332950
217938 60039
67162 106769
102390 204247
252094 271730
74145 437404
462345 222194
192774 160688
51788 132668
474323 402208
219117 286864
318036 483202
276458 347725
167844 377608
38818 224949
412012 453869
310853 135916
390351 353369
291743 91563
170059 279623
304806 169308
54978 244032
336393 480756
38902 117213
113102 89257
261496 178703
342781 449834
172531 56859
463062 52792
43881 338797
277503 238726
377413 200529
226938 238087
169810 206301
253993 99474
382102 94344
314799 381770
205463 488798
377535 389357
248154 299167
316650 320005
230482 44067
452502 176063
233798 81847
139449 141975
294897 186397
446818 412932
349714 257559
462542 349685
229856 435886
100720 61945
371473 409809
361428 288731
232262 404988
117334 164225
257323 246380
42705 300178
405620 903
481702 185150
311196 390992
342866 393043
73715 419487
48938 289068
215788 144639
207925 129558
211528 385232
275263 388267
107769 433015
496273 455624
226728 458007
363774 90568
337475 14381
172375 351518
113744 208534
251159 139807
398985 380909
190587 396834
161015 196291
272797 295624
62039 274312
152597 295968
194777 193836
372345 62192
273742 97357
232536 142359
308399 45343
400037 431244
90953 43902
205028 14505
22774 237972
253668 163472
9956 113394
300771 250186
494771 481013
445434 17832
388143 227095
365855 85343
236430 17729
344657 144863
270810 327602
118821 8072
305073 187463
340229 217230
30243 3647
100036 198505
253289 219703
396333 278637
451847 290622
296250 101393
442263 390167
162212 126246
164093 174034
257025 175754
465097 138261
155428 19068
414434 232049
317218 135682
409537 445773
380376 47138
263943 146224
168469 293365
86329 244223
37959 168445
309040 445470
220271 143216
193165 441458
475945 276474
491990 416547
369492 317293
397952 326233
390036 462466
225252 356171
204859 13686
347818 172253
157965 470776
338825 165877
328557 234455
230628 337921
484092 262169
196343 388706
15390 283170
95533 71171
103780 191187
327015 113924
280390 16810
261802 57019
126161 474642
432807 445620
94255 109700
175334 356981
164255 51042
60048 374602
404213 168573
188543 282329
28838 323645
98080 378933
119131 69668
419157 295656
393979 103792
419970 136685
404017 362916
413768 318862
220076 30745
483927 330654
400753 468028
212351 393149
73420 449133
36524 52124
350612 380773
167464 315661
422262 231276
92228 400151
269219 338443
445084 12117
245688 452746
444282 343916
158812 99831
86437 177069
397516 277256
405639 812
135604 278215
207690 339366
259877 145776
360829 498166
250340 395000
141701 276340
238600 57256
180761 276331
118805 358169
217006 344858
379597 37739
446833 235744
146994 391932
96 370222
53184 308707
448549 148130
399921 367326
5673 114648
392677 281120
147773 231634
63462 224717
48375 231384
80610 345525
21499 123620
230118 346570
148501 204572
66378 100991
481388 298735
410635 466481
304826 94380
374839 201939
413655 420231
250443 423645
278204 442293
457311 245151
372648 327246
50854 475985
29855 93466
296196 13365
492306 153177
288284 342068
247443 406171
424984 454396
403031 142870
399518 175893
377153 94163
401638 445760
311068 247515
114916 322141
160091 409516
32907 449693
280636 185320
81464 263254
79966 467314
66179 79359
425437 371638
224871 267323
376677 122806
90405 17904
393606 383768
430990 85064
256473 160064
78050 266458
72740 326608
416420 130800
483262 436775
119991 479836
135774 394997
435138 178806
308598 343185
100185 249338
75204 408982
183250 384170
262790 289477
224596 184502
183767 495062
399559 246666
249023 326746
72422 127451
487912 414142
256551 99716
184828 436266
125317 180822
349931 10875
188329 494720
204744 25480
117370 206324
108773 251128
263020 347408
61537 360621
371898 26716
188068 157084
417142 92294
283255 240811
304803 165391
371793 166085
383862 447439
160879 45170
399076 168226
44938 14597
145798 479795
20978 285423
462180 65602
113473 375265
342354 53522
364675 26754
472595 146718
23203 200712
52432 391123
297858 202096
68377 351039
132720 147018
73104 452116
255790 416975
94164 285180
428344 383606
441895 430267
19663 318580
56383 369487
49717 134760
387836 15442
189389 35977
42366 35113
51106 165927
183404 254059
89215 249142
152066 175325
427731 237310
403158 245413
476095 65696
103887 13966
287274 78513
96991 125186
400034 186267
481010 132727
50352 470593
217514 49373
44573 323413
250856 198283
89208 239467
440139 112763
474256 110686
438288 116743
85118 94894
256292 337399
449940 377672
198220 200282
498801 86275
128076 1965
373356 382552
75290 10949
356768 168236
31919 179636
253427 139140
171931 334805
117517 386705
129388 203568
496553 145176
453786 95953
230067 75223
349323 171493
442450 418527
46313 36750
171495 130442
143789 149426
31986 97193
14455 273843
165471 236619
269700 106409
15509 347071
142823 448755
375978 268490
413913 385652
108536 127427
438150 104160
8639 114237
14428 169446
415411 333282
182251 292503
152573 312836
135968 279604
304317 229824
322720 186661
289688 364502
403638 123818
443886 497771
469228 422309
52877 89000
53391 30181
15096 447565
186102 374066
472768 112048
265036 182493
87364 438478
177595 182925
317818 109003
347489 357539
106580 284459
83546 257227
966 332358
189659 19934
448484 161146
209637 492856
192113 225304
114057 478405
312750 402068
83246 389382
263545 27274
197360 121139
63460 228811
219340 305722
333230 239633
321114 104061
262440 493746
426410 128000
327296 242097
165530 10471
205462 136841
390747 123865
169911 364045
57066 291508
156924 200275
2988 303178
253387 498506
35753 369516
209244 216170
274166 356949
280738 411439
308427 410243
419927 327559
136646 94497
419329 329556
403053 419828
50219 46171
344634 194003
100571 406223
114258 202048
436675 66032
181502 164299
15693 396436
322747 376525
243203 209013
421867 116432
428866 281682
11070 430209
143675 384124
294625 284706
262745 369778
35056 400486
337878 315703
75761 89429
320204 346146
132563 247384
319315 74230
88625 45852
45559 183335
208915 426531
423301 19619
457573 127790
167552 5759
183587 392023
423216 34500
64273 298306
342620 197919
105868 2598
299974 444422
306175 396388
449302 177915
76123 451441
294099 305635
399110 253207
167152 190157
406198 330496
320008 251896
359664 59153
43713 223880
46735 499185
255800 442458
260977 67403
140884 46900
159643 111271
391245 365430
400242 452987
91392 386580
74205 123185
303866 483826
116334 113188
491595 431604
481496 480460
133719 332523
190738 388827
222669 499776
432614 370597
250584 64953
299629 291571
91960 73463
420934 205538
54393 207799
29574 137883
484696 85881
67729 53917
194763 374715
265685 363956
409377 445305
462891 132486
461389 480304
349381 462872
256974 94745
209550 495744
460060 160525
275251 449220
407351 67860
145326 82514
390364 441589
258008 352639
397630 320997
242943 424417
17161 221442
312237 465603
120639 453539
370390 98256
200369 426236
227533 451530
91026 165318
9444 413333
491749 493221
20978 306837
448819 125240
230596 380107
471520 154735
38981 155745
375300 182121
30148 286227
277618 9355
385584 45763
368084 488065
367590 485106
85918 237415
203402 185762
333347 42661
418089 184142
365116 367082
149417 285397
218875 490506
126470 396572
483251 226711
13660 469496
353208 122118
45769 51942
136835 34872
332470 13263
24856 208783
378233 470840
233094 486996
404452 189990
246889 308102
95143 143311
82212 376678
234213 89716
454519 46533
149612 173138
314891 146514
354139 261502
454151 268916
188023 358489
287968 147917
385666 159662
210230 402674
54890 135562
237959 305407
232865 292034
381898 303994
447897 491533
331721 248952
319758 308145
28698 239364
396533 407656
493217 173868
131105 474725
63301 321376
272609 92330
69860 61147
83666 471126
412642 371446
456581 184334
264385 147582
410339 79742
318362 335844
156114 93439
94205 114634
272922 469049
246320 315986
78030 449811
298577 420517
79860 350379
102101 422203
287744 483484
268063 422864
228260 6844
141771 283724
16237 398130
262209 462920
396895 475730
263952 491145
233969 45427
377544 71924
408507 112776
35031 29957
357580 310915
495039 324731
88461 108788
383680 281506
257827 234746
342560 299662
81342 60455
330120 31564
270486 335255
147805 71665
325775 286928
25083 199355
21670 276393
182349 175665
348946 279667
216043 274278
40734 183068
175430 102832
382167 63875
325921 464762
417860 297944
181808 244419
327871 169307
349976 246552
112531 336151
347990 238167
426740 130977
360536 434803
101739 160188
199393 290501
243040 392282
229046 79854
233363 170052
103526 9898
74964 421900
32508 319147
70582 319729
350373 283413
330512 275988
420769 378894
323927 468407
287726 197578
294405 264142
196458 57105
177819 449328
1440 58019
340185 202754
46852 196547
384673 427307
158189 293164
79234 180812
410746 356659
466215 316958
266659 24275
265848 460384
154549 1085
106466 174278
139278 447570
369561 495447
224919 340567
200043 419496
281874 120651
160897 291183
152737 94644
337996 369708
336534 405712
91159 241255
206231 130024
47663 460089
158228 486902
356675 493902
105699 284977
100607 424747
18751 361904
70972 98943
270812 134827
34092 227225
246830 214819
127172 360875
248918 332441
116551 116654
10842 416208
494919 238662
480924 479553
30414 350610
100228 428744
25985 260399
144337 170153
188677 134027
1208 117648
407112 408225
160427 452991
461873 388213
110232 335026
499725 44596
458425 63092
249740 80970
188771 108481
243069 93780
227794 202392
306186 207152
456484 157110
384090 157299
234748 89796
431678 431380
321811 307853
414149 259476
39790 75579
441194 107525
460416 465095
71434 158231
110640 162299
278538 206051
148769 193023
325802 10120
11481 439525
55667 245258
183368 369687
335730 233095
290355 39135
321557 132834
479676 3716
362882 195548
19802 162220
364418 254443
342448 246494
176475 439649
111656 169896
369043 323588
234014 482589
87486 169490
322905 275842
181246 164705
299667 353225
325447 282511
18286 360314
301977 16741
185828 309992
203424 348924
364761 139918
32862 284828
420951 295196
329346 250930
9385 931
387918 209994
365380 374559
391851 366989
229915 491893
150432 347904
268124 81138
406064 262959
89844 109341
50992 72874
133211 190154
105039 136073
421860 226486
346401 304485
490161 193370
118347 332678
296031 266686
163088 275781
137971 461439
69612 51726
197755 199977
110518 202150
292220 144218
258832 345279
296227 180726
142684 116307
285720 314345
224489 253886
158522 36467
218233 187037
240197 445332
248556 338361
292915 110570
429793 483438
256062 430600
362447 269309
411778 374954
197666 228380
57571 210180
130782 384409
307810 306402
278154 83307
351036 158545
86329 24335
286672 474441
77454 203241
222419 443321
2698 431815
309026 254592
138825 139544
170961 380781
45484 81455
150308 285904
202152 78552
57153 246853
386529 175813
313473 102419
25526 121020
448228 217702
88653 238691
34144 368393
185889 259848
153248 493401
191332 338381
219671 23097
275970 496418
386210 294739
357694 326962
92371 369710
453781 400590
106458 347578
495610 99326
381553 300700
93910 57802
95301 118533
18979 310734
255545 188708
185726 375005
185701 49950
20629 315314
40322 113794
218416 154525
216625 295543
137903 30127
192618 348865
121437 247877
46343 7352
150215 305157
201493 62106
431795 281892
457636 69397
294808 188040
360523 2926
89760 391374
373799 380900
31912 324272
237023 453196
212386 311244
242492 7683
221484 49623
402949 380775
51979 110709
273962 37655
110029 182056
377981 53686
371556 317692
173311 27512
56867 260869
197810 76415
192286 83946
154819 139795
468153 357788
209089 311928
113801 150337
104291 58763
223334 480034
133360 235044
266939 434929
469581 123748
132841 314039
221225 416190
185687 263351
156296 26276
339108 355917
234974 195357
332264 236588
61403 304459
467107 301677
403969 406109
463547 133658
189448 178229
332738 351423
107459 353135
28692 330115
290793 210779
388130 140657
475515 285173
72865 290223
452035 2332
297490 469487
370405 129731
5609 265867
158816 169396
173632 72878
407216 122669
280377 139409
401598 259239
410909 360813
58147 52383
213171 274471
151003 325277
401668 419034
88755 460114
171401 460715
135216 10996
408634 396
497042 488488
283353 451335
257679 81727
464156 182838
441775 188748
144544 390922
499750 315978
98640 224040
265604 324956
280942 448047
59426 287316
197759 77404
433738 326778
70561 142722
422428 18008
409651 367346
269104 39714
417798 434413
58864 223520
481582 233941
160043 152188
241161 24426
424886 474035
164915 433455
388556 414242
354926 484760
246049 199745
127239 156630
479953 271923
416951 68192
130623 381370
427959 391531
413314 293134
207309 153540
89210 121027
152510 282920
412122 435109
466128 289955
391088 249440
472615 378090
318986 298542
104475 417933
477691 193907
338873 460575
86777 415229
189942 91326
260264 170780
296894 138112
346661 463988
294531 146977
455368 490979
147820 346834
127490 312113
286942 32102
208408 381554
474416 309938
172136 6578
350245 467416
265450 172708
369680 174154
479882 170178
48659 304274
317271 224812
16143 157549
379708 348989
142766 39517
92021 65552
479096 161510
157696 50445
453060 400552
495235 349513
126637 478970
106720 484259
472684 54888
490994 223157
30597 45348
435736 483711
89140 191463
27051 113929
251086 496680
470024 451636
50509 499646
257253 293330
444187 220026
34236 264739
95198 463990
369622 494574
325200 180579
334108 387210
426893 70232
131193 420567
445127 194093
110468 99432
352526 62512
371321 212174
338216 11198
141343 105880
284663 278221
82942 70474
375938 407221
14792 179607
40270 126992
105353 147394
151403 120083
476556 115184
135870 439076
79506 499224
207361 152166
351519 55494
202655 422137
104657 93657
219234 467055
333961 468915
428653 311020
289126 194609
480515 176339
413058 239740
168072 450825
47268 291952
235852 226352
163213 473648
393630 113150
371300 231863
304697 219402
70098 443152
87706 241678
59550 273409
26374 444925
5692 90751
249139 169343
30521 198458
203696 240742
484729 278455
217178 90122
309083 335018
191896 92841
101857 179517
7125 458015
454897 18057
290126 201775
139264 14920
5225 31436
496624 442945
379494 86789
16017 205473
493769 124427
86781 212450
108058 40097
353417 40425
366096 499015
443619 258751
45264 266471
333936 54691
56902 165170
262548 151457
36042 157713
385324 165887
79016 373345
275562 345279
363608 392117
469454 255602
68919 186294
398659 17985
331684 15942
153501 134043
265844 278357
454262 190512
447905 377540
216970 259242
12409 70697
433100 66724
296090 195556
169610 465899
236218 293607
451954 455987
130759 297629
172310 482318
463364 145858
368149 358993
69763 28907
497534 493655
427256 197807
57788 361352
346320 71872
252407 306208
65261 452498
324465 383731
267173 336626
464333 277077
207188 319120
187314 37521
49914 431970
498279 105229
487443 376449
295304 52777
274526 211187
221419 165611
340579 496748
19719 482425
68897 375751
210075 24901
210043 233984
359695 295345
473543 250270
233696 104064
243688 133326
360448 291620
497656 377345
71967 372870
68458 7146
197634 54513
333188 73899
421433 374034
43422 153552
60366 121290
305449 453094
225783 193514
238205 205425
169215 182344
307153 208845
84858 59540
14353 375699
100005 48817
371022 128801
113595 401801
308809 204188
187027 269367
99246 406261
230792 329571
104668 268090
100174 93441
377385 453949
330866 11930
373960 109593
212233 376356
117653 440164
162610 397337
199573 76350
218317 229932
257015 16143
477200 279411
412264 417717
174551 410181
455534 207809
261220 437286
375000 207345
99073 164264
139763 390496
215063 153483
304704 197190
324935 80789
378467 9949
93696 340123
294943 478119
194409 314240
179377 362071
275189 296259
197096 129477
482153 17424
292192 21126
126551 145728
223607 242484
158564 110140
260127 58825
406694 74974
384276 113903
330857 188270
484467 402292
429421 152580
491813 165111
354887 319625
360454 430860
161914 221760
41045 211449
45934 34447
479927 234302
139979 220270
331338 271647
237064 2579
148537 87169
190281 327110
406572 127891
422830 484776
108843 60577
463491 174958
135122 432507
71296 129591
221219 427443
78154 483348
127645 191375
282467 43629
430122 253163
254680 230528
158064 242686
179121 383322
136841 265328
348562 264399
452357 238738
56342 167137
10744 479351
117781 1318
410827 190495
16039 101081
274826 314674
369914 333717
159886 216471
239965 278285
175262 389612
85650 459919
133245 9846
294772 220526
448534 330228
108678 482154
415892 695
173777 243383
158591 92130
14258 193116
89253 466209
178699 135393
288457 376027
461942 211718
2068 420107
194865 327512
150244 459987
344372 186793
279988 447017
18279 89636
390971 69334
12074 425152
53656 495183
373456 491771
352223 108996
176696 23875
334665 398999
327990 390016
90628 144733
496490 487986
433773 9792
10392 321794
175237 367480
202245 267491
303020 37635
147054 188074
100823 487469
109516 453759
144888 437024
402932 375405
196995 386728
235428 44669
325727 173370
328314 164921
384425 402797
204515 177136
487763 239515
350414 106583
366966 433232
492735 235852
279204 161272
431128 422837
52686 399316
428081 296452
308709 394664
248935 189760
380876 491634
116130 200341
138014 59272
176063 369876
265574 294519
150129 265262
16326 366196
246674 383557
468408 31677
332200 7219
238067 275085
40558 456417
408288 82245
101435 34420
223488 372512
106237 255312
471126 62692
320116 229121
94104 149202
376757 127121
234426 102837
336636 385498
137659 149799
444785 280983
322194 27517
266545 245535
149671 350347
439080 276012
308211 194525
431906 245019
108746 145424
408156 420590
4852 28450
204323 25144
114323 327546
443021 490900
170158 157899
22411 203504
158253 79450
207948 380849
119706 182656
266333 95663
335744 245185
77063 260985
314052 354531
447984 294153
297451 249602
195720 299256
169915 398929
38286 95400
259095 181761
430589 153291
375066 377860
378852 53864
207563 135111
5762 493092
314797 354774
254956 241451
201958 73488
206630 208982
470303 300202
1461 353009
150746 421920
286778 476740
83290 124353
23610 237182
27231 223883
122255 126283
268607 477957
342260 234997
359961 53764
456592 374365
215330 444891
205223 224494
402793 192180
69115 322345
83034 373124
233350 357921
372998 324233
491054 361945
399622 322796
315561 56870
17618 228705
498909 53946
255847 495919
144952 341743
429074 12888
433283 133857
264916 162531
268783 393775
319595 167894
460349 83996
275658 335650
155599 409053
289650 471445
227539 72825
93659 291887
197317 142400
188947 419218
225653 394114
335632 295328
359900 52579
188961 297957
478592 212893
260558 483475
60443 432696
318220 305354
204013 390551
253593 270608
347837 52321
144080 172766
433254 61196
358183 388721
329250 109689
86989 474635
470855 222595
362350 124184
341999 88899
419787 31039
460685 315990
397772 480193
410039 118038
491813 99249
352628 199798
68244 186970
59299 473958
247188 486308
414188 170858
263085 49666
161814 346813
420835 47710
489365 459138
458449 108163
246551 341268
92838 163924
134492 426481
346904 194771
77030 155182
23463 57291
299475 499253
