100000 2000
35604 12543
33886 21598
46835 6648
16167 24976
37622 48459
39546 13729
7966 24344
19318 15244
2410 29397
39154 28060
31439 12874
19041 33677
32379 27790
881 8998
404 27175
27120 38781
7495 4167
3572 11140
19229 6292
30374 4289
46195 42693
31038 42624
34746 28878
35900 6560
19103 29089
32496 23171
24320 13198
30992 18957
48840 45668
17028 34833
15597 14798
30816 36786
42937 38864
38270 25630
22410 21948
39803 22089
36256 29334
27676 14213
7307 13393
17035 33145
39653 40153
29680 28449
31473 33394
29089 7782
8625 49134
46714 11081
33770 18128
14260 5952
43028 35354
12414 43046
45958 4940
47521 29538
21664 8809
15215 13770
13548 17366
45028 25717
5865 22672
1556 12328
2567 1798
12513 23376
18075 43140
14158 41054
38951 44102
39327 5963
23723 8872
7827 37344
45852 2321
46760 36274
34542 12022
17906 25653
34996 46236
23392 39129
735 16993
33198 39245
39253 48926
49967 25846
34294 41480
32873 11207
11495 46243
48820 12391
8730 42891
27190 11949
16398 11422
29962 41952
33193 33308
45618 48148
17835 28436
15574 1400
20210 29786
18381 44649
414 24519
32369 30030
48280 44110
41049 44625
27591 35080
26181 9277
34365 41386
47894 35599
25932 5635
2072 17200
4086 31100
17520 22968
27423 12688
14895 29527
21281 8490
7264 46623
6539 7599
46833 49588
34644 48033
4237 44915
9681 2219
27840 46490
31779 29675
49192 40729
46970 4749
39816 2151
8006 25339
25027 30967
10052 11008
11091 41256
15302 35219
35072 36577
24995 38732
25863 26145
40617 24551
14208 21227
18691 26827
15459 22482
15652 16778
7909 24797
42600 28423
32283 6934
36965 47353
34884 14078
45557 5810
47547 37024
41845 1108
17561 8140
42325 7944
47652 6428
5078 16123
20475 45603
12183 16485
5742 38457
19359 8721
16007 23095
49844 4884
45869 10189
43806 27076
7896 28289
21120 31075
43966 16834
5997 27556
28134 49076
33190 33476
49151 10798
12480 37141
1235 39672
8805 19993
29419 8990
29082 17658
47984 12685
14664 39944
37811 35252
13214 22335
8511 1035
6075 40767
1395 11626
30783 38150
15352 44668
3055 28418
5429 17620
5983 37050
23852 13644
18414 32113
47209 6862
22307 41050
24117 48253
31622 47587
41249 2158
12844 46907
32407 33225
49962 40195
27421 42404
22939 8601
14182 32681
24655 42336
26312 34724
44333 29955
34574 41244
30766 19231
30144 35411
44659 22959
40031 33753
25537 20264
33888 10664
14361 36617
5695 16400
21038 38185
39146 23893
9599 31877
29819 21982
3177 80
16696 4781
18572 2461
44869 14515
29351 33315
27807 5951
6076 30477
25096 38699
20931 28626
9991 315
47342 24690
8038 17232
299 26732
7686 45966
48537 26252
911 2143
21834 11658
24667 43944
48978 3510
2853 29735
18732 953
32732 19878
45617 36420
46551 10919
39106 24313
46223 39554
39016 19489
44173 10369
4221 31124
6428 43848
21677 33821
7966 41008
18343 20600
49955 43540
390 6422
18784 49264
3658 36423
19214 21174
7801 41845
32633 15053
31457 2905
12501 41454
23307 17159
28974 19962
8913 34110
47724 38784
681 667
819 44918
42394 1857
7369 29545
11236 36767
40372 24666
10455 8433
48643 4353
11958 41822
35295 17881
43131 10107
12460 9834
38440 21619
48838 3783
28309 44343
32548 45346
24269 44856
35845 2615
2907 33744
14659 29172
49213 46230
46012 6025
39815 39962
25630 6141
18964 10813
32427 29150
37003 27308
18300 32757
25893 44961
43063 34242
7902 14845
26793 29700
27524 13827
17792 19217
30141 35389
8917 17233
21891 46018
18201 22035
17550 28707
305 49316
22398 37624
25490 27779
7346 15950
11480 3050
10127 26154
24407 34217
16227 2872
9444 3428
36508 20511
17500 31340
43086 20402
39348 18239
35306 34011
4614 30863
46894 37960
12033 20502
17404 192
38721 5559
27691 3788
16230 22037
10787 6795
13321 36417
6608 49069
34453 28557
14722 14139
26713 46556
39368 40805
8056 47598
23148 31177
21033 1916
16068 36422
27798 17237
25845 32303
27371 2573
37260 27788
9404 15457
42056 13393
27750 33943
10451 39065
742 13896
22786 14406
43648 1299
34416 29258
13234 41635
29419 33675
3573 25139
16205 33488
14756 25255
27232 41329
16308 43918
16091 40317
5807 48995
25073 23807
18895 14031
19114 44092
15451 12677
27779 28665
1854 30720
11471 44433
8938 33863
16147 35350
1131 26698
41702 19374
22286 16950
27479 36111
13839 7364
28625 36844
42995 38044
27976 9324
41380 13653
27797 24895
6879 832
25156 35885
26190 14394
4785 19059
28058 41632
27321 4581
25901 25112
39121 7010
20415 22316
777 46115
8460 14883
10533 32444
13232 42462
31950 46962
30841 37744
27430 21971
16810 48894
7464 39952
30271 31547
19671 28712
49858 45409
16709 32183
4347 2829
21948 18290
15219 44603
24963 14465
49115 38974
40101 17985
41709 36566
43917 40949
28347 49064
27681 24922
31196 32078
34539 3054
26749 8091
11921 20094
14156 19805
42509 43125
14129 15917
8823 29281
177 25460
8154 42671
31672 35494
39071 16755
5778 9596
18245 23735
14191 45202
21224 11853
18854 20828
23402 48175
42871 3832
95 10616
34909 22310
30597 9520
44242 22484
21190 40427
19066 9160
29178 6199
2193 3560
17012 36464
46632 32677
17166 10923
7633 17561
22338 32967
14749 27630
46446 10033
24375 1820
42552 32558
38835 26831
19645 1306
44038 32643
28275 49461
8130 47915
16165 31928
32564 36870
48985 26665
46545 21221
23549 20125
3154 5521
16589 13755
40138 21597
18051 49823
45258 42583
49694 16580
17074 40087
35337 10013
29004 41707
8895 4025
43266 11950
36685 49646
11903 19676
7500 1590
44071 215
17093 36023
14815 7554
31727 47901
47856 17798
44617 30448
30169 34275
5011 46604
6998 29662
13238 9310
43051 49470
5715 13530
32844 40481
37310 40192
42761 8419
49488 9769
46206 45295
39358 23596
2281 45060
41676 32156
40210 1264
19249 25388
6018 23936
35430 20366
45059 57
17998 7306
47258 45408
23201 33016
41462 47448
33055 35058
45009 33834
42740 208
28230 22619
17113 47237
15729 25999
37003 24644
47544 46952
10918 389
26420 3579
20692 38772
38302 30929
13827 18406
36193 33235
47862 41979
37590 18983
24774 15699
3315 31121
21611 10879
41089 49113
42961 2313
35847 24779
5625 19028
7566 46277
15895 40205
20859 27115
837 48046
22165 16231
44437 22593
43953 42905
44734 28177
28418 19923
26437 19250
44253 47823
44227 3375
16203 34216
46219 48067
48595 36311
27807 40804
26537 1701
7257 21224
17382 9891
45689 28897
7892 1120
44883 4217
20489 5387
46392 35612
4813 22513
22221 33363
8438 24525
27444 27279
26426 35907
5598 46535
21399 36850
10767 27085
398 20078
20766 39727
26735 5539
19348 876
744 37679
8815 2391
13858 33329
12351 38034
4096 40184
23161 19864
16921 39848
19940 18400
47641 15575
3503 8039
22014 36642
31260 4601
31991 12107
6196 26437
5421 11985
2241 31247
2572 45715
21416 6031
12414 25563
27871 11279
43952 573
41731 42284
27807 36636
112 5054
7828 39155
22260 1988
8262 30180
20717 6291
44822 11899
20250 21187
11565 4727
48227 8146
29512 48485
10050 17860
36492 44544
48401 31474
39043 16360
14199 16383
44213 6424
15218 8941
22895 46557
19788 30483
39847 25916
18048 29466
39595 24805
33715 49826
25920 49600
17634 40005
43422 11024
36271 40926
12718 37004
2372 48802
45997 33746
43718 34595
5079 3575
26966 25223
4742 15909
42175 22036
6538 2534
10245 4124
24328 18136
11647 33315
43534 18277
2194 41763
2505 21970
24027 10711
48070 2091
13799 5451
21351 26951
29244 40408
3484 11252
17514 19111
6701 44369
819 36418
5592 44265
39769 39254
39074 1252
49543 11785
3063 30357
6422 22174
3399 4728
14068 10170
6425 28628
22873 28939
31796 37315
35236 44648
47536 15410
8776 7560
30117 44753
37342 47527
24227 22500
1716 33422
4989 49270
48085 49888
41394 45255
38083 8999
49112 8850
16906 47818
6701 8804
46431 37521
19476 28001
6296 14022
40572 29404
17465 13995
44528 19580
45768 46275
31613 33466
23398 28292
20101 27803
23135 6008
12310 33446
5603 15252
3698 45376
25194 11897
44480 30530
24520 47470
18034 12329
8028 38822
5915 11044
45309 35904
23527 30822
22957 44973
21009 3452
21539 30287
16953 49715
33287 18791
10283 6104
36095 37747
16015 11289
33428 15764
27717 40112
39238 15067
36464 22660
48175 21061
24992 27234
41657 29549
26683 11551
47942 35866
15628 26444
42084 30905
7959 18052
34685 17795
21156 4658
7430 7092
26358 11843
5379 5151
23493 23820
39851 47342
35131 39329
8873 7961
28282 35320
20464 49439
9423 9546
22858 46986
11265 37354
19862 36345
6623 1559
20086 39381
27981 1078
25430 20982
36010 16773
1970 20296
43403 15625
4301 36767
5871 11187
4883 13700
13999 194
48956 46737
13933 22697
47499 40430
23848 6754
21301 48471
22526 43805
2986 16285
28214 27662
48573 33698
11136 878
1536 12408
7728 15329
38359 12054
32112 26679
13857 27014
39983 8646
49272 25671
28922 18134
26000 44867
4911 828
2189 15686
38450 16687
8338 15002
38933 28160
9484 34842
45243 3564
27304 10412
26666 14868
18410 47128
26147 2946
8266 14970
19501 12883
16474 39957
5107 235
1642 27699
33874 13164
39037 19827
23202 11528
18838 34945
3564 5597
20292 34116
42143 48875
29696 15795
46995 15641
23067 820
47179 49580
20771 3701
24582 42612
32224 20428
16841 16724
18038 44061
44256 16407
16493 6774
18671 1124
12035 43020
1993 6316
36014 15033
16967 20645
39041 32534
10151 42216
48616 9778
422 19695
40889 48783
10342 13878
41518 4520
9942 33590
46546 19445
39674 26144
21665 17340
22664 17912
3059 11310
17208 48963
12519 48817
2733 14528
49127 37236
25951 1368
20464 47220
17397 38010
33112 27869
15652 388
14291 40735
40597 46811
27362 22521
24340 5488
49907 45968
38558 31732
10240 6987
378 30002
41221 30951
41912 4641
13788 890
48508 9572
8312 15732
49157 12335
41266 14087
39311 35612
49514 40872
3511 37528
33594 43458
1550 6919
42648 1515
1644 39409
18809 25002
9438 23358
41297 33008
47994 1078
20944 24157
21309 48222
38610 45511
32805 31006
20892 15392
6285 11937
25248 37545
35101 33247
47260 2274
16455 7125
27650 18185
42353 43971
34416 26864
35886 30503
37930 17140
14405 872
22552 20424
6132 35678
26146 38082
17849 41502
49270 26698
5975 10472
11407 31512
24 45169
32039 33059
42077 39166
42747 35616
49129 49110
20014 1598
28690 18803
49746 3743
17317 39152
40919 33335
29183 10548
48454 5322
23339 40856
5684 29689
7453 28354
1077 20819
13607 9868
25782 19882
12594 40998
9071 23999
42198 27245
29839 45878
30807 17573
39102 10312
4562 10628
21510 20334
35010 37672
32042 9773
47569 9843
13645 42897
10018 4416
22664 43465
40353 26209
18643 12793
44253 42269
775 19890
8375 46508
30158 34343
3304 29018
30330 9812
6872 34682
24248 18091
39194 12325
31706 31083
9849 21367
12128 4783
25264 24427
19866 48934
744 5538
7665 10304
12785 24885
20733 23247
36889 41489
21545 41987
4501 28873
15022 14319
24988 35876
1235 26592
43188 37239
3389 8681
12540 40589
24695 610
34505 38527
37670 11037
43879 19810
47919 42167
23894 49226
25283 32502
49388 19461
47107 23091
27657 23336
44526 10313
6613 6425
38827 22791
834 39362
38268 40918
47342 38584
48097 32218
30638 1766
40707 22533
40914 13905
16758 10367
41854 22469
16889 12342
23509 28201
17535 46222
5324 20984
2276 40393
16854 18620
49768 49449
29528 25631
44935 14975
30847 1011
46638 25994
17978 19667
45275 49231
8535 2139
9912 7256
19970 392
23474 23707
10733 2624
43655 8307
35397 42951
49712 38980
46629 38137
9499 2256
860 7826
13385 1754
19125 4212
41396 13311
7644 1861
19192 45495
20067 6579
43073 28662
14890 43393
17456 39286
18553 29575
20019 972
11820 28056
26642 48124
46498 13159
5902 37742
18207 17017
8778 37810
25162 9560
17061 48713
36614 47504
32947 5187
25811 31774
27241 6877
48447 940
24478 12826
34703 25866
39554 5003
15724 10498
17010 20493
518 42997
31272 23453
18145 1393
26437 48527
23731 42500
39251 47531
31871 42359
38885 16089
10527 5943
25131 30388
46301 47720
2251 34336
5959 32051
29908 12380
49249 36786
8657 47437
48226 45659
38344 48271
15231 29541
25172 43186
7513 3089
6573 38145
47465 15627
5745 19957
27521 24711
17337 41512
29493 23225
21644 32352
17037 37313
5633 37201
48041 23968
7238 36785
20817 27238
10010 7331
42225 11037
12279 35904
43542 26811
55 27074
44532 17169
12561 7270
24316 6741
29702 40211
2063 24744
7122 7162
43164 27434
9848 29744
31330 1062
30566 8491
33645 18718
29471 4837
7423 48102
24682 1654
30330 31146
18981 31653
38209 26582
49208 23394
31681 32508
30642 48605
17352 14302
9422 15848
759 19394
48205 15369
26221 46761
37668 11730
17770 12093
41630 18379
31501 40398
16015 17084
18464 36433
4988 17459
23514 8781
39967 22413
19584 15315
21102 29304
2323 11162
19688 33171
43448 44313
10171 26943
15111 1892
27660 7160
33910 15817
33725 45789
28957 45718
38709 2148
47894 17515
2092 40734
12739 40525
16554 40012
39849 32785
49382 40713
27191 9895
13954 18649
7549 47331
9143 49665
13514 20167
29667 47268
39787 31390
13695 7779
41940 20585
27964 44083
43778 4488
26275 42983
10086 35160
28490 44520
44590 26992
2470 8854
8950 35706
16000 7299
7269 29912
1560 31216
14364 28420
4697 35355
15644 22190
46872 28729
21498 16744
45888 3792
28822 26537
36336 47198
45034 16657
32569 27780
5046 24174
15179 30432
2429 13860
48709 5751
27166 5650
2234 653
31223 2457
42391 18626
11527 3370
31047 5148
23824 42152
42710 1026
13823 1920
902 18243
16489 48290
43723 20452
616 21604
47084 7900
19227 16029
12436 10693
8033 23889
46408 30187
14967 27318
14632 44964
2723 18172
37362 17988
18211 1561
9052 16160
22259 1435
44132 924
7895 19921
31239 18571
7500 38968
21987 38762
46389 10675
21344 7213
31613 39159
18812 21003
25023 9467
28127 6683
20835 45320
32492 19602
24395 13959
31407 15556
9586 1700
18094 30271
24833 49348
3923 4570
697 39888
4314 19430
3881 44773
22433 42110
27888 34674
20258 40801
16866 11765
49375 33728
38534 1969
28344 46154
14682 48389
16799 10146
23588 38447
14686 6991
42486 44603
2788 36410
37750 37043
16578 32594
11400 12000
19586 24764
2508 46379
32471 26160
14707 11113
17500 16410
31367 32364
48960 7246
32955 41948
49443 42066
9799 20560
11622 24301
23211 8871
44586 7991
28576 13483
13540 44547
27234 12411
9518 38745
32686 39518
4209 45694
7766 336
22585 44737
41980 42147
17687 45900
14017 10181
28788 36418
1262 3707
24907 6087
22490 5210
785 34772
14741 44335
10397 4139
48605 4718
1589 14602
35137 16855
45270 24021
27647 34410
21815 46981
8213 40919
8631 1727
47481 7329
24174 30356
16941 43467
9971 24324
18318 11548
38132 41832
44475 18551
31963 16613
27418 20011
43098 27459
35791 46072
28205 15850
940 19535
10960 707
27683 28985
36132 1156
17759 45865
2443 24699
40237 30459
15254 27044
20123 20812
21316 40852
40330 22024
6124 17096
49359 46756
45843 28840
17935 35337
32405 39228
7831 14063
9989 32517
32894 18457
37498 1777
44187 41238
18000 30181
5017 25481
40301 41319
6357 47813
13652 11393
22065 37860
20084 13679
7170 37702
6156 5425
28903 34555
47743 2183
44783 19162
36817 7861
6890 4231
12289 1617
10762 16465
4216 42806
3495 46524
7256 27082
46047 5799
35552 18919
9329 47184
12362 43230
44617 18158
5912 48829
42416 16285
46089 15118
18132 15352
29497 49612
4895 29906
7180 28464
29860 5045
21182 42892
46735 26662
20464 49491
21500 22251
41723 14010
24797 9969
43631 36100
35708 29436
43808 22863
36620 44409
6848 45109
24304 789
37071 8137
6310 23260
34260 45059
47303 18242
49608 8271
24265 49378
28021 9457
34967 9309
48149 48122
1874 35890
29342 38088
32877 15896
34153 31620
40455 12563
29586 36066
824 774
14455 37279
28156 39966
12781 34867
38562 48522
43278 45993
28811 15327
30596 42567
22444 33360
49316 38815
41401 27548
9145 10996
19322 18090
33647 25122
10511 33568
22950 197
38538 23855
18150 23324
15329 19974
1170 28949
30846 18563
1819 13777
31553 47153
22227 17880
16695 1960
14668 40952
34889 48875
23524 36939
18211 29797
23239 13297
32457 16497
28185 47392
23958 9946
27116 30876
47041 23882
17727 38185
13725 28109
40053 35063
20679 47682
13941 8588
20151 16955
46177 47880
23872 2023
3541 48844
39255 30260
21454 6072
5627 45683
11427 31539
4413 6872
7540 36912
37793 25746
38673 34007
30439 32564
33946 7418
45269 13560
42650 27326
5264 33515
42087 31386
47155 20073
32202 4422
21670 38932
11026 40964
19196 23277
28387 33641
18099 35186
45815 32503
36250 34991
37042 24201
24822 35471
23653 35689
12991 24474
11436 23155
5452 47734
15625 17268
6494 41103
9436 42126
47428 38717
19179 18397
36393 12590
9295 5402
27453 26179
13709 4492
21792 41766
34089 36816
46191 30045
22973 1328
24918 5763
27831 26209
29105 17232
46687 21769
3670 26308
15427 37934
4104 7286
48199 47425
24052 10289
27289 11039
22328 9060
14356 33587
30577 5553
44821 28715
24889 3191
4806 29059
37251 15644
13451 18494
46357 26522
4526 28253
30924 18976
23244 11256
45928 31241
15407 44203
45968 23452
4850 24659
32121 40736
44642 12566
41502 29599
36407 36913
45621 22729
5555 27573
34020 27189
26227 41818
7518 6806
42727 42485
46772 1020
22547 18794
300 27842
20990 49891
35258 7235
22060 14737
28500 29563
8211 37929
35757 2430
40959 42048
4849 18733
21696 46965
46749 15276
46851 42471
34083 32129
38297 637
19186 15566
45838 23464
18559 19680
47765 42313
44 16823
21827 22638
8191 790
33848 8002
24207 554
14622 5792
40762 1264
25248 11907
3075 49269
18233 32626
21936 11180
839 4423
42372 49670
29068 16901
25298 45373
27588 47703
18105 43058
32292 41003
30768 35215
8696 38962
45309 6763
5877 5529
16825 35789
45343 14382
29811 29513
48775 1390
21473 10190
8992 34765
39734 44487
48571 48534
22158 42929
18708 24463
4623 29430
9915 29850
24199 25590
18685 41097
21764 37457
22381 27223
28223 31685
20697 8493
5010 2453
4490 27305
31484 33298
12609 2606
12784 49818
986 43658
27082 2791
10329 30767
42506 18813
3051 41346
8954 16914
29488 28827
9410 17273
47919 25009
41996 22864
46730 4158
34902 28214
34446 22495
24891 32497
39182 22581
1484 31226
32526 894
46483 18488
13754 12264
26004 17613
15328 49774
31224 36071
28896 29722
10463 23456
33086 48272
41688 27276
21753 30262
32012 22305
23228 41153
20218 264
27020 9294
38040 39452
47030 15568
48513 31920
40509 985
17215 34845
39336 11929
4340 974
30074 48029
44032 3557
46727 41018
48339 35728
45757 32138
13255 31546
34261 25265
40954 14307
17594 29539
21160 31493
8974 16862
24779 36115
18147 5546
41150 19044
17088 35744
28660 11293
32880 33241
8163 21798
13825 4240
19510 18765
33620 966
6340 46296
36811 10469
44666 44851
33643 9757
5823 28250
26570 35011
16183 40797
13377 36094
11315 30508
33232 27704
40161 18967
16220 11145
30343 45105
4631 37807
28778 37527
37243 24996
31730 20007
40481 44653
7514 33540
27899 34368
45436 49880
47271 22133
34924 1548
2475 24207
21158 26726
9998 28714
14926 6318
38368 1210
40016 8203
16579 39168
236 2787
7356 10975
42416 39710
35639 7988
40625 32538
27673 5820
10260 43493
44046 14064
43414 42477
21845 23139
22114 13173
35101 24458
5312 27841
5599 48097
37389 6563
2496 31684
15671 33654
47213 31754
39806 17249
43208 13913
28430 48674
14132 10484
35809 20548
36906 32654
10230 36948
40739 5669
14682 31486
47811 45608
18401 16549
21567 44448
9918 3796
40294 43825
3225 5342
49683 18897
47933 42643
42699 25939
19056 49604
20723 35483
48794 43995
765 38957
26578 49255
39532 30745
24173 5917
47969 32561
38825 2395
49185 23282
48257 29658
45376 8575
14335 18738
15160 2224
411 49542
7838 27481
7553 28594
5841 36312
8500 47002
45951 20905
190 8793
48119 47447
28301 12557
18702 30482
35591 21926
30581 42152
6465 8889
23391 13390
41203 2916
12200 35089
11925 25228
13909 14246
23238 47931
7040 21484
48611 12969
18934 37812
17806 47175
21171 5677
13 37651
765 6200
6977 32684
18806 37666
34339 1283
2938 47995
7126 24840
10719 46459
27940 23423
7000 10645
5569 32605
7163 5149
18090 12657
1130 9560
28042 26655
30442 15070
21632 28539
11836 8060
23050 48505
24417 14512
22501 22538
18706 27120
32832 22861
41179 49375
11591 41096
6538 30506
8357 46832
36828 27726
19113 25836
32211 22360
26166 38530
14405 16155
32485 33632
47920 18750
34988 13231
30389 32750
10301 24429
21446 23875
3903 44931
6574 9539
46503 1118
24499 6180
16272 8230
9727 28720
1642 37483
40381 28418
16703 24917
36175 7481
5994 14716
10401 21411
49394 17768
45733 34951
49112 48921
39589 5755
27491 47777
5060 7401
43885 46656
33514 4665
39134 37038
18192 29931
10766 1698
10805 35859
2144 4038
7591 48763
30623 12348
36543 27253
15675 18460
49023 42385
13118 44014
39126 20022
10426 8145
42851 9533
19443 11488
38556 6818
36370 6839
33536 16215
24120 38759
18553 20036
28760 12054
22862 38002
3121 35537
26064 4612
20629 38867
41238 34585
8011 24381
15396 29659
39486 6652
41022 6538
11704 13479
45889 38036
20964 21317
32475 11988
32109 48212
23413 48474
49016 49305
20639 15724
21276 35341
28693 29597
49679 26004
25069 29806
12156 30493
15269 8597
21078 46575
44666 26781
30236 2071
13377 27766
18711 1687
10575 11119
7979 35817
36673 7521
1609 46420
9356 24909
1083 27824
4083 16719
23326 34309
38745 32347
10037 27383
22270 17063
17067 20656
43345 31032
44191 25483
39586 16836
21563 25362
4049 21010
21648 18697
24341 40791
12360 3760
11537 21200
20421 48542
22888 11717
29749 32790
22290 26421
28393 15568
2335 49611
23796 43195
32237 2267
47025 4954
37253 38810
2867 436
5434 10196
37169 36477
36637 23405
10344 14839
11102 35312
375 45084
29315 39474
38404 47652
19833 20179
31512 31240
21444 23841
41411 1981
43533 22422
31230 21541
24187 22858
33487 12369
46466 25484
46431 68
47966 26791
13275 31969
1601 33523
49152 39190
48235 45461
12408 21933
27247 30075
13768 10253
10166 42575
15367 44687
49905 20585
19206 34833
29102 21858
24888 48679
6758 17083
49026 28030
48804 15443
4125 39973
39298 17911
10943 34771
31093 8755
28462 44985
20915 41177
49667 28243
2516 30647
34363 4454
47567 607
14854 40852
41341 42121
1575 30369
10750 32201
42491 1754
32987 16106
25539 2317
21804 22247
12964 16149
21647 32035
3658 12974
20020 42429
27723 33940
29550 19887
15597 36908
46499 28250
9030 3778
5346 12942
38934 43750
11324 8620
12276 35631
48919 48228
46591 31550
8187 13926
45080 19103
20024 25126
36564 25012
12318 31617
37897 28631
17681 23109
10515 29374
37143 8062
43342 17821
14167 11400
15550 23919
18732 6311
31398 15730
25543 38347
44696 44135
4288 28343
25748 19897
32095 26804
28816 39039
508 19141
32879 48400
39606 12975
1301 38760
42362 12326
18286 36138
14131 10008
45744 29440
29569 40924
40306 34492
1347 7519
3370 39427
16252 786
22877 43432
43412 7031
23307 28003
25925 30644
30092 10250
9785 10117
7642 36582
25701 20966
12597 24433
29093 39431
14340 47423
2712 29520
2790 15333
22490 8877
6313 27111
3038 5113
28047 33510
14409 11882
49454 11406
4109 47682
40611 22930
28558 37753
9005 35648
30112 1343
2473 43099
32151 35651
9609 19567
39187 2492
39223 17126
37992 38849
49142 45164
35540 44201
36539 35933
17008 36286
42915 29350
46033 10344
40507 30256
47019 35471
36100 9997
32291 4633
33055 25698
11342 5087
6200 17268
22677 20314
46629 5659
31164 15292
32809 23736
20817 8459
35721 10601
43937 43169
4215 12520
38907 36663
46413 41460
6623 43693
37935 36707
5130 39796
46775 9715
1020 11540
7201 9075
11067 17562
11344 17380
12924 24946
49885 33078
34835 35068
9205 30150
38764 26159
25666 30144
5755 589
40576 7475
16036 7794
23976 29225
28678 2466
29644 41337
43593 24007
44094 36942
36172 14583
47604 23700
38021 31831
11416 8056
41879 15070
21544 22078
16014 7268
19299 3033
240 37378
19022 25207
29250 39262
8488 30249
33701 42342
24097 49902
44794 37071
15822 10029
9296 34245
39813 42327
31650 18534
26365 9419
25859 19167
30026 39895
45779 10092
12933 625
7321 47159
33927 25322
14116 9983
1786 33000
24129 26871
32296 49020
45912 41041
24825 32966
38947 32394
10636 696
24006 24297
29342 12130
37170 34999
16186 38613
36122 32251
25655 7969
7435 21121
17686 26883
20282 19051
41280 37489
19924 3248
39874 21181
