1000000 2000
51599 186705
384325 244275
259766 206835
266305 495571
323575 374600
207973 159051
349218 128094
9248 350894
140455 49161
59422 406945
254772 93057
385490 27659
177922 134915
370671 135070
108355 385302
364468 127919
474958 169915
164178 352981
377129 404289
76376 363722
222222 307203
73118 289795
145129 234504
348113 47791
397886 410962
200510 498869
187499 234174
126431 20781
52867 362152
399042 473450
223774 78641
369378 55092
185277 228121
262093 32192
48091 212588
465983 53506
311717 332147
170911 225206
324104 166683
359012 330003
405395 189879
315103 213707
346043 163537
377088 130087
426895 490017
459495 266455
349626 447176
157418 180465
88850 175154
396383 5032
44161 188799
188105 47947
271901 448707
261369 41431
360602 56604
420082 466364
407911 452447
166146 268966
80264 366866
193400 383538
93368 493945
11422 477220
413183 490620
422808 364598
92260 404426
221756 63551
117232 433077
371618 79231
345236 97824
79715 203222
457203 257303
181909 46484
316560 310539
108293 255553
182558 346314
379761 158085
275852 311407
86829 346799
349972 39099
50381 25689
293248 495249
228108 298150
165040 406441
436212 97191
313220 124375
37185 153685
207776 478157
167552 153872
84706 466954
23502 84885
490324 110039
153992 372773
364030 173075
279740 38158
161660 183160
363340 244912
419856 426002
363778 136394
185003 209716
426954 434396
489228 42944
302056 318155
265369 290095
219836 329674
213994 442771
284780 202918
167417 478786
390290 327072
179550 387743
54419 85983
194202 483035
96454 321671
458796 299621
338205 359386
71332 433856
81744 292317
197373 405078
301507 244008
45938 336833
421989 471195
107316 304124
486244 293715
489810 295434
33814 485521
409920 328310
499236 218360
270582 398292
338969 79837
139294 19894
233545 71046
99708 248473
341005 82034
234432 109494
286412 235542
14018 204773
392758 136563
57759 82043
258535 282328
168426 117928
30356 45543
91496 285999
452235 269900
56247 456119
136054 398189
250639 392748
3725 307735
435164 261420
372023 67683
7286 299323
260056 6752
16898 493346
291061 180801
350031 391536
268036 147876
270964 469466
58409 279448
391269 288536
158462 7918
88905 175022
435095 375580
403809 465612
45923 305593
241661 264384
239211 785
68047 169117
459289 136774
333929 471485
103517 239878
385763 326580
230581 116235
359690 11752
464743 152114
452600 217674
102405 251096
232077 241842
255130 452237
111829 386162
467246 369712
498139 113047
448055 288900
173072 24528
191619 160173
63241 57557
439235 480981
158323 64714
142942 241147
55500 183639
360675 14764
57769 79174
487496 422876
75266 463529
231565 109543
261994 475574
211432 62163
120724 213475
157478 269568
408694 410984
147398 355424
198836 492117
438376 351403
251362 265573
271571 309199
248542 169098
161795 192692
441626 159515
333285 71679
389734 317364
143846 74044
365732 473080
187587 38070
192450 445053
275381 346180
416545 107438
352448 320148
63824 210202
213312 385860
319564 27540
369636 293288
474679 318010
459288 334788
47214 210780
269314 208805
466486 104145
245011 398065
179388 487448
166741 492317
231149 365014
418803 42382
187973 435867
157030 174225
365642 483638
433590 310825
311002 58777
212314 469838
257011 71798
162633 416885
361711 9364
448895 168181
344361 455938
262567 304209
391060 32993
256393 494504
360887 67480
294926 114038
30753 422315
174914 210893
367630 402876
187828 274176
47986 373473
157064 461753
233109 385923
456254 295288
420824 431465
400507 338776
443012 337007
258078 287517
248566 491876
457150 375037
49908 168516
472923 172101
313909 414538
127654 412219
335453 211111
198751 176269
311388 79409
461903 139374
59735 173069
219453 93828
474122 466799
369376 387442
331945 220569
24135 114330
386499 451096
444983 161973
32110 111618
417815 414864
470951 101619
158590 139265
229322 6957
329246 303651
1263 260367
397035 380362
38174 247106
237116 350261
279017 222079
332245 264248
244883 230111
163981 259249
346073 321027
398571 498707
394437 68269
348364 39801
119910 214765
446867 367971
493731 157631
489758 377118
424571 366315
188597 78043
53718 341005
111380 308836
9826 186317
103115 359850
67712 357749
98284 330124
262582 103974
78931 359590
457213 345306
279010 15703
22570 389096
489027 47843
482261 45693
448791 27212
399595 395762
257828 336257
297224 26050
62191 199741
171772 171910
472658 212165
272347 2191
436823 212931
316150 441088
303352 471618
104955 459531
73903 287288
471096 15662
55125 296324
72984 203216
263302 344566
20198 309469
117969 341167
342418 462323
228960 109691
54514 65014
345080 92521
439245 314391
84559 391723
299397 444932
156967 457212
327295 414680
153881 189752
110957 458760
228022 497066
154555 255947
187261 24794
230739 7550
190949 300644
7855 233135
197700 482680
346880 189566
303579 10028
148108 98449
150099 191243
351316 306806
414638 73648
376710 481670
314265 50035
312067 41157
418602 87225
473245 411882
372752 143468
491256 162639
307043 237003
132233 16041
113405 349076
319756 449185
24898 204690
171671 348335
336188 80904
365309 416457
70227 123967
357735 368068
179527 67041
361345 24947
405940 37034
67047 387780
23034 52303
107392 424491
358573 487803
77908 167136
493155 372639
464309 439145
117196 131136
464333 280623
179061 366974
63021 40355
476785 85384
392111 122312
25402 188439
479322 361630
229428 305686
75566 141043
465047 150367
227499 369569
185054 250575
95365 113314
496489 214578
42109 190795
207007 481412
337316 465462
393716 121622
351027 262367
85610 278030
233038 473823
415839 189328
112473 214490
50612 127064
115849 270388
433035 239408
79774 181760
492457 347269
20420 451103
246688 140341
72445 317573
21177 55376
344559 352081
374780 15651
470004 443781
147514 318631
257320 406468
358082 430580
461067 303933
456033 179004
154994 463300
375464 383003
72982 359115
357593 74650
205749 194923
472261 473819
76496 125062
71410 108991
485274 82111
63943 345697
159232 453874
499691 328436
355555 136006
203199 309403
426482 338783
103517 97367
338933 449100
258205 315927
5568 54110
424590 483329
371957 385942
125350 10708
110193 265439
172638 326428
61123 459457
480744 71763
242002 435546
485176 337664
274784 267050
326071 77854
254642 107583
381562 10461
299949 364039
64534 145649
289910 194158
409094 139971
427573 356234
166117 498136
232278 228524
97014 224793
227186 98692
324228 318184
464179 85628
131610 471318
288953 89440
208670 163579
124542 111046
194230 247013
120063 21092
468711 355387
428262 279362
449095 493208
204479 34324
407971 478590
111219 87114
7480 190447
329603 198945
224589 12509
443607 341952
229014 406201
151709 390398
380075 354159
214278 165310
42209 376643
305402 150666
34314 91859
478359 464964
32398 187866
476442 31612
450357 13129
273461 441104
352772 254598
497805 49259
69121 389121
237746 52604
280752 314151
399403 54777
151154 4003
339363 315404
173828 108363
82282 15594
326124 296516
170249 16409
437424 321743
257052 284301
398392 420678
289842 377218
379972 183356
442996 443456
270638 24702
307669 27693
302923 480111
196537 151306
320120 479098
107875 458134
63455 422423
129736 405910
481512 493175
462044 491644
293977 112711
430209 157489
327902 269353
451568 479726
257389 298121
198405 193020
446906 269398
421022 84088
426487 197115
68447 491971
56132 160720
498186 393639
45878 35698
198150 467772
254909 138380
456584 264905
80400 494035
57967 87878
432536 244395
129614 375935
78815 76989
55370 194936
96666 265124
473823 497823
408411 455727
26285 275953
205701 426906
39237 242430
355641 128525
78660 345694
364515 344398
59739 214729
122968 404988
400902 228801
405573 133307
338301 392924
260815 361435
49840 111622
475145 365163
92606 497646
252913 377334
228258 149345
213573 81731
7330 90302
176303 286263
384843 57522
378898 220366
440616 176895
318591 287954
56675 344841
314177 405981
462976 5906
382183 144617
18040 276809
119261 16803
82951 248275
352539 234572
443655 221247
430659 99052
223371 175753
482142 99623
240798 123598
98796 354043
321872 299287
113508 406088
373355 246005
234691 28403
169660 48716
32149 179821
14637 421970
9064 48533
171262 425521
69456 480613
349647 279472
390044 366717
216750 36531
312171 350538
455334 243905
128275 71235
249111 7505
93501 463797
57394 452725
133420 374919
40520 96834
262550 283970
404827 217936
264196 245043
24055 55891
465145 171436
10096 309592
24517 215530
302123 203728
179627 87008
487214 318140
108056 252750
456146 51152
135896 117047
460889 178532
309171 444637
97727 419887
373705 468502
405159 249214
13808 429248
3152 282267
203713 174996
230191 105979
212924 446780
141331 89271
390039 159669
485178 451575
486437 354679
283132 104260
214660 413549
469232 359475
62317 240219
104201 45929
464770 410267
373693 472377
260681 186634
199676 220836
356646 328064
1166 213134
193624 436389
379482 478015
330796 486274
175012 480158
370728 146752
166490 109912
359099 134076
340480 247637
24561 421764
329062 19336
238094 147751
243380 352618
429959 285929
384304 6987
293740 399841
496145 125909
274292 149762
354259 177758
86504 497360
106950 338678
486514 491905
212560 259209
302369 212845
42254 54233
391745 147485
32778 42092
130034 53054
157330 322132
318509 308551
461814 92312
432289 499200
90427 214650
371738 377686
24236 145633
448732 167205
122962 426348
219936 318975
455229 463922
221578 248223
356060 417172
192601 294796
244608 44936
53246 126231
256623 136516
334384 438794
138938 35132
102858 48320
122034 349789
405017 283141
352332 139820
484043 364662
374694 431044
307389 467362
484146 85189
128657 117868
409548 149875
77819 135628
64753 446192
441077 353836
230450 255506
151192 77698
397512 100112
260996 307504
283142 444279
75226 267257
276337 421378
446267 189707
122050 38171
239524 440147
375559 452791
131098 36458
373410 155725
271169 335723
63576 6062
46840 259481
27014 157053
194028 122669
211983 16427
454273 165891
169519 91993
38628 279391
283008 185815
33887 326214
349962 385583
493830 70221
471965 481568
179280 180120
89146 328320
410302 44658
166086 487329
201879 33667
317252 190785
445287 208530
186105 300095
318740 5717
202105 83098
364280 247526
442694 193594
304696 342013
422312 111445
418531 159388
54783 430976
45430 209375
116271 175571
66199 179790
160893 283984
115985 42871
360607 8447
235903 7937
305044 468430
334479 489272
203885 193599
245402 357517
313842 265988
180357 322138
146824 137370
271730 286664
298280 11776
31254 89189
259068 88465
1075 269918
317729 240763
149856 89749
93394 287622
373851 403467
134471 45402
417089 128514
391753 31879
127290 358769
210175 314168
378196 419617
202570 137136
293724 29945
26067 95056
400842 207815
370994 268951
437412 300071
44252 204745
451445 118243
324511 187410
213828 57263
83332 141686
368225 21067
99259 493092
97456 309850
438454 87518
391087 155147
302157 356302
186065 266892
362857 347049
455733 453499
169762 139360
481198 462495
337334 110542
67292 19552
461704 130158
252837 5527
409920 213117
39292 312345
234179 238010
455028 478755
407005 49270
267144 117031
466544 252298
336261 352802
251266 19923
292825 111545
244774 273232
363783 289121
213299 281737
79555 55804
241868 146097
85853 278159
487482 286309
321237 366482
152344 40785
5001 487392
393186 310848
477562 234495
452146 335839
400825 21681
465086 225105
419652 93574
434401 76505
362857 368316
210966 320903
74190 119104
77712 368471
472470 306866
428476 443248
144718 5537
71556 389777
458031 92891
141869 114548
454258 236270
422017 77613
360935 203268
446915 189686
413683 118132
323977 379814
188660 223895
145052 276727
64726 334776
279736 482949
181080 251593
215491 144523
400552 192171
3601 489397
33918 119386
483070 486505
103693 224526
326270 227137
358954 274332
403038 242027
242406 40050
65343 394865
398100 36221
338498 128785
444207 407422
365965 106714
290040 163944
31844 268695
5618 23561
331585 230228
380349 348412
61282 309049
219265 15812
163141 169999
417940 30542
489985 16159
218510 451521
211453 41758
166181 410145
231836 257428
59726 167845
419439 184767
185932 496751
447840 190837
196051 74692
286996 315579
84557 473944
76441 437672
34051 66648
389269 259278
114622 301853
260082 387482
150850 231468
119910 274459
495639 970
71995 188915
105322 178707
12026 82930
196246 315633
305810 111555
81024 264926
198591 466081
496898 219677
21291 135448
268262 270019
308061 178170
13821 148008
315757 334102
131403 287153
488361 452320
165224 387841
209797 480840
67553 373835
275755 462388
258259 474309
224831 39350
211439 144587
155330 289717
77129 393201
233028 194835
191995 417878
174206 470709
244748 393149
292935 44192
216683 408989
237054 164947
378026 192690
123827 335656
140950 30518
141831 230071
224577 381172
2230 212317
166760 496399
119285 420660
273857 275741
498677 336682
377133 357450
218901 378952
164262 321783
194513 89663
43953 199349
20398 160335
116286 155915
61584 72088
495442 152148
493409 258933
266478 74491
222136 177752
240959 468477
232490 20804
195122 29896
401597 408712
209796 158265
358878 145544
334125 21746
245269 128988
186835 191056
327652 153972
53450 418426
380224 177813
92654 85122
83275 275311
256216 3985
296367 329922
440789 87207
431690 301034
397494 116230
392149 78201
98715 175365
152976 299847
401881 5661
194526 349880
213368 9625
352025 333569
281385 386159
498262 385769
367713 116523
49267 281826
497122 45148
77601 298068
448522 286000
256292 6127
337583 22725
49257 8207
9179 36718
201104 70706
250294 477399
493085 238953
3716 171576
162699 484117
38614 205666
499114 212673
6705 84107
47316 126305
117095 299318
273430 342325
37946 225142
149659 361233
289052 219990
486225 429644
338256 428917
166246 236475
323348 423851
65919 458748
349231 230645
34613 159615
132533 280308
90901 469462
181312 220005
470791 429074
172499 150953
25120 233374
357234 4416
383171 11709
84045 145060
73099 262240
46552 351768
459715 463196
99782 390232
291797 438394
16077 315977
14963 70483
233583 100623
118100 201572
471182 324893
462733 334746
20463 159103
469887 169050
250094 306970
238134 104088
274277 51097
44170 404068
160547 469366
285784 397725
417853 445734
126583 157324
260858 272116
326929 417572
380399 173992
166770 401445
219483 351373
139219 104347
199592 349055
84200 136537
64793 264867
320345 154254
365090 270009
106340 280922
272222 429059
141083 336187
9973 202333
413438 359615
403113 240415
389565 14184
423071 306974
410416 41749
454081 225820
444430 337604
421558 258966
366957 65254
200635 36177
305523 175480
341676 396217
316200 89936
108400 15837
72880 101263
329307 269608
454282 370150
21022 272139
13005 80874
273123 107353
493805 24841
160994 61168
499618 371286
365252 312950
266535 179198
405705 21406
9957 491500
71662 235931
267119 352818
417857 364203
470221 408918
322071 291880
885 367071
475969 288078
11032 465524
436741 136911
422173 165580
261266 314209
292032 222441
261332 250281
419869 353932
463502 75480
338992 270696
167108 39415
412445 288093
138905 302996
111147 415364
263982 328633
458899 33507
60307 120994
203085 261322
181368 346216
77712 310652
156219 452453
222864 196856
232343 363194
8592 46618
274813 479866
276336 172186
81051 51290
475882 319740
438226 22496
28632 405339
11506 260027
195578 381120
378028 280397
68074 155377
157263 400964
118837 311185
292245 226695
104730 476164
115823 237188
11917 144383
101851 391844
237604 135208
396715 239814
342558 294493
435119 308647
372963 380574
408704 245276
352075 78937
141873 419847
175648 288308
178598 401718
171970 338090
176375 207137
297547 210899
428135 389433
446288 403123
236692 217508
429307 226624
311614 100329
104777 53941
267126 304566
46126 451187
314858 246661
177489 153240
411519 127364
122370 354391
384124 313496
20083 320750
394720 301896
64266 189768
250547 201653
52679 274276
476534 187760
495751 394654
53891 38756
293086 435151
468657 495469
446473 368573
393969 219624
389844 493713
348424 265801
430691 442918
2561 172852
126109 499355
78024 303248
116957 284789
61559 277666
207479 270692
480266 62273
122286 19242
234252 61427
496667 381032
323226 203316
116104 259144
228265 143711
117190 246475
40990 196813
251465 37630
149568 263238
277144 16948
70445 358128
72922 169443
109735 440737
495385 305798
427653 137648
133818 361000
255293 358532
296740 393110
61654 211949
1290 151996
35452 148198
73627 317809
47676 129282
310665 310592
169243 356510
351792 486181
232798 425636
424750 434211
433522 95651
73639 451333
182026 202792
383417 16222
8241 98503
89883 478531
285814 426567
179276 222561
22622 139374
237271 59798
376117 220598
57356 429460
268466 482922
263681 132391
262255 494936
149067 459713
295282 287918
27646 496304
65730 49297
402800 69022
341278 16317
143628 28955
234345 498079
26384 159436
188810 257653
403610 397664
64586 170866
224699 310715
413453 208567
385867 193252
69262 75605
388006 195390
176640 376771
41614 122753
296957 141277
31893 457973
109678 6436
220494 188620
107693 24885
33754 9968
430483 233023
55287 430134
85139 161409
52450 457809
110794 61029
362522 65370
103422 457821
209862 377380
146844 149189
286278 216489
291143 102546
7543 207258
270797 383860
421155 55840
365011 2375
187621 138262
59102 306840
473779 244043
422574 22157
89472 52051
109115 7415
105605 12041
274500 29540
49535 209610
411410 125308
251544 168475
50301 226402
213038 146551
322884 59863
247541 58062
321402 433267
87829 446437
370569 293928
468148 295206
295521 459053
396604 192209
283226 342438
291887 68255
20443 290431
459250 6892
128917 280221
244851 322083
25061 243792
457381 116392
342400 484158
72302 278080
177652 287002
350650 205190
355980 88590
478479 31719
288819 266098
382600 130754
114808 284489
265952 392165
74507 449080
98623 160385
207466 103881
410358 354531
64560 27269
219916 488610
176777 330862
203280 320469
90122 353551
122807 55029
370407 392351
367613 252615
493762 475912
93686 288917
214123 407373
150231 467405
128452 282694
422401 89015
326595 29346
369780 348850
210083 369350
238817 306519
373788 248165
459046 232453
87345 36737
74959 104774
418163 395115
42078 315388
461881 232668
129772 85254
197189 204876
453160 449467
79086 129028
175619 408018
283300 95472
328493 145570
410225 158284
1160 81259
38394 245317
20893 381923
438267 35204
478759 148255
306821 386463
39110 445157
299882 150319
454325 12920
254637 338588
240863 277810
483684 385956
183127 416878
66391 232379
366079 309601
5107 245021
345993 24379
52423 179360
480185 346969
485343 41878
169511 34577
141811 397189
159389 308857
277589 252493
140712 314751
256943 393664
114971 57788
18342 190665
336220 370097
149293 455374
42994 236064
379739 240763
463405 103130
498278 332671
90964 339792
340254 393119
193046 481864
476139 378220
95555 159372
319627 49112
113692 196949
286000 279258
151767 39925
103691 443416
493136 88031
160614 101567
304005 423981
109233 47494
252204 489958
408154 52259
370796 343512
10712 67652
141575 146399
180498 21756
243765 347689
330271 79783
303519 284670
424478 206292
171079 189563
107300 193278
260822 167356
186993 392374
151168 366449
320963 369834
52416 265514
15964 111901
99721 462762
499036 215612
456047 69932
459534 124211
119914 356787
248036 333554
192121 13015
34584 74754
134001 134943
440283 22146
458583 142628
429727 415475
264243 89730
488048 222484
110366 56153
313444 177538
440173 214805
158811 127923
109336 43990
75339 123661
216539 18625
204899 272079
436124 268219
496136 30623
431229 130076
324290 327213
34017 103665
258253 96453
18546 293176
209081 308520
409 2350
283551 280454
109749 448718
11489 404688
490808 1583
372343 231740
248829 25691
50280 362280
278511 175063
394471 326210
245984 345698
461901 16810
144450 358367
95864 204856
105542 248818
210022 277218
321893 227655
362231 417587
111263 81083
95860 147870
330382 351862
274406 144620
138375 20422
467202 24672
498618 347066
148886 462840
376591 275514
277014 55647
164198 414914
141782 7651
93745 103163
124538 435231
410248 446620
286680 292358
296526 255949
226364 439674
450433 425844
310337 302624
96009 307569
62807 259786
290780 377574
159536 250735
463593 141767
113919 459729
57128 336104
69605 452447
347744 3035
114609 437462
220429 321191
352787 180385
209626 360895
79381 266282
240204 49068
363493 449202
179162 462086
379385 303375
382525 8951
73007 435142
55095 326620
234168 9254
211244 339607
424206 461030
497010 347512
22536 321417
139886 466152
217477 402846
342825 269052
425652 381783
271694 254306
286388 105618
156180 480855
445194 497806
214929 243122
124521 367885
477661 126694
286707 65256
94803 473800
147773 477881
297401 19091
172752 115515
173243 60507
25872 461855
499477 318439
489869 14963
257610 299142
364911 364329
240539 137232
252701 399019
169604 165325
369040 446540
69810 393337
404778 406670
449813 45695
454699 254843
492615 43082
486490 445331
94155 462215
394438 29928
83752 378828
382634 469349
230929 133389
235230 113586
435683 248859
154500 134449
439610 407145
322000 239127
396260 207421
447330 305258
96206 469054
471379 372144
157502 314108
333761 178598
464496 291789
352888 324671
229460 485870
237793 438450
255686 76191
215692 159814
206571 425476
119347 377013
257145 357038
66165 77843
226505 186937
324853 373977
159815 364221
446136 377611
102484 155202
339866 148300
70051 268022
477701 191323
162101 173773
166886 245309
31777 137463
196647 463448
423304 72388
17619 194889
346112 53272
296366 434660
449144 251888
148185 316804
404492 387756
179009 430762
157372 180408
150849 79316
202433 371610
427107 296774
182876 190392
150838 427465
295954 159115
350168 115973
257682 475111
368176 382195
119148 258238
393964 421366
221848 157737
210777 110003
100539 68778
180747 429080
277311 222108
144526 332008
343698 338388
75128 166732
91357 182418
390598 383614
399272 384398
401053 50831
53386 318105
131225 256909
237719 387162
472342 283380
359457 351876
358015 117130
243063 290733
354951 22100
112720 45009
302428 372243
86315 302489
121852 494821
482809 377991
113506 243014
299352 178689
464846 453338
14356 498181
2419 46256
305849 168798
170431 470569
445340 412994
22473 196641
232910 296853
211527 39446
446160 233247
309724 361691
14373 113149
31986 127314
487986 30748
49795 136917
192787 254947
289652 244723
190128 1002
304826 286547
468695 155770
248260 330918
343901 395561
241710 126465
81141 111014
132662 179733
316090 258118
248946 344861
270363 140467
149796 184338
280742 169472
467567 221916
40415 307984
389341 266714
495570 263020
430832 109277
19051 3
199002 62067
74441 307167
132557 295559
373058 52446
110170 437430
269333 423518
339263 384936
91705 275963
174902 127156
48673 145819
347039 90439
80137 210995
274903 265812
106662 165824
293497 439085
196752 491792
16191 171985
44572 255059
250723 24882
195638 391165
159438 203693
381426 214798
24609 171505
401500 28420
292635 254444
228329 196027
222315 139496
68234 13660
458001 172638
177317 240964
269865 274135
121526 305393
276198 428962
14403 254639
488835 452152
418986 45634
380616 348978
485225 21291
179062 316291
251881 283137
185233 163871
284110 310911
205243 421423
206136 286424
241247 182608
162825 171157
404101 42899
76618 143718
5266 432269
191160 294695
47023 30865
62839 137172
328368 196734
123223 466996
294870 368607
394022 356780
251311 494101
467695 123323
153923 395283
268836 104539
477980 343401
218151 418335
459094 158022
77234 103379
196669 387966
259004 110404
390461 438385
182731 242454
345548 222713
104043 219570
323112 103506
287117 483980
55482 242003
252666 208497
272962 288977
18383 274306
284386 36293
447910 257974
340937 171056
48744 302585
195579 51341
451391 96975
300827 488340
253517 130565
495026 139502
485630 384922
387544 379865
431330 235578
333883 190522
318095 336110
379392 319639
293440 211018
21081 84398
233393 184827
77425 87989
350442 199614
168522 399403
320835 379712
474912 84076
17092 72337
74596 447632
308325 96139
213948 297897
433953 416094
39400 354222
470979 200462
319233 442712
406686 20276
270905 278473
244330 487807
318237 17101
268295 182265
470982 330745
266933 290733
71785 491034
115278 427743
206201 327029
278692 465301
322742 159170
182181 276386
314295 1192
56658 475886
196310 215645
497972 437902
100181 332986
326949 115485
88016 386676
405879 388857
283269 319341
130870 391042
62013 256112
371491 357430
447857 195044
387186 397619
269442 182384
277709 210868
69363 128472
356850 385666
38894 286841
315477 408072
441396 159283
225521 385683
208312 49222
55213 294436
310125 1761
14001 318164
415431 277960
372927 444654
403397 308944
140206 27023
129696 492255
77434 120944
128950 75470
93985 178265
353649 6016
435463 287882
340115 326790
195261 184160
439936 321594
80045 340247
138068 127184
6387 130755
352578 480011
83832 343696
412979 74857
369109 257939
180211 30989
14740 87682
69874 421205
13786 281416
153679 409800
437074 363135
335934 86490
376823 273411
188101 309038
22649 223307
196830 146732
340511 66708
172051 149474
456160 152351
127213 321681
378062 151625
499705 148407
194083 234896
148866 179040
280177 459651
225175 261745
154707 222971
177437 363286
392134 386072
246640 418546
215485 259043
409538 290894
316263 38901
431922 439345
412608 417905
274651 14341
379514 406162
130741 92451
187633 489357
283621 442588
451069 264814
363507 414877
76375 429542
136612 449182
328871 191050
104812 183648
441408 1478
371178 235102
233671 114407
98862 226712
265215 475588
146926 96900
49976 152662
253922 331388
257000 361040
302063 260633
225433 31465
419895 6244
207979 196837
335370 153247
39407 141542
487454 444677
436216 396950
475392 419194
331718 277554
156767 91926
130220 450963
11411 143960
178192 313648
292515 318345
223731 485829
146705 378077
255520 300374
278863 357524
451596 308260
325833 247167
457430 453011
337607 395024
456018 227189
181650 314730
58622 215420
28678 86968
499803 374364
87895 483999
422238 228046
301908 415800
338579 10910
433616 249145
68380 271391
483384 380335
179504 329313
386041 433310
140481 72737
333445 123091
346008 199349
409522 338668
28351 483062
26962 77026
371869 24742
498702 420557
338333 51934
497504 460270
338192 104916
151023 308736
308600 302257
178451 375619
87639 105233
123213 67029
183409 212345
492187 60940
371825 453755
58187 373229
140469 306409
429944 418226
249130 373784
274339 387836
188806 258485
11373 125892
136694 495516
286764 90195
336122 40592
45429 435313
14690 433233
261710 288905
158392 57590
398981 9031
219000 226280
199913 131842
496145 22345
296405 128644
314608 23349
104979 329530
33689 373394
375727 142698
63353 324150
160819 411986
48700 114079
330312 287573
107009 415759
198382 267768
303533 85623
65058 30038
223981 430405
136962 209564
337071 215961
323488 162412
362840 398589
123285 9285
147732 136648
340148 21295
177671 309754
463649 460555
332404 227602
338741 72110
39982 38958
43492 373873
69026 355217
308358 50278
255241 106157
132198 180540
235397 41672
110178 171560
303322 64698
240889 197794
199896 260936
20327 367272
148030 118973
55071 54146
434009 293498
372254 61381
142493 322649
87132 383868
494793 120424
380064 401908
345601 188284
330975 94788
332113 169565
174195 288522
339004 166920
243913 493650
207043 290652
291431 464943
83767 498565
285717 149774
399622 459086
460673 127664
208022 139411
223531 168295
438397 369976
463066 259633
17698 271090
406650 439141
491434 454581
347712 433481
448255 101162
364039 36812
