50
1 2 212
1 3 190
1 4 844
1 5 1832
1 6 2093
1 7 1337
1 8 982
1 9 1315
1 10 974
1 11 965
1 12 900
1 13 218
1 14 2485
1 15 329
1 16 1819
1 17 1124
1 18 748
1 19 260
1 20 2500
1 21 2479
1 22 2242
1 23 1071
1 24 324
1 25 1061
1 26 2427
1 27 341
1 28 347
1 29 1487
1 30 395
1 31 1759
1 32 926
1 33 1717
1 34 1552
1 35 1630
1 36 722
1 37 2187
1 38 668
1 39 22
1 40 2329
1 41 1955
1 42 2413
1 43 1646
1 44 1696
1 45 1875
1 46 538
1 47 1117
1 48 1578
1 49 638
1 50 1114
2 3 756
2 4 1259
2 5 1521
2 6 1249
2 7 29
2 8 2330
2 9 2046
2 10 638
2 11 2494
2 12 1645
2 13 553
2 14 1971
2 15 48
2 16 890
2 17 1091
2 18 2138
2 19 460
2 20 1759
2 21 1970
2 22 729
2 23 141
2 24 803
2 25 188
2 26 1504
2 27 591
2 28 339
2 29 2375
2 30 653
2 31 429
2 32 2261
2 33 871
2 34 196
2 35 731
2 36 2099
2 37 1034
2 38 1949
2 39 1722
2 40 88
2 41 840
2 42 2445
2 43 1479
2 44 1232
2 45 129
2 46 9
2 47 1994
2 48 1738
2 49 85
2 50 129
3 4 456
3 5 1880
3 6 2329
3 7 1101
3 8 2141
3 9 1068
3 10 1848
3 11 320
3 12 2327
3 13 2049
3 14 1024
3 15 394
3 16 1721
3 17 1539
3 18 1859
3 19 2037
3 20 2365
3 21 483
3 22 2344
3 23 1373
3 24 1546
3 25 694
3 26 2136
3 27 1023
3 28 162
3 29 1121
3 30 2118
3 31 95
3 32 1577
3 33 1860
3 34 1909
3 35 2310
3 36 1099
3 37 393
3 38 1990
3 39 1739
3 40 592
3 41 2293
3 42 1091
3 43 1103
3 44 1425
3 45 255
3 46 276
3 47 1563
3 48 29
3 49 491
3 50 2170
4 5 798
4 6 1432
4 7 1717
4 8 1010
4 9 1264
4 10 1949
4 11 1858
4 12 1892
4 13 206
4 14 248
4 15 512
4 16 775
4 17 191
4 18 263
4 19 95
4 20 839
4 21 538
4 22 2076
4 23 1115
4 24 1781
4 25 1303
4 26 339
4 27 283
4 28 222
4 29 692
4 30 1238
4 31 496
4 32 2085
4 33 766
4 34 1835
4 35 230
4 36 453
4 37 2038
4 38 1149
4 39 533
4 40 1201
4 41 989
4 42 1341
4 43 1054
4 44 675
4 45 1401
4 46 1946
4 47 334
4 48 2459
4 49 2345
4 50 1467
5 6 579
5 7 2059
5 8 760
5 9 383
5 10 1419
5 11 1071
5 12 1810
5 13 474
5 14 95
5 15 717
5 16 2239
5 17 842
5 18 1087
5 19 1192
5 20 1764
5 21 588
5 22 1524
5 23 1944
5 24 740
5 25 2387
5 26 626
5 27 446
5 28 878
5 29 2334
5 30 1302
5 31 501
5 32 2120
5 33 24
5 34 468
5 35 73
5 36 153
5 37 746
5 38 1215
5 39 2395
5 40 487
5 41 2229
5 42 1599
5 43 423
5 44 1890
5 45 920
5 46 2115
5 47 445
5 48 369
5 49 186
5 50 1880
6 7 806
6 8 426
6 9 645
6 10 1062
6 11 2433
6 12 814
6 13 843
6 14 2495
6 15 1692
6 16 1587
6 17 128
6 18 678
6 19 135
6 20 1996
6 21 1819
6 22 1498
6 23 2296
6 24 2428
6 25 748
6 26 228
6 27 485
6 28 1202
6 29 2399
6 30 1261
6 31 1589
6 32 1355
6 33 714
6 34 1879
6 35 749
6 36 1354
6 37 290
6 38 1999
6 39 788
6 40 720
6 41 436
6 42 373
6 43 1382
6 44 2488
6 45 2384
6 46 1352
6 47 2494
6 48 307
6 49 566
6 50 1091
7 8 654
7 9 680
7 10 1948
7 11 664
7 12 123
7 13 393
7 14 565
7 15 1596
7 16 746
7 17 1573
7 18 2120
7 19 2444
7 20 1775
7 21 391
7 22 620
7 23 1529
7 24 854
7 25 1644
7 26 504
7 27 140
7 28 2332
7 29 2279
7 30 49
7 31 1789
7 32 2465
7 33 2421
7 34 1968
7 35 1169
7 36 2036
7 37 426
7 38 407
7 39 564
7 40 108
7 41 1655
7 42 768
7 43 1573
7 44 118
7 45 1796
7 46 2409
7 47 762
7 48 2254
7 49 1967
7 50 2156
8 9 1529
8 10 1962
8 11 2127
8 12 1151
8 13 349
8 14 64
8 15 2173
8 16 2462
8 17 2012
8 18 1624
8 19 2447
8 20 578
8 21 1529
8 22 1118
8 23 704
8 24 157
8 25 1769
8 26 1502
8 27 1886
8 28 1591
8 29 356
8 30 1370
8 31 1769
8 32 1234
8 33 774
8 34 116
8 35 1699
8 36 1471
8 37 224
8 38 1888
8 39 1341
8 40 990
8 41 958
8 42 1202
8 43 2248
8 44 658
8 45 1929
8 46 103
8 47 1710
8 48 1169
8 49 222
8 50 1800
9 10 1433
9 11 2407
9 12 774
9 13 64
9 14 709
9 15 2161
9 16 1709
9 17 1899
9 18 829
9 19 1088
9 20 419
9 21 1981
9 22 1676
9 23 1486
9 24 1329
9 25 1696
9 26 101
9 27 1980
9 28 1154
9 29 1419
9 30 1446
9 31 738
9 32 1181
9 33 2037
9 34 1814
9 35 634
9 36 2226
9 37 486
9 38 878
9 39 1178
9 40 1494
9 41 500
9 42 466
9 43 716
9 44 791
9 45 63
9 46 463
9 47 1898
9 48 79
9 49 2422
9 50 2286
10 11 1269
10 12 923
10 13 162
10 14 2044
10 15 848
10 16 826
10 17 1405
10 18 2431
10 19 1935
10 20 108
10 21 1074
10 22 473
10 23 1190
10 24 414
10 25 2463
10 26 1837
10 27 6
10 28 379
10 29 688
10 30 2399
10 31 149
10 32 229
10 33 1045
10 34 52
10 35 1530
10 36 2467
10 37 1739
10 38 2001
10 39 1722
10 40 273
10 41 448
10 42 1926
10 43 672
10 44 1708
10 45 1296
10 46 1204
10 47 1352
10 48 237
10 49 1799
10 50 46
11 12 2352
11 13 1683
11 14 1297
11 15 526
11 16 137
11 17 2043
11 18 1712
11 19 337
11 20 1118
11 21 765
11 22 757
11 23 1645
11 24 1389
11 25 2187
11 26 804
11 27 1801
11 28 2467
11 29 93
11 30 1124
11 31 779
11 32 2404
11 33 941
11 34 33
11 35 1899
11 36 2386
11 37 1126
11 38 1987
11 39 1121
11 40 2076
11 41 2426
11 42 315
11 43 1814
11 44 1413
11 45 607
11 46 1930
11 47 1832
11 48 1640
11 49 1848
11 50 1854
12 13 14
12 14 393
12 15 481
12 16 310
12 17 1554
12 18 299
12 19 1396
12 20 376
12 21 1504
12 22 380
12 23 1379
12 24 762
12 25 2336
12 26 1882
12 27 2015
12 28 922
12 29 1452
12 30 606
12 31 1911
12 32 245
12 33 641
12 34 1358
12 35 1018
12 36 560
12 37 1259
12 38 258
12 39 154
12 40 1607
12 41 149
12 42 761
12 43 729
12 44 1729
12 45 2415
12 46 2496
12 47 2475
12 48 1995
12 49 170
12 50 1863
13 14 2069
13 15 337
13 16 1452
13 17 481
13 18 803
13 19 2043
13 20 393
13 21 6
13 22 2238
13 23 2107
13 24 110
13 25 1994
13 26 465
13 27 188
13 28 292
13 29 2099
13 30 2328
13 31 2209
13 32 2492
13 33 823
13 34 799
13 35 282
13 36 1177
13 37 2037
13 38 549
13 39 50
13 40 1321
13 41 1760
13 42 1704
13 43 749
13 44 1529
13 45 93
13 46 1821
13 47 2331
13 48 2272
13 49 1150
13 50 1445
14 15 121
14 16 702
14 17 2198
14 18 64
14 19 2402
14 20 1056
14 21 2500
14 22 2009
14 23 1491
14 24 308
14 25 228
14 26 1655
14 27 777
14 28 1603
14 29 2095
14 30 820
14 31 2496
14 32 1272
14 33 2434
14 34 1026
14 35 765
14 36 2200
14 37 2354
14 38 145
14 39 2040
14 40 579
14 41 1620
14 42 293
14 43 2186
14 44 2022
14 45 2041
14 46 429
14 47 1319
14 48 701
14 49 1173
14 50 368
15 16 1788
15 17 1669
15 18 2366
15 19 291
15 20 1027
15 21 87
15 22 478
15 23 584
15 24 1897
15 25 617
15 26 2481
15 27 1737
15 28 985
15 29 1570
15 30 2227
15 31 503
15 32 827
15 33 1851
15 34 2228
15 35 948
15 36 1131
15 37 127
15 38 277
15 39 63
15 40 331
15 41 1771
15 42 255
15 43 2383
15 44 2038
15 45 758
15 46 763
15 47 1244
15 48 345
15 49 898
15 50 1047
16 17 1525
16 18 2326
16 19 528
16 20 1734
16 21 515
16 22 563
16 23 2206
16 24 1194
16 25 908
16 26 1561
16 27 2165
16 28 1307
16 29 1955
16 30 61
16 31 1319
16 32 2010
16 33 2376
16 34 1745
16 35 1930
16 36 1251
16 37 747
16 38 2256
16 39 681
16 40 740
16 41 1738
16 42 1150
16 43 2298
16 44 2114
16 45 1462
16 46 1462
16 47 1481
16 48 1870
16 49 2116
16 50 529
17 18 174
17 19 1696
17 20 1199
17 21 748
17 22 1344
17 23 1929
17 24 1988
17 25 1640
17 26 1841
17 27 1284
17 28 965
17 29 169
17 30 742
17 31 260
17 32 686
17 33 738
17 34 1221
17 35 1889
17 36 1151
17 37 1747
17 38 73
17 39 1544
17 40 1281
17 41 2225
17 42 2372
17 43 418
17 44 1016
17 45 544
17 46 1352
17 47 2284
17 48 2420
17 49 966
17 50 1610
18 19 151
18 20 638
18 21 360
18 22 1130
18 23 2139
18 24 1257
18 25 1481
18 26 668
18 27 275
18 28 1843
18 29 1458
18 30 491
18 31 1106
18 32 1016
18 33 2369
18 34 1674
18 35 1061
18 36 230
18 37 1492
18 38 1295
18 39 1909
18 40 40
18 41 1775
18 42 1060
18 43 1797
18 44 2278
18 45 1298
18 46 2081
18 47 1780
18 48 2323
18 49 382
18 50 908
19 20 1195
19 21 2355
19 22 1009
19 23 477
19 24 224
19 25 2357
19 26 1236
19 27 1453
19 28 2013
19 29 167
19 30 260
19 31 1759
19 32 433
19 33 784
19 34 2481
19 35 1342
19 36 182
19 37 2006
19 38 949
19 39 1170
19 40 956
19 41 148
19 42 6
19 43 860
19 44 1041
19 45 1110
19 46 883
19 47 2359
19 48 37
19 49 380
19 50 1527
20 21 1371
20 22 43
20 23 1260
20 24 2297
20 25 1311
20 26 1606
20 27 1716
20 28 2150
20 29 2442
20 30 2314
20 31 520
20 32 2284
20 33 2329
20 34 754
20 35 2085
20 36 1264
20 37 1884
20 38 2424
20 39 1039
20 40 2139
20 41 1587
20 42 1402
20 43 2023
20 44 424
20 45 734
20 46 1617
20 47 1218
20 48 5
20 49 1208
20 50 1398
21 22 1659
21 23 1716
21 24 306
21 25 166
21 26 182
21 27 56
21 28 1554
21 29 882
21 30 1189
21 31 1358
21 32 342
21 33 2259
21 34 1119
21 35 623
21 36 2384
21 37 274
21 38 130
21 39 1623
21 40 2388
21 41 1180
21 42 510
21 43 1272
21 44 949
21 45 2155
21 46 2203
21 47 1160
21 48 522
21 49 1669
21 50 1846
22 23 1443
22 24 864
22 25 1198
22 26 756
22 27 538
22 28 1055
22 29 630
22 30 2467
22 31 2412
22 32 1778
22 33 2268
22 34 1280
22 35 2052
22 36 2499
22 37 2174
22 38 1944
22 39 973
22 40 361
22 41 1713
22 42 1885
22 43 280
22 44 2375
22 45 2352
22 46 1590
22 47 1920
22 48 1340
22 49 283
22 50 2042
23 24 229
23 25 1877
23 26 163
23 27 1911
23 28 158
23 29 429
23 30 2398
23 31 1466
23 32 1913
23 33 111
23 34 1698
23 35 81
23 36 1174
23 37 388
23 38 498
23 39 508
23 40 823
23 41 505
23 42 1248
23 43 2009
23 44 1627
23 45 346
23 46 1470
23 47 387
23 48 1552
23 49 1595
23 50 485
24 25 2127
24 26 419
24 27 2188
24 28 847
24 29 2411
24 30 2199
24 31 1678
24 32 513
24 33 734
24 34 138
24 35 1220
24 36 646
24 37 2186
24 38 160
24 39 1868
24 40 1053
24 41 308
24 42 2142
24 43 796
24 44 2392
24 45 673
24 46 592
24 47 2047
24 48 2423
24 49 545
24 50 1172
25 26 1954
25 27 2130
25 28 664
25 29 1450
25 30 1045
25 31 2041
25 32 298
25 33 378
25 34 1562
25 35 2485
25 36 1623
25 37 1916
25 38 2082
25 39 633
25 40 1699
25 41 296
25 42 1692
25 43 1852
25 44 1413
25 45 314
25 46 930
25 47 1343
25 48 461
25 49 857
25 50 859
26 27 2268
26 28 438
26 29 30
26 30 223
26 31 1371
26 32 457
26 33 1517
26 34 1350
26 35 233
26 36 1393
26 37 145
26 38 793
26 39 1006
26 40 1491
26 41 1618
26 42 2453
26 43 2238
26 44 1761
26 45 1108
26 46 1539
26 47 1627
26 48 514
26 49 1041
26 50 562
27 28 1100
27 29 719
27 30 866
27 31 2468
27 32 552
27 33 506
27 34 844
27 35 572
27 36 2113
27 37 842
27 38 863
27 39 1568
27 40 241
27 41 1599
27 42 1026
27 43 1759
27 44 2269
27 45 2341
27 46 1468
27 47 2449
27 48 1713
27 49 2286
27 50 2034
28 29 994
28 30 644
28 31 2011
28 32 1947
28 33 2156
28 34 656
28 35 2500
28 36 1859
28 37 1975
28 38 1533
28 39 1541
28 40 2438
28 41 1916
28 42 1006
28 43 921
28 44 809
28 45 1409
28 46 1393
28 47 1348
28 48 935
28 49 883
28 50 2030
29 30 1136
29 31 2031
29 32 2062
29 33 35
29 34 2173
29 35 2
29 36 2172
29 37 717
29 38 2075
29 39 2439
29 40 1574
29 41 1730
29 42 387
29 43 160
29 44 1310
29 45 916
29 46 2444
29 47 260
29 48 588
29 49 1203
29 50 1828
30 31 1289
30 32 135
30 33 1601
30 34 515
30 35 2063
30 36 190
30 37 1476
30 38 2329
30 39 53
30 40 1129
30 41 648
30 42 2226
30 43 2356
30 44 439
30 45 1265
30 46 565
30 47 1802
30 48 2224
30 49 674
30 50 1554
31 32 224
31 33 484
31 34 697
31 35 559
31 36 2059
31 37 895
31 38 2081
31 39 1532
31 40 1358
31 41 1335
31 42 1913
31 43 1861
31 44 1955
31 45 402
31 46 2326
31 47 2152
31 48 946
31 49 1218
31 50 1979
32 33 366
32 34 976
32 35 1618
32 36 2393
32 37 911
32 38 2207
32 39 1491
32 40 2320
32 41 128
32 42 1790
32 43 1898
32 44 1514
32 45 1477
32 46 1223
32 47 502
32 48 1743
32 49 367
32 50 1888
33 34 775
33 35 1966
33 36 1724
33 37 1441
33 38 1765
33 39 2329
33 40 234
33 41 2415
33 42 1368
33 43 26
33 44 849
33 45 1683
33 46 139
33 47 202
33 48 2249
33 49 2242
33 50 130
34 35 1900
34 36 778
34 37 998
34 38 551
34 39 2253
34 40 435
34 41 1215
34 42 1763
34 43 1047
34 44 413
34 45 765
34 46 2165
34 47 2067
34 48 1958
34 49 522
34 50 1539
35 36 242
35 37 1055
35 38 2468
35 39 2295
35 40 1714
35 41 504
35 42 1258
35 43 799
35 44 1331
35 45 55
35 46 1789
35 47 1475
35 48 916
35 49 1001
35 50 989
36 37 502
36 38 139
36 39 871
36 40 1764
36 41 2218
36 42 1380
36 43 1310
36 44 546
36 45 840
36 46 1530
36 47 2028
36 48 2472
36 49 67
36 50 1292
37 38 1015
37 39 1466
37 40 466
37 41 1813
37 42 1861
37 43 277
37 44 2338
37 45 1884
37 46 1342
37 47 563
37 48 1890
37 49 1031
37 50 1561
38 39 2166
38 40 439
38 41 1054
38 42 170
38 43 1711
38 44 972
38 45 370
38 46 1280
38 47 2287
38 48 2076
38 49 2066
38 50 2269
39 40 904
39 41 1436
39 42 607
39 43 2446
39 44 1278
39 45 2219
39 46 545
39 47 1021
39 48 1287
39 49 1293
39 50 705
40 41 393
40 42 1156
40 43 1288
40 44 996
40 45 2478
40 46 326
40 47 863
40 48 1443
40 49 308
40 50 905
41 42 321
41 43 1408
41 44 2039
41 45 949
41 46 1594
41 47 799
41 48 1741
41 49 28
41 50 170
42 43 1586
42 44 1918
42 45 2349
42 46 1025
42 47 1455
42 48 870
42 49 1219
42 50 1104
43 44 1524
43 45 882
43 46 446
43 47 1571
43 48 1440
43 49 2081
43 50 386
44 45 381
44 46 1610
44 47 283
44 48 1041
44 49 1737
44 50 1947
45 46 1868
45 47 913
45 48 1671
45 49 2032
45 50 203
46 47 1080
46 48 646
46 49 1526
46 50 130
47 48 267
47 49 262
47 50 2239
48 49 2018
48 50 774
49 50 1090
