16
1 2 252
1 3 200
1 4 159
1 5 185
1 6 143
1 7 117
1 8 166
1 9 249
1 10 177
1 11 90
1 12 177
1 13 98
1 14 239
1 15 100
1 16 207
2 3 61
2 4 16
2 5 110
2 6 197
2 7 210
2 8 245
2 9 91
2 10 94
2 11 231
2 12 45
2 13 213
2 14 70
2 15 4
2 16 19
3 4 101
3 5 246
3 6 75
3 7 29
3 8 72
3 9 50
3 10 232
3 11 71
3 12 144
3 13 18
3 14 12
3 15 224
3 16 125
4 5 64
4 6 254
4 7 89
4 8 123
4 9 179
4 10 147
4 11 212
4 12 43
4 13 242
4 14 83
4 15 245
4 16 99
5 6 51
5 7 199
5 8 203
5 9 196
5 10 118
5 11 32
5 12 136
5 13 7
5 14 123
5 15 242
5 16 211
6 7 46
6 8 113
6 9 118
6 10 10
6 11 62
6 12 121
6 13 3
6 14 108
6 15 235
6 16 192
7 8 198
7 9 169
7 10 165
7 11 185
7 12 45
7 13 24
7 14 83
7 15 50
7 16 251
8 9 145
8 10 43
8 11 102
8 12 192
8 13 217
8 14 248
8 15 34
8 16 60
9 10 96
9 11 10
9 12 87
9 13 60
9 14 106
9 15 217
9 16 233
10 11 217
10 12 224
10 13 108
10 14 122
10 15 42
10 16 170
11 12 38
11 13 250
11 14 103
11 15 234
11 16 5
12 13 94
12 14 141
12 15 109
12 16 124
13 14 225
13 15 87
13 16 208
14 15 30
14 16 236
15 16 202
