32
1 2 889
1 3 475
1 4 90
1 5 51
1 6 416
1 7 534
1 8 675
1 9 336
1 10 448
1 11 1016
1 12 1009
1 13 124
1 14 479
1 15 249
1 16 165
1 17 942
1 18 420
1 19 34
1 20 666
1 21 713
1 22 297
1 23 952
1 24 214
1 25 267
1 26 662
1 27 672
1 28 104
1 29 842
1 30 488
1 31 823
1 32 49
2 3 966
2 4 880
2 5 969
2 6 637
2 7 311
2 8 854
2 9 885
2 10 945
2 11 417
2 12 110
2 13 411
2 14 457
2 15 782
2 16 631
2 17 229
2 18 366
2 19 323
2 20 564
2 21 570
2 22 978
2 23 409
2 24 751
2 25 155
2 26 377
2 27 803
2 28 1022
2 29 385
2 30 912
2 31 565
2 32 421
3 4 595
3 5 595
3 6 367
3 7 234
3 8 222
3 9 745
3 10 879
3 11 176
3 12 227
3 13 461
3 14 916
3 15 579
3 16 219
3 17 168
3 18 559
3 19 999
3 20 801
3 21 406
3 22 183
3 23 906
3 24 191
3 25 506
3 26 956
3 27 895
3 28 571
3 29 844
3 30 419
3 31 222
3 32 447
4 5 1019
4 6 896
4 7 600
4 8 382
4 9 639
4 10 771
4 11 923
4 12 305
4 13 985
4 14 215
4 15 1009
4 16 29
4 17 939
4 18 757
4 19 88
4 20 426
4 21 741
4 22 863
4 23 207
4 24 685
4 25 301
4 26 61
4 27 191
4 28 30
4 29 494
4 30 149
4 31 280
4 32 1014
5 6 395
5 7 869
5 8 175
5 9 654
5 10 190
5 11 123
5 12 873
5 13 811
5 14 434
5 15 89
5 16 723
5 17 541
5 18 5
5 19 600
5 20 598
5 21 296
5 22 665
5 23 599
5 24 189
5 25 960
5 26 407
5 27 711
5 28 644
5 29 220
5 30 566
5 31 872
5 32 318
6 7 582
6 8 395
6 9 498
6 10 945
6 11 567
6 12 550
6 13 39
6 14 780
6 15 186
6 16 471
6 17 450
6 18 118
6 19 444
6 20 700
6 21 475
6 22 189
6 23 519
6 24 376
6 25 198
6 26 561
6 27 4
6 28 898
6 29 140
6 30 897
6 31 433
6 32 217
7 8 772
7 9 726
7 10 584
7 11 851
7 12 308
7 13 699
7 14 266
7 15 845
7 16 823
7 17 543
7 18 697
7 19 919
7 20 723
7 21 166
7 22 945
7 23 433
7 24 185
7 25 656
7 26 115
7 27 351
7 28 1009
7 29 151
7 30 732
7 31 145
7 32 813
8 9 893
8 10 995
8 11 547
8 12 554
8 13 342
8 14 118
8 15 304
8 16 328
8 17 311
8 18 711
8 19 776
8 20 893
8 21 178
8 22 707
8 23 816
8 24 226
8 25 49
8 26 187
8 27 808
8 28 856
8 29 820
8 30 336
8 31 412
8 32 513
9 10 699
9 11 45
9 12 720
9 13 397
9 14 428
9 15 216
9 16 63
9 17 525
9 18 611
9 19 799
9 20 61
9 21 423
9 22 505
9 23 485
9 24 1009
9 25 479
9 26 592
9 27 480
9 28 38
9 29 265
9 30 564
9 31 356
9 32 25
10 11 888
10 12 272
10 13 663
10 14 859
10 15 955
10 16 107
10 17 551
10 18 451
10 19 218
10 20 957
10 21 934
10 22 405
10 23 299
10 24 425
10 25 647
10 26 663
10 27 608
10 28 308
10 29 69
10 30 610
10 31 1008
10 32 639
11 12 853
11 13 518
11 14 625
11 15 475
11 16 44
11 17 577
11 18 446
11 19 311
11 20 48
11 21 425
11 22 399
11 23 873
11 24 179
11 25 520
11 26 481
11 27 664
11 28 165
11 29 113
11 30 331
11 31 1018
11 32 893
12 13 176
12 14 122
12 15 386
12 16 120
12 17 74
12 18 192
12 19 511
12 20 567
12 21 771
12 22 91
12 23 506
12 24 794
12 25 286
12 26 883
12 27 218
12 28 85
12 29 385
12 30 268
12 31 222
12 32 271
13 14 443
13 15 946
13 16 656
13 17 566
13 18 322
13 19 471
13 20 88
13 21 448
13 22 704
13 23 906
13 24 502
13 25 132
13 26 356
13 27 236
13 28 48
13 29 771
13 30 517
13 31 765
13 32 801
14 15 837
14 16 726
14 17 800
14 18 629
14 19 694
14 20 260
14 21 551
14 22 920
14 23 791
14 24 669
14 25 661
14 26 346
14 27 765
14 28 19
14 29 415
14 30 263
14 31 54
14 32 198
15 16 47
15 17 433
15 18 105
15 19 58
15 20 931
15 21 71
15 22 663
15 23 943
15 24 470
15 25 775
15 26 402
15 27 656
15 28 836
15 29 131
15 30 711
15 31 322
15 32 391
16 17 759
16 18 199
16 19 46
16 20 806
16 21 226
16 22 235
16 23 455
16 24 1013
16 25 1017
16 26 827
16 27 494
16 28 879
16 29 60
16 30 628
16 31 415
16 32 297
17 18 532
17 19 934
17 20 547
17 21 898
17 22 331
17 23 207
17 24 407
17 25 478
17 26 847
17 27 346
17 28 13
17 29 948
17 30 60
17 31 278
17 32 357
18 19 95
18 20 489
18 21 70
18 22 590
18 23 708
18 24 942
18 25 904
18 26 907
18 27 931
18 28 991
18 29 430
18 30 477
18 31 505
18 32 151
19 20 703
19 21 338
19 22 247
19 23 554
19 24 286
19 25 185
19 26 350
19 27 4
19 28 574
19 29 496
19 30 595
19 31 865
19 32 135
20 21 559
20 22 782
20 23 276
20 24 710
20 25 1014
20 26 129
20 27 750
20 28 505
20 29 956
20 30 186
20 31 930
20 32 954
21 22 338
21 23 269
21 24 107
21 25 192
21 26 676
21 27 140
21 28 293
21 29 729
21 30 535
21 31 870
21 32 545
22 23 879
22 24 502
22 25 279
22 26 849
22 27 694
22 28 22
22 29 294
22 30 347
22 31 164
22 32 389
23 24 606
23 25 605
23 26 850
23 27 704
23 28 208
23 29 464
23 30 117
23 31 590
23 32 622
24 25 772
24 26 313
24 27 824
24 28 140
24 29 100
24 30 743
24 31 15
24 32 372
25 26 64
25 27 530
25 28 677
25 29 497
25 30 813
25 31 439
25 32 92
26 27 793
26 28 692
26 29 254
26 30 898
26 31 544
26 32 72
27 28 875
27 29 599
27 30 58
27 31 422
27 32 90
28 29 721
28 30 799
28 31 548
28 32 120
29 30 831
29 31 341
29 32 115
30 31 248
30 32 89
31 32 241
