128
1 2 14825
1 3 10032
1 4 15146
1 5 40
1 6 5545
1 7 12860
1 8 11162
1 9 12709
1 10 6393
1 11 3484
1 12 14606
1 13 1113
1 14 6339
1 15 8398
1 16 9042
1 17 12143
1 18 3831
1 19 10308
1 20 83
1 21 7633
1 22 6618
1 23 14309
1 24 3211
1 25 6302
1 26 5551
1 27 9422
1 28 2163
1 29 77
1 30 10475
1 31 8686
1 32 13959
1 33 12267
1 34 13429
1 35 3984
1 36 10123
1 37 557
1 38 8854
1 39 4211
1 40 5040
1 41 3472
1 42 8335
1 43 7672
1 44 1335
1 45 13269
1 46 8400
1 47 2694
1 48 7165
1 49 6468
1 50 11357
1 51 5727
1 52 6721
1 53 6676
1 54 14642
1 55 2484
1 56 167
1 57 4135
1 58 11964
1 59 2604
1 60 10402
1 61 16081
1 62 5056
1 63 12790
1 64 9311
1 65 15595
1 66 14931
1 67 6718
1 68 12170
1 69 8210
1 70 14483
1 71 616
1 72 3143
1 73 12941
1 74 9606
1 75 2401
1 76 13460
1 77 15064
1 78 16153
1 79 2862
1 80 10079
1 81 4622
1 82 11188
1 83 14261
1 84 4954
1 85 8947
1 86 6348
1 87 14495
1 88 11957
1 89 1836
1 90 8830
1 91 8637
1 92 10083
1 93 14972
1 94 14341
1 95 5282
1 96 9779
1 97 8701
1 98 13029
1 99 14425
1 100 6813
1 101 3169
1 102 10877
1 103 11146
1 104 13579
1 105 1315
1 106 8784
1 107 715
1 108 7147
1 109 9357
1 110 9527
1 111 11420
1 112 769
1 113 438
1 114 10458
1 115 13677
1 116 9004
1 117 13183
1 118 14528
1 119 7893
1 120 11876
1 121 10883
1 122 2992
1 123 10730
1 124 8709
1 125 13636
1 126 13616
1 127 14152
1 128 14507
2 3 6299
2 4 6859
2 5 2880
2 6 52
2 7 316
2 8 12232
2 9 10748
2 10 15791
2 11 841
2 12 7474
2 13 12159
2 14 15951
2 15 4160
2 16 5132
2 17 10030
2 18 10008
2 19 833
2 20 1834
2 21 1670
2 22 14783
2 23 9809
2 24 15754
2 25 4371
2 26 16251
2 27 948
2 28 16110
2 29 4654
2 30 10059
2 31 15878
2 32 14042
2 33 12307
2 34 12974
2 35 952
2 36 1841
2 37 3043
2 38 2749
2 39 3658
2 40 10140
2 41 2041
2 42 1840
2 43 1190
2 44 4807
2 45 7811
2 46 5546
2 47 3945
2 48 13934
2 49 5810
2 50 6333
2 51 6331
2 52 13334
2 53 3405
2 54 595
2 55 14002
2 56 7540
2 57 11429
2 58 1667
2 59 4153
2 60 11771
2 61 14596
2 62 1491
2 63 10131
2 64 7154
2 65 5172
2 66 5408
2 67 12376
2 68 14517
2 69 4254
2 70 8876
2 71 2847
2 72 13380
2 73 12494
2 74 8652
2 75 9263
2 76 660
2 77 8709
2 78 15665
2 79 9045
2 80 7277
2 81 14820
2 82 1308
2 83 11222
2 84 13684
2 85 9771
2 86 6572
2 87 159
2 88 13110
2 89 14436
2 90 9593
2 91 11749
2 92 9154
2 93 2023
2 94 11816
2 95 7836
2 96 13492
2 97 14694
2 98 6309
2 99 6631
2 100 15627
2 101 9180
2 102 10679
2 103 10755
2 104 4642
2 105 9573
2 106 12553
2 107 2490
2 108 5200
2 109 3344
2 110 10672
2 111 15329
2 112 6480
2 113 7026
2 114 4551
2 115 3856
2 116 4680
2 117 10780
2 118 12077
2 119 8950
2 120 7421
2 121 14301
2 122 2007
2 123 12195
2 124 5787
2 125 11143
2 126 4901
2 127 10001
2 128 13140
3 4 1549
3 5 10340
3 6 3951
3 7 1658
3 8 13898
3 9 1604
3 10 9585
3 11 805
3 12 402
3 13 1125
3 14 10479
3 15 5915
3 16 7650
3 17 7845
3 18 12265
3 19 9340
3 20 14283
3 21 11609
3 22 4219
3 23 8963
3 24 8536
3 25 13932
3 26 1783
3 27 14687
3 28 12664
3 29 15606
3 30 8549
3 31 10901
3 32 3892
3 33 12589
3 34 4533
3 35 4919
3 36 13118
3 37 7111
3 38 14584
3 39 10002
3 40 11563
3 41 4151
3 42 967
3 43 14829
3 44 16137
3 45 1437
3 46 5846
3 47 9101
3 48 6611
3 49 13788
3 50 14624
3 51 11003
3 52 3197
3 53 8265
3 54 13818
3 55 2887
3 56 9345
3 57 5238
3 58 4702
3 59 15556
3 60 4475
3 61 3848
3 62 2438
3 63 15863
3 64 767
3 65 12593
3 66 4516
3 67 12975
3 68 6029
3 69 9322
3 70 9585
3 71 14252
3 72 16356
3 73 13278
3 74 8357
3 75 4533
3 76 8069
3 77 8078
3 78 9346
3 79 3968
3 80 1187
3 81 9363
3 82 1789
3 83 1648
3 84 2531
3 85 2139
3 86 367
3 87 8563
3 88 11936
3 89 6336
3 90 9604
3 91 11181
3 92 10595
3 93 3884
3 94 6836
3 95 15879
3 96 1060
3 97 4397
3 98 1703
3 99 3045
3 100 12071
3 101 11588
3 102 2912
3 103 6160
3 104 5937
3 105 610
3 106 11799
3 107 12318
3 108 11788
3 109 3753
3 110 8491
3 111 2904
3 112 9791
3 113 1926
3 114 10866
3 115 15490
3 116 11658
3 117 4131
3 118 1703
3 119 3351
3 120 8507
3 121 4083
3 122 1272
3 123 14162
3 124 7490
3 125 7558
3 126 7419
3 127 11121
3 128 1423
4 5 2020
4 6 2527
4 7 12787
4 8 497
4 9 11188
4 10 8266
4 11 14924
4 12 4216
4 13 2950
4 14 2206
4 15 9174
4 16 345
4 17 13255
4 18 11101
4 19 13708
4 20 9438
4 21 13481
4 22 3771
4 23 11219
4 24 1483
4 25 1745
4 26 10924
4 27 3135
4 28 2902
4 29 12296
4 30 3823
4 31 2629
4 32 8410
4 33 4629
4 34 14879
4 35 7533
4 36 3666
4 37 2704
4 38 9202
4 39 11158
4 40 12529
4 41 7606
4 42 11528
4 43 3237
4 44 15337
4 45 10331
4 46 3583
4 47 9914
4 48 4697
4 49 15617
4 50 2538
4 51 4455
4 52 11225
4 53 8005
4 54 9496
4 55 6985
4 56 6685
4 57 14302
4 58 5957
4 59 13850
4 60 11460
4 61 7825
4 62 14161
4 63 5567
4 64 12952
4 65 6100
4 66 8073
4 67 4787
4 68 7254
4 69 471
4 70 6906
4 71 6997
4 72 2761
4 73 3655
4 74 12252
4 75 8396
4 76 15419
4 77 1873
4 78 6514
4 79 13356
4 80 1986
4 81 8655
4 82 11941
4 83 3522
4 84 1781
4 85 6819
4 86 3897
4 87 6769
4 88 15517
4 89 10691
4 90 11897
4 91 7537
4 92 6140
4 93 8674
4 94 7937
4 95 14247
4 96 4097
4 97 309
4 98 2329
4 99 4168
4 100 13322
4 101 16324
4 102 3213
4 103 7121
4 104 15742
4 105 2827
4 106 3847
4 107 15048
4 108 10868
4 109 277
4 110 14905
4 111 7197
4 112 6814
4 113 13593
4 114 13044
4 115 8269
4 116 16324
4 117 15601
4 118 7218
4 119 11340
4 120 1091
4 121 2268
4 122 14869
4 123 13197
4 124 5931
4 125 9613
4 126 12734
4 127 12742
4 128 4547
5 6 3461
5 7 14246
5 8 15514
5 9 317
5 10 5486
5 11 4023
5 12 13300
5 13 5027
5 14 12496
5 15 14047
5 16 807
5 17 5352
5 18 2425
5 19 3764
5 20 6085
5 21 793
5 22 278
5 23 11197
5 24 8626
5 25 10420
5 26 15119
5 27 8150
5 28 11215
5 29 4553
5 30 7005
5 31 14655
5 32 4469
5 33 14945
5 34 16143
5 35 10577
5 36 11713
5 37 10349
5 38 13853
5 39 14761
5 40 12777
5 41 15785
5 42 883
5 43 6298
5 44 7718
5 45 7213
5 46 2131
5 47 6180
5 48 16068
5 49 16317
5 50 11018
5 51 1565
5 52 8877
5 53 10440
5 54 9290
5 55 4469
5 56 12949
5 57 11599
5 58 16222
5 59 10227
5 60 1099
5 61 12873
5 62 10055
5 63 10124
5 64 10824
5 65 14709
5 66 8433
5 67 10635
5 68 8355
5 69 7945
5 70 11236
5 71 10107
5 72 4412
5 73 8033
5 74 1851
5 75 19
5 76 16322
5 77 11624
5 78 1491
5 79 5088
5 80 12096
5 81 4273
5 82 6584
5 83 8021
5 84 11782
5 85 5392
5 86 5691
5 87 7654
5 88 10792
5 89 2122
5 90 10920
5 91 11547
5 92 5230
5 93 10672
5 94 16204
5 95 12679
5 96 15658
5 97 13149
5 98 3827
5 99 5801
5 100 8073
5 101 6972
5 102 13502
5 103 8979
5 104 2960
5 105 12401
5 106 3855
5 107 6449
5 108 7826
5 109 9348
5 110 2985
5 111 10684
5 112 7618
5 113 15054
5 114 13288
5 115 15853
5 116 3786
5 117 11981
5 118 14620
5 119 3395
5 120 4838
5 121 1813
5 122 4217
5 123 13956
5 124 11419
5 125 6356
5 126 2439
5 127 8919
5 128 13677
6 7 15157
6 8 9488
6 9 9142
6 10 14249
6 11 9955
6 12 4282
6 13 2369
6 14 6767
6 15 9982
6 16 6006
6 17 6890
6 18 876
6 19 14982
6 20 1026
6 21 290
6 22 10514
6 23 6893
6 24 7483
6 25 10028
6 26 5017
6 27 11105
6 28 10804
6 29 15190
6 30 11812
6 31 13797
6 32 13463
6 33 9991
6 34 11184
6 35 11381
6 36 2920
6 37 10904
6 38 1065
6 39 3476
6 40 4716
6 41 5226
6 42 3438
6 43 13328
6 44 8898
6 45 8052
6 46 4496
6 47 2289
6 48 14519
6 49 14885
6 50 3046
6 51 15567
6 52 7222
6 53 3493
6 54 4102
6 55 9552
6 56 11819
6 57 6540
6 58 9073
6 59 14580
6 60 16148
6 61 8780
6 62 13975
6 63 9922
6 64 10160
6 65 3276
6 66 2786
6 67 4383
6 68 14852
6 69 12175
6 70 1620
6 71 1763
6 72 15278
6 73 4906
6 74 2899
6 75 5801
6 76 9791
6 77 14519
6 78 10397
6 79 12522
6 80 4947
6 81 13063
6 82 12466
6 83 766
6 84 9178
6 85 1425
6 86 15687
6 87 6233
6 88 15263
6 89 13626
6 90 10322
6 91 369
6 92 16162
6 93 6853
6 94 15887
6 95 13802
6 96 5861
6 97 14472
6 98 337
6 99 605
6 100 1998
6 101 13450
6 102 2963
6 103 14099
6 104 7745
6 105 2425
6 106 13574
6 107 4419
6 108 1342
6 109 14147
6 110 2769
6 111 8669
6 112 15544
6 113 15587
6 114 3243
6 115 13982
6 116 8316
6 117 13549
6 118 8058
6 119 5531
6 120 7919
6 121 4862
6 122 1848
6 123 1243
6 124 15991
6 125 2713
6 126 11000
6 127 2054
6 128 9230
7 8 8927
7 9 5863
7 10 249
7 11 11139
7 12 15439
7 13 12269
7 14 16077
7 15 6322
7 16 12275
7 17 983
7 18 288
7 19 1688
7 20 4808
7 21 4745
7 22 10937
7 23 4913
7 24 16076
7 25 6899
7 26 221
7 27 1007
7 28 796
7 29 12672
7 30 1821
7 31 15919
7 32 11404
7 33 3452
7 34 5006
7 35 9425
7 36 111
7 37 12826
7 38 426
7 39 15564
7 40 6671
7 41 12923
7 42 9793
7 43 5063
7 44 12140
7 45 11674
7 46 7545
7 47 6089
7 48 1294
7 49 2750
7 50 3348
7 51 13127
7 52 3895
7 53 10734
7 54 8457
7 55 13399
7 56 8168
7 57 4883
7 58 11533
7 59 9258
7 60 11716
7 61 14790
7 62 12977
7 63 222
7 64 5865
7 65 2530
7 66 9644
7 67 8363
7 68 300
7 69 12259
7 70 16026
7 71 1973
7 72 12666
7 73 12107
7 74 2238
7 75 464
7 76 9551
7 77 979
7 78 16276
7 79 5894
7 80 7440
7 81 16218
7 82 11193
7 83 4120
7 84 12711
7 85 12186
7 86 14474
7 87 11628
7 88 12330
7 89 15003
7 90 11783
7 91 4752
7 92 14064
7 93 10132
7 94 15093
7 95 14223
7 96 12998
7 97 12733
7 98 2694
7 99 1357
7 100 11874
7 101 13568
7 102 10624
7 103 13465
7 104 16265
7 105 6610
7 106 4516
7 107 2386
7 108 13830
7 109 10258
7 110 13277
7 111 14554
7 112 6960
7 113 10175
7 114 14960
7 115 10334
7 116 15079
7 117 13944
7 118 10298
7 119 15113
7 120 4824
7 121 12613
7 122 12743
7 123 10717
7 124 14875
7 125 15701
7 126 7661
7 127 16310
7 128 14236
8 9 14623
8 10 5825
8 11 10636
8 12 7890
8 13 6407
8 14 11640
8 15 4934
8 16 10427
8 17 7753
8 18 5047
8 19 10399
8 20 13922
8 21 16255
8 22 5810
8 23 305
8 24 12872
8 25 12722
8 26 3018
8 27 1623
8 28 3604
8 29 6598
8 30 13726
8 31 1865
8 32 963
8 33 657
8 34 13765
8 35 8548
8 36 6244
8 37 10909
8 38 1238
8 39 8268
8 40 10642
8 41 5279
8 42 11836
8 43 15990
8 44 9235
8 45 7807
8 46 8594
8 47 14061
8 48 15768
8 49 2634
8 50 5832
8 51 8701
8 52 6658
8 53 1825
8 54 220
8 55 8028
8 56 4504
8 57 14975
8 58 13757
8 59 5608
8 60 2781
8 61 9046
8 62 11145
8 63 7716
8 64 4684
8 65 2866
8 66 3323
8 67 6237
8 68 96
8 69 1180
8 70 10301
8 71 9136
8 72 11135
8 73 10590
8 74 4919
8 75 15018
8 76 644
8 77 5027
8 78 3682
8 79 6166
8 80 2823
8 81 13540
8 82 7373
8 83 14537
8 84 12402
8 85 4803
8 86 2907
8 87 5352
8 88 9066
8 89 851
8 90 9296
8 91 12679
8 92 1525
8 93 13787
8 94 12447
8 95 7300
8 96 12740
8 97 1569
8 98 15027
8 99 3525
8 100 14638
8 101 6360
8 102 10710
8 103 12628
8 104 3956
8 105 434
8 106 15253
8 107 7680
8 108 2203
8 109 6398
8 110 7509
8 111 2819
8 112 631
8 113 3769
8 114 15536
8 115 16185
8 116 12648
8 117 8435
8 118 7852
8 119 10738
8 120 1239
8 121 15501
8 122 3041
8 123 15888
8 124 5653
8 125 11552
8 126 12650
8 127 7062
8 128 362
9 10 2871
9 11 8776
9 12 3107
9 13 15431
9 14 10272
9 15 10988
9 16 11845
9 17 1772
9 18 12363
9 19 2524
9 20 7704
9 21 9387
9 22 13559
9 23 16160
9 24 14061
9 25 6621
9 26 1178
9 27 11547
9 28 14915
9 29 14725
9 30 12266
9 31 14116
9 32 11997
9 33 10080
9 34 7391
9 35 1823
9 36 3572
9 37 6904
9 38 666
9 39 12373
9 40 3467
9 41 4195
9 42 2531
9 43 11842
9 44 14911
9 45 13109
9 46 13753
9 47 6140
9 48 3282
9 49 1471
9 50 12210
9 51 4886
9 52 15213
9 53 10142
9 54 4418
9 55 16152
9 56 2171
9 57 12620
9 58 13555
9 59 988
9 60 12117
9 61 4656
9 62 12281
9 63 12390
9 64 4543
9 65 7123
9 66 6816
9 67 11472
9 68 6165
9 69 5277
9 70 8189
9 71 12679
9 72 13351
9 73 10258
9 74 3290
9 75 1583
9 76 7950
9 77 6857
9 78 10445
9 79 4737
9 80 16169
9 81 10219
9 82 4908
9 83 13342
9 84 6465
9 85 6549
9 86 4161
9 87 6344
9 88 2288
9 89 1610
9 90 185
9 91 4661
9 92 7545
9 93 7275
9 94 316
9 95 14025
9 96 6082
9 97 5872
9 98 15802
9 99 7091
9 100 1320
9 101 15245
9 102 7699
9 103 684
9 104 1616
9 105 9920
9 106 5698
9 107 15591
9 108 14240
9 109 11074
9 110 13872
9 111 13200
9 112 9959
9 113 14137
9 114 12868
9 115 11835
9 116 9423
9 117 8282
9 118 15389
9 119 14243
9 120 13219
9 121 12783
9 122 5492
9 123 16272
9 124 7880
9 125 14446
9 126 4415
9 127 508
9 128 5261
10 11 392
10 12 3309
10 13 2906
10 14 10176
10 15 5777
10 16 13638
10 17 13782
10 18 10969
10 19 5541
10 20 15452
10 21 6630
10 22 6363
10 23 3445
10 24 7288
10 25 8466
10 26 7976
10 27 4881
10 28 1638
10 29 8188
10 30 4948
10 31 7896
10 32 3683
10 33 6433
10 34 6148
10 35 15972
10 36 13927
10 37 14535
10 38 9493
10 39 13414
10 40 14952
10 41 12188
10 42 3095
10 43 2282
10 44 1729
10 45 13045
10 46 1926
10 47 7994
10 48 8221
10 49 10252
10 50 11619
10 51 7598
10 52 5646
10 53 625
10 54 6318
10 55 11114
10 56 8801
10 57 15926
10 58 11040
10 59 9785
10 60 12478
10 61 12212
10 62 2386
10 63 7897
10 64 470
10 65 10141
10 66 324
10 67 304
10 68 2926
10 69 14664
10 70 9561
10 71 2298
10 72 13326
10 73 230
10 74 10623
10 75 14265
10 76 9768
10 77 9627
10 78 13315
10 79 2757
10 80 1755
10 81 13889
10 82 16195
10 83 10112
10 84 1127
10 85 7795
10 86 15227
10 87 12940
10 88 10470
10 89 2180
10 90 220
10 91 13701
10 92 3787
10 93 16204
10 94 8581
10 95 11635
10 96 14083
10 97 15020
10 98 10914
10 99 5000
10 100 9729
10 101 3313
10 102 12538
10 103 8710
10 104 117
10 105 8941
10 106 6580
10 107 12205
10 108 8886
10 109 13661
10 110 14455
10 111 14734
10 112 11117
10 113 9041
10 114 2987
10 115 3781
10 116 14798
10 117 8957
10 118 4200
10 119 329
10 120 6652
10 121 296
10 122 14249
10 123 10619
10 124 15452
10 125 3841
10 126 5981
10 127 2214
10 128 970
11 12 5481
11 13 12588
11 14 5339
11 15 7203
11 16 254
11 17 848
11 18 4832
11 19 4268
11 20 5671
11 21 15833
11 22 177
11 23 89
11 24 7714
11 25 15579
11 26 15020
11 27 465
11 28 15479
11 29 1891
11 30 13313
11 31 7680
11 32 5894
11 33 8404
11 34 8393
11 35 1655
11 36 9689
11 37 12787
11 38 3437
11 39 3517
11 40 15219
11 41 8906
11 42 8040
11 43 14420
11 44 5572
11 45 4513
11 46 13891
11 47 8368
11 48 13967
11 49 10281
11 50 1959
11 51 14669
11 52 8472
11 53 2351
11 54 15247
11 55 10994
11 56 15882
11 57 6329
11 58 7456
11 59 14075
11 60 10119
11 61 11126
11 62 8069
11 63 8398
11 64 13135
11 65 949
11 66 3799
11 67 14590
11 68 10719
11 69 5704
11 70 4022
11 71 4554
11 72 14800
11 73 5806
11 74 8485
11 75 6960
11 76 13429
11 77 4318
11 78 13794
11 79 9046
11 80 12467
11 81 2452
11 82 11491
11 83 4452
11 84 1164
11 85 12909
11 86 16188
11 87 195
11 88 1915
11 89 5606
11 90 12743
11 91 3628
11 92 11478
11 93 11716
11 94 470
11 95 2243
11 96 14969
11 97 11578
11 98 8961
11 99 15040
11 100 4229
11 101 8192
11 102 13517
11 103 13200
11 104 14471
11 105 510
11 106 5702
11 107 15748
11 108 12674
11 109 16330
11 110 3808
11 111 15046
11 112 11637
11 113 16306
11 114 8371
11 115 12312
11 116 5805
11 117 15342
11 118 10305
11 119 16264
11 120 7304
11 121 13405
11 122 3262
11 123 4315
11 124 5518
11 125 1692
11 126 12553
11 127 13588
11 128 12816
12 13 3693
12 14 11491
12 15 6808
12 16 8353
12 17 7753
12 18 715
12 19 15171
12 20 13487
12 21 9836
12 22 1751
12 23 11260
12 24 5618
12 25 6934
12 26 16253
12 27 2707
12 28 7791
12 29 1602
12 30 10743
12 31 5119
12 32 2308
12 33 239
12 34 12381
12 35 4028
12 36 2377
12 37 16352
12 38 13060
12 39 10732
12 40 14734
12 41 3009
12 42 7799
12 43 1924
12 44 8483
12 45 15569
12 46 596
12 47 788
12 48 4500
12 49 6110
12 50 2052
12 51 11847
12 52 7971
12 53 13890
12 54 13636
12 55 10068
12 56 1191
12 57 3692
12 58 3326
12 59 4173
12 60 476
12 61 10407
12 62 9350
12 63 4531
12 64 14724
12 65 12542
12 66 14623
12 67 11256
12 68 5978
12 69 6457
12 70 4229
12 71 13988
12 72 2702
12 73 10435
12 74 9957
12 75 6813
12 76 3244
12 77 6572
12 78 8542
12 79 3798
12 80 12009
12 81 592
12 82 16316
12 83 8542
12 84 1692
12 85 1025
12 86 11176
12 87 16037
12 88 5934
12 89 11559
12 90 1789
12 91 15295
12 92 7540
12 93 2388
12 94 4144
12 95 16112
12 96 11104
12 97 9260
12 98 14965
12 99 4119
12 100 10817
12 101 3304
12 102 3793
12 103 3061
12 104 15366
12 105 13586
12 106 15963
12 107 11260
12 108 5139
12 109 5529
12 110 5950
12 111 9092
12 112 5307
12 113 14311
12 114 10671
12 115 2164
12 116 12295
12 117 53
12 118 1344
12 119 1340
12 120 4194
12 121 5955
12 122 13154
12 123 7534
12 124 5972
12 125 15263
12 126 15680
12 127 8329
12 128 7644
13 14 14420
13 15 6287
13 16 11702
13 17 13641
13 18 5281
13 19 2942
13 20 13266
13 21 2933
13 22 12396
13 23 15163
13 24 10281
13 25 15302
13 26 4241
13 27 1401
13 28 13073
13 29 11017
13 30 12774
13 31 7976
13 32 2408
13 33 11051
13 34 3280
13 35 13811
13 36 6183
13 37 10484
13 38 11727
13 39 274
13 40 12711
13 41 6456
13 42 2927
13 43 15886
13 44 1683
13 45 13404
13 46 5560
13 47 576
13 48 14551
13 49 7735
13 50 16077
13 51 2057
13 52 3580
13 53 1334
13 54 8754
13 55 9858
13 56 13950
13 57 667
13 58 12033
13 59 9459
13 60 9094
13 61 4508
13 62 5277
13 63 1643
13 64 6631
13 65 12670
13 66 6494
13 67 2979
13 68 13707
13 69 4180
13 70 12299
13 71 12270
13 72 15951
13 73 15443
13 74 12168
13 75 6920
13 76 15950
13 77 506
13 78 11104
13 79 5469
13 80 3522
13 81 9585
13 82 722
13 83 11280
13 84 2556
13 85 1956
13 86 16263
13 87 4947
13 88 4635
13 89 1720
13 90 4214
13 91 6470
13 92 15567
13 93 2925
13 94 12016
13 95 7185
13 96 5076
13 97 9961
13 98 1431
13 99 10778
13 100 8829
13 101 15337
13 102 5692
13 103 8160
13 104 5686
13 105 16055
13 106 5079
13 107 1116
13 108 388
13 109 11997
13 110 4085
13 111 15475
13 112 861
13 113 6220
13 114 1984
13 115 13910
13 116 3671
13 117 5121
13 118 5304
13 119 15648
13 120 2100
13 121 12004
13 122 11717
13 123 10669
13 124 16377
13 125 1628
13 126 15071
13 127 2236
13 128 15529
14 15 10072
14 16 5381
14 17 5231
14 18 3181
14 19 5305
14 20 13898
14 21 11356
14 22 13118
14 23 9748
14 24 11841
14 25 11642
14 26 15364
14 27 8320
14 28 5872
14 29 9566
14 30 14509
14 31 15560
14 32 12248
14 33 2782
14 34 6270
14 35 3342
14 36 8231
14 37 8416
14 38 5368
14 39 7511
14 40 8344
14 41 8541
14 42 1431
14 43 1976
14 44 2564
14 45 16340
14 46 12371
14 47 15731
14 48 11922
14 49 5654
14 50 4299
14 51 5226
14 52 9619
14 53 13923
14 54 1766
14 55 5183
14 56 12294
14 57 11831
14 58 15300
14 59 4032
14 60 6213
14 61 2444
14 62 12358
14 63 11801
14 64 3230
14 65 3328
14 66 3027
14 67 10908
14 68 6765
14 69 1456
14 70 15612
14 71 4107
14 72 2630
14 73 13207
14 74 5136
14 75 7891
14 76 7036
14 77 8206
14 78 6722
14 79 714
14 80 11097
14 81 14787
14 82 12767
14 83 3637
14 84 9780
14 85 5848
14 86 10133
14 87 14767
14 88 9189
14 89 3702
14 90 2532
14 91 6745
14 92 15616
14 93 15694
14 94 9900
14 95 10494
14 96 16195
14 97 14481
14 98 15162
14 99 8517
14 100 4381
14 101 8723
14 102 4711
14 103 9509
14 104 5546
14 105 4544
14 106 2583
14 107 4753
14 108 5816
14 109 3413
14 110 152
14 111 7167
14 112 369
14 113 6738
14 114 3851
14 115 12860
14 116 13557
14 117 1875
14 118 9339
14 119 8964
14 120 4411
14 121 11466
14 122 13868
14 123 757
14 124 12182
14 125 2321
14 126 4734
14 127 14433
14 128 8397
15 16 14764
15 17 2591
15 18 12649
15 19 513
15 20 11785
15 21 159
15 22 2147
15 23 10864
15 24 16066
15 25 4862
15 26 4607
15 27 589
15 28 5831
15 29 9820
15 30 5455
15 31 6261
15 32 1880
15 33 8924
15 34 6440
15 35 5522
15 36 9892
15 37 14264
15 38 7816
15 39 12254
15 40 1525
15 41 5931
15 42 4921
15 43 14089
15 44 5570
15 45 6794
15 46 16203
15 47 7502
15 48 14222
15 49 13975
15 50 2303
15 51 13186
15 52 1563
15 53 6542
15 54 12561
15 55 2489
15 56 14733
15 57 11481
15 58 4821
15 59 12567
15 60 8741
15 61 11641
15 62 1210
15 63 12232
15 64 9164
15 65 8394
15 66 3150
15 67 7386
15 68 14987
15 69 8500
15 70 12013
15 71 1489
15 72 13517
15 73 9754
15 74 11858
15 75 6801
15 76 12493
15 77 6685
15 78 8336
15 79 4463
15 80 3889
15 81 7865
15 82 9987
15 83 14692
15 84 4638
15 85 4824
15 86 5402
15 87 3879
15 88 12291
15 89 8969
15 90 11063
15 91 3074
15 92 14377
15 93 13271
15 94 11950
15 95 4370
15 96 13141
15 97 659
15 98 9200
15 99 9361
15 100 11379
15 101 13623
15 102 3039
15 103 5293
15 104 8771
15 105 10190
15 106 12915
15 107 1604
15 108 10253
15 109 15008
15 110 989
15 111 13877
15 112 10975
15 113 9011
15 114 16277
15 115 16097
15 116 9356
15 117 10969
15 118 6227
15 119 15445
15 120 3326
15 121 5447
15 122 4772
15 123 14365
15 124 4252
15 125 14085
15 126 11872
15 127 14190
15 128 1593
16 17 9481
16 18 10224
16 19 7563
16 20 9218
16 21 1530
16 22 14820
16 23 2867
16 24 1883
16 25 9680
16 26 12039
16 27 2972
16 28 15746
16 29 2442
16 30 14250
16 31 8431
16 32 10421
16 33 9712
16 34 216
16 35 3700
16 36 12568
16 37 14420
16 38 14714
16 39 14595
16 40 7976
16 41 15778
16 42 15583
16 43 1099
16 44 3630
16 45 14015
16 46 6645
16 47 2187
16 48 2517
16 49 10372
16 50 12910
16 51 12995
16 52 15603
16 53 5711
16 54 2187
16 55 15165
16 56 14951
16 57 16254
16 58 1191
16 59 6987
16 60 3575
16 61 10748
16 62 5609
16 63 6899
16 64 14985
16 65 15053
16 66 5705
16 67 16155
16 68 1614
16 69 6554
16 70 2936
16 71 3259
16 72 12522
16 73 13380
16 74 7681
16 75 12689
16 76 8996
16 77 13125
16 78 7962
16 79 698
16 80 1414
16 81 9282
16 82 5223
16 83 2590
16 84 1810
16 85 16352
16 86 13549
16 87 8166
16 88 7892
16 89 12785
16 90 10514
16 91 11462
16 92 15017
16 93 1242
16 94 10836
16 95 6445
16 96 12607
16 97 5435
16 98 1608
16 99 3848
16 100 1053
16 101 7291
16 102 5458
16 103 4397
16 104 15614
16 105 10619
16 106 13764
16 107 9985
16 108 11710
16 109 7714
16 110 7241
16 111 7849
16 112 9858
16 113 1327
16 114 9766
16 115 2294
16 116 8656
16 117 9008
16 118 7223
16 119 387
16 120 1601
16 121 4293
16 122 13847
16 123 90
16 124 3350
16 125 1979
16 126 9305
16 127 2307
16 128 6213
17 18 11740
17 19 3422
17 20 9251
17 21 692
17 22 10413
17 23 16218
17 24 6985
17 25 41
17 26 16115
17 27 4180
17 28 3216
17 29 276
17 30 12643
17 31 12030
17 32 9242
17 33 9655
17 34 6535
17 35 14918
17 36 10547
17 37 189
17 38 8969
17 39 15295
17 40 7833
17 41 7716
17 42 6168
17 43 12499
17 44 8056
17 45 5259
17 46 12794
17 47 1339
17 48 10195
17 49 2970
17 50 7814
17 51 6103
17 52 15833
17 53 13699
17 54 16025
17 55 2974
17 56 15121
17 57 9796
17 58 10941
17 59 7874
17 60 16290
17 61 13031
17 62 11310
17 63 3488
17 64 11101
17 65 5645
17 66 6791
17 67 15236
17 68 8216
17 69 1511
17 70 13324
17 71 874
17 72 15981
17 73 14100
17 74 14702
17 75 14602
17 76 8210
17 77 9098
17 78 9097
17 79 9275
17 80 12377
17 81 2838
17 82 14689
17 83 830
17 84 79
17 85 5117
17 86 8759
17 87 306
17 88 6783
17 89 14127
17 90 909
17 91 7412
17 92 6891
17 93 15074
17 94 12162
17 95 3990
17 96 8035
17 97 3776
17 98 2989
17 99 12093
17 100 2125
17 101 5064
17 102 11289
17 103 1673
17 104 4274
17 105 12454
17 106 8974
17 107 14340
17 108 3727
17 109 13921
17 110 10401
17 111 12240
17 112 6134
17 113 2162
17 114 14818
17 115 10627
17 116 14523
17 117 11179
17 118 14913
17 119 9007
17 120 5968
17 121 15811
17 122 5825
17 123 6194
17 124 15459
17 125 13947
17 126 14625
17 127 6172
17 128 1756
18 19 4659
18 20 6905
18 21 3887
18 22 1307
18 23 1443
18 24 14132
18 25 13834
18 26 14752
18 27 1403
18 28 14527
18 29 879
18 30 13748
18 31 2549
18 32 5005
18 33 12906
18 34 908
18 35 8999
18 36 9833
18 37 12514
18 38 8357
18 39 14210
18 40 7180
18 41 2190
18 42 13685
18 43 12292
18 44 2288
18 45 13167
18 46 7449
18 47 857
18 48 13439
18 49 654
18 50 5826
18 51 13031
18 52 15500
18 53 3084
18 54 3763
18 55 2462
18 56 12027
18 57 12807
18 58 10966
18 59 7209
18 60 9106
18 61 392
18 62 3846
18 63 3638
18 64 4843
18 65 4707
18 66 14123
18 67 12006
18 68 8440
18 69 6762
18 70 12508
18 71 7389
18 72 3414
18 73 15237
18 74 897
18 75 3128
18 76 204
18 77 6848
18 78 1936
18 79 12049
18 80 438
18 81 6706
18 82 5592
18 83 9140
18 84 14111
18 85 12110
18 86 6564
18 87 3860
18 88 11500
18 89 14700
18 90 12834
18 91 9702
18 92 8157
18 93 4833
18 94 7522
18 95 12533
18 96 13078
18 97 15180
18 98 4518
18 99 13654
18 100 2572
18 101 7626
18 102 6214
18 103 2576
18 104 2413
18 105 5015
18 106 6071
18 107 6232
18 108 12975
18 109 14487
18 110 10337
18 111 6735
18 112 8969
18 113 5076
18 114 3645
18 115 5144
18 116 3642
18 117 2619
18 118 13998
18 119 6137
18 120 9466
18 121 4550
18 122 3414
18 123 4262
18 124 8603
18 125 12507
18 126 13984
18 127 15171
18 128 1179
19 20 4355
19 21 7404
19 22 3755
19 23 6208
19 24 10530
19 25 7178
19 26 3816
19 27 13627
19 28 4955
19 29 7
19 30 13461
19 31 2762
19 32 13603
19 33 1367
19 34 11811
19 35 7095
19 36 15138
19 37 4185
19 38 2264
19 39 12284
19 40 4452
19 41 8187
19 42 15079
19 43 4734
19 44 9964
19 45 4217
19 46 3421
19 47 665
19 48 3286
19 49 4420
19 50 3266
19 51 1747
19 52 14964
19 53 9135
19 54 15066
19 55 11667
19 56 10702
19 57 15653
19 58 8773
19 59 110
19 60 11902
19 61 10156
19 62 5794
19 63 2736
19 64 11775
19 65 3343
19 66 10813
19 67 15104
19 68 15522
19 69 11246
19 70 2807
19 71 11032
19 72 13049
19 73 12920
19 74 7094
19 75 4164
19 76 11614
19 77 633
19 78 3718
19 79 3824
19 80 9110
19 81 2811
19 82 6429
19 83 9804
19 84 2202
19 85 12006
19 86 11376
19 87 7844
19 88 2899
19 89 7624
19 90 7217
19 91 441
19 92 3656
19 93 8895
19 94 8944
19 95 5628
19 96 14073
19 97 10649
19 98 333
19 99 16093
19 100 10932
19 101 6866
19 102 5768
19 103 14002
19 104 3985
19 105 15491
19 106 15808
19 107 8384
19 108 12360
19 109 6486
19 110 5777
19 111 13232
19 112 10329
19 113 3417
19 114 170
19 115 2100
19 116 8662
19 117 10163
19 118 14799
19 119 15960
19 120 16060
19 121 13421
19 122 5182
19 123 7891
19 124 6499
19 125 9648
19 126 11029
19 127 16360
19 128 7709
20 21 12362
20 22 4339
20 23 15617
20 24 8135
20 25 15110
20 26 1898
20 27 12542
20 28 6890
20 29 2239
20 30 13069
20 31 7788
20 32 14178
20 33 14253
20 34 2731
20 35 3949
20 36 10902
20 37 1781
20 38 7475
20 39 7442
20 40 16175
20 41 14654
20 42 12887
20 43 1358
20 44 13876
20 45 3811
20 46 5935
20 47 8697
20 48 4157
20 49 595
20 50 14651
20 51 9078
20 52 15476
20 53 10925
20 54 15214
20 55 448
20 56 12755
20 57 4845
20 58 4522
20 59 14037
20 60 10683
20 61 1500
20 62 5817
20 63 10295
20 64 7972
20 65 11156
20 66 6482
20 67 13924
20 68 6834
20 69 2660
20 70 3176
20 71 12819
20 72 12306
20 73 10720
20 74 4648
20 75 13887
20 76 14797
20 77 6662
20 78 14829
20 79 4141
20 80 15470
20 81 14388
20 82 12477
20 83 11499
20 84 13206
20 85 3767
20 86 15086
20 87 842
20 88 3080
20 89 5173
20 90 16370
20 91 5809
20 92 6153
20 93 10434
20 94 11448
20 95 6055
20 96 15841
20 97 8743
20 98 1863
20 99 10597
20 100 15579
20 101 16180
20 102 1754
20 103 3251
20 104 3709
20 105 14869
20 106 8490
20 107 14571
20 108 16132
20 109 13231
20 110 547
20 111 15092
20 112 7908
20 113 8507
20 114 13235
20 115 8680
20 116 13965
20 117 1166
20 118 10219
20 119 8519
20 120 14159
20 121 8789
20 122 7464
20 123 12902
20 124 10115
20 125 3250
20 126 8868
20 127 2862
20 128 15317
21 22 4022
21 23 2106
21 24 6345
21 25 8403
21 26 14662
21 27 15454
21 28 12275
21 29 753
21 30 4138
21 31 9636
21 32 5467
21 33 12888
21 34 6011
21 35 13812
21 36 11868
21 37 38
21 38 1970
21 39 634
21 40 13337
21 41 15264
21 42 15191
21 43 1368
21 44 10277
21 45 11601
21 46 15800
21 47 1287
21 48 594
21 49 11882
21 50 7069
21 51 5372
21 52 12688
21 53 13879
21 54 8822
21 55 11006
21 56 4175
21 57 3262
21 58 14015
21 59 377
21 60 10643
21 61 6435
21 62 11436
21 63 1782
21 64 14844
21 65 11365
21 66 10170
21 67 2748
21 68 11918
21 69 1540
21 70 6122
21 71 6684
21 72 4846
21 73 12262
21 74 1808
21 75 3249
21 76 8271
21 77 8143
21 78 2899
21 79 3392
21 80 4564
21 81 10519
21 82 5909
21 83 4266
21 84 7211
21 85 13586
21 86 6411
21 87 4207
21 88 679
21 89 9047
21 90 10061
21 91 11851
21 92 6248
21 93 5687
21 94 3273
21 95 2732
21 96 576
21 97 4941
21 98 938
21 99 4894
21 100 10311
21 101 1829
21 102 5505
21 103 12605
21 104 15200
21 105 9668
21 106 9979
21 107 3575
21 108 11469
21 109 11477
21 110 9719
21 111 12049
21 112 13444
21 113 5897
21 114 13017
21 115 11502
21 116 15976
21 117 9628
21 118 14716
21 119 8206
21 120 11454
21 121 13411
21 122 9803
21 123 14757
21 124 8080
21 125 4530
21 126 9511
21 127 14106
21 128 8479
22 23 8326
22 24 15954
22 25 1702
22 26 5956
22 27 4248
22 28 3353
22 29 10551
22 30 8102
22 31 9132
22 32 7226
22 33 3376
22 34 14521
22 35 1492
22 36 541
22 37 4532
22 38 14908
22 39 6179
22 40 1172
22 41 1012
22 42 7472
22 43 10458
22 44 7313
22 45 15857
22 46 14184
22 47 5784
22 48 7735
22 49 12200
22 50 929
22 51 5936
22 52 15155
22 53 15878
22 54 9132
22 55 3850
22 56 6188
22 57 6310
22 58 7725
22 59 3130
22 60 8063
22 61 16074
22 62 197
22 63 8683
22 64 9405
22 65 15125
22 66 7458
22 67 10462
22 68 2037
22 69 10283
22 70 3747
22 71 5191
22 72 8260
22 73 6970
22 74 16002
22 75 15726
22 76 2442
22 77 1032
22 78 5785
22 79 3132
22 80 15162
22 81 10578
22 82 5423
22 83 14462
22 84 2344
22 85 3131
22 86 3221
22 87 260
22 88 12767
22 89 8998
22 90 2627
22 91 14794
22 92 10417
22 93 4051
22 94 11071
22 95 477
22 96 2599
22 97 3661
22 98 5240
22 99 14760
22 100 3580
22 101 10650
22 102 7417
22 103 1915
22 104 13540
22 105 12975
22 106 15616
22 107 790
22 108 11848
22 109 476
22 110 13364
22 111 2554
22 112 9488
22 113 15780
22 114 3680
22 115 734
22 116 4928
22 117 1848
22 118 2138
22 119 11336
22 120 3869
22 121 9350
22 122 12716
22 123 13666
22 124 4966
22 125 6192
22 126 12463
22 127 12720
22 128 6623
23 24 7932
23 25 3611
23 26 12334
23 27 2853
23 28 1369
23 29 6363
23 30 866
23 31 14000
23 32 5577
23 33 13801
23 34 12840
23 35 6608
23 36 9136
23 37 5747
23 38 11581
23 39 171
23 40 1700
23 41 3550
23 42 8819
23 43 15997
23 44 3738
23 45 12160
23 46 10875
23 47 13071
23 48 5206
23 49 9651
23 50 16097
23 51 4177
23 52 10172
23 53 5353
23 54 8853
23 55 10448
23 56 2393
23 57 7185
23 58 10885
23 59 3373
23 60 7444
23 61 6812
23 62 5476
23 63 1479
23 64 4619
23 65 6968
23 66 13249
23 67 543
23 68 8695
23 69 12078
23 70 681
23 71 8020
23 72 716
23 73 12542
23 74 7150
23 75 9083
23 76 4750
23 77 10768
23 78 549
23 79 15825
23 80 14448
23 81 13119
23 82 2588
23 83 7265
23 84 13451
23 85 7713
23 86 12790
23 87 6108
23 88 16358
23 89 14236
23 90 2278
23 91 16174
23 92 7598
23 93 884
23 94 4945
23 95 5068
23 96 7551
23 97 12216
23 98 994
23 99 10172
23 100 8222
23 101 5788
23 102 7642
23 103 11088
23 104 13024
23 105 12297
23 106 6182
23 107 11052
23 108 8195
23 109 7195
23 110 11018
23 111 13812
23 112 11782
23 113 16381
23 114 5476
23 115 11861
23 116 15428
23 117 11013
23 118 3776
23 119 11011
23 120 7007
23 121 14936
23 122 10155
23 123 9040
23 124 10934
23 125 13347
23 126 14726
23 127 189
23 128 14261
24 25 7256
24 26 15310
24 27 8031
24 28 10666
24 29 15117
24 30 16178
24 31 8098
24 32 893
24 33 9206
24 34 5658
24 35 7463
24 36 8369
24 37 6517
24 38 10094
24 39 2578
24 40 9564
24 41 15304
24 42 1094
24 43 11553
24 44 2241
24 45 8204
24 46 6520
24 47 6059
24 48 357
24 49 1909
24 50 14812
24 51 5275
24 52 4350
24 53 9548
24 54 3421
24 55 3981
24 56 8144
24 57 3666
24 58 6214
24 59 6624
24 60 4491
24 61 6776
24 62 7043
24 63 15491
24 64 9474
24 65 3274
24 66 1556
24 67 12665
24 68 12096
24 69 14712
24 70 2414
24 71 13858
24 72 2060
24 73 13259
24 74 14112
24 75 15600
24 76 5740
24 77 13116
24 78 643
24 79 9514
24 80 14732
24 81 361
24 82 9422
24 83 15442
24 84 1680
24 85 10840
24 86 6950
24 87 15161
24 88 5586
24 89 12101
24 90 14790
24 91 363
24 92 14114
24 93 13280
24 94 5915
24 95 1103
24 96 14042
24 97 14505
24 98 12027
24 99 6788
24 100 2517
24 101 12526
24 102 14659
24 103 14253
24 104 8128
24 105 2393
24 106 15934
24 107 4898
24 108 15222
24 109 2603
24 110 2308
24 111 2267
24 112 15177
24 113 12572
24 114 7161
24 115 12322
24 116 1286
24 117 9642
24 118 6745
24 119 4016
24 120 12991
24 121 4228
24 122 2726
24 123 14731
24 124 9643
24 125 8425
24 126 2361
24 127 3264
24 128 10813
25 26 16032
25 27 1181
25 28 8637
25 29 13852
25 30 3798
25 31 2702
25 32 14989
25 33 9390
25 34 11949
25 35 5914
25 36 14312
25 37 13994
25 38 10041
25 39 6086
25 40 12375
25 41 9127
25 42 7464
25 43 11513
25 44 15646
25 45 4328
25 46 2118
25 47 6007
25 48 11748
25 49 2278
25 50 145
25 51 1964
25 52 14653
25 53 15250
25 54 10668
25 55 5851
25 56 1811
25 57 3003
25 58 3679
25 59 3430
25 60 871
25 61 11217
25 62 14534
25 63 1535
25 64 750
25 65 303
25 66 6901
25 67 11114
25 68 5137
25 69 6568
25 70 2250
25 71 12749
25 72 14990
25 73 6423
25 74 15137
25 75 9401
25 76 3413
25 77 9400
25 78 1838
25 79 845
25 80 9488
25 81 13494
25 82 9165
25 83 5341
25 84 5490
25 85 14826
25 86 13078
25 87 14534
25 88 7057
25 89 4076
25 90 3498
25 91 149
25 92 6189
25 93 3300
25 94 2699
25 95 11084
25 96 16265
25 97 6865
25 98 6122
25 99 12709
25 100 6794
25 101 11530
25 102 2192
25 103 14079
25 104 7478
25 105 14767
25 106 5363
25 107 1059
25 108 13515
25 109 9989
25 110 13045
25 111 9511
25 112 9703
25 113 2047
25 114 6544
25 115 4657
25 116 1135
25 117 4076
25 118 11927
25 119 5394
25 120 10080
25 121 135
25 122 5907
25 123 12166
25 124 2053
25 125 5095
25 126 16071
25 127 2636
25 128 15269
26 27 13770
26 28 12403
26 29 7090
26 30 7269
26 31 15901
26 32 4060
26 33 1286
26 34 12166
26 35 9742
26 36 5639
26 37 10373
26 38 7871
26 39 13348
26 40 4553
26 41 13628
26 42 429
26 43 15469
26 44 3866
26 45 3023
26 46 13061
26 47 12376
26 48 6868
26 49 2170
26 50 11283
26 51 3022
26 52 2248
26 53 14140
26 54 12507
26 55 4721
26 56 3251
26 57 6555
26 58 5708
26 59 1414
26 60 1534
26 61 2964
26 62 5928
26 63 3434
26 64 4650
26 65 5055
26 66 13549
26 67 1183
26 68 1899
26 69 4209
26 70 12328
26 71 14554
26 72 15180
26 73 4481
26 74 1481
26 75 13441
26 76 2872
26 77 5659
26 78 10542
26 79 1537
26 80 7695
26 81 6558
26 82 12509
26 83 7428
26 84 12196
26 85 10609
26 86 6376
26 87 16234
26 88 5873
26 89 5402
26 90 10600
26 91 87
26 92 15917
26 93 752
26 94 1814
26 95 9429
26 96 92
26 97 9713
26 98 14350
26 99 4323
26 100 3594
26 101 11579
26 102 15100
26 103 16197
26 104 12345
26 105 1784
26 106 15427
26 107 13323
26 108 15077
26 109 14513
26 110 9308
26 111 12732
26 112 8470
26 113 11907
26 114 14903
26 115 5502
26 116 922
26 117 6503
26 118 8846
26 119 13973
26 120 2944
26 121 12550
26 122 8778
26 123 1222
26 124 12527
26 125 2028
26 126 5728
26 127 14344
26 128 4484
27 28 14102
27 29 9160
27 30 7024
27 31 11633
27 32 8948
27 33 12160
27 34 13365
27 35 4466
27 36 5835
27 37 13428
27 38 9482
27 39 4553
27 40 8651
27 41 5649
27 42 14173
27 43 7102
27 44 15368
27 45 11070
27 46 4750
27 47 10475
27 48 5559
27 49 12383
27 50 6150
27 51 11007
27 52 5444
27 53 11057
27 54 10052
27 55 4590
27 56 3753
27 57 413
27 58 12129
27 59 16018
27 60 2409
27 61 2632
27 62 14140
27 63 14964
27 64 8946
27 65 14611
27 66 12797
27 67 2011
27 68 672
27 69 236
27 70 8215
27 71 3619
27 72 9486
27 73 15276
27 74 3237
27 75 2075
27 76 9040
27 77 5912
27 78 10265
27 79 900
27 80 2468
27 81 3930
27 82 7881
27 83 2345
27 84 9197
27 85 11375
27 86 10435
27 87 922
27 88 1009
27 89 1208
27 90 1145
27 91 3913
27 92 7305
27 93 4525
27 94 3070
27 95 13465
27 96 9953
27 97 5233
27 98 5702
27 99 3863
27 100 6372
27 101 3227
27 102 2040
27 103 7790
27 104 14193
27 105 4206
27 106 299
27 107 10350
27 108 3501
27 109 15038
27 110 2611
27 111 2202
27 112 13701
27 113 11085
27 114 11545
27 115 996
27 116 15660
27 117 1275
27 118 12229
27 119 2255
27 120 4047
27 121 4046
27 122 215
27 123 11346
27 124 11460
27 125 12799
27 126 14833
27 127 3167
27 128 9092
28 29 7506
28 30 942
28 31 10293
28 32 14724
28 33 4939
28 34 8280
28 35 3937
28 36 8906
28 37 7207
28 38 40
28 39 12994
28 40 11724
28 41 9434
28 42 7649
28 43 10846
28 44 5553
28 45 15785
28 46 10360
28 47 7586
28 48 13327
28 49 7097
28 50 11342
28 51 13583
28 52 4034
28 53 8198
28 54 9151
28 55 14881
28 56 12401
28 57 11396
28 58 5362
28 59 2788
28 60 8555
28 61 14614
28 62 1483
28 63 12554
28 64 10622
28 65 14539
28 66 13746
28 67 4654
28 68 6028
28 69 14342
28 70 7034
28 71 2817
28 72 2341
28 73 11683
28 74 10595
28 75 8728
28 76 5918
28 77 8438
28 78 8802
28 79 12189
28 80 4384
28 81 15331
28 82 2800
28 83 2859
28 84 16013
28 85 9256
28 86 5106
28 87 5633
28 88 5981
28 89 13434
28 90 637
28 91 13078
28 92 12450
28 93 4505
28 94 2929
28 95 13174
28 96 1005
28 97 12760
28 98 11846
28 99 15509
28 100 16046
28 101 8489
28 102 3665
28 103 16114
28 104 5364
28 105 4913
28 106 10827
28 107 14021
28 108 6268
28 109 7790
28 110 14236
28 111 12177
28 112 2143
28 113 4366
28 114 13193
28 115 3938
28 116 12064
28 117 4548
28 118 11872
28 119 7243
28 120 1925
28 121 7840
28 122 904
28 123 16310
28 124 8843
28 125 4301
28 126 7571
28 127 9297
28 128 601
29 30 9881
29 31 13268
29 32 4213
29 33 4928
29 34 5024
29 35 14374
29 36 14143
29 37 11881
29 38 2526
29 39 14074
29 40 5553
29 41 6661
29 42 9876
29 43 8613
29 44 8098
29 45 10885
29 46 6382
29 47 8006
29 48 9889
29 49 9566
29 50 10741
29 51 7648
29 52 12328
29 53 4244
29 54 13716
29 55 8817
29 56 551
29 57 13598
29 58 8097
29 59 6699
29 60 12913
29 61 7052
29 62 13553
29 63 15962
29 64 11624
29 65 12652
29 66 12266
29 67 2537
29 68 5908
29 69 1175
29 70 8468
29 71 8232
29 72 1657
29 73 2622
29 74 3107
29 75 11276
29 76 7278
29 77 1362
29 78 7731
29 79 15067
29 80 13392
29 81 8433
29 82 9075
29 83 2535
29 84 10241
29 85 12144
29 86 4658
29 87 1526
29 88 15351
29 89 14665
29 90 1644
29 91 15898
29 92 4703
29 93 12151
29 94 10964
29 95 1932
29 96 5530
29 97 14084
29 98 5300
29 99 14671
29 100 9900
29 101 10861
29 102 7519
29 103 12896
29 104 13077
29 105 2643
29 106 14234
29 107 4281
29 108 9508
29 109 13832
29 110 15660
29 111 4197
29 112 13954
29 113 766
29 114 7632
29 115 7995
29 116 12750
29 117 4828
29 118 5188
29 119 8777
29 120 12271
29 121 4318
29 122 3526
29 123 6880
29 124 4967
29 125 7303
29 126 503
29 127 4024
29 128 10807
30 31 12281
30 32 6647
30 33 7387
30 34 6415
30 35 4852
30 36 5164
30 37 13363
30 38 2482
30 39 10500
30 40 15896
30 41 8656
30 42 14274
30 43 8247
30 44 8237
30 45 9185
30 46 14552
30 47 14071
30 48 1810
30 49 13921
30 50 5451
30 51 15184
30 52 7637
30 53 15409
30 54 6961
30 55 642
30 56 1000
30 57 3203
30 58 14124
30 59 8458
30 60 9645
30 61 15652
30 62 8927
30 63 8206
30 64 9857
30 65 1289
30 66 10620
30 67 11142
30 68 10264
30 69 59
30 70 7886
30 71 15682
30 72 15190
30 73 3990
30 74 8863
30 75 1688
30 76 5152
30 77 10951
30 78 1676
30 79 6658
30 80 2889
30 81 3588
30 82 8450
30 83 14473
30 84 8589
30 85 10103
30 86 1528
30 87 2887
30 88 9891
30 89 1066
30 90 16120
30 91 1477
30 92 14421
30 93 1359
30 94 5799
30 95 2753
30 96 13073
30 97 2586
30 98 1727
30 99 12364
30 100 9040
30 101 12204
30 102 14905
30 103 8901
30 104 9521
30 105 13328
30 106 10364
30 107 4953
30 108 1507
30 109 9449
30 110 8927
30 111 13895
30 112 8626
30 113 7280
30 114 8925
30 115 5174
30 116 12340
30 117 13717
30 118 12077
30 119 11373
30 120 7327
30 121 2696
30 122 12092
30 123 6421
30 124 2493
30 125 16233
30 126 623
30 127 6771
30 128 9995
31 32 13752
31 33 15291
31 34 14705
31 35 2132
31 36 12883
31 37 12086
31 38 7203
31 39 8912
31 40 15240
31 41 3286
31 42 7790
31 43 5492
31 44 7914
31 45 730
31 46 4876
31 47 3062
31 48 4484
31 49 9772
31 50 9690
31 51 4013
31 52 2096
31 53 9101
31 54 11241
31 55 14200
31 56 6062
31 57 8233
31 58 9836
31 59 16336
31 60 2683
31 61 1725
31 62 8649
31 63 4944
31 64 13223
31 65 3768
31 66 15298
31 67 14898
31 68 9931
31 69 2354
31 70 12775
31 71 15049
31 72 7533
31 73 15293
31 74 11796
31 75 1415
31 76 9831
31 77 9121
31 78 13280
31 79 13488
31 80 7604
31 81 15237
31 82 3968
31 83 12931
31 84 8648
31 85 9907
31 86 13962
31 87 7138
31 88 11570
31 89 14215
31 90 8518
31 91 827
31 92 3803
31 93 12579
31 94 10417
31 95 13513
31 96 4467
31 97 2481
31 98 15159
31 99 5593
31 100 8198
31 101 7630
31 102 10951
31 103 5260
31 104 3142
31 105 6261
31 106 13261
31 107 11433
31 108 12517
31 109 1024
31 110 8749
31 111 1271
31 112 13550
31 113 4066
31 114 4530
31 115 4670
31 116 14683
31 117 13585
31 118 16325
31 119 11154
31 120 321
31 121 3204
31 122 13824
31 123 14340
31 124 13885
31 125 7212
31 126 2971
31 127 5360
31 128 11035
32 33 2329
32 34 8930
32 35 2
32 36 6588
32 37 1908
32 38 4830
32 39 764
32 40 13702
32 41 11116
32 42 9229
32 43 7970
32 44 334
32 45 2515
32 46 2606
32 47 14768
32 48 1741
32 49 14836
32 50 12385
32 51 2339
32 52 14525
32 53 12690
32 54 15945
32 55 863
32 56 11380
32 57 6099
32 58 5182
32 59 5688
32 60 15617
32 61 13439
32 62 7183
32 63 12902
32 64 10254
32 65 13990
32 66 13605
32 67 4384
32 68 5748
32 69 9767
32 70 5554
32 71 6967
32 72 11685
32 73 16225
32 74 15349
32 75 14528
32 76 7700
32 77 7539
32 78 13931
32 79 13637
32 80 9125
32 81 11534
32 82 14390
32 83 13846
32 84 8902
32 85 8416
32 86 5320
32 87 11081
32 88 6434
32 89 456
32 90 14998
32 91 9374
32 92 4601
32 93 16049
32 94 13356
32 95 6324
32 96 12561
32 97 4888
32 98 9585
32 99 2185
32 100 2561
32 101 10115
32 102 8179
32 103 789
32 104 9796
32 105 2144
32 106 5116
32 107 10901
32 108 14450
32 109 16219
32 110 8638
32 111 7950
32 112 15755
32 113 9779
32 114 13647
32 115 13537
32 116 9893
32 117 7568
32 118 7396
32 119 2441
32 120 162
32 121 8618
32 122 16026
32 123 2876
32 124 9732
32 125 3145
32 126 12397
32 127 2731
32 128 12397
33 34 9540
33 35 182
33 36 8455
33 37 1780
33 38 12381
33 39 11400
33 40 4292
33 41 6379
33 42 15597
33 43 7591
33 44 13446
33 45 11946
33 46 5025
33 47 1153
33 48 10318
33 49 11027
33 50 16314
33 51 4055
33 52 1004
33 53 8191
33 54 15993
33 55 354
33 56 8029
33 57 11117
33 58 5978
33 59 6965
33 60 5157
33 61 13619
33 62 14598
33 63 6719
33 64 12852
33 65 13228
33 66 5854
33 67 11435
33 68 4157
33 69 2120
33 70 6144
33 71 942
33 72 9916
33 73 8644
33 74 6194
33 75 4059
33 76 10099
33 77 13804
33 78 1194
33 79 5665
33 80 5522
33 81 13041
33 82 1410
33 83 5048
33 84 5874
33 85 14365
33 86 8582
33 87 3360
33 88 3366
33 89 9571
33 90 14915
33 91 16021
33 92 2867
33 93 6363
33 94 806
33 95 2003
33 96 8681
33 97 15667
33 98 3649
33 99 2250
33 100 12868
33 101 15572
33 102 12241
33 103 5325
33 104 11456
33 105 10340
33 106 1626
33 107 4664
33 108 6111
33 109 671
33 110 12632
33 111 15059
33 112 13845
33 113 10174
33 114 8032
33 115 13921
33 116 1406
33 117 9310
33 118 10897
33 119 12421
33 120 2833
33 121 5742
33 122 13455
33 123 3449
33 124 2604
33 125 1402
33 126 726
33 127 11573
33 128 2173
34 35 5535
34 36 2650
34 37 7739
34 38 4592
34 39 514
34 40 1275
34 41 3065
34 42 5862
34 43 11485
34 44 4673
34 45 5000
34 46 557
34 47 9481
34 48 9387
34 49 11093
34 50 9332
34 51 6974
34 52 14802
34 53 11556
34 54 14744
34 55 8119
34 56 2690
34 57 7283
34 58 10681
34 59 10835
34 60 15488
34 61 10334
34 62 13935
34 63 4116
34 64 4380
34 65 2437
34 66 9490
34 67 13719
34 68 16275
34 69 8820
34 70 14177
34 71 13598
34 72 5412
34 73 9149
34 74 6080
34 75 10939
34 76 14884
34 77 2598
34 78 1705
34 79 13449
34 80 13632
34 81 13503
34 82 6039
34 83 221
34 84 2811
34 85 16134
34 86 15124
34 87 12483
34 88 3003
34 89 4386
34 90 13114
34 91 10327
34 92 1616
34 93 8521
34 94 11455
34 95 2505
34 96 4388
34 97 8391
34 98 11787
34 99 9441
34 100 13001
34 101 13145
34 102 6128
34 103 9214
34 104 9185
34 105 12760
34 106 14190
34 107 2498
34 108 174
34 109 326
34 110 1240
34 111 1055
34 112 13898
34 113 9990
34 114 14627
34 115 2480
34 116 5992
34 117 462
34 118 11082
34 119 15886
34 120 4502
34 121 16146
34 122 14084
34 123 11670
34 124 12738
34 125 8927
34 126 11049
34 127 7699
34 128 13086
35 36 5340
35 37 15097
35 38 7740
35 39 5865
35 40 3182
35 41 6630
35 42 11726
35 43 7908
35 44 7473
35 45 9803
35 46 2774
35 47 9148
35 48 6149
35 49 5645
35 50 5207
35 51 5488
35 52 6291
35 53 485
35 54 282
35 55 40
35 56 2383
35 57 12646
35 58 12532
35 59 305
35 60 14964
35 61 15515
35 62 10953
35 63 12422
35 64 8231
35 65 4571
35 66 7991
35 67 2430
35 68 12245
35 69 5665
35 70 3341
35 71 9830
35 72 2430
35 73 4840
35 74 15525
35 75 6185
35 76 1481
35 77 3482
35 78 12445
35 79 2430
35 80 1728
35 81 1510
35 82 1151
35 83 16255
35 84 12494
35 85 4682
35 86 4997
35 87 6638
35 88 11869
35 89 12224
35 90 3052
35 91 8733
35 92 2127
35 93 11652
35 94 4020
35 95 5606
35 96 10809
35 97 5130
35 98 6714
35 99 327
35 100 1769
35 101 15856
35 102 14180
35 103 11425
35 104 5990
35 105 10961
35 106 2321
35 107 9473
35 108 8965
35 109 8008
35 110 4026
35 111 10
35 112 523
35 113 12641
35 114 7875
35 115 16329
35 116 10977
35 117 596
35 118 8397
35 119 8120
35 120 3398
35 121 15739
35 122 10397
35 123 8141
35 124 12323
35 125 1381
35 126 9184
35 127 1533
35 128 4365
36 37 12907
36 38 9074
36 39 11025
36 40 7105
36 41 1806
36 42 13123
36 43 9651
36 44 9205
36 45 15154
36 46 8378
36 47 14144
36 48 8775
36 49 956
36 50 6307
36 51 14776
36 52 14165
36 53 10825
36 54 6913
36 55 2648
36 56 657
36 57 12508
36 58 762
36 59 11480
36 60 5735
36 61 2009
36 62 13423
36 63 1454
36 64 10827
36 65 6216
36 66 5424
36 67 499
36 68 16035
36 69 15923
36 70 11220
36 71 7176
36 72 910
36 73 2715
36 74 5658
36 75 3895
36 76 6826
36 77 12386
36 78 14950
36 79 6960
36 80 14343
36 81 10391
36 82 4993
36 83 3371
36 84 6147
36 85 3176
36 86 10046
36 87 6127
36 88 948
36 89 13968
36 90 7223
36 91 7060
36 92 6066
36 93 8573
36 94 4230
36 95 11113
36 96 15681
36 97 11377
36 98 4084
36 99 7364
36 100 743
36 101 8574
36 102 2240
36 103 9186
36 104 7006
36 105 6453
36 106 2085
36 107 6161
36 108 14792
36 109 109
36 110 16232
36 111 14749
36 112 16131
36 113 1481
36 114 6806
36 115 12081
36 116 903
36 117 8238
36 118 10404
36 119 2620
36 120 5375
36 121 845
36 122 14325
36 123 1845
36 124 16323
36 125 8519
36 126 3713
36 127 15381
36 128 11988
37 38 980
37 39 14469
37 40 3419
37 41 10378
37 42 16110
37 43 6256
37 44 7468
37 45 10742
37 46 3816
37 47 5136
37 48 2199
37 49 219
37 50 6248
37 51 4865
37 52 7099
37 53 1751
37 54 5066
37 55 12395
37 56 6009
37 57 3321
37 58 8520
37 59 9918
37 60 10377
37 61 15568
37 62 8957
37 63 15119
37 64 15781
37 65 7690
37 66 425
37 67 12885
37 68 13997
37 69 4545
37 70 6832
37 71 9824
37 72 14693
37 73 2618
37 74 13890
37 75 6136
37 76 7300
37 77 15342
37 78 4044
37 79 10982
37 80 5877
37 81 1071
37 82 6946
37 83 13402
37 84 8986
37 85 13946
37 86 6339
37 87 5354
37 88 13667
37 89 14589
37 90 12847
37 91 8378
37 92 972
37 93 3006
37 94 7000
37 95 5136
37 96 3268
37 97 12282
37 98 6085
37 99 2862
37 100 12093
37 101 5607
37 102 2745
37 103 8839
37 104 2003
37 105 7737
37 106 313
37 107 6140
37 108 9211
37 109 2403
37 110 15507
37 111 13426
37 112 2553
37 113 5437
37 114 4756
37 115 8115
37 116 6086
37 117 15681
37 118 5719
37 119 4576
37 120 15334
37 121 2247
37 122 245
37 123 14202
37 124 13434
37 125 5765
37 126 4510
37 127 8985
37 128 2271
38 39 13992
38 40 10800
38 41 5651
38 42 8864
38 43 11256
38 44 12293
38 45 2599
38 46 14998
38 47 12738
38 48 5080
38 49 870
38 50 2196
38 51 936
38 52 1224
38 53 11769
38 54 15117
38 55 224
38 56 9225
38 57 15515
38 58 10335
38 59 13999
38 60 8364
38 61 9671
38 62 9211
38 63 10469
38 64 12102
38 65 7819
38 66 16343
38 67 10075
38 68 4231
38 69 5085
38 70 3288
38 71 12053
38 72 16159
38 73 2767
38 74 13547
38 75 4925
38 76 817
38 77 15342
38 78 11476
38 79 1906
38 80 7502
38 81 2117
38 82 10527
38 83 10827
38 84 15086
38 85 8902
38 86 5455
38 87 9130
38 88 15173
38 89 4473
38 90 1267
38 91 2267
38 92 13846
38 93 11181
38 94 8114
38 95 10914
38 96 12581
38 97 331
38 98 7127
38 99 5394
38 100 3316
38 101 9506
38 102 13258
38 103 6241
38 104 9171
38 105 7870
38 106 8237
38 107 862
38 108 2647
38 109 9069
38 110 7805
38 111 10544
38 112 103
38 113 16319
38 114 12849
38 115 4858
38 116 1539
38 117 3662
38 118 12905
38 119 16112
38 120 8495
38 121 8806
38 122 9952
38 123 10332
38 124 5122
38 125 3213
38 126 15563
38 127 15411
38 128 8759
39 40 11523
39 41 2135
39 42 3374
39 43 1807
39 44 6222
39 45 6214
39 46 16
39 47 6208
39 48 9377
39 49 5750
39 50 4142
39 51 10583
39 52 5153
39 53 10720
39 54 1317
39 55 5960
39 56 2367
39 57 6868
39 58 5346
39 59 12733
39 60 13012
39 61 13692
39 62 7378
39 63 9909
39 64 5101
39 65 8532
39 66 2636
39 67 7058
39 68 953
39 69 10191
39 70 203
39 71 10656
39 72 6834
39 73 76
39 74 15868
39 75 4489
39 76 13051
39 77 3223
39 78 14047
39 79 12636
39 80 11612
39 81 11757
39 82 311
39 83 14624
39 84 13366
39 85 1219
39 86 6168
39 87 9905
39 88 3110
39 89 1541
39 90 9543
39 91 11845
39 92 6680
39 93 7540
39 94 8500
39 95 12999
39 96 9631
39 97 1719
39 98 14235
39 99 4128
39 100 3672
39 101 15286
39 102 1733
39 103 2337
39 104 1418
39 105 10032
39 106 3809
39 107 9557
39 108 9316
39 109 9253
39 110 7218
39 111 8970
39 112 838
39 113 2877
39 114 2955
39 115 3409
39 116 10635
39 117 13422
39 118 16284
39 119 13906
39 120 15414
39 121 14189
39 122 12663
39 123 4111
39 124 3120
39 125 8686
39 126 13454
39 127 15479
39 128 3052
40 41 6552
40 42 4619
40 43 15868
40 44 3624
40 45 8537
40 46 14621
40 47 6809
40 48 11456
40 49 12325
40 50 3522
40 51 7836
40 52 2611
40 53 10394
40 54 10712
40 55 5225
40 56 3811
40 57 7148
40 58 15140
40 59 1733
40 60 7383
40 61 11883
40 62 15270
40 63 232
40 64 9048
40 65 5381
40 66 266
40 67 11821
40 68 6886
40 69 3222
40 70 11299
40 71 992
40 72 14030
40 73 3327
40 74 16203
40 75 3364
40 76 6350
40 77 15528
40 78 9897
40 79 575
40 80 2507
40 81 8140
40 82 14497
40 83 7539
40 84 3638
40 85 9702
40 86 10754
40 87 15990
40 88 15332
40 89 6558
40 90 4844
40 91 5562
40 92 1706
40 93 2349
40 94 2747
40 95 12548
40 96 3707
40 97 8018
40 98 6636
40 99 5271
40 100 5142
40 101 3483
40 102 4183
40 103 4259
40 104 11782
40 105 9417
40 106 7597
40 107 13798
40 108 7353
40 109 16370
40 110 8629
40 111 12982
40 112 2596
40 113 11762
40 114 12515
40 115 4723
40 116 7223
40 117 10161
40 118 9592
40 119 4867
40 120 12905
40 121 1779
40 122 7310
40 123 11997
40 124 1866
40 125 4427
40 126 4962
40 127 8567
40 128 5392
41 42 8918
41 43 9356
41 44 12270
41 45 2349
41 46 8641
41 47 5410
41 48 1831
41 49 4782
41 50 4709
41 51 419
41 52 10061
41 53 7814
41 54 6110
41 55 7605
41 56 4019
41 57 9185
41 58 9402
41 59 3428
41 60 13494
41 61 4474
41 62 5853
41 63 8915
41 64 2033
41 65 4567
41 66 14629
41 67 14089
41 68 12465
41 69 13345
41 70 14358
41 71 7753
41 72 13976
41 73 8366
41 74 9339
41 75 15667
41 76 6030
41 77 6647
41 78 11593
41 79 13538
41 80 4917
41 81 561
41 82 14181
41 83 11829
41 84 8384
41 85 4267
41 86 1883
41 87 9277
41 88 13170
41 89 13230
41 90 16134
41 91 5764
41 92 3355
41 93 4508
41 94 8768
41 95 13341
41 96 741
41 97 4881
41 98 6075
41 99 10121
41 100 5889
41 101 4391
41 102 1916
41 103 5435
41 104 2655
41 105 8101
41 106 8792
41 107 2164
41 108 1337
41 109 922
41 110 7054
41 111 16191
41 112 1007
41 113 5117
41 114 8815
41 115 5476
41 116 15142
41 117 3051
41 118 11124
41 119 8536
41 120 6194
41 121 2483
41 122 16248
41 123 10125
41 124 4725
41 125 11082
41 126 11292
41 127 6641
41 128 8691
42 43 14495
42 44 10664
42 45 10531
42 46 15149
42 47 4048
42 48 14847
42 49 2521
42 50 13304
42 51 5003
42 52 8300
42 53 4192
42 54 8447
42 55 13697
42 56 14640
42 57 14055
42 58 1803
42 59 6998
42 60 1596
42 61 9837
42 62 2341
42 63 13072
42 64 15907
42 65 4990
42 66 1605
42 67 7277
42 68 7961
42 69 1784
42 70 16096
42 71 7712
42 72 7431
42 73 6557
42 74 7759
42 75 9115
42 76 9224
42 77 15193
42 78 12800
42 79 8880
42 80 1103
42 81 9157
42 82 12517
42 83 3234
42 84 4500
42 85 13781
42 86 2102
42 87 3569
42 88 12419
42 89 15645
42 90 10706
42 91 8223
42 92 2079
42 93 14337
42 94 14404
42 95 3957
42 96 6854
42 97 4629
42 98 7861
42 99 3685
42 100 2350
42 101 12112
42 102 15222
42 103 6004
42 104 6642
42 105 5580
42 106 1382
42 107 15677
42 108 15233
42 109 6557
42 110 4886
42 111 3279
42 112 10100
42 113 6934
42 114 347
42 115 7712
42 116 3939
42 117 6769
42 118 1396
42 119 11603
42 120 7531
42 121 8670
42 122 15574
42 123 4526
42 124 9814
42 125 4391
42 126 9000
42 127 7640
42 128 5764
43 44 13694
43 45 3785
43 46 9960
43 47 10138
43 48 13877
43 49 581
43 50 9824
43 51 12756
43 52 9795
43 53 935
43 54 7302
43 55 5307
43 56 15340
43 57 13055
43 58 9819
43 59 5077
43 60 9045
43 61 5604
43 62 1684
43 63 13971
43 64 11098
43 65 3053
43 66 3570
43 67 5690
43 68 16315
43 69 15749
43 70 8913
43 71 2012
43 72 7646
43 73 11621
43 74 3160
43 75 15653
43 76 720
43 77 10918
43 78 9261
43 79 1103
43 80 6759
43 81 598
43 82 14269
43 83 15093
43 84 6496
43 85 13226
43 86 6540
43 87 153
43 88 1964
43 89 7014
43 90 5933
43 91 1185
43 92 11429
43 93 9976
43 94 11394
43 95 9551
43 96 945
43 97 1141
43 98 15374
43 99 15703
43 100 4016
43 101 8126
43 102 1925
43 103 1485
43 104 8806
43 105 10413
43 106 5218
43 107 11006
43 108 11575
43 109 2154
43 110 15073
43 111 14041
43 112 743
43 113 3637
43 114 2068
43 115 8799
43 116 469
43 117 1012
43 118 2127
43 119 4801
43 120 10187
43 121 13444
43 122 1691
43 123 13398
43 124 6856
43 125 9585
43 126 473
43 127 11273
43 128 4659
44 45 11269
44 46 4020
44 47 5950
44 48 9647
44 49 7714
44 50 4198
44 51 10972
44 52 1082
44 53 15652
44 54 5751
44 55 8137
44 56 12354
44 57 9363
44 58 13083
44 59 15195
44 60 1304
44 61 12698
44 62 503
44 63 11135
44 64 13704
44 65 13307
44 66 4853
44 67 8130
44 68 7120
44 69 10134
44 70 6761
44 71 9882
44 72 3360
44 73 9545
44 74 6438
44 75 16262
44 76 11054
44 77 11116
44 78 16110
44 79 16291
44 80 9506
44 81 11905
44 82 8755
44 83 7096
44 84 14214
44 85 13087
44 86 9033
44 87 10529
44 88 3331
44 89 6743
44 90 883
44 91 16163
44 92 15467
44 93 3228
44 94 7659
44 95 139
44 96 11337
44 97 768
44 98 5782
44 99 8829
44 100 10081
44 101 4814
44 102 1626
44 103 7456
44 104 8940
44 105 5082
44 106 14059
44 107 16088
44 108 6641
44 109 10460
44 110 2846
44 111 11771
44 112 15195
44 113 7600
44 114 8941
44 115 8891
44 116 6184
44 117 3543
44 118 13728
44 119 432
44 120 3916
44 121 3599
44 122 6804
44 123 5009
44 124 15238
44 125 14596
44 126 10049
44 127 694
44 128 9273
45 46 7176
45 47 2947
45 48 15217
45 49 952
45 50 6902
45 51 12709
45 52 11957
45 53 920
45 54 2106
45 55 9068
45 56 2331
45 57 9895
45 58 6388
45 59 9845
45 60 1460
45 61 15030
45 62 1757
45 63 915
45 64 11562
45 65 16203
45 66 9361
45 67 7801
45 68 7035
45 69 6690
45 70 16268
45 71 7866
45 72 11240
45 73 12998
45 74 15761
45 75 5167
45 76 4763
45 77 10474
45 78 7278
45 79 7116
45 80 1786
45 81 12033
45 82 7365
45 83 3637
45 84 3448
45 85 7910
45 86 2149
45 87 16211
45 88 4298
45 89 1124
45 90 15058
45 91 780
45 92 15033
45 93 3572
45 94 2092
45 95 5743
45 96 2300
45 97 11274
45 98 4368
45 99 681
45 100 6167
45 101 7069
45 102 9754
45 103 4810
45 104 11074
45 105 972
45 106 7469
45 107 6196
45 108 571
45 109 3811
45 110 7759
45 111 2958
45 112 14347
45 113 1338
45 114 13367
45 115 13299
45 116 10291
45 117 7552
45 118 11232
45 119 15701
45 120 7400
45 121 6014
45 122 4263
45 123 13401
45 124 7843
45 125 8886
45 126 999
45 127 10736
45 128 10108
46 47 6096
46 48 15857
46 49 1920
46 50 7444
46 51 3426
46 52 8589
46 53 11174
46 54 13483
46 55 9599
46 56 677
46 57 15560
46 58 16346
46 59 5845
46 60 15126
46 61 10498
46 62 11381
46 63 6751
46 64 13188
46 65 10308
46 66 13364
46 67 8790
46 68 2517
46 69 3902
46 70 12622
46 71 10071
46 72 11762
46 73 5438
46 74 15686
46 75 9119
46 76 10430
46 77 1642
46 78 14434
46 79 4649
46 80 975
46 81 12951
46 82 3412
46 83 4289
46 84 13646
46 85 15813
46 86 10000
46 87 13110
46 88 6155
46 89 2853
46 90 2021
46 91 3341
46 92 7506
46 93 14827
46 94 6449
46 95 1160
46 96 8211
46 97 16179
46 98 11593
46 99 12645
46 100 429
46 101 13993
46 102 11771
46 103 10726
46 104 7267
46 105 15018
46 106 489
46 107 11672
46 108 5317
46 109 15745
46 110 6179
46 111 3443
46 112 14300
46 113 13678
46 114 1710
46 115 12291
46 116 12957
46 117 4055
46 118 15543
46 119 4300
46 120 15714
46 121 14386
46 122 2752
46 123 1512
46 124 16160
46 125 5628
46 126 12491
46 127 12299
46 128 2224
47 48 6625
47 49 7386
47 50 4985
47 51 13688
47 52 14139
47 53 15301
47 54 9735
47 55 3110
47 56 3020
47 57 5832
47 58 8332
47 59 12088
47 60 8928
47 61 8410
47 62 13288
47 63 6865
47 64 13909
47 65 919
47 66 15592
47 67 909
47 68 15103
47 69 1704
47 70 11002
47 71 4677
47 72 979
47 73 3605
47 74 10381
47 75 13275
47 76 379
47 77 11726
47 78 15452
47 79 3601
47 80 3468
47 81 6579
47 82 16051
47 83 16184
47 84 6798
47 85 2385
47 86 1322
47 87 8912
47 88 1872
47 89 3086
47 90 16141
47 91 15342
47 92 1228
47 93 14873
47 94 11025
47 95 10857
47 96 3395
47 97 1649
47 98 5370
47 99 7500
47 100 2252
47 101 6860
47 102 15927
47 103 11098
47 104 3648
47 105 16034
47 106 10733
47 107 13587
47 108 12698
47 109 16370
47 110 7753
47 111 7232
47 112 15807
47 113 12803
47 114 12449
47 115 9004
47 116 6981
47 117 13230
47 118 15750
47 119 619
47 120 1196
47 121 6604
47 122 8661
47 123 12456
47 124 3015
47 125 8681
47 126 5642
47 127 11850
47 128 7187
48 49 14391
48 50 4919
48 51 4601
48 52 12282
48 53 5998
48 54 1685
48 55 13641
48 56 13838
48 57 14408
48 58 2332
48 59 2374
48 60 6864
48 61 11006
48 62 11130
48 63 7181
48 64 980
48 65 14359
48 66 12146
48 67 7950
48 68 12605
48 69 4954
48 70 3384
48 71 5588
48 72 2520
48 73 339
48 74 11046
48 75 1316
48 76 797
48 77 3807
48 78 12473
48 79 7241
48 80 15645
48 81 8498
48 82 3439
48 83 4567
48 84 6237
48 85 5818
48 86 1133
48 87 1435
48 88 6412
48 89 7620
48 90 11878
48 91 15055
48 92 10905
48 93 6062
48 94 12229
48 95 15512
48 96 11911
48 97 3828
48 98 13258
48 99 8206
48 100 13748
48 101 960
48 102 879
48 103 10174
48 104 12203
48 105 990
48 106 15618
48 107 15759
48 108 8128
48 109 11692
48 110 6452
48 111 4565
48 112 16267
48 113 4498
48 114 4792
48 115 4745
48 116 11085
48 117 458
48 118 7063
48 119 9673
48 120 3137
48 121 9130
48 122 14792
48 123 8563
48 124 1544
48 125 5835
48 126 13310
48 127 10532
48 128 8422
49 50 5266
49 51 1461
49 52 12096
49 53 6059
49 54 6307
49 55 5502
49 56 7342
49 57 3446
49 58 1675
49 59 14044
49 60 11363
49 61 549
49 62 6760
49 63 8888
49 64 5116
49 65 16367
49 66 8910
49 67 2081
49 68 13514
49 69 4037
49 70 10826
49 71 3195
49 72 11366
49 73 15970
49 74 12376
49 75 2325
49 76 6723
49 77 617
49 78 989
49 79 8584
49 80 3505
49 81 2392
49 82 2914
49 83 8169
49 84 2476
49 85 7760
49 86 5777
49 87 9991
49 88 5996
49 89 12120
49 90 5872
49 91 3243
49 92 3294
49 93 11837
49 94 4524
49 95 4978
49 96 11148
49 97 222
49 98 15510
49 99 9509
49 100 5866
49 101 9894
49 102 531
49 103 7914
49 104 6713
49 105 13505
49 106 481
49 107 1612
49 108 6373
49 109 7917
49 110 9673
49 111 11106
49 112 9694
49 113 5499
49 114 1264
49 115 14885
49 116 3230
49 117 2431
49 118 961
49 119 15876
49 120 452
49 121 16029
49 122 13070
49 123 5452
49 124 4173
49 125 16382
49 126 4983
49 127 12638
49 128 4471
50 51 14407
50 52 1720
50 53 12667
50 54 5661
50 55 15696
50 56 11717
50 57 2572
50 58 4186
50 59 9893
50 60 5962
50 61 10552
50 62 8875
50 63 16008
50 64 6666
50 65 9407
50 66 5952
50 67 6977
50 68 6869
50 69 13858
50 70 12745
50 71 720
50 72 1462
50 73 6255
50 74 1006
50 75 10437
50 76 10570
50 77 13610
50 78 6452
50 79 14003
50 80 11530
50 81 9556
50 82 8177
50 83 8286
50 84 12424
50 85 8778
50 86 6328
50 87 14112
50 88 1806
50 89 13430
50 90 15975
50 91 10282
50 92 5687
50 93 8496
50 94 449
50 95 13754
50 96 15240
50 97 13078
50 98 15262
50 99 9728
50 100 5095
50 101 3636
50 102 8136
50 103 8313
50 104 981
50 105 9916
50 106 5894
50 107 11136
50 108 11463
50 109 14941
50 110 7590
50 111 15523
50 112 4838
50 113 5335
50 114 6557
50 115 9676
50 116 7793
50 117 15329
50 118 14175
50 119 7876
50 120 8370
50 121 441
50 122 14035
50 123 5347
50 124 1868
50 125 1391
50 126 5123
50 127 9107
50 128 10552
51 52 10296
51 53 14480
51 54 7159
51 55 6678
51 56 11712
51 57 4186
51 58 11065
51 59 5808
51 60 4446
51 61 279
51 62 15301
51 63 11419
51 64 468
51 65 4434
51 66 16183
51 67 10195
51 68 14819
51 69 662
51 70 8152
51 71 12339
51 72 11027
51 73 11267
51 74 1732
51 75 8933
51 76 7832
51 77 6563
51 78 3787
51 79 5813
51 80 6747
51 81 4960
51 82 10063
51 83 15847
51 84 11109
51 85 12743
51 86 7695
51 87 13891
51 88 15430
51 89 9597
51 90 12955
51 91 4265
51 92 11545
51 93 14807
51 94 7223
51 95 11817
51 96 500
51 97 1734
51 98 2082
51 99 11129
51 100 10939
51 101 14391
51 102 12488
51 103 10580
51 104 4082
51 105 10422
51 106 5098
51 107 3438
51 108 11220
51 109 3330
51 110 7170
51 111 6158
51 112 1642
51 113 12201
51 114 2698
51 115 11092
51 116 7451
51 117 8770
51 118 5125
51 119 7926
51 120 14583
51 121 82
51 122 2081
51 123 9700
51 124 4199
51 125 12202
51 126 9538
51 127 3606
51 128 7912
52 53 15014
52 54 15733
52 55 4422
52 56 14821
52 57 1590
52 58 356
52 59 4845
52 60 3039
52 61 5618
52 62 4932
52 63 5903
52 64 13973
52 65 13584
52 66 9796
52 67 10317
52 68 2925
52 69 15500
52 70 2395
52 71 14854
52 72 14395
52 73 5575
52 74 14766
52 75 6530
52 76 6974
52 77 15407
52 78 3584
52 79 632
52 80 15362
52 81 971
52 82 3952
52 83 8845
52 84 1716
52 85 2215
52 86 9404
52 87 11406
52 88 10393
52 89 2389
52 90 2776
52 91 539
52 92 10140
52 93 7888
52 94 13474
52 95 8075
52 96 11869
52 97 13775
52 98 2843
52 99 9155
52 100 9277
52 101 6915
52 102 14477
52 103 10896
52 104 1776
52 105 1261
52 106 2347
52 107 5031
52 108 2134
52 109 4072
52 110 16268
52 111 3431
52 112 8016
52 113 12290
52 114 10195
52 115 8394
52 116 14384
52 117 13636
52 118 10181
52 119 1606
52 120 2680
52 121 830
52 122 11509
52 123 8269
52 124 9744
52 125 16111
52 126 10953
52 127 12019
52 128 12304
53 54 2870
53 55 15430
53 56 15239
53 57 4810
53 58 11660
53 59 11810
53 60 3291
53 61 2419
53 62 10828
53 63 15057
53 64 12870
53 65 214
53 66 9137
53 67 12491
53 68 15148
53 69 14030
53 70 10537
53 71 4342
53 72 8875
53 73 5801
53 74 14446
53 75 10298
53 76 15719
53 77 1956
53 78 16156
53 79 2250
53 80 11126
53 81 8242
53 82 10626
53 83 9779
53 84 930
53 85 758
53 86 3807
53 87 1143
53 88 10756
53 89 1898
53 90 4927
53 91 11316
53 92 10344
53 93 10893
53 94 164
53 95 4788
53 96 5097
53 97 2598
53 98 1376
53 99 2837
53 100 4886
53 101 7419
53 102 15496
53 103 6218
53 104 14729
53 105 11009
53 106 12946
53 107 16306
53 108 2312
53 109 13556
53 110 14383
53 111 7137
53 112 8269
53 113 9328
53 114 1025
53 115 778
53 116 9539
53 117 16070
53 118 7543
53 119 898
53 120 7195
53 121 14799
53 122 5814
53 123 17
53 124 11294
53 125 185
53 126 15512
53 127 6774
53 128 11153
54 55 11113
54 56 1979
54 57 5413
54 58 3197
54 59 8583
54 60 11223
54 61 10112
54 62 1079
54 63 6636
54 64 10789
54 65 15444
54 66 14246
54 67 6981
54 68 189
54 69 4993
54 70 6735
54 71 14290
54 72 12576
54 73 7129
54 74 7119
54 75 7085
54 76 16030
54 77 14891
54 78 7993
54 79 14590
54 80 4758
54 81 1882
54 82 8335
54 83 3378
54 84 10286
54 85 9343
54 86 16048
54 87 5371
54 88 9427
54 89 15213
54 90 7378
54 91 9841
54 92 9384
54 93 4889
54 94 3746
54 95 12860
54 96 827
54 97 14438
54 98 14586
54 99 7738
54 100 5513
54 101 8015
54 102 1432
54 103 457
54 104 4691
54 105 4946
54 106 4870
54 107 134
54 108 1730
54 109 969
54 110 6375
54 111 8793
54 112 399
54 113 5224
54 114 14557
54 115 1458
54 116 10475
54 117 510
54 118 2668
54 119 7836
54 120 8243
54 121 1356
54 122 8392
54 123 3154
54 124 6009
54 125 8677
54 126 5663
54 127 8790
54 128 10347
55 56 8807
55 57 7070
55 58 900
55 59 8705
55 60 16313
55 61 15821
55 62 1241
55 63 13692
55 64 4091
55 65 9141
55 66 11473
55 67 309
55 68 6378
55 69 1165
55 70 12050
55 71 6975
55 72 2652
55 73 13136
55 74 2158
55 75 15078
55 76 12031
55 77 3788
55 78 15983
55 79 3196
55 80 7406
55 81 10983
55 82 14197
55 83 5495
55 84 12634
55 85 13857
55 86 10973
55 87 6201
55 88 8077
55 89 11944
55 90 2310
55 91 3406
55 92 10426
55 93 11553
55 94 11590
55 95 15542
55 96 15445
55 97 10159
55 98 16033
55 99 4659
55 100 7971
55 101 11451
55 102 7745
55 103 14508
55 104 8764
55 105 11020
55 106 1840
55 107 2298
55 108 5712
55 109 11498
55 110 10056
55 111 15138
55 112 11971
55 113 2653
55 114 15486
55 115 9404
55 116 8422
55 117 12939
55 118 10990
55 119 1410
55 120 15050
55 121 7917
55 122 12753
55 123 14677
55 124 11083
55 125 12253
55 126 5267
55 127 5416
55 128 13377
56 57 14084
56 58 9608
56 59 4352
56 60 10100
56 61 10741
56 62 5887
56 63 13037
56 64 13982
56 65 11151
56 66 2332
56 67 6244
56 68 14330
56 69 7924
56 70 10983
56 71 16049
56 72 8887
56 73 10106
56 74 5166
56 75 15379
56 76 16041
56 77 3802
56 78 13088
56 79 12819
56 80 13507
56 81 733
56 82 14787
56 83 7522
56 84 1986
56 85 235
56 86 13087
56 87 12876
56 88 7584
56 89 1310
56 90 9134
56 91 1946
56 92 14176
56 93 9705
56 94 12213
56 95 2159
56 96 8962
56 97 10534
56 98 8621
56 99 14988
56 100 3280
56 101 11101
56 102 8690
56 103 3341
56 104 13953
56 105 12527
56 106 3902
56 107 6535
56 108 11914
56 109 1320
56 110 2191
56 111 14287
56 112 10225
56 113 9324
56 114 6167
56 115 2766
56 116 4469
56 117 14912
56 118 13393
56 119 12317
56 120 11714
56 121 7940
56 122 11917
56 123 11152
56 124 621
56 125 1600
56 126 3153
56 127 8468
56 128 3379
57 58 4385
57 59 16211
57 60 9365
57 61 14806
57 62 1118
57 63 3850
57 64 15051
57 65 13747
57 66 856
57 67 7583
57 68 5440
57 69 13314
57 70 4808
57 71 7868
57 72 11176
57 73 5779
57 74 13722
57 75 2915
57 76 9303
57 77 1849
57 78 6037
57 79 14166
57 80 12946
57 81 1457
57 82 2631
57 83 14038
57 84 42
57 85 4602
57 86 11758
57 87 1441
57 88 4715
57 89 9342
57 90 8799
57 91 1828
57 92 15703
57 93 5233
57 94 2658
57 95 7017
57 96 5534
57 97 888
57 98 11628
57 99 1459
57 100 15078
57 101 9232
57 102 1581
57 103 6779
57 104 14588
57 105 194
57 106 6325
57 107 4270
57 108 11326
57 109 12691
57 110 9739
57 111 8822
57 112 9566
57 113 6876
57 114 2224
57 115 12822
57 116 9699
57 117 8922
57 118 6049
57 119 9522
57 120 1217
57 121 12921
57 122 775
57 123 9392
57 124 10208
57 125 10604
57 126 3628
57 127 14495
57 128 11992
58 59 9550
58 60 2880
58 61 13205
58 62 8768
58 63 11327
58 64 982
58 65 306
58 66 15387
58 67 244
58 68 11752
58 69 6291
58 70 16173
58 71 8342
58 72 15420
58 73 11005
58 74 6128
58 75 6653
58 76 12934
58 77 13329
58 78 483
58 79 7307
58 80 14788
58 81 208
58 82 443
58 83 1325
58 84 15609
58 85 9579
58 86 10730
58 87 783
58 88 14464
58 89 14497
58 90 13783
58 91 13058
58 92 14058
58 93 4052
58 94 1
58 95 1046
58 96 2680
58 97 1424
58 98 3841
58 99 7835
58 100 6619
58 101 13978
58 102 2334
58 103 5314
58 104 15600
58 105 12149
58 106 15506
58 107 12241
58 108 4217
58 109 7232
58 110 7742
58 111 16188
58 112 12189
58 113 13910
58 114 7997
58 115 7084
58 116 7030
58 117 15137
58 118 1847
58 119 13507
58 120 14615
58 121 11313
58 122 5998
58 123 444
58 124 5221
58 125 15639
58 126 14589
58 127 9575
58 128 7390
59 60 10439
59 61 773
59 62 3010
59 63 11729
59 64 1690
59 65 6129
59 66 11656
59 67 4063
59 68 11984
59 69 15799
59 70 2481
59 71 15795
59 72 2861
59 73 14606
59 74 4983
59 75 9297
59 76 5897
59 77 1960
59 78 14983
59 79 2710
59 80 2377
59 81 572
59 82 6045
59 83 1455
59 84 6247
59 85 2597
59 86 5712
59 87 3279
59 88 11826
59 89 1107
59 90 14264
59 91 11113
59 92 15595
59 93 12177
59 94 12534
59 95 2734
59 96 14973
59 97 8505
59 98 3170
59 99 15970
59 100 1685
59 101 11865
59 102 11636
59 103 9170
59 104 143
59 105 9839
59 106 11663
59 107 12797
59 108 896
59 109 14901
59 110 13563
59 111 2682
59 112 3703
59 113 11094
59 114 4293
59 115 9598
59 116 13821
59 117 5073
59 118 14878
59 119 4734
59 120 11461
59 121 15181
59 122 11581
59 123 13780
59 124 1455
59 125 11682
59 126 2053
59 127 8377
59 128 237
60 61 3318
60 62 15273
60 63 14967
60 64 13291
60 65 14467
60 66 8941
60 67 3611
60 68 7871
60 69 4875
60 70 12142
60 71 3313
60 72 7870
60 73 8180
60 74 14096
60 75 11657
60 76 12890
60 77 14094
60 78 5426
60 79 9452
60 80 13510
60 81 8449
60 82 8922
60 83 14449
60 84 12813
60 85 1044
60 86 2276
60 87 5524
60 88 1324
60 89 2101
60 90 2812
60 91 14783
60 92 4328
60 93 15043
60 94 8841
60 95 2134
60 96 5044
60 97 5860
60 98 3289
60 99 5646
60 100 12350
60 101 7286
60 102 7141
60 103 15367
60 104 2720
60 105 9349
60 106 3165
60 107 9834
60 108 11298
60 109 11673
60 110 4554
60 111 1394
60 112 12857
60 113 11559
60 114 4943
60 115 14456
60 116 8345
60 117 16299
60 118 10497
60 119 5358
60 120 5698
60 121 4439
60 122 9625
60 123 14908
60 124 7331
60 125 1793
60 126 9434
60 127 8
60 128 5373
61 62 3531
61 63 11996
61 64 588
61 65 5759
61 66 8760
61 67 10651
61 68 11791
61 69 10544
61 70 9310
61 71 6905
61 72 15108
61 73 5865
61 74 4322
61 75 14956
61 76 10304
61 77 4416
61 78 12380
61 79 7887
61 80 11766
61 81 3492
61 82 6257
61 83 4748
61 84 10618
61 85 12949
61 86 427
61 87 5682
61 88 13713
61 89 13705
61 90 6155
61 91 2347
61 92 11070
61 93 7320
61 94 2446
61 95 3417
61 96 14308
61 97 11161
61 98 13386
61 99 9134
61 100 1432
61 101 15406
61 102 261
61 103 13946
61 104 5113
61 105 9422
61 106 473
61 107 7829
61 108 11403
61 109 13007
61 110 2810
61 111 9660
61 112 11922
61 113 5768
61 114 14113
61 115 14098
61 116 10643
61 117 8756
61 118 219
61 119 154
61 120 5729
61 121 6581
61 122 5862
61 123 7346
61 124 3551
61 125 10537
61 126 471
61 127 9577
61 128 2170
62 63 9784
62 64 13161
62 65 1899
62 66 16159
62 67 2141
62 68 13073
62 69 8367
62 70 6883
62 71 12696
62 72 3296
62 73 5500
62 74 5899
62 75 8313
62 76 7437
62 77 8180
62 78 2071
62 79 12434
62 80 9126
62 81 7400
62 82 6157
62 83 2794
62 84 1446
62 85 1131
62 86 5839
62 87 13269
62 88 4081
62 89 1343
62 90 3802
62 91 10849
62 92 12111
62 93 12854
62 94 4828
62 95 14705
62 96 9987
62 97 4822
62 98 4029
62 99 3519
62 100 11331
62 101 1264
62 102 6964
62 103 7684
62 104 6593
62 105 5947
62 106 15614
62 107 9424
62 108 3115
62 109 3754
62 110 5875
62 111 7489
62 112 13623
62 113 11041
62 114 357
62 115 1423
62 116 3276
62 117 4141
62 118 12600
62 119 1533
62 120 2034
62 121 15795
62 122 4042
62 123 15383
62 124 11445
62 125 5063
62 126 3587
62 127 3931
62 128 12429
63 64 16223
63 65 6844
63 66 1499
63 67 12234
63 68 13608
63 69 11969
63 70 10079
63 71 11577
63 72 12211
63 73 12992
63 74 14887
63 75 8365
63 76 2852
63 77 7166
63 78 13490
63 79 3710
63 80 8086
63 81 8330
63 82 7779
63 83 10129
63 84 5934
63 85 1703
63 86 12481
63 87 9283
63 88 16304
63 89 14715
63 90 14870
63 91 1566
63 92 926
63 93 5035
63 94 4327
63 95 12782
63 96 11259
63 97 5576
63 98 84
63 99 7876
63 100 12790
63 101 3097
63 102 11907
63 103 12737
63 104 489
63 105 7804
63 106 10841
63 107 2672
63 108 4572
63 109 5934
63 110 824
63 111 12423
63 112 3422
63 113 12945
63 114 676
63 115 623
63 116 1573
63 117 13887
63 118 13393
63 119 10187
63 120 5605
63 121 11439
63 122 8866
63 123 6489
63 124 14887
63 125 11168
63 126 11257
63 127 10581
63 128 10551
64 65 2061
64 66 7706
64 67 9609
64 68 11605
64 69 2745
64 70 11048
64 71 442
64 72 7427
64 73 7373
64 74 6834
64 75 2863
64 76 3864
64 77 16065
64 78 4017
64 79 13966
64 80 6649
64 81 6312
64 82 5129
64 83 7366
64 84 12607
64 85 12760
64 86 15116
64 87 13982
64 88 14559
64 89 1869
64 90 16307
64 91 9559
64 92 8640
64 93 13187
64 94 11309
64 95 901
64 96 13907
64 97 7143
64 98 3491
64 99 3551
64 100 2673
64 101 2234
64 102 5290
64 103 11423
64 104 5039
64 105 6020
64 106 5994
64 107 2352
64 108 14846
64 109 8867
64 110 5380
64 111 825
64 112 3322
64 113 1628
64 114 7330
64 115 3372
64 116 10103
64 117 11782
64 118 12678
64 119 8724
64 120 2110
64 121 5635
64 122 10591
64 123 6472
64 124 2184
64 125 1803
64 126 5897
64 127 8180
64 128 1986
65 66 5545
65 67 14828
65 68 10381
65 69 9688
65 70 11481
65 71 719
65 72 13435
65 73 9507
65 74 13917
65 75 16255
65 76 9837
65 77 3812
65 78 11423
65 79 2580
65 80 14992
65 81 2577
65 82 4639
65 83 7326
65 84 15276
65 85 14621
65 86 1659
65 87 11416
65 88 16067
65 89 11140
65 90 1865
65 91 15050
65 92 1013
65 93 488
65 94 10604
65 95 11375
65 96 5758
65 97 12484
65 98 8416
65 99 2443
65 100 73
65 101 1507
65 102 4632
65 103 14133
65 104 11261
65 105 3376
65 106 13921
65 107 3391
65 108 7259
65 109 15381
65 110 10730
65 111 275
65 112 10975
65 113 14705
65 114 8629
65 115 1754
65 116 4716
65 117 5588
65 118 1646
65 119 10605
65 120 7276
65 121 8771
65 122 14590
65 123 8719
65 124 4723
65 125 3994
65 126 3179
65 127 16217
65 128 8367
66 67 8344
66 68 2530
66 69 9106
66 70 10238
66 71 6362
66 72 6665
66 73 11204
66 74 10576
66 75 11139
66 76 256
66 77 9613
66 78 7160
66 79 2813
66 80 7037
66 81 10420
66 82 3939
66 83 5438
66 84 4931
66 85 2580
66 86 14025
66 87 4565
66 88 11284
66 89 11770
66 90 1030
66 91 2448
66 92 13193
66 93 11167
66 94 15931
66 95 15092
66 96 14662
66 97 15503
66 98 12356
66 99 12414
66 100 14153
66 101 9406
66 102 2070
66 103 1605
66 104 4206
66 105 1033
66 106 15157
66 107 8016
66 108 1878
66 109 1158
66 110 1424
66 111 8215
66 112 13481
66 113 13550
66 114 9733
66 115 1283
66 116 9370
66 117 14846
66 118 9109
66 119 14665
66 120 424
66 121 15212
66 122 135
66 123 7577
66 124 6430
66 125 7693
66 126 10846
66 127 13089
66 128 1155
67 68 777
67 69 6594
67 70 11547
67 71 10902
67 72 8796
67 73 15458
67 74 8885
67 75 1291
67 76 1036
67 77 4291
67 78 5716
67 79 13974
67 80 7465
67 81 1601
67 82 13057
67 83 3208
67 84 8593
67 85 9629
67 86 2958
67 87 13570
67 88 13178
67 89 15275
67 90 10783
67 91 8875
67 92 892
67 93 13049
67 94 576
67 95 943
67 96 8282
67 97 7756
67 98 10354
67 99 2803
67 100 14959
67 101 9496
67 102 15184
67 103 3834
67 104 7182
67 105 14988
67 106 16295
67 107 6004
67 108 5495
67 109 3015
67 110 782
67 111 9327
67 112 10381
67 113 2205
67 114 5582
67 115 10783
67 116 14323
67 117 13558
67 118 4954
67 119 2013
67 120 2644
67 121 9075
67 122 2370
67 123 16302
67 124 3527
67 125 9125
67 126 14498
67 127 11948
67 128 7094
68 69 12986
68 70 2077
68 71 6601
68 72 15901
68 73 15308
68 74 12197
68 75 10511
68 76 12518
68 77 12068
68 78 7307
68 79 5543
68 80 824
68 81 8300
68 82 8455
68 83 4997
68 84 15240
68 85 14387
68 86 11928
68 87 10108
68 88 5607
68 89 4306
68 90 10387
68 91 2525
68 92 1395
68 93 10565
68 94 11519
68 95 1743
68 96 13974
68 97 1868
68 98 10618
68 99 5879
68 100 7254
68 101 656
68 102 9410
68 103 11730
68 104 12237
68 105 13910
68 106 15443
68 107 5483
68 108 12736
68 109 11479
68 110 2211
68 111 2579
68 112 13454
68 113 16090
68 114 13610
68 115 7870
68 116 2814
68 117 1742
68 118 2140
68 119 11671
68 120 9096
68 121 14207
68 122 11567
68 123 3945
68 124 16358
68 125 4195
68 126 7272
68 127 15250
68 128 12003
69 70 6320
69 71 8989
69 72 11166
69 73 10285
69 74 4749
69 75 6132
69 76 13554
69 77 14240
69 78 1702
69 79 15143
69 80 601
69 81 3251
69 82 7765
69 83 12397
69 84 4862
69 85 6690
69 86 1450
69 87 11379
69 88 660
69 89 1823
69 90 12775
69 91 4043
69 92 4771
69 93 4065
69 94 7915
69 95 10682
69 96 11047
69 97 2
69 98 5145
69 99 334
69 100 12249
69 101 14877
69 102 15667
69 103 3
69 104 1623
69 105 8048
69 106 5451
69 107 2227
69 108 488
69 109 6555
69 110 3982
69 111 10941
69 112 9504
69 113 12962
69 114 12639
69 115 8854
69 116 961
69 117 5433
69 118 8094
69 119 14645
69 120 3734
69 121 5587
69 122 5497
69 123 4862
69 124 12566
69 125 13257
69 126 2442
69 127 15140
69 128 13737
70 71 7814
70 72 8195
70 73 8000
70 74 1943
70 75 2435
70 76 13201
70 77 9380
70 78 13198
70 79 5528
70 80 3728
70 81 11062
70 82 12172
70 83 1449
70 84 6412
70 85 5253
70 86 7686
70 87 10481
70 88 3000
70 89 1154
70 90 5493
70 91 12134
70 92 12697
70 93 11492
70 94 12091
70 95 14787
70 96 15650
70 97 274
70 98 14338
70 99 13350
70 100 5551
70 101 10850
70 102 862
70 103 2077
70 104 9799
70 105 34
70 106 8101
70 107 3448
70 108 912
70 109 12601
70 110 3306
70 111 11601
70 112 6962
70 113 14202
70 114 981
70 115 15931
70 116 2492
70 117 10493
70 118 2696
70 119 11981
70 120 15597
70 121 6803
70 122 13263
70 123 15282
70 124 7181
70 125 13552
70 126 9730
70 127 16199
70 128 6552
71 72 610
71 73 3648
71 74 12756
71 75 2467
71 76 10453
71 77 11163
71 78 16339
71 79 6950
71 80 7899
71 81 5364
71 82 5586
71 83 13219
71 84 300
71 85 9168
71 86 99
71 87 8811
71 88 12267
71 89 14364
71 90 7153
71 91 7324
71 92 7232
71 93 15332
71 94 15052
71 95 16063
71 96 6108
71 97 14412
71 98 14460
71 99 16152
71 100 16218
71 101 6617
71 102 6736
71 103 2829
71 104 13660
71 105 6648
71 106 15663
71 107 12099
71 108 14885
71 109 15584
71 110 221
71 111 4955
71 112 4617
71 113 4353
71 114 8949
71 115 14454
71 116 6219
71 117 11148
71 118 486
71 119 2050
71 120 7525
71 121 16131
71 122 3680
71 123 7989
71 124 15853
71 125 137
71 126 10630
71 127 4086
71 128 1886
72 73 14181
72 74 14394
72 75 6158
72 76 13442
72 77 13183
72 78 14287
72 79 4119
72 80 3890
72 81 1180
72 82 1272
72 83 5071
72 84 2133
72 85 9593
72 86 14633
72 87 11829
72 88 12683
72 89 9862
72 90 9027
72 91 482
72 92 1919
72 93 11681
72 94 4498
72 95 8547
72 96 9800
72 97 1005
72 98 979
72 99 4308
72 100 3339
72 101 14992
72 102 14745
72 103 9457
72 104 9208
72 105 9756
72 106 10714
72 107 9346
72 108 2342
72 109 525
72 110 11761
72 111 14043
72 112 2368
72 113 6731
72 114 6683
72 115 1223
72 116 8007
72 117 5473
72 118 13803
72 119 1516
72 120 14766
72 121 1434
72 122 3855
72 123 15759
72 124 10061
72 125 4623
72 126 5501
72 127 13765
72 128 10354
73 74 6661
73 75 9393
73 76 6654
73 77 14083
73 78 13922
73 79 12593
73 80 8743
73 81 13873
73 82 14369
73 83 6999
73 84 8473
73 85 3648
73 86 14196
73 87 1518
73 88 3798
73 89 10579
73 90 15026
73 91 13123
73 92 14385
73 93 5937
73 94 6847
73 95 12338
73 96 12410
73 97 1941
73 98 15995
73 99 4073
73 100 12490
73 101 185
73 102 9952
73 103 10455
73 104 12159
73 105 11395
73 106 6269
73 107 9469
73 108 1971
73 109 1389
73 110 7322
73 111 1573
73 112 12798
73 113 14339
73 114 15822
73 115 12562
73 116 11255
73 117 2578
73 118 12292
73 119 4269
73 120 9881
73 121 4286
73 122 12656
73 123 15231
73 124 6468
73 125 3803
73 126 3089
73 127 7291
73 128 3720
74 75 15115
74 76 10509
74 77 14777
74 78 3446
74 79 4395
74 80 2763
74 81 2050
74 82 3038
74 83 3912
74 84 3750
74 85 10016
74 86 12297
74 87 1992
74 88 11594
74 89 2116
74 90 7806
74 91 15700
74 92 8557
74 93 3756
74 94 14182
74 95 5096
74 96 2982
74 97 15752
74 98 16117
74 99 1383
74 100 8563
74 101 969
74 102 12415
74 103 10975
74 104 15963
74 105 4476
74 106 649
74 107 2064
74 108 6079
74 109 6567
74 110 288
74 111 12336
74 112 5354
74 113 295
74 114 350
74 115 11470
74 116 1777
74 117 10732
74 118 6011
74 119 15758
74 120 2345
74 121 716
74 122 563
74 123 2151
74 124 11168
74 125 11089
74 126 15226
74 127 10072
74 128 16254
75 76 12637
75 77 11350
75 78 10747
75 79 8325
75 80 1338
75 81 15014
75 82 11228
75 83 11436
75 84 12597
75 85 13029
75 86 8886
75 87 8958
75 88 84
75 89 14782
75 90 14080
75 91 14234
75 92 9617
75 93 15892
75 94 127
75 95 9103
75 96 10387
75 97 3698
75 98 7031
75 99 12755
75 100 9369
75 101 1856
75 102 369
75 103 13342
75 104 2342
75 105 3595
75 106 2610
75 107 10346
75 108 9210
75 109 1501
75 110 8843
75 111 144
75 112 3168
75 113 1700
75 114 6400
75 115 7901
75 116 3619
75 117 9852
75 118 2707
75 119 4569
75 120 13999
75 121 5721
75 122 13610
75 123 10388
75 124 15805
75 125 11571
75 126 5317
75 127 2749
75 128 6354
76 77 9451
76 78 8755
76 79 9344
76 80 14341
76 81 14983
76 82 604
76 83 8916
76 84 2293
76 85 12013
76 86 15597
76 87 117
76 88 15207
76 89 15746
76 90 7546
76 91 15051
76 92 3798
76 93 8230
76 94 7661
76 95 1342
76 96 8884
76 97 16033
76 98 10095
76 99 7884
76 100 14398
76 101 2548
76 102 10108
76 103 15887
76 104 10503
76 105 10476
76 106 16017
76 107 10057
76 108 14929
76 109 11504
76 110 8312
76 111 7765
76 112 5764
76 113 11705
76 114 2806
76 115 14599
76 116 1225
76 117 5404
76 118 2755
76 119 1426
76 120 9007
76 121 2306
76 122 7299
76 123 12903
76 124 7785
76 125 3201
76 126 11937
76 127 1934
76 128 10891
77 78 6511
77 79 1853
77 80 14192
77 81 9207
77 82 677
77 83 15072
77 84 13335
77 85 4038
77 86 12203
77 87 13894
77 88 13190
77 89 7774
77 90 11085
77 91 7671
77 92 6990
77 93 7793
77 94 3056
77 95 6597
77 96 9645
77 97 8930
77 98 10300
77 99 709
77 100 9464
77 101 3056
77 102 6945
77 103 10528
77 104 7660
77 105 10219
77 106 1875
77 107 9192
77 108 4153
77 109 14760
77 110 4589
77 111 12367
77 112 14571
77 113 157
77 114 10830
77 115 14621
77 116 4420
77 117 9067
77 118 12914
77 119 8661
77 120 3730
77 121 11804
77 122 4360
77 123 2877
77 124 2956
77 125 1375
77 126 9381
77 127 11637
77 128 8251
78 79 11157
78 80 3921
78 81 10549
78 82 13688
78 83 10462
78 84 4031
78 85 9428
78 86 14560
78 87 11686
78 88 5595
78 89 3535
78 90 4512
78 91 4849
78 92 5784
78 93 2397
78 94 5807
78 95 16260
78 96 3232
78 97 8484
78 98 1112
78 99 12111
78 100 11842
78 101 7148
78 102 2627
78 103 4224
78 104 8854
78 105 11481
78 106 911
78 107 8328
78 108 13466
78 109 2242
78 110 1668
78 111 4944
78 112 9545
78 113 3860
78 114 15259
78 115 659
78 116 14718
78 117 1609
78 118 1691
78 119 2042
78 120 3984
78 121 7084
78 122 514
78 123 3488
78 124 2845
78 125 5334
78 126 7038
78 127 524
78 128 13518
79 80 11229
79 81 218
79 82 11521
79 83 8615
79 84 6754
79 85 12041
79 86 10125
79 87 1101
79 88 8545
79 89 15139
79 90 839
79 91 4059
79 92 1455
79 93 11324
79 94 16354
79 95 4865
79 96 15925
79 97 12750
79 98 8542
79 99 15729
79 100 4838
79 101 7414
79 102 13857
79 103 9658
79 104 10523
79 105 3711
79 106 7406
79 107 783
79 108 13431
79 109 9059
79 110 10826
79 111 4068
79 112 4698
79 113 9976
79 114 15340
79 115 3526
79 116 4134
79 117 14883
79 118 194
79 119 4328
79 120 16169
79 121 1240
79 122 11520
79 123 4890
79 124 5798
79 125 14161
79 126 3685
79 127 7867
79 128 8170
80 81 4208
80 82 1147
80 83 10725
80 84 6966
80 85 11897
80 86 12784
80 87 4645
80 88 4543
80 89 6773
80 90 4217
80 91 3514
80 92 8822
80 93 14205
80 94 9687
80 95 10344
80 96 6653
80 97 16262
80 98 12925
80 99 8244
80 100 13148
80 101 15658
80 102 10738
80 103 7050
80 104 10956
80 105 3019
80 106 12617
80 107 5233
80 108 7894
80 109 7897
80 110 4385
80 111 5550
80 112 15443
80 113 4515
80 114 1406
80 115 15488
80 116 3022
80 117 1212
80 118 5487
80 119 2666
80 120 397
80 121 3393
80 122 1586
80 123 14066
80 124 6682
80 125 5076
80 126 8745
80 127 14356
80 128 11308
81 82 4633
81 83 5503
81 84 16071
81 85 2068
81 86 31
81 87 10867
81 88 5680
81 89 13031
81 90 624
81 91 14869
81 92 54
81 93 5344
81 94 2457
81 95 1867
81 96 10963
81 97 8546
81 98 15414
81 99 3718
81 100 2061
81 101 1102
81 102 9702
81 103 3939
81 104 8192
81 105 2745
81 106 9929
81 107 8881
81 108 12908
81 109 3319
81 110 2837
81 111 15808
81 112 4940
81 113 9459
81 114 4790
81 115 12808
81 116 6909
81 117 3436
81 118 11847
81 119 2052
81 120 11879
81 121 7025
81 122 12549
81 123 13142
81 124 1569
81 125 7917
81 126 7861
81 127 8599
81 128 15513
82 83 7708
82 84 12453
82 85 4523
82 86 5415
82 87 2638
82 88 1378
82 89 1594
82 90 2228
82 91 3007
82 92 4639
82 93 6582
82 94 13971
82 95 6349
82 96 7703
82 97 4553
82 98 11220
82 99 10790
82 100 14490
82 101 1779
82 102 15269
82 103 13638
82 104 15984
82 105 300
82 106 9726
82 107 14816
82 108 4818
82 109 3675
82 110 14154
82 111 6600
82 112 5667
82 113 1089
82 114 3602
82 115 6821
82 116 3525
82 117 15266
82 118 2084
82 119 951
82 120 1430
82 121 3863
82 122 15296
82 123 1185
82 124 989
82 125 12204
82 126 6237
82 127 5054
82 128 16363
83 84 3328
83 85 7120
83 86 3342
83 87 7022
83 88 11298
83 89 7311
83 90 4206
83 91 14625
83 92 2879
83 93 193
83 94 13999
83 95 14242
83 96 1139
83 97 10457
83 98 15850
83 99 14340
83 100 4737
83 101 8230
83 102 9960
83 103 20
83 104 5065
83 105 13004
83 106 8547
83 107 16103
83 108 9051
83 109 9612
83 110 6166
83 111 13830
83 112 667
83 113 2222
83 114 7228
83 115 4650
83 116 9354
83 117 13605
83 118 3769
83 119 12099
83 120 8128
83 121 5056
83 122 14775
83 123 1918
83 124 2113
83 125 2986
83 126 11566
83 127 1439
83 128 10706
84 85 14056
84 86 8749
84 87 1959
84 88 4924
84 89 2888
84 90 12179
84 91 13120
84 92 13966
84 93 13301
84 94 16295
84 95 7856
84 96 10805
84 97 14632
84 98 7195
84 99 6020
84 100 15285
84 101 5598
84 102 14046
84 103 12290
84 104 14132
84 105 11778
84 106 3572
84 107 3507
84 108 6023
84 109 6638
84 110 3641
84 111 12645
84 112 13459
84 113 1581
84 114 10633
84 115 11592
84 116 4937
84 117 4104
84 118 4756
84 119 11905
84 120 4304
84 121 15818
84 122 6821
84 123 10425
84 124 2862
84 125 11539
84 126 5644
84 127 4931
84 128 13166
85 86 11053
85 87 7575
85 88 4501
85 89 10673
85 90 10971
85 91 7123
85 92 12020
85 93 7554
85 94 4667
85 95 102
85 96 11336
85 97 12079
85 98 9598
85 99 9763
85 100 6224
85 101 12424
85 102 12896
85 103 7522
85 104 3637
85 105 10486
85 106 7585
85 107 2399
85 108 12549
85 109 15021
85 110 9719
85 111 6773
85 112 1642
85 113 6831
85 114 3519
85 115 14860
85 116 2107
85 117 6165
85 118 8987
85 119 6420
85 120 14454
85 121 11162
85 122 292
85 123 9361
85 124 15555
85 125 6919
85 126 3811
85 127 9925
85 128 1492
86 87 6787
86 88 981
86 89 9355
86 90 14739
86 91 10309
86 92 13786
86 93 10676
86 94 16095
86 95 11765
86 96 1787
86 97 13620
86 98 4421
86 99 2589
86 100 6949
86 101 4962
86 102 13447
86 103 3419
86 104 16178
86 105 12612
86 106 4144
86 107 14618
86 108 16167
86 109 3835
86 110 15240
86 111 8392
86 112 5931
86 113 5983
86 114 2547
86 115 3240
86 116 11683
86 117 433
86 118 7999
86 119 2230
86 120 11568
86 121 6306
86 122 11680
86 123 15566
86 124 795
86 125 11659
86 126 4311
86 127 3087
86 128 14705
87 88 9141
87 89 8431
87 90 16176
87 91 10892
87 92 6107
87 93 14595
87 94 14221
87 95 14322
87 96 3367
87 97 1245
87 98 14558
87 99 8408
87 100 6283
87 101 13458
87 102 15689
87 103 12971
87 104 2931
87 105 11829
87 106 14293
87 107 4677
87 108 2088
87 109 12099
87 110 8453
87 111 14738
87 112 7655
87 113 8152
87 114 695
87 115 9411
87 116 10235
87 117 5438
87 118 11462
87 119 8874
87 120 11374
87 121 12564
87 122 10669
87 123 14956
87 124 14161
87 125 9625
87 126 9334
87 127 4405
87 128 456
88 89 4216
88 90 5208
88 91 14875
88 92 10531
88 93 7135
88 94 4846
88 95 1058
88 96 10008
88 97 13530
88 98 7442
88 99 10088
88 100 9328
88 101 6915
88 102 14712
88 103 13002
88 104 9570
88 105 7062
88 106 3742
88 107 3159
88 108 10246
88 109 5996
88 110 15215
88 111 7076
88 112 10766
88 113 884
88 114 12592
88 115 1782
88 116 3439
88 117 15998
88 118 5379
88 119 5752
88 120 14927
88 121 10343
88 122 3728
88 123 3108
88 124 6498
88 125 14606
88 126 1490
88 127 12977
88 128 13501
89 90 13078
89 91 7264
89 92 3377
89 93 14602
89 94 10501
89 95 9664
89 96 6637
89 97 12206
89 98 12881
89 99 3088
89 100 5698
89 101 8898
89 102 14824
89 103 2012
89 104 12251
89 105 10413
89 106 11203
89 107 8054
89 108 3668
89 109 1144
89 110 12109
89 111 8317
89 112 10378
89 113 10494
89 114 9438
89 115 1033
89 116 6230
89 117 15546
89 118 4202
89 119 1296
89 120 5472
89 121 8168
89 122 3720
89 123 7972
89 124 12151
89 125 5489
89 126 1135
89 127 7302
89 128 15124
90 91 10748
90 92 6401
90 93 9130
90 94 15151
90 95 4563
90 96 12700
90 97 5343
90 98 9503
90 99 4529
90 100 5732
90 101 13212
90 102 675
90 103 2197
90 104 14785
90 105 5597
90 106 2200
90 107 10689
90 108 2300
90 109 14518
90 110 661
90 111 12055
90 112 386
90 113 7826
90 114 10292
90 115 10660
90 116 8615
90 117 6908
90 118 12031
90 119 5656
90 120 9254
90 121 4497
90 122 9894
90 123 4173
90 124 13249
90 125 6199
90 126 13276
90 127 12827
90 128 12550
91 92 14067
91 93 6787
91 94 5723
91 95 3157
91 96 15335
91 97 16130
91 98 13585
91 99 10599
91 100 4027
91 101 1771
91 102 818
91 103 1790
91 104 16350
91 105 10303
91 106 6414
91 107 2489
91 108 15411
91 109 4303
91 110 1623
91 111 1150
91 112 3024
91 113 14700
91 114 12009
91 115 13885
91 116 4092
91 117 14385
91 118 16086
91 119 3620
91 120 14680
91 121 12020
91 122 3534
91 123 1367
91 124 2087
91 125 11885
91 126 4177
91 127 5908
91 128 6566
92 93 7400
92 94 14576
92 95 6308
92 96 2656
92 97 9816
92 98 2988
92 99 1508
92 100 3483
92 101 1429
92 102 13685
92 103 11122
92 104 3910
92 105 1906
92 106 9395
92 107 13985
92 108 10845
92 109 13044
92 110 3061
92 111 14326
92 112 5882
92 113 2810
92 114 8227
92 115 7155
92 116 9931
92 117 7356
92 118 7243
92 119 15080
92 120 5474
92 121 5724
92 122 15199
92 123 12425
92 124 12025
92 125 2651
92 126 3795
92 127 10765
92 128 10962
93 94 10391
93 95 4152
93 96 3634
93 97 4717
93 98 11772
93 99 10979
93 100 8889
93 101 1703
93 102 1600
93 103 4003
93 104 9092
93 105 11907
93 106 6986
93 107 10014
93 108 682
93 109 9627
93 110 4762
93 111 15862
93 112 12819
93 113 11920
93 114 14436
93 115 4870
93 116 5199
93 117 14288
93 118 3057
93 119 999
93 120 16029
93 121 2097
93 122 1213
93 123 7040
93 124 14560
93 125 120
93 126 8697
93 127 3812
93 128 450
94 95 1983
94 96 14215
94 97 1314
94 98 15217
94 99 10764
94 100 15220
94 101 887
94 102 4451
94 103 14414
94 104 14935
94 105 5126
94 106 15563
94 107 13704
94 108 14387
94 109 6529
94 110 11706
94 111 3189
94 112 3473
94 113 10506
94 114 2872
94 115 6681
94 116 15599
94 117 6212
94 118 5676
94 119 10162
94 120 4805
94 121 11624
94 122 15433
94 123 12135
94 124 9446
94 125 2884
94 126 1122
94 127 5503
94 128 9030
95 96 14843
95 97 5294
95 98 14192
95 99 6180
95 100 3927
95 101 14385
95 102 7772
95 103 14003
95 104 5578
95 105 3617
95 106 11739
95 107 1260
95 108 6949
95 109 8792
95 110 6271
95 111 11508
95 112 14617
95 113 1032
95 114 1042
95 115 7119
95 116 7889
95 117 5061
95 118 15902
95 119 12390
95 120 1984
95 121 16270
95 122 6174
95 123 1988
95 124 15723
95 125 4122
95 126 14136
95 127 2228
95 128 867
96 97 7902
96 98 11513
96 99 7383
96 100 8465
96 101 656
96 102 11387
96 103 16384
96 104 2102
96 105 759
96 106 15766
96 107 8145
96 108 15683
96 109 1990
96 110 9233
96 111 7878
96 112 2913
96 113 2733
96 114 11321
96 115 6314
96 116 9024
96 117 9589
96 118 12820
96 119 3867
96 120 1182
96 121 6176
96 122 9444
96 123 11451
96 124 7920
96 125 5909
96 126 2854
96 127 10686
96 128 8472
97 98 6998
97 99 9103
97 100 10275
97 101 13956
97 102 8931
97 103 13489
97 104 13021
97 105 7353
97 106 6752
97 107 11644
97 108 5513
97 109 3721
97 110 6681
97 111 13010
97 112 15335
97 113 7063
97 114 14365
97 115 3939
97 116 14175
97 117 8799
97 118 4303
97 119 15782
97 120 13869
97 121 13640
97 122 7197
97 123 9933
97 124 8814
97 125 10229
97 126 12177
97 127 1719
97 128 550
98 99 6270
98 100 3362
98 101 16061
98 102 6255
98 103 3299
98 104 791
98 105 9124
98 106 694
98 107 12716
98 108 298
98 109 7127
98 110 912
98 111 12796
98 112 16089
98 113 14769
98 114 7309
98 115 1815
98 116 12647
98 117 9397
98 118 7809
98 119 13452
98 120 15159
98 121 6184
98 122 1578
98 123 2416
98 124 10028
98 125 2290
98 126 980
98 127 15121
98 128 1747
99 100 4617
99 101 3001
99 102 464
99 103 5877
99 104 3376
99 105 12958
99 106 859
99 107 6518
99 108 7643
99 109 1506
99 110 410
99 111 15215
99 112 10198
99 113 2810
99 114 10865
99 115 14410
99 116 6563
99 117 10970
99 118 2416
99 119 6381
99 120 8465
99 121 11572
99 122 2552
99 123 11232
99 124 12942
99 125 14409
99 126 7475
99 127 9290
99 128 556
100 101 8043
100 102 8721
100 103 11943
100 104 8976
100 105 9764
100 106 14960
100 107 1194
100 108 15681
100 109 11814
100 110 2791
100 111 12556
100 112 7947
100 113 10961
100 114 2934
100 115 11056
100 116 13304
100 117 11286
100 118 9332
100 119 12037
100 120 4163
100 121 15081
100 122 3375
100 123 14409
100 124 4191
100 125 11748
100 126 159
100 127 6283
100 128 13345
101 102 971
101 103 9064
101 104 10097
101 105 2914
101 106 14585
101 107 11939
101 108 11455
101 109 6291
101 110 13754
101 111 9906
101 112 11745
101 113 3963
101 114 11398
101 115 3960
101 116 15630
101 117 12798
101 118 8819
101 119 6982
101 120 14943
101 121 3803
101 122 5493
101 123 3437
101 124 13001
101 125 11465
101 126 2707
101 127 15797
101 128 15393
102 103 16023
102 104 6746
102 105 8218
102 106 7766
102 107 12411
102 108 13629
102 109 2281
102 110 14875
102 111 12407
102 112 12837
102 113 1199
102 114 14853
102 115 13602
102 116 11971
102 117 9320
102 118 12591
102 119 8067
102 120 7066
102 121 11384
102 122 9515
102 123 5124
102 124 620
102 125 8740
102 126 12494
102 127 11934
102 128 5449
103 104 13654
103 105 12773
103 106 3737
103 107 14647
103 108 12311
103 109 12762
103 110 10434
103 111 12580
103 112 1333
103 113 9908
103 114 15636
103 115 9040
103 116 12825
103 117 10791
103 118 6277
103 119 1032
103 120 13374
103 121 10023
103 122 12645
103 123 2730
103 124 791
103 125 10589
103 126 7688
103 127 14766
103 128 12553
104 105 5922
104 106 9357
104 107 3063
104 108 14897
104 109 12259
104 110 7758
104 111 15557
104 112 8144
104 113 7438
104 114 15770
104 115 2928
104 116 988
104 117 463
104 118 14195
104 119 6393
104 120 12463
104 121 2047
104 122 9189
104 123 115
104 124 8086
104 125 1334
104 126 12030
104 127 7169
104 128 15808
105 106 16179
105 107 14617
105 108 2800
105 109 12427
105 110 5328
105 111 4925
105 112 423
105 113 14900
105 114 7767
105 115 485
105 116 2798
105 117 8618
105 118 7568
105 119 5536
105 120 670
105 121 13461
105 122 500
105 123 1893
105 124 13091
105 125 15420
105 126 964
105 127 8004
105 128 7607
106 107 10297
106 108 15599
106 109 1732
106 110 11674
106 111 14393
106 112 7694
106 113 7606
106 114 5555
106 115 13082
106 116 15355
106 117 5425
106 118 10098
106 119 11167
106 120 5999
106 121 3862
106 122 10857
106 123 6174
106 124 3595
106 125 13819
106 126 7235
106 127 4096
106 128 15037
107 108 14479
107 109 4826
107 110 4695
107 111 10866
107 112 9029
107 113 9361
107 114 15905
107 115 12820
107 116 14932
107 117 13982
107 118 14086
107 119 6932
107 120 15153
107 121 4239
107 122 15156
107 123 7380
107 124 3964
107 125 13278
107 126 4520
107 127 1012
107 128 6787
108 109 15593
108 110 4249
108 111 10515
108 112 5060
108 113 5250
108 114 12506
108 115 2491
108 116 11251
108 117 12307
108 118 321
108 119 7063
108 120 1568
108 121 10203
108 122 5141
108 123 11465
108 124 6317
108 125 10305
108 126 8647
108 127 1557
108 128 13047
109 110 3342
109 111 8244
109 112 15427
109 113 4678
109 114 9812
109 115 9427
109 116 11803
109 117 7427
109 118 14698
109 119 11899
109 120 9081
109 121 4178
109 122 546
109 123 3141
109 124 15607
109 125 8060
109 126 6858
109 127 14622
109 128 11288
110 111 14794
110 112 13615
110 113 14179
110 114 15484
110 115 10883
110 116 685
110 117 15237
110 118 1641
110 119 9341
110 120 14706
110 121 7194
110 122 14434
110 123 13324
110 124 7885
110 125 3018
110 126 10765
110 127 13737
110 128 1503
111 112 12974
111 113 13412
111 114 14023
111 115 11527
111 116 15518
111 117 2997
111 118 16085
111 119 7373
111 120 4385
111 121 1542
111 122 16093
111 123 4472
111 124 12856
111 125 7757
111 126 12259
111 127 14972
111 128 10389
112 113 9932
112 114 13964
112 115 3449
112 116 14686
112 117 7818
112 118 1064
112 119 11054
112 120 9454
112 121 13839
112 122 5144
112 123 436
112 124 15071
112 125 13478
112 126 13821
112 127 5863
112 128 3531
113 114 5147
113 115 2479
113 116 7460
113 117 1006
113 118 7071
113 119 16004
113 120 3254
113 121 8995
113 122 4169
113 123 6808
113 124 10921
113 125 3786
113 126 8546
113 127 5643
113 128 2516
114 115 14015
114 116 9492
114 117 16233
114 118 6124
114 119 6926
114 120 12329
114 121 11126
114 122 10020
114 123 8556
114 124 10374
114 125 14059
114 126 2730
114 127 323
114 128 10363
115 116 6624
115 117 14109
115 118 3689
115 119 6438
115 120 2378
115 121 425
115 122 1736
115 123 14637
115 124 11068
115 125 7909
115 126 6175
115 127 4479
115 128 13865
116 117 12788
116 118 882
116 119 7819
116 120 14371
116 121 15041
116 122 11434
116 123 936
116 124 5755
116 125 12794
116 126 2652
116 127 1489
116 128 6150
117 118 11675
117 119 10672
117 120 11187
117 121 12427
117 122 2835
117 123 1612
117 124 8523
117 125 14251
117 126 9819
117 127 11528
117 128 9144
118 119 1165
118 120 9130
118 121 15320
118 122 275
118 123 11557
118 124 10281
118 125 11758
118 126 1953
118 127 7074
118 128 3780
119 120 11697
119 121 10191
119 122 1025
119 123 8145
119 124 9134
119 125 5904
119 126 9259
119 127 2886
119 128 6844
120 121 13291
120 122 4254
120 123 12182
120 124 12400
120 125 1254
120 126 7985
120 127 5653
120 128 8002
121 122 10396
121 123 4855
121 124 9358
121 125 8537
121 126 10222
121 127 2420
121 128 7059
122 123 15898
122 124 3103
122 125 3404
122 126 423
122 127 8787
122 128 3806
123 124 15104
123 125 8173
123 126 12408
123 127 4506
123 128 10171
124 125 10628
124 126 617
124 127 12942
124 128 15715
125 126 2178
125 127 7815
125 128 7401
126 127 3300
126 128 1783
127 128 13442
