32
1 2 816
1 3 950
1 4 232
1 5 354
1 6 712
1 7 487
1 8 445
1 9 39
1 10 564
1 11 140
1 12 984
1 13 410
1 14 891
1 15 103
1 16 729
1 17 393
1 18 498
1 19 988
1 20 938
1 21 647
1 22 959
1 23 738
1 24 694
1 25 644
1 26 686
1 27 200
1 28 754
1 29 151
1 30 741
1 31 261
1 32 38
2 3 189
2 4 191
2 5 900
2 6 563
2 7 270
2 8 853
2 9 687
2 10 226
2 11 607
2 12 217
2 13 461
2 14 499
2 15 876
2 16 22
2 17 912
2 18 785
2 19 335
2 20 384
2 21 907
2 22 822
2 23 805
2 24 221
2 25 54
2 26 65
2 27 859
2 28 405
2 29 511
2 30 364
2 31 394
2 32 363
3 4 672
3 5 694
3 6 231
3 7 1016
3 8 988
3 9 85
3 10 55
3 11 794
3 12 386
3 13 774
3 14 655
3 15 835
3 16 101
3 17 18
3 18 516
3 19 451
3 20 791
3 21 582
3 22 922
3 23 600
3 24 257
3 25 280
3 26 358
3 27 1010
3 28 60
3 29 457
3 30 687
3 31 400
3 32 286
4 5 110
4 6 1015
4 7 639
4 8 875
4 9 595
4 10 840
4 11 754
4 12 244
4 13 127
4 14 178
4 15 773
4 16 434
4 17 655
4 18 456
4 19 611
4 20 119
4 21 818
4 22 780
4 23 151
4 24 492
4 25 952
4 26 924
4 27 666
4 28 303
4 29 2
4 30 855
4 31 566
4 32 961
5 6 729
5 7 266
5 8 146
5 9 984
5 10 891
5 11 414
5 12 375
5 13 250
5 14 832
5 15 254
5 16 352
5 17 128
5 18 951
5 19 272
5 20 412
5 21 858
5 22 661
5 23 796
5 24 320
5 25 971
5 26 489
5 27 971
5 28 153
5 29 235
5 30 161
5 31 106
5 32 957
6 7 492
6 8 406
6 9 451
6 10 1014
6 11 496
6 12 940
6 13 430
6 14 720
6 15 388
6 16 887
6 17 166
6 18 85
6 19 43
6 20 367
6 21 75
6 22 67
6 23 601
6 24 815
6 25 869
6 26 684
6 27 690
6 28 70
6 29 953
6 30 136
6 31 92
6 32 37
7 8 897
7 9 159
7 10 23
7 11 710
7 12 179
7 13 418
7 14 1019
7 15 938
7 16 846
7 17 348
7 18 199
7 19 931
7 20 11
7 21 725
7 22 109
7 23 336
7 24 845
7 25 980
7 26 1003
7 27 894
7 28 560
7 29 965
7 30 583
7 31 845
7 32 273
8 9 725
8 10 553
8 11 183
8 12 960
8 13 891
8 14 320
8 15 514
8 16 950
8 17 714
8 18 815
8 19 509
8 20 741
8 21 738
8 22 269
8 23 469
8 24 219
8 25 367
8 26 912
8 27 395
8 28 463
8 29 620
8 30 292
8 31 573
8 32 37
9 10 373
9 11 313
9 12 185
9 13 227
9 14 729
9 15 165
9 16 420
9 17 273
9 18 985
9 19 555
9 20 651
9 21 903
9 22 468
9 23 681
9 24 181
9 25 76
9 26 507
9 27 344
9 28 122
9 29 408
9 30 783
9 31 718
9 32 662
10 11 4
10 12 280
10 13 940
10 14 45
10 15 647
10 16 471
10 17 359
10 18 918
10 19 766
10 20 893
10 21 621
10 22 295
10 23 861
10 24 134
10 25 139
10 26 971
10 27 496
10 28 132
10 29 178
10 30 704
10 31 381
10 32 614
11 12 154
11 13 329
11 14 290
11 15 998
11 16 833
11 17 926
11 18 153
11 19 127
11 20 806
11 21 987
11 22 519
11 23 993
11 24 1022
11 25 845
11 26 91
11 27 258
11 28 636
11 29 833
11 30 563
11 31 17
11 32 843
12 13 245
12 14 759
12 15 105
12 16 423
12 17 911
12 18 202
12 19 332
12 20 852
12 21 183
12 22 184
12 23 820
12 24 109
12 25 698
12 26 782
12 27 510
12 28 680
12 29 176
12 30 3
12 31 695
12 32 230
13 14 183
13 15 187
13 16 240
13 17 362
13 18 139
13 19 741
13 20 835
13 21 347
13 22 56
13 23 230
13 24 719
13 25 930
13 26 119
13 27 201
13 28 820
13 29 1021
13 30 92
13 31 610
13 32 266
14 15 163
14 16 851
14 17 509
14 18 128
14 19 182
14 20 458
14 21 431
14 22 776
14 23 18
14 24 474
14 25 365
14 26 654
14 27 310
14 28 851
14 29 9
14 30 475
14 31 230
14 32 712
15 16 436
15 17 367
15 18 698
15 19 864
15 20 266
15 21 843
15 22 666
15 23 557
15 24 23
15 25 212
15 26 589
15 27 528
15 28 894
15 29 880
15 30 112
15 31 702
15 32 73
16 17 125
16 18 844
16 19 770
16 20 673
16 21 722
16 22 665
16 23 630
16 24 452
16 25 1018
16 26 348
16 27 874
16 28 189
16 29 495
16 30 585
16 31 517
16 32 895
17 18 873
17 19 172
17 20 759
17 21 649
17 22 373
17 23 75
17 24 61
17 25 934
17 26 470
17 27 54
17 28 390
17 29 479
17 30 130
17 31 472
17 32 76
18 19 130
18 20 772
18 21 62
18 22 426
18 23 508
18 24 351
18 25 231
18 26 840
18 27 980
18 28 754
18 29 1
18 30 478
18 31 602
18 32 717
19 20 750
19 21 351
19 22 599
19 23 550
19 24 413
19 25 97
19 26 169
19 27 137
19 28 666
19 29 468
19 30 1006
19 31 456
19 32 437
20 21 849
20 22 721
20 23 279
20 24 680
20 25 679
20 26 295
20 27 669
20 28 832
20 29 446
20 30 235
20 31 205
20 32 366
21 22 956
21 23 407
21 24 543
21 25 162
21 26 62
21 27 292
21 28 397
21 29 309
21 30 782
21 31 119
21 32 952
22 23 627
22 24 236
22 25 10
22 26 563
22 27 955
22 28 215
22 29 768
22 30 100
22 31 5
22 32 118
23 24 725
23 25 352
23 26 44
23 27 211
23 28 767
23 29 37
23 30 830
23 31 235
23 32 518
24 25 395
24 26 94
24 27 332
24 28 522
24 29 993
24 30 683
24 31 656
24 32 383
25 26 124
25 27 608
25 28 458
25 29 1001
25 30 49
25 31 438
25 32 463
26 27 452
26 28 343
26 29 1021
26 30 771
26 31 548
26 32 349
27 28 695
27 29 125
27 30 118
27 31 518
27 32 795
28 29 577
28 30 706
28 31 987
28 32 166
29 30 282
29 31 577
29 32 489
30 31 484
30 32 634
31 32 277
