32
1 2 675
1 3 571
1 4 439
1 5 667
1 6 472
1 7 678
1 8 662
1 9 928
1 10 233
1 11 995
1 12 487
1 13 288
1 14 35
1 15 625
1 16 627
1 17 337
1 18 654
1 19 1016
1 20 846
1 21 496
1 22 2
1 23 44
1 24 288
1 25 577
1 26 947
1 27 312
1 28 594
1 29 395
1 30 339
1 31 542
1 32 120
2 3 628
2 4 502
2 5 238
2 6 211
2 7 190
2 8 169
2 9 296
2 10 782
2 11 431
2 12 313
2 13 332
2 14 353
2 15 788
2 16 669
2 17 412
2 18 629
2 19 825
2 20 896
2 21 923
2 22 848
2 23 31
2 24 580
2 25 501
2 26 214
2 27 645
2 28 359
2 29 969
2 30 736
2 31 658
2 32 31
3 4 368
3 5 882
3 6 427
3 7 288
3 8 467
3 9 921
3 10 790
3 11 644
3 12 415
3 13 314
3 14 210
3 15 457
3 16 604
3 17 248
3 18 42
3 19 919
3 20 627
3 21 141
3 22 944
3 23 828
3 24 410
3 25 181
3 26 303
3 27 375
3 28 180
3 29 27
3 30 851
3 31 118
3 32 364
4 5 972
4 6 296
4 7 604
4 8 949
4 9 119
4 10 937
4 11 90
4 12 1022
4 13 755
4 14 1018
4 15 977
4 16 594
4 17 199
4 18 152
4 19 470
4 20 1005
4 21 13
4 22 600
4 23 491
4 24 858
4 25 64
4 26 987
4 27 397
4 28 294
4 29 443
4 30 703
4 31 51
4 32 48
5 6 640
5 7 287
5 8 475
5 9 671
5 10 744
5 11 897
5 12 778
5 13 646
5 14 564
5 15 412
5 16 589
5 17 410
5 18 831
5 19 970
5 20 870
5 21 888
5 22 301
5 23 195
5 24 527
5 25 281
5 26 418
5 27 489
5 28 300
5 29 383
5 30 770
5 31 306
5 32 110
6 7 808
6 8 53
6 9 509
6 10 84
6 11 497
6 12 76
6 13 538
6 14 617
6 15 166
6 16 90
6 17 900
6 18 645
6 19 293
6 20 254
6 21 22
6 22 111
6 23 319
6 24 808
6 25 780
6 26 547
6 27 455
6 28 234
6 29 442
6 30 766
6 31 667
6 32 581
7 8 829
7 9 275
7 10 294
7 11 340
7 12 873
7 13 224
7 14 636
7 15 732
7 16 465
7 17 40
7 18 620
7 19 959
7 20 420
7 21 325
7 22 937
7 23 258
7 24 331
7 25 665
7 26 946
7 27 831
7 28 543
7 29 369
7 30 475
7 31 629
7 32 54
8 9 358
8 10 727
8 11 556
8 12 344
8 13 59
8 14 572
8 15 1012
8 16 439
8 17 572
8 18 741
8 19 655
8 20 169
8 21 328
8 22 746
8 23 787
8 24 717
8 25 200
8 26 350
8 27 141
8 28 826
8 29 792
8 30 201
8 31 320
8 32 739
9 10 778
9 11 867
9 12 615
9 13 105
9 14 417
9 15 354
9 16 774
9 17 269
9 18 159
9 19 716
9 20 318
9 21 524
9 22 107
9 23 412
9 24 783
9 25 942
9 26 120
9 27 274
9 28 543
9 29 672
9 30 434
9 31 920
9 32 653
10 11 748
10 12 924
10 13 762
10 14 275
10 15 630
10 16 375
10 17 307
10 18 945
10 19 664
10 20 177
10 21 188
10 22 81
10 23 934
10 24 557
10 25 55
10 26 372
10 27 166
10 28 351
10 29 614
10 30 220
10 31 611
10 32 892
11 12 367
11 13 722
11 14 245
11 15 719
11 16 438
11 17 660
11 18 694
11 19 896
11 20 490
11 21 259
11 22 853
11 23 798
11 24 171
11 25 395
11 26 590
11 27 665
11 28 69
11 29 348
11 30 588
11 31 942
11 32 917
12 13 306
12 14 198
12 15 171
12 16 687
12 17 779
12 18 153
12 19 935
12 20 4
12 21 607
12 22 832
12 23 963
12 24 726
12 25 44
12 26 941
12 27 229
12 28 911
12 29 976
12 30 1019
12 31 349
12 32 1002
13 14 634
13 15 447
13 16 607
13 17 544
13 18 339
13 19 768
13 20 745
13 21 825
13 22 770
13 23 713
13 24 619
13 25 527
13 26 611
13 27 357
13 28 478
13 29 37
13 30 589
13 31 758
13 32 769
14 15 79
14 16 322
14 17 680
14 18 282
14 19 550
14 20 458
14 21 620
14 22 502
14 23 45
14 24 866
14 25 297
14 26 1014
14 27 294
14 28 113
14 29 368
14 30 501
14 31 681
14 32 657
15 16 726
15 17 983
15 18 711
15 19 666
15 20 32
15 21 577
15 22 175
15 23 886
15 24 238
15 25 650
15 26 1015
15 27 244
15 28 418
15 29 122
15 30 428
15 31 542
15 32 313
16 17 554
16 18 40
16 19 648
16 20 777
16 21 752
16 22 761
16 23 100
16 24 526
16 25 586
16 26 569
16 27 341
16 28 678
16 29 679
16 30 186
16 31 522
16 32 165
17 18 917
17 19 499
17 20 9
17 21 628
17 22 656
17 23 871
17 24 659
17 25 479
17 26 122
17 27 63
17 28 900
17 29 152
17 30 585
17 31 607
17 32 53
18 19 457
18 20 642
18 21 523
18 22 271
18 23 434
18 24 217
18 25 303
18 26 368
18 27 394
18 28 821
18 29 990
18 30 78
18 31 287
18 32 188
19 20 128
19 21 412
19 22 615
19 23 197
19 24 76
19 25 1009
19 26 773
19 27 575
19 28 710
19 29 70
19 30 370
19 31 713
19 32 294
20 21 825
20 22 49
20 23 742
20 24 428
20 25 759
20 26 812
20 27 600
20 28 1003
20 29 566
20 30 350
20 31 743
20 32 886
21 22 334
21 23 812
21 24 655
21 25 438
21 26 450
21 27 180
21 28 494
21 29 646
21 30 896
21 31 107
21 32 206
22 23 810
22 24 822
22 25 577
22 26 413
22 27 951
22 28 903
22 29 194
22 30 870
22 31 427
22 32 65
23 24 840
23 25 595
23 26 278
23 27 630
23 28 639
23 29 778
23 30 1000
23 31 676
23 32 835
24 25 546
24 26 610
24 27 640
24 28 228
24 29 506
24 30 783
24 31 688
24 32 165
25 26 403
25 27 718
25 28 251
25 29 989
25 30 977
25 31 685
25 32 692
26 27 220
26 28 938
26 29 493
26 30 938
26 31 743
26 32 444
27 28 184
27 29 489
27 30 990
27 31 664
27 32 878
28 29 951
28 30 133
28 31 336
28 32 187
29 30 423
29 31 605
29 32 792
30 31 329
30 32 160
31 32 640
