64
1 2 275
1 3 3905
1 4 895
1 5 1910
1 6 474
1 7 252
1 8 725
1 9 1453
1 10 3754
1 11 366
1 12 1611
1 13 2979
1 14 2761
1 15 1789
1 16 2883
1 17 3140
1 18 2046
1 19 1376
1 20 911
1 21 481
1 22 1525
1 23 1124
1 24 2289
1 25 3120
1 26 3398
1 27 3549
1 28 3701
1 29 1507
1 30 103
1 31 22
1 32 515
1 33 3514
1 34 3880
1 35 6
1 36 3597
1 37 2117
1 38 678
1 39 3446
1 40 4072
1 41 3613
1 42 328
1 43 3390
1 44 3734
1 45 412
1 46 3020
1 47 1749
1 48 1925
1 49 3692
1 50 3487
1 51 2627
1 52 3726
1 53 1769
1 54 2320
1 55 1146
1 56 3678
1 57 148
1 58 1364
1 59 44
1 60 1815
1 61 294
1 62 3489
1 63 2031
1 64 3291
2 3 2684
2 4 614
2 5 3433
2 6 36
2 7 2120
2 8 2045
2 9 3178
2 10 2636
2 11 2854
2 12 2800
2 13 2530
2 14 2223
2 15 3388
2 16 995
2 17 281
2 18 261
2 19 3588
2 20 2425
2 21 3824
2 22 276
2 23 711
2 24 3884
2 25 2294
2 26 3722
2 27 107
2 28 3760
2 29 2409
2 30 2948
2 31 1502
2 32 1706
2 33 3787
2 34 2331
2 35 2481
2 36 3577
2 37 2312
2 38 689
2 39 815
2 40 3282
2 41 2638
2 42 2393
2 43 1828
2 44 1831
2 45 2736
2 46 2608
2 47 2228
2 48 2308
2 49 3092
2 50 1163
2 51 3718
2 52 1191
2 53 2574
2 54 3988
2 55 3551
2 56 3427
2 57 1602
2 58 3047
2 59 318
2 60 2572
2 61 1132
2 62 1651
2 63 1577
2 64 478
3 4 2801
3 5 778
3 6 3014
3 7 2387
3 8 3962
3 9 3126
3 10 3316
3 11 2066
3 12 4057
3 13 1050
3 14 1825
3 15 441
3 16 585
3 17 1180
3 18 1018
3 19 370
3 20 1929
3 21 3820
3 22 490
3 23 2134
3 24 3553
3 25 996
3 26 706
3 27 3779
3 28 2893
3 29 1920
3 30 4006
3 31 3345
3 32 2215
3 33 3108
3 34 1377
3 35 877
3 36 1199
3 37 3590
3 38 3903
3 39 2839
3 40 2930
3 41 48
3 42 2789
3 43 2292
3 44 2916
3 45 1854
3 46 1339
3 47 168
3 48 1825
3 49 1452
3 50 322
3 51 787
3 52 434
3 53 587
3 54 2526
3 55 658
3 56 1220
3 57 2098
3 58 4070
3 59 7
3 60 3102
3 61 4027
3 62 2501
3 63 3873
3 64 2792
4 5 3056
4 6 2440
4 7 2892
4 8 881
4 9 198
4 10 797
4 11 3168
4 12 32
4 13 167
4 14 1339
4 15 3788
4 16 1940
4 17 3581
4 18 2326
4 19 3321
4 20 3569
4 21 3321
4 22 2854
4 23 1858
4 24 2796
4 25 3940
4 26 3608
4 27 3791
4 28 2136
4 29 3695
4 30 2871
4 31 3388
4 32 216
4 33 1409
4 34 2507
4 35 2069
4 36 3981
4 37 1743
4 38 4046
4 39 4083
4 40 3616
4 41 2765
4 42 3809
4 43 96
4 44 3469
4 45 253
4 46 1570
4 47 1735
4 48 234
4 49 2167
4 50 247
4 51 1587
4 52 1058
4 53 3756
4 54 2973
4 55 721
4 56 1822
4 57 2209
4 58 2270
4 59 2030
4 60 830
4 61 3598
4 62 2656
4 63 663
4 64 2886
5 6 898
5 7 251
5 8 2122
5 9 1362
5 10 2362
5 11 3292
5 12 3708
5 13 2031
5 14 1274
5 15 3191
5 16 1547
5 17 3699
5 18 2498
5 19 3011
5 20 2366
5 21 2816
5 22 3814
5 23 736
5 24 1676
5 25 2018
5 26 2365
5 27 3717
5 28 2848
5 29 2607
5 30 2882
5 31 2360
5 32 2883
5 33 2211
5 34 3158
5 35 3371
5 36 1092
5 37 2501
5 38 3874
5 39 2579
5 40 2424
5 41 359
5 42 3730
5 43 3164
5 44 2110
5 45 1417
5 46 815
5 47 2060
5 48 240
5 49 3220
5 50 1838
5 51 293
5 52 3392
5 53 908
5 54 3588
5 55 1773
5 56 983
5 57 1693
5 58 1309
5 59 646
5 60 614
5 61 2832
5 62 1151
5 63 2666
5 64 3661
6 7 3795
6 8 625
6 9 1587
6 10 944
6 11 2717
6 12 1815
6 13 356
6 14 2116
6 15 3867
6 16 3697
6 17 1568
6 18 4094
6 19 3715
6 20 356
6 21 3679
6 22 3721
6 23 2825
6 24 3828
6 25 9
6 26 1680
6 27 1729
6 28 2512
6 29 310
6 30 4033
6 31 318
6 32 2522
6 33 2106
6 34 638
6 35 3941
6 36 3998
6 37 2125
6 38 2102
6 39 918
6 40 2444
6 41 2796
6 42 3951
6 43 1828
6 44 792
6 45 1969
6 46 2259
6 47 529
6 48 853
6 49 1944
6 50 532
6 51 3355
6 52 2882
6 53 2328
6 54 1359
6 55 2760
6 56 1042
6 57 3683
6 58 946
6 59 3431
6 60 3284
6 61 1794
6 62 3403
6 63 3158
6 64 1446
7 8 628
7 9 2767
7 10 2986
7 11 2336
7 12 3354
7 13 2452
7 14 2772
7 15 1806
7 16 1004
7 17 2552
7 18 1967
7 19 3682
7 20 4003
7 21 873
7 22 518
7 23 3124
7 24 2592
7 25 3634
7 26 1925
7 27 3617
7 28 3260
7 29 1375
7 30 1467
7 31 1765
7 32 910
7 33 2553
7 34 3040
7 35 3904
7 36 1526
7 37 1147
7 38 1317
7 39 1859
7 40 3827
7 41 2243
7 42 1987
7 43 1255
7 44 1280
7 45 821
7 46 1439
7 47 3341
7 48 726
7 49 2611
7 50 531
7 51 3038
7 52 3415
7 53 250
7 54 1763
7 55 3615
7 56 195
7 57 3324
7 58 4033
7 59 3678
7 60 3348
7 61 2756
7 62 1775
7 63 2809
7 64 2076
8 9 1878
8 10 155
8 11 3827
8 12 3290
8 13 2593
8 14 2474
8 15 2261
8 16 624
8 17 264
8 18 2830
8 19 375
8 20 2757
8 21 2162
8 22 2157
8 23 862
8 24 1285
8 25 1158
8 26 2382
8 27 511
8 28 20
8 29 1546
8 30 2418
8 31 397
8 32 1915
8 33 215
8 34 3632
8 35 3672
8 36 615
8 37 482
8 38 4034
8 39 56
8 40 3515
8 41 2062
8 42 1662
8 43 3448
8 44 3576
8 45 3618
8 46 2491
8 47 3510
8 48 997
8 49 3574
8 50 667
8 51 3251
8 52 3418
8 53 2627
8 54 733
8 55 3762
8 56 1303
8 57 2023
8 58 806
8 59 886
8 60 3120
8 61 4029
8 62 2416
8 63 3788
8 64 722
9 10 4020
9 11 1249
9 12 1636
9 13 3203
9 14 3592
9 15 2805
9 16 4034
9 17 667
9 18 1738
9 19 209
9 20 2021
9 21 3793
9 22 2571
9 23 184
9 24 4024
9 25 3236
9 26 840
9 27 175
9 28 1340
9 29 485
9 30 243
9 31 3988
9 32 3040
9 33 3544
9 34 2321
9 35 3866
9 36 2433
9 37 2634
9 38 4020
9 39 1301
9 40 3768
9 41 2827
9 42 622
9 43 372
9 44 3519
9 45 3606
9 46 3142
9 47 3951
9 48 868
9 49 2372
9 50 2477
9 51 2186
9 52 283
9 53 2803
9 54 3430
9 55 3994
9 56 390
9 57 234
9 58 378
9 59 1003
9 60 3951
9 61 2078
9 62 807
9 63 2300
9 64 698
10 11 494
10 12 361
10 13 389
10 14 647
10 15 2750
10 16 3970
10 17 661
10 18 2817
10 19 3684
10 20 3216
10 21 744
10 22 1063
10 23 2695
10 24 1024
10 25 1463
10 26 2781
10 27 2745
10 28 635
10 29 2044
10 30 2795
10 31 2413
10 32 515
10 33 1743
10 34 2875
10 35 1884
10 36 2546
10 37 2354
10 38 1631
10 39 1310
10 40 4074
10 41 1019
10 42 3189
10 43 1865
10 44 2701
10 45 1989
10 46 3458
10 47 130
10 48 3800
10 49 3512
10 50 3326
10 51 2225
10 52 2954
10 53 93
10 54 2787
10 55 658
10 56 3938
10 57 2432
10 58 439
10 59 2844
10 60 2645
10 61 25
10 62 3874
10 63 96
10 64 3699
11 12 1619
11 13 2108
11 14 371
11 15 1488
11 16 3116
11 17 257
11 18 2232
11 19 713
11 20 3696
11 21 1167
11 22 2146
11 23 1732
11 24 963
11 25 3439
11 26 89
11 27 355
11 28 2466
11 29 4077
11 30 431
11 31 3534
11 32 571
11 33 956
11 34 2319
11 35 893
11 36 3135
11 37 817
11 38 3643
11 39 2266
11 40 2644
11 41 3133
11 42 1874
11 43 1743
11 44 1688
11 45 1794
11 46 336
11 47 2255
11 48 3516
11 49 3482
11 50 2070
11 51 1857
11 52 3620
11 53 23
11 54 2449
11 55 1465
11 56 52
11 57 1722
11 58 1619
11 59 2405
11 60 3425
11 61 3432
11 62 1595
11 63 1582
11 64 3790
12 13 2795
12 14 1122
12 15 3957
12 16 1085
12 17 292
12 18 3447
12 19 1606
12 20 834
12 21 522
12 22 3490
12 23 3227
12 24 4026
12 25 2882
12 26 3997
12 27 1870
12 28 852
12 29 2795
12 30 2783
12 31 309
12 32 3052
12 33 945
12 34 248
12 35 2825
12 36 1566
12 37 1521
12 38 1777
12 39 2574
12 40 827
12 41 2654
12 42 1948
12 43 3318
12 44 2550
12 45 3190
12 46 932
12 47 3833
12 48 574
12 49 160
12 50 1235
12 51 1446
12 52 2202
12 53 3835
12 54 1278
12 55 768
12 56 963
12 57 1426
12 58 849
12 59 2154
12 60 2226
12 61 2099
12 62 3948
12 63 3049
12 64 746
13 14 1427
13 15 2578
13 16 2124
13 17 1007
13 18 175
13 19 3582
13 20 657
13 21 1329
13 22 1790
13 23 1851
13 24 1152
13 25 353
13 26 2511
13 27 176
13 28 3935
13 29 3095
13 30 566
13 31 901
13 32 3283
13 33 3957
13 34 1279
13 35 540
13 36 2979
13 37 506
13 38 176
13 39 4053
13 40 97
13 41 3226
13 42 3722
13 43 2551
13 44 2611
13 45 354
13 46 1592
13 47 109
13 48 3938
13 49 2638
13 50 479
13 51 122
13 52 187
13 53 3899
13 54 1376
13 55 1972
13 56 41
13 57 2783
13 58 2792
13 59 513
13 60 3894
13 61 1059
13 62 2325
13 63 3924
13 64 3355
14 15 778
14 16 851
14 17 1695
14 18 3633
14 19 1198
14 20 3680
14 21 2143
14 22 1801
14 23 1970
14 24 646
14 25 1076
14 26 441
14 27 2580
14 28 3357
14 29 1689
14 30 2690
14 31 3469
14 32 3061
14 33 2460
14 34 2825
14 35 2085
14 36 868
14 37 1236
14 38 3042
14 39 2770
14 40 3552
14 41 1501
14 42 1520
14 43 3644
14 44 1391
14 45 3538
14 46 74
14 47 1276
14 48 3062
14 49 1487
14 50 2117
14 51 2964
14 52 225
14 53 1116
14 54 922
14 55 3687
14 56 1576
14 57 3019
14 58 951
14 59 1960
14 60 3659
14 61 4001
14 62 4065
14 63 605
14 64 299
15 16 1076
15 17 2636
15 18 3217
15 19 3848
15 20 2513
15 21 3469
15 22 435
15 23 1240
15 24 1107
15 25 458
15 26 4019
15 27 3238
15 28 125
15 29 713
15 30 3261
15 31 1118
15 32 1200
15 33 2044
15 34 2416
15 35 919
15 36 2729
15 37 143
15 38 2306
15 39 1263
15 40 2866
15 41 354
15 42 2739
15 43 1330
15 44 2054
15 45 112
15 46 880
15 47 16
15 48 2452
15 49 635
15 50 772
15 51 1639
15 52 325
15 53 670
15 54 1443
15 55 1232
15 56 3756
15 57 1608
15 58 3248
15 59 152
15 60 2731
15 61 3228
15 62 2620
15 63 870
15 64 3106
16 17 1397
16 18 3102
16 19 3854
16 20 873
16 21 3448
16 22 481
16 23 2723
16 24 130
16 25 1589
16 26 3315
16 27 4056
16 28 3791
16 29 806
16 30 43
16 31 1167
16 32 1462
16 33 2346
16 34 1372
16 35 2141
16 36 1056
16 37 1952
16 38 304
16 39 2797
16 40 749
16 41 994
16 42 718
16 43 728
16 44 2721
16 45 2877
16 46 2764
16 47 4025
16 48 4057
16 49 2106
16 50 3041
16 51 2775
16 52 1934
16 53 2862
16 54 3471
16 55 1884
16 56 1638
16 57 2614
16 58 2385
16 59 2714
16 60 2374
16 61 2230
16 62 3463
16 63 2665
16 64 3730
17 18 2512
17 19 3776
17 20 2132
17 21 496
17 22 2692
17 23 517
17 24 1166
17 25 2118
17 26 2800
17 27 2524
17 28 312
17 29 3153
17 30 844
17 31 2287
17 32 1701
17 33 1076
17 34 830
17 35 3860
17 36 3020
17 37 1325
17 38 2622
17 39 462
17 40 3937
17 41 2075
17 42 1799
17 43 629
17 44 2037
17 45 2339
17 46 1005
17 47 1345
17 48 632
17 49 3521
17 50 507
17 51 3966
17 52 742
17 53 3766
17 54 1751
17 55 3567
17 56 223
17 57 1959
17 58 2167
17 59 2632
17 60 3672
17 61 779
17 62 1364
17 63 2313
17 64 1294
18 19 4070
18 20 3517
18 21 845
18 22 2899
18 23 151
18 24 521
18 25 2513
18 26 276
18 27 35
18 28 3155
18 29 38
18 30 793
18 31 2476
18 32 3908
18 33 628
18 34 1667
18 35 2312
18 36 2243
18 37 494
18 38 686
18 39 676
18 40 3929
18 41 1891
18 42 836
18 43 1396
18 44 576
18 45 3506
18 46 3864
18 47 2142
18 48 426
18 49 1980
18 50 734
18 51 221
18 52 1013
18 53 411
18 54 279
18 55 146
18 56 3485
18 57 2894
18 58 1916
18 59 1153
18 60 3026
18 61 2459
18 62 2713
18 63 2323
18 64 3269
19 20 345
19 21 3820
19 22 1016
19 23 4007
19 24 426
19 25 1456
19 26 3458
19 27 3327
19 28 4060
19 29 2250
19 30 2218
19 31 1306
19 32 3618
19 33 3938
19 34 1820
19 35 1362
19 36 2487
19 37 2908
19 38 2555
19 39 3523
19 40 3474
19 41 788
19 42 838
19 43 1911
19 44 3201
19 45 1143
19 46 2104
19 47 1835
19 48 3387
19 49 745
19 50 2054
19 51 3442
19 52 1188
19 53 2835
19 54 153
19 55 1220
19 56 2618
19 57 262
19 58 3995
19 59 584
19 60 3830
19 61 2780
19 62 317
19 63 2114
19 64 3264
20 21 837
20 22 2013
20 23 3232
20 24 3368
20 25 3955
20 26 802
20 27 3772
20 28 1607
20 29 30
20 30 3475
20 31 263
20 32 3238
20 33 1016
20 34 2104
20 35 3279
20 36 1389
20 37 1016
20 38 3185
20 39 560
20 40 63
20 41 2663
20 42 2689
20 43 1957
20 44 1725
20 45 151
20 46 822
20 47 1671
20 48 1131
20 49 2010
20 50 148
20 51 2623
20 52 564
20 53 387
20 54 3813
20 55 2370
20 56 3707
20 57 1999
20 58 3873
20 59 407
20 60 3223
20 61 2340
20 62 1233
20 63 3475
20 64 191
21 22 903
21 23 2384
21 24 3025
21 25 33
21 26 2475
21 27 2824
21 28 121
21 29 17
21 30 2989
21 31 2620
21 32 1288
21 33 3664
21 34 4060
21 35 2208
21 36 2938
21 37 268
21 38 787
21 39 1271
21 40 3966
21 41 885
21 42 1155
21 43 2986
21 44 1093
21 45 1060
21 46 1888
21 47 1991
21 48 805
21 49 1924
21 50 3078
21 51 2920
21 52 4009
21 53 3448
21 54 895
21 55 2631
21 56 170
21 57 495
21 58 562
21 59 270
21 60 2851
21 61 2581
21 62 3392
21 63 1665
21 64 169
22 23 2931
22 24 2684
22 25 3347
22 26 1992
22 27 1119
22 28 2883
22 29 2714
22 30 1367
22 31 651
22 32 2054
22 33 3099
22 34 589
22 35 356
22 36 1257
22 37 1902
22 38 829
22 39 835
22 40 3312
22 41 3943
22 42 2184
22 43 3247
22 44 2138
22 45 272
22 46 4033
22 47 3670
22 48 900
22 49 3293
22 50 963
22 51 327
22 52 1541
22 53 3020
22 54 1230
22 55 4050
22 56 2517
22 57 3543
22 58 873
22 59 577
22 60 2509
22 61 894
22 62 2916
22 63 2619
22 64 147
23 24 431
23 25 647
23 26 708
23 27 3446
23 28 1748
23 29 2830
23 30 280
23 31 2183
23 32 1362
23 33 2697
23 34 1997
23 35 3924
23 36 2600
23 37 3993
23 38 949
23 39 432
23 40 3040
23 41 419
23 42 3590
23 43 1031
23 44 3967
23 45 2618
23 46 3018
23 47 2714
23 48 401
23 49 763
23 50 3999
23 51 3513
23 52 634
23 53 611
23 54 1762
23 55 1415
23 56 3588
23 57 1431
23 58 1922
23 59 2541
23 60 2793
23 61 3940
23 62 3646
23 63 287
23 64 1003
24 25 1535
24 26 2484
24 27 3856
24 28 1275
24 29 3192
24 30 2731
24 31 468
24 32 144
24 33 2893
24 34 4052
24 35 2918
24 36 3831
24 37 3708
24 38 881
24 39 1575
24 40 2164
24 41 3042
24 42 1998
24 43 3548
24 44 3892
24 45 2718
24 46 1782
24 47 1952
24 48 1052
24 49 1802
24 50 89
24 51 728
24 52 1751
24 53 2863
24 54 122
24 55 967
24 56 1761
24 57 3045
24 58 976
24 59 785
24 60 2702
24 61 2004
24 62 3832
24 63 4039
24 64 1438
25 26 2393
25 27 962
25 28 2430
25 29 3671
25 30 3436
25 31 747
25 32 2488
25 33 120
25 34 1082
25 35 1641
25 36 1941
25 37 2809
25 38 3846
25 39 879
25 40 803
25 41 3369
25 42 1845
25 43 1170
25 44 1268
25 45 742
25 46 808
25 47 1329
25 48 2305
25 49 1444
25 50 2907
25 51 1896
25 52 17
25 53 1916
25 54 3501
25 55 1840
25 56 676
25 57 1478
25 58 3180
25 59 82
25 60 411
25 61 3000
25 62 1188
25 63 4077
25 64 34
26 27 903
26 28 2955
26 29 666
26 30 2763
26 31 266
26 32 514
26 33 3592
26 34 2214
26 35 1614
26 36 2716
26 37 3464
26 38 594
26 39 559
26 40 1702
26 41 1631
26 42 507
26 43 3520
26 44 491
26 45 708
26 46 3608
26 47 4023
26 48 3735
26 49 1642
26 50 260
26 51 878
26 52 3546
26 53 94
26 54 3973
26 55 2382
26 56 1094
26 57 637
26 58 913
26 59 848
26 60 3563
26 61 299
26 62 3886
26 63 777
26 64 3419
27 28 623
27 29 1413
27 30 1956
27 31 2632
27 32 3563
27 33 1259
27 34 314
27 35 1411
27 36 258
27 37 2343
27 38 4065
27 39 2717
27 40 2314
27 41 3171
27 42 654
27 43 4059
27 44 3953
27 45 532
27 46 1172
27 47 1490
27 48 222
27 49 38
27 50 1913
27 51 3122
27 52 1809
27 53 89
27 54 3993
27 55 1311
27 56 709
27 57 3286
27 58 683
27 59 48
27 60 712
27 61 22
27 62 1746
27 63 711
27 64 3695
28 29 3138
28 30 889
28 31 3410
28 32 1148
28 33 2833
28 34 2578
28 35 2153
28 36 1525
28 37 1991
28 38 171
28 39 575
28 40 1262
28 41 832
28 42 45
28 43 768
28 44 1331
28 45 2586
28 46 3013
28 47 2248
28 48 1966
28 49 3448
28 50 791
28 51 1831
28 52 3320
28 53 924
28 54 3895
28 55 1406
28 56 1010
28 57 542
28 58 1993
28 59 744
28 60 721
28 61 2817
28 62 2857
28 63 952
28 64 763
29 30 1893
29 31 2295
29 32 3393
29 33 3097
29 34 893
29 35 3082
29 36 1544
29 37 3693
29 38 3303
29 39 989
29 40 1794
29 41 2966
29 42 1505
29 43 2066
29 44 2749
29 45 1604
29 46 1094
29 47 2117
29 48 1341
29 49 1253
29 50 1466
29 51 1370
29 52 2853
29 53 1951
29 54 2117
29 55 2540
29 56 1420
29 57 2105
29 58 2472
29 59 982
29 60 3054
29 61 418
29 62 224
29 63 1853
29 64 3891
30 31 3834
30 32 2796
30 33 3368
30 34 2190
30 35 139
30 36 1271
30 37 3709
30 38 372
30 39 2475
30 40 3740
30 41 2523
30 42 466
30 43 1111
30 44 3658
30 45 2394
30 46 1202
30 47 1194
30 48 2266
30 49 4071
30 50 467
30 51 2589
30 52 2892
30 53 2108
30 54 2990
30 55 1050
30 56 3263
30 57 1271
30 58 3813
30 59 3915
30 60 983
30 61 3545
30 62 239
30 63 2789
30 64 1805
31 32 3618
31 33 758
31 34 1951
31 35 3347
31 36 1300
31 37 1269
31 38 316
31 39 1007
31 40 1973
31 41 2166
31 42 2533
31 43 2229
31 44 3921
31 45 315
31 46 679
31 47 4000
31 48 3123
31 49 2979
31 50 261
31 51 2797
31 52 358
31 53 1355
31 54 3731
31 55 3339
31 56 2679
31 57 765
31 58 3899
31 59 3637
31 60 1917
31 61 1757
31 62 4083
31 63 3717
31 64 1969
32 33 1039
32 34 1036
32 35 1192
32 36 876
32 37 3587
32 38 1297
32 39 721
32 40 1085
32 41 3848
32 42 932
32 43 3256
32 44 2959
32 45 3770
32 46 2530
32 47 3638
32 48 1424
32 49 272
32 50 3786
32 51 891
32 52 3217
32 53 1523
32 54 369
32 55 3431
32 56 2743
32 57 456
32 58 4028
32 59 1170
32 60 3536
32 61 2604
32 62 609
32 63 1346
32 64 1338
33 34 1807
33 35 3358
33 36 1989
33 37 49
33 38 2773
33 39 3764
33 40 2457
33 41 3850
33 42 2659
33 43 4066
33 44 2342
33 45 568
33 46 3387
33 47 2773
33 48 1766
33 49 3878
33 50 194
33 51 43
33 52 2199
33 53 3539
33 54 1563
33 55 3793
33 56 175
33 57 1953
33 58 323
33 59 2016
33 60 2960
33 61 3660
33 62 1089
33 63 1563
33 64 560
34 35 1593
34 36 1456
34 37 209
34 38 825
34 39 3745
34 40 425
34 41 3674
34 42 2707
34 43 324
34 44 1401
34 45 3940
34 46 2774
34 47 3031
34 48 590
34 49 2457
34 50 1477
34 51 1164
34 52 1262
34 53 3538
34 54 2759
34 55 835
34 56 321
34 57 2856
34 58 3782
34 59 2491
34 60 3652
34 61 409
34 62 3417
34 63 3147
34 64 1326
35 36 734
35 37 1230
35 38 1037
35 39 1565
35 40 4087
35 41 1352
35 42 982
35 43 3912
35 44 1903
35 45 1056
35 46 419
35 47 2396
35 48 2452
35 49 935
35 50 3204
35 51 2855
35 52 3477
35 53 1583
35 54 3914
35 55 3749
35 56 2681
35 57 3135
35 58 1624
35 59 753
35 60 38
35 61 3146
35 62 2378
35 63 2105
35 64 2236
36 37 3740
36 38 3956
36 39 3104
36 40 791
36 41 1553
36 42 2253
36 43 100
36 44 133
36 45 1410
36 46 2493
36 47 2609
36 48 2524
36 49 686
36 50 1662
36 51 1229
36 52 3557
36 53 3859
36 54 1932
36 55 255
36 56 1269
36 57 2877
36 58 131
36 59 164
36 60 1639
36 61 1292
36 62 1870
36 63 1901
36 64 2839
37 38 534
37 39 2977
37 40 438
37 41 1177
37 42 1349
37 43 2842
37 44 517
37 45 80
37 46 993
37 47 1481
37 48 2806
37 49 3633
37 50 449
37 51 162
37 52 3597
37 53 368
37 54 1120
37 55 2551
37 56 1310
37 57 3499
37 58 1600
37 59 1479
37 60 1046
37 61 393
37 62 581
37 63 3916
37 64 1098
38 39 3290
38 40 344
38 41 2416
38 42 2014
38 43 1565
38 44 2488
38 45 1631
38 46 3476
38 47 2196
38 48 135
38 49 111
38 50 315
38 51 1624
38 52 751
38 53 350
38 54 3362
38 55 2328
38 56 1107
38 57 2063
38 58 3529
38 59 3103
38 60 990
38 61 1588
38 62 1879
38 63 2736
38 64 338
39 40 1170
39 41 2609
39 42 3772
39 43 532
39 44 1567
39 45 3958
39 46 3623
39 47 1985
39 48 2417
39 49 1061
39 50 2036
39 51 3082
39 52 4074
39 53 1756
39 54 3389
39 55 1682
39 56 3741
39 57 1270
39 58 2261
39 59 42
39 60 2076
39 61 1499
39 62 973
39 63 2354
39 64 1473
40 41 2249
40 42 1881
40 43 809
40 44 620
40 45 2787
40 46 45
40 47 2151
40 48 180
40 49 433
40 50 468
40 51 69
40 52 3967
40 53 755
40 54 3340
40 55 3643
40 56 1266
40 57 1448
40 58 2483
40 59 1643
40 60 163
40 61 1111
40 62 1082
40 63 122
40 64 1170
41 42 2014
41 43 284
41 44 2443
41 45 1220
41 46 2841
41 47 3314
41 48 437
41 49 162
41 50 3108
41 51 233
41 52 2610
41 53 1448
41 54 858
41 55 204
41 56 2729
41 57 859
41 58 3736
41 59 3165
41 60 3400
41 61 2491
41 62 495
41 63 1228
41 64 3320
42 43 997
42 44 3245
42 45 2000
42 46 3961
42 47 2241
42 48 693
42 49 35
42 50 628
42 51 2842
42 52 2387
42 53 1651
42 54 427
42 55 693
42 56 1572
42 57 1494
42 58 2162
42 59 2575
42 60 3966
42 61 22
42 62 2198
42 63 259
42 64 3555
43 44 1281
43 45 2066
43 46 327
43 47 2340
43 48 3532
43 49 1912
43 50 3964
43 51 1907
43 52 2327
43 53 2778
43 54 803
43 55 1059
43 56 1284
43 57 1459
43 58 383
43 59 3145
43 60 3776
43 61 3152
43 62 145
43 63 2617
43 64 879
44 45 784
44 46 78
44 47 2057
44 48 2285
44 49 2549
44 50 2615
44 51 294
44 52 180
44 53 1465
44 54 797
44 55 2167
44 56 891
44 57 348
44 58 3930
44 59 2584
44 60 3381
44 61 2601
44 62 926
44 63 1792
44 64 1029
45 46 1140
45 47 3102
45 48 1741
45 49 3305
45 50 3157
45 51 3419
45 52 1882
45 53 1599
45 54 2305
45 55 2745
45 56 1131
45 57 2327
45 58 2528
45 59 944
45 60 2380
45 61 908
45 62 3970
45 63 1266
45 64 1721
46 47 1382
46 48 3673
46 49 2733
46 50 3459
46 51 359
46 52 2558
46 53 3496
46 54 797
46 55 3463
46 56 1230
46 57 276
46 58 3747
46 59 430
46 60 3009
46 61 2153
46 62 3040
46 63 1917
46 64 2856
47 48 3089
47 49 2600
47 50 2186
47 51 1640
47 52 651
47 53 3028
47 54 2373
47 55 1597
47 56 3390
47 57 3164
47 58 3444
47 59 3031
47 60 233
47 61 1975
47 62 1818
47 63 2321
47 64 1865
48 49 87
48 50 3636
48 51 300
48 52 713
48 53 1311
48 54 2857
48 55 3766
48 56 1402
48 57 4065
48 58 1634
48 59 2836
48 60 1700
48 61 221
48 62 1441
48 63 2142
48 64 2099
49 50 1696
49 51 3850
49 52 1925
49 53 3500
49 54 2220
49 55 2358
49 56 3642
49 57 2274
49 58 2917
49 59 2612
49 60 130
49 61 2660
49 62 4033
49 63 3344
49 64 536
50 51 2869
50 52 3165
50 53 199
50 54 3807
50 55 3519
50 56 2741
50 57 87
50 58 2274
50 59 950
50 60 749
50 61 1122
50 62 2020
50 63 3569
50 64 878
51 52 3901
51 53 2392
51 54 2764
51 55 3176
51 56 1554
51 57 3703
51 58 247
51 59 2157
51 60 2594
51 61 3663
51 62 2560
51 63 2833
51 64 1847
52 53 621
52 54 1633
52 55 2538
52 56 2293
52 57 1229
52 58 25
52 59 1787
52 60 2185
52 61 3531
52 62 3564
52 63 3024
52 64 4096
53 54 870
53 55 150
53 56 2158
53 57 3814
53 58 917
53 59 1880
53 60 1819
53 61 1465
53 62 3479
53 63 1363
53 64 321
54 55 1380
54 56 1191
54 57 2336
54 58 1693
54 59 2482
54 60 1007
54 61 737
54 62 351
54 63 3908
54 64 2976
55 56 3167
55 57 2313
55 58 902
55 59 1325
55 60 747
55 61 1416
55 62 390
55 63 1028
55 64 1606
56 57 1584
56 58 3739
56 59 1562
56 60 939
56 61 335
56 62 2986
56 63 2835
56 64 2029
57 58 3200
57 59 2328
57 60 3329
57 61 4079
57 62 2577
57 63 4062
57 64 566
58 59 1146
58 60 1462
58 61 76
58 62 182
58 63 2141
58 64 3766
59 60 1117
59 61 2582
59 62 236
59 63 626
59 64 1388
60 61 50
60 62 1469
60 63 308
60 64 504
61 62 1541
61 63 2358
61 64 373
62 63 1837
62 64 3872
63 64 1669
