16
1 2 98
1 3 119
1 4 37
1 5 142
1 6 202
1 7 98
1 8 105
1 9 32
1 10 221
1 11 188
1 12 256
1 13 233
1 14 57
1 15 142
1 16 174
2 3 206
2 4 233
2 5 237
2 6 239
2 7 108
2 8 54
2 9 16
2 10 1
2 11 116
2 12 65
2 13 72
2 14 62
2 15 88
2 16 198
3 4 247
3 5 213
3 6 114
3 7 80
3 8 45
3 9 229
3 10 168
3 11 130
3 12 209
3 13 110
3 14 163
3 15 78
3 16 236
4 5 57
4 6 116
4 7 36
4 8 110
4 9 61
4 10 214
4 11 172
4 12 143
4 13 135
4 14 155
4 15 54
4 16 110
5 6 243
5 7 256
5 8 66
5 9 161
5 10 165
5 11 4
5 12 3
5 13 130
5 14 80
5 15 251
5 16 107
6 7 175
6 8 36
6 9 98
6 10 56
6 11 219
6 12 204
6 13 164
6 14 28
6 15 49
6 16 197
7 8 98
7 9 25
7 10 178
7 11 93
7 12 182
7 13 158
7 14 69
7 15 83
7 16 40
8 9 206
8 10 34
8 11 22
8 12 167
8 13 206
8 14 115
8 15 208
8 16 134
9 10 167
9 11 8
9 12 48
9 13 214
9 14 149
9 15 202
9 16 118
10 11 60
10 12 215
10 13 105
10 14 12
10 15 122
10 16 50
11 12 210
11 13 55
11 14 157
11 15 163
11 16 251
12 13 92
12 14 249
12 15 22
12 16 214
13 14 187
13 15 217
13 16 219
14 15 17
14 16 147
15 16 34
