64
1 2 1111
1 3 2476
1 4 2708
1 5 3917
1 6 1700
1 7 3541
1 8 3038
1 9 2972
1 10 140
1 11 3719
1 12 306
1 13 1953
1 14 3061
1 15 1297
1 16 147
1 17 2871
1 18 2746
1 19 37
1 20 3637
1 21 570
1 22 321
1 23 3930
1 24 324
1 25 739
1 26 373
1 27 2872
1 28 2735
1 29 4067
1 30 3570
1 31 263
1 32 364
1 33 1972
1 34 3474
1 35 3489
1 36 1724
1 37 3245
1 38 2128
1 39 85
1 40 3069
1 41 3925
1 42 1525
1 43 1284
1 44 574
1 45 2721
1 46 3255
1 47 2900
1 48 106
1 49 3207
1 50 493
1 51 770
1 52 150
1 53 3312
1 54 101
1 55 36
1 56 3712
1 57 2194
1 58 2236
1 59 1380
1 60 716
1 61 3268
1 62 11
1 63 2829
1 64 752
2 3 2572
2 4 3116
2 5 699
2 6 3223
2 7 3330
2 8 2225
2 9 1837
2 10 4057
2 11 1486
2 12 1181
2 13 2546
2 14 511
2 15 1338
2 16 3809
2 17 442
2 18 3193
2 19 308
2 20 2556
2 21 3952
2 22 1567
2 23 878
2 24 3726
2 25 981
2 26 2768
2 27 596
2 28 3852
2 29 4031
2 30 239
2 31 1503
2 32 1543
2 33 934
2 34 3469
2 35 1393
2 36 3786
2 37 912
2 38 3995
2 39 2629
2 40 2471
2 41 2571
2 42 987
2 43 2978
2 44 2499
2 45 1496
2 46 3011
2 47 3914
2 48 3969
2 49 871
2 50 2946
2 51 2195
2 52 3725
2 53 4068
2 54 2332
2 55 1106
2 56 1101
2 57 1186
2 58 1460
2 59 3760
2 60 3040
2 61 1557
2 62 2149
2 63 3008
2 64 2658
3 4 449
3 5 723
3 6 3620
3 7 3129
3 8 2714
3 9 1323
3 10 776
3 11 1872
3 12 1297
3 13 705
3 14 1780
3 15 2920
3 16 3693
3 17 2896
3 18 1808
3 19 1498
3 20 1111
3 21 354
3 22 406
3 23 425
3 24 2165
3 25 1164
3 26 1749
3 27 228
3 28 1706
3 29 3394
3 30 2728
3 31 3077
3 32 1650
3 33 3808
3 34 1448
3 35 1898
3 36 2031
3 37 224
3 38 1187
3 39 1126
3 40 1829
3 41 1389
3 42 1976
3 43 1971
3 44 2144
3 45 3757
3 46 1938
3 47 3171
3 48 1760
3 49 3311
3 50 1929
3 51 181
3 52 1004
3 53 298
3 54 1928
3 55 1200
3 56 2157
3 57 3060
3 58 3936
3 59 3966
3 60 2598
3 61 555
3 62 1878
3 63 3932
3 64 3881
4 5 1530
4 6 1001
4 7 3729
4 8 3859
4 9 1472
4 10 2575
4 11 1190
4 12 2279
4 13 1716
4 14 2492
4 15 786
4 16 71
4 17 2748
4 18 793
4 19 1694
4 20 3298
4 21 3477
4 22 446
4 23 414
4 24 1619
4 25 2948
4 26 2595
4 27 2872
4 28 597
4 29 1269
4 30 3154
4 31 47
4 32 502
4 33 2526
4 34 603
4 35 80
4 36 543
4 37 2938
4 38 2366
4 39 3989
4 40 1413
4 41 261
4 42 1273
4 43 3679
4 44 4026
4 45 1953
4 46 265
4 47 1908
4 48 861
4 49 3525
4 50 1797
4 51 1923
4 52 4055
4 53 2267
4 54 2089
4 55 1033
4 56 174
4 57 3266
4 58 3464
4 59 604
4 60 168
4 61 485
4 62 3061
4 63 444
4 64 3929
5 6 2879
5 7 3343
5 8 3653
5 9 104
5 10 3558
5 11 2408
5 12 562
5 13 2988
5 14 3463
5 15 177
5 16 2768
5 17 606
5 18 3669
5 19 2739
5 20 1263
5 21 3444
5 22 1611
5 23 390
5 24 3236
5 25 3747
5 26 1492
5 27 1887
5 28 2024
5 29 4059
5 30 347
5 31 3447
5 32 3332
5 33 3626
5 34 420
5 35 1197
5 36 1550
5 37 2257
5 38 2931
5 39 3624
5 40 1352
5 41 1134
5 42 2889
5 43 1220
5 44 207
5 45 3805
5 46 1167
5 47 3893
5 48 924
5 49 481
5 50 967
5 51 3362
5 52 418
5 53 1355
5 54 1906
5 55 1521
5 56 133
5 57 4011
5 58 634
5 59 2501
5 60 3951
5 61 2200
5 62 1146
5 63 3151
5 64 1799
6 7 1750
6 8 3476
6 9 614
6 10 2696
6 11 939
6 12 864
6 13 2780
6 14 103
6 15 670
6 16 3108
6 17 2082
6 18 3465
6 19 827
6 20 1223
6 21 3828
6 22 1803
6 23 3943
6 24 1263
6 25 2647
6 26 2057
6 27 1618
6 28 1483
6 29 3905
6 30 1624
6 31 1772
6 32 2656
6 33 2407
6 34 2327
6 35 3605
6 36 3974
6 37 3160
6 38 3463
6 39 993
6 40 1202
6 41 3430
6 42 1223
6 43 2932
6 44 1968
6 45 3344
6 46 2529
6 47 128
6 48 2969
6 49 2014
6 50 1342
6 51 1106
6 52 491
6 53 109
6 54 3101
6 55 3713
6 56 2629
6 57 3973
6 58 777
6 59 738
6 60 3393
6 61 993
6 62 3240
6 63 2581
6 64 703
7 8 1579
7 9 2164
7 10 3567
7 11 2903
7 12 3737
7 13 2200
7 14 1234
7 15 3827
7 16 1049
7 17 874
7 18 3867
7 19 2017
7 20 1538
7 21 2467
7 22 1076
7 23 3140
7 24 2237
7 25 3748
7 26 717
7 27 3383
7 28 1349
7 29 1933
7 30 1399
7 31 1009
7 32 2152
7 33 3034
7 34 1841
7 35 2266
7 36 2407
7 37 3183
7 38 1677
7 39 1491
7 40 2907
7 41 784
7 42 2128
7 43 3880
7 44 3437
7 45 2480
7 46 2540
7 47 3562
7 48 3051
7 49 100
7 50 224
7 51 2373
7 52 655
7 53 3920
7 54 3466
7 55 1647
7 56 1071
7 57 3379
7 58 1464
7 59 670
7 60 1527
7 61 3702
7 62 2832
7 63 847
7 64 691
8 9 1277
8 10 2378
8 11 1023
8 12 1886
8 13 3248
8 14 1998
8 15 274
8 16 2302
8 17 907
8 18 576
8 19 902
8 20 1709
8 21 55
8 22 155
8 23 569
8 24 1671
8 25 892
8 26 2742
8 27 1171
8 28 2
8 29 3803
8 30 2383
8 31 480
8 32 163
8 33 1781
8 34 2767
8 35 1585
8 36 1924
8 37 3744
8 38 1446
8 39 2333
8 40 953
8 41 3091
8 42 2869
8 43 2062
8 44 1612
8 45 1408
8 46 22
8 47 1644
8 48 2733
8 49 430
8 50 508
8 51 897
8 52 3602
8 53 3550
8 54 2419
8 55 3429
8 56 2004
8 57 3753
8 58 897
8 59 2773
8 60 2141
8 61 2696
8 62 692
8 63 2527
8 64 3639
9 10 3340
9 11 2603
9 12 336
9 13 103
9 14 33
9 15 2887
9 16 2134
9 17 930
9 18 2210
9 19 2970
9 20 1387
9 21 1757
9 22 774
9 23 1023
9 24 83
9 25 450
9 26 2661
9 27 4077
9 28 3774
9 29 73
9 30 4006
9 31 1245
9 32 2292
9 33 2636
9 34 989
9 35 1603
9 36 2713
9 37 454
9 38 2616
9 39 2930
9 40 3548
9 41 4094
9 42 2866
9 43 2784
9 44 3233
9 45 762
9 46 2205
9 47 1454
9 48 3283
9 49 325
9 50 3396
9 51 2290
9 52 382
9 53 511
9 54 2359
9 55 3026
9 56 851
9 57 1721
9 58 1673
9 59 3897
9 60 2212
9 61 2612
9 62 3638
9 63 1992
9 64 2126
10 11 535
10 12 738
10 13 2016
10 14 262
10 15 2280
10 16 3228
10 17 418
10 18 1647
10 19 301
10 20 3382
10 21 1983
10 22 2577
10 23 2515
10 24 1325
10 25 1046
10 26 3192
10 27 3382
10 28 1518
10 29 3945
10 30 2478
10 31 639
10 32 2362
10 33 2135
10 34 91
10 35 3404
10 36 822
10 37 513
10 38 1791
10 39 1833
10 40 1989
10 41 1693
10 42 2165
10 43 4016
10 44 1134
10 45 1472
10 46 2132
10 47 1400
10 48 551
10 49 3976
10 50 187
10 51 419
10 52 1225
10 53 337
10 54 3662
10 55 123
10 56 1696
10 57 673
10 58 2173
10 59 2083
10 60 1281
10 61 3632
10 62 321
10 63 3141
10 64 3190
11 12 499
11 13 4053
11 14 1438
11 15 617
11 16 3707
11 17 1102
11 18 3856
11 19 1819
11 20 3227
11 21 627
11 22 677
11 23 1000
11 24 1236
11 25 3217
11 26 3429
11 27 2753
11 28 2691
11 29 784
11 30 1832
11 31 3666
11 32 3186
11 33 2251
11 34 2970
11 35 1594
11 36 113
11 37 358
11 38 1748
11 39 370
11 40 3831
11 41 119
11 42 1954
11 43 2951
11 44 3956
11 45 55
11 46 3358
11 47 1008
11 48 3959
11 49 1281
11 50 285
11 51 387
11 52 2787
11 53 1063
11 54 2095
11 55 2474
11 56 126
11 57 904
11 58 2762
11 59 1223
11 60 3652
11 61 509
11 62 785
11 63 1648
11 64 1968
12 13 3326
12 14 639
12 15 1974
12 16 2073
12 17 592
12 18 1391
12 19 2104
12 20 1935
12 21 376
12 22 2987
12 23 3614
12 24 3282
12 25 4006
12 26 684
12 27 1114
12 28 35
12 29 2854
12 30 2584
12 31 2729
12 32 3436
12 33 1186
12 34 1083
12 35 2787
12 36 3109
12 37 3860
12 38 1055
12 39 2749
12 40 203
12 41 45
12 42 2776
12 43 455
12 44 1748
12 45 3121
12 46 3199
12 47 1800
12 48 2931
12 49 230
12 50 3565
12 51 2865
12 52 3856
12 53 946
12 54 2857
12 55 3507
12 56 3022
12 57 349
12 58 1689
12 59 890
12 60 2331
12 61 806
12 62 3210
12 63 3189
12 64 2107
13 14 3536
13 15 1185
13 16 455
13 17 3118
13 18 3355
13 19 1866
13 20 2571
13 21 1130
13 22 3771
13 23 1744
13 24 1028
13 25 3249
13 26 1997
13 27 1380
13 28 4054
13 29 3366
13 30 1518
13 31 1786
13 32 2457
13 33 2294
13 34 3831
13 35 3856
13 36 1638
13 37 3493
13 38 2557
13 39 1662
13 40 2155
13 41 1681
13 42 2548
13 43 3934
13 44 6
13 45 2178
13 46 2620
13 47 3506
13 48 2910
13 49 909
13 50 1699
13 51 796
13 52 367
13 53 1766
13 54 3213
13 55 2057
13 56 667
13 57 460
13 58 748
13 59 3994
13 60 1885
13 61 2695
13 62 2393
13 63 3579
13 64 213
14 15 1489
14 16 3303
14 17 1099
14 18 2685
14 19 774
14 20 743
14 21 755
14 22 791
14 23 3161
14 24 726
14 25 2677
14 26 1581
14 27 3347
14 28 3696
14 29 482
14 30 929
14 31 991
14 32 3065
14 33 125
14 34 3212
14 35 465
14 36 504
14 37 1588
14 38 4068
14 39 3262
14 40 3211
14 41 3028
14 42 2722
14 43 1964
14 44 4075
14 45 1775
14 46 3503
14 47 1651
14 48 1385
14 49 3942
14 50 529
14 51 2531
14 52 1564
14 53 3646
14 54 818
14 55 2744
14 56 2175
14 57 942
14 58 3333
14 59 3189
14 60 2614
14 61 1447
14 62 1678
14 63 1483
14 64 936
15 16 3215
15 17 3548
15 18 2267
15 19 1126
15 20 153
15 21 1578
15 22 2783
15 23 445
15 24 174
15 25 1921
15 26 1099
15 27 2438
15 28 1512
15 29 2522
15 30 2293
15 31 2103
15 32 3505
15 33 2799
15 34 2774
15 35 770
15 36 2778
15 37 2974
15 38 3144
15 39 464
15 40 2067
15 41 2455
15 42 3871
15 43 1041
15 44 2904
15 45 78
15 46 2569
15 47 3431
15 48 322
15 49 1199
15 50 2563
15 51 2456
15 52 1577
15 53 2909
15 54 923
15 55 368
15 56 2285
15 57 669
15 58 1360
15 59 3339
15 60 4066
15 61 3661
15 62 3998
15 63 3310
15 64 213
16 17 2800
16 18 1917
16 19 1216
16 20 1939
16 21 1037
16 22 360
16 23 4057
16 24 946
16 25 529
16 26 3925
16 27 897
16 28 678
16 29 3724
16 30 13
16 31 2413
16 32 3125
16 33 673
16 34 1192
16 35 2293
16 36 1487
16 37 115
16 38 2784
16 39 2589
16 40 758
16 41 555
16 42 2726
16 43 3124
16 44 2320
16 45 1653
16 46 1947
16 47 385
16 48 537
16 49 12
16 50 3650
16 51 350
16 52 1976
16 53 2001
16 54 3453
16 55 1308
16 56 1919
16 57 1331
16 58 288
16 59 3231
16 60 3487
16 61 1190
16 62 3549
16 63 2969
16 64 1992
17 18 3687
17 19 710
17 20 2644
17 21 228
17 22 45
17 23 1132
17 24 736
17 25 1129
17 26 396
17 27 3854
17 28 901
17 29 234
17 30 864
17 31 2287
17 32 310
17 33 552
17 34 3590
17 35 1756
17 36 855
17 37 3659
17 38 3675
17 39 1428
17 40 608
17 41 3526
17 42 432
17 43 2438
17 44 543
17 45 3563
17 46 634
17 47 2883
17 48 2349
17 49 201
17 50 3479
17 51 875
17 52 1496
17 53 2749
17 54 27
17 55 1635
17 56 797
17 57 3892
17 58 4044
17 59 2890
17 60 2262
17 61 2871
17 62 1220
17 63 2854
17 64 3233
18 19 3408
18 20 987
18 21 1319
18 22 264
18 23 3122
18 24 1007
18 25 2624
18 26 904
18 27 3185
18 28 324
18 29 4044
18 30 1301
18 31 2213
18 32 1902
18 33 3858
18 34 988
18 35 1582
18 36 3364
18 37 284
18 38 3168
18 39 4096
18 40 234
18 41 2751
18 42 3646
18 43 2397
18 44 4
18 45 5
18 46 4054
18 47 419
18 48 3956
18 49 3002
18 50 4069
18 51 2119
18 52 473
18 53 1170
18 54 699
18 55 3571
18 56 277
18 57 3121
18 58 1078
18 59 1043
18 60 1557
18 61 2025
18 62 138
18 63 1578
18 64 2096
19 20 3215
19 21 2723
19 22 2097
19 23 1673
19 24 3463
19 25 3015
19 26 380
19 27 1892
19 28 772
19 29 3285
19 30 3475
19 31 3476
19 32 1010
19 33 1791
19 34 416
19 35 3943
19 36 669
19 37 894
19 38 323
19 39 1882
19 40 2829
19 41 2909
19 42 2926
19 43 3414
19 44 3600
19 45 1187
19 46 424
19 47 3463
19 48 730
19 49 359
19 50 2672
19 51 408
19 52 197
19 53 1850
19 54 65
19 55 3602
19 56 1713
19 57 1060
19 58 329
19 59 2120
19 60 2313
19 61 1945
19 62 2729
19 63 2089
19 64 395
20 21 1478
20 22 738
20 23 1997
20 24 1126
20 25 1932
20 26 485
20 27 1356
20 28 507
20 29 1175
20 30 2562
20 31 3159
20 32 532
20 33 218
20 34 3391
20 35 500
20 36 1254
20 37 1204
20 38 2257
20 39 2373
20 40 2711
20 41 3986
20 42 2565
20 43 1308
20 44 3077
20 45 3702
20 46 228
20 47 1247
20 48 1033
20 49 2376
20 50 2386
20 51 3134
20 52 1770
20 53 1053
20 54 2918
20 55 1813
20 56 2441
20 57 1767
20 58 3419
20 59 3952
20 60 75
20 61 793
20 62 2262
20 63 2954
20 64 3994
21 22 997
21 23 2563
21 24 2523
21 25 3169
21 26 3537
21 27 128
21 28 3262
21 29 2114
21 30 2813
21 31 2385
21 32 2112
21 33 1616
21 34 1033
21 35 438
21 36 3182
21 37 3082
21 38 1470
21 39 4074
21 40 2674
21 41 1836
21 42 3056
21 43 1236
21 44 2339
21 45 2280
21 46 3066
21 47 2624
21 48 3389
21 49 1056
21 50 2916
21 51 1893
21 52 2294
21 53 1116
21 54 2920
21 55 1076
21 56 3511
21 57 2627
21 58 1306
21 59 1929
21 60 481
21 61 2134
21 62 3060
21 63 3575
21 64 202
22 23 1260
22 24 2818
22 25 1110
22 26 530
22 27 142
22 28 224
22 29 2873
22 30 1718
22 31 2952
22 32 2747
22 33 2197
22 34 3600
22 35 2510
22 36 327
22 37 2935
22 38 1651
22 39 1128
22 40 130
22 41 301
22 42 1570
22 43 1913
22 44 860
22 45 3980
22 46 3745
22 47 3994
22 48 2450
22 49 157
22 50 1618
22 51 3921
22 52 1053
22 53 3758
22 54 3449
22 55 2737
22 56 1083
22 57 3714
22 58 1566
22 59 1548
22 60 3880
22 61 1183
22 62 1108
22 63 3975
22 64 3034
23 24 2362
23 25 1754
23 26 1959
23 27 1918
23 28 514
23 29 2747
23 30 54
23 31 2176
23 32 258
23 33 2852
23 34 673
23 35 1836
23 36 1086
23 37 3967
23 38 2244
23 39 3777
23 40 2038
23 41 2187
23 42 288
23 43 3196
23 44 1398
23 45 1131
23 46 2362
23 47 204
23 48 3078
23 49 2900
23 50 3173
23 51 2006
23 52 2038
23 53 2285
23 54 193
23 55 1863
23 56 411
23 57 1528
23 58 2232
23 59 1170
23 60 3567
23 61 3865
23 62 1294
23 63 3728
23 64 2412
24 25 1570
24 26 1887
24 27 2657
24 28 3468
24 29 1884
24 30 1997
24 31 3719
24 32 730
24 33 470
24 34 3509
24 35 1291
24 36 822
24 37 2489
24 38 1711
24 39 2705
24 40 4075
24 41 2437
24 42 3094
24 43 3159
24 44 2349
24 45 3650
24 46 1551
24 47 3176
24 48 458
24 49 3663
24 50 2852
24 51 3912
24 52 3753
24 53 244
24 54 2684
24 55 2624
24 56 2569
24 57 751
24 58 1267
24 59 51
24 60 1921
24 61 2431
24 62 1120
24 63 377
24 64 1328
25 26 3688
25 27 3325
25 28 1155
25 29 1954
25 30 1211
25 31 1914
25 32 1538
25 33 1575
25 34 915
25 35 2107
25 36 1301
25 37 973
25 38 3265
25 39 3098
25 40 3647
25 41 2982
25 42 2403
25 43 2029
25 44 1802
25 45 1996
25 46 3150
25 47 110
25 48 2879
25 49 3456
25 50 2869
25 51 1511
25 52 3555
25 53 997
25 54 356
25 55 1462
25 56 2799
25 57 2219
25 58 3710
25 59 158
25 60 3202
25 61 3295
25 62 96
25 63 1713
25 64 3119
26 27 1811
26 28 1263
26 29 230
26 30 1752
26 31 1919
26 32 3414
26 33 2849
26 34 3282
26 35 962
26 36 3350
26 37 3312
26 38 2859
26 39 3244
26 40 2754
26 41 1781
26 42 1629
26 43 1567
26 44 3473
26 45 1482
26 46 440
26 47 1597
26 48 3628
26 49 177
26 50 2279
26 51 1368
26 52 2234
26 53 3282
26 54 635
26 55 2084
26 56 1140
26 57 2006
26 58 3565
26 59 341
26 60 42
26 61 3770
26 62 1780
26 63 2519
26 64 1588
27 28 2189
27 29 1980
27 30 3758
27 31 260
27 32 679
27 33 1265
27 34 2259
27 35 3757
27 36 2441
27 37 1183
27 38 2439
27 39 2616
27 40 3130
27 41 3821
27 42 300
27 43 3620
27 44 3955
27 45 3493
27 46 2251
27 47 2640
27 48 3615
27 49 3065
27 50 3160
27 51 1146
27 52 1353
27 53 1513
27 54 134
27 55 2237
27 56 861
27 57 2713
27 58 3363
27 59 694
27 60 545
27 61 4001
27 62 3014
27 63 1229
27 64 3199
28 29 949
28 30 504
28 31 3341
28 32 2214
28 33 283
28 34 4055
28 35 643
28 36 651
28 37 3475
28 38 508
28 39 787
28 40 3837
28 41 1460
28 42 2908
28 43 2530
28 44 1084
28 45 871
28 46 745
28 47 2799
28 48 926
28 49 704
28 50 3116
28 51 1205
28 52 950
28 53 3518
28 54 937
28 55 2838
28 56 3689
28 57 894
28 58 593
28 59 2877
28 60 1112
28 61 4087
28 62 2287
28 63 2271
28 64 3990
29 30 2520
29 31 4059
29 32 2369
29 33 2880
29 34 1243
29 35 557
29 36 1321
29 37 3203
29 38 677
29 39 1640
29 40 1098
29 41 1694
29 42 3776
29 43 3389
29 44 1187
29 45 3267
29 46 3436
29 47 2917
29 48 1600
29 49 913
29 50 2921
29 51 3325
29 52 4074
29 53 178
29 54 1688
29 55 2238
29 56 1066
29 57 748
29 58 2584
29 59 987
29 60 2935
29 61 2191
29 62 3581
29 63 2197
29 64 1208
30 31 1937
30 32 1076
30 33 1677
30 34 1845
30 35 3294
30 36 1995
30 37 853
30 38 1136
30 39 891
30 40 2559
30 41 2378
30 42 1000
30 43 3125
30 44 3818
30 45 1206
30 46 3497
30 47 2113
30 48 527
30 49 2949
30 50 2071
30 51 3514
30 52 3266
30 53 476
30 54 2299
30 55 1724
30 56 1191
30 57 440
30 58 2447
30 59 686
30 60 449
30 61 3497
30 62 3328
30 63 1834
30 64 1080
31 32 452
31 33 3010
31 34 443
31 35 2024
31 36 1653
31 37 871
31 38 2919
31 39 2984
31 40 3964
31 41 3406
31 42 355
31 43 2330
31 44 3242
31 45 576
31 46 2303
31 47 25
31 48 2795
31 49 372
31 50 3727
31 51 3922
31 52 1602
31 53 2728
31 54 1670
31 55 3943
31 56 2122
31 57 1861
31 58 2740
31 59 2928
31 60 738
31 61 3458
31 62 2151
31 63 388
31 64 2131
32 33 2264
32 34 3010
32 35 3174
32 36 359
32 37 2755
32 38 572
32 39 3050
32 40 2411
32 41 728
32 42 3464
32 43 1831
32 44 3405
32 45 2071
32 46 472
32 47 119
32 48 4085
32 49 1494
32 50 1371
32 51 321
32 52 1340
32 53 1996
32 54 2782
32 55 1013
32 56 2197
32 57 993
32 58 2696
32 59 3665
32 60 2161
32 61 2978
32 62 1435
32 63 2980
32 64 29
33 34 3431
33 35 2479
33 36 3240
33 37 2428
33 38 1100
33 39 449
33 40 3925
33 41 414
33 42 282
33 43 326
33 44 2254
33 45 1931
33 46 213
33 47 237
33 48 2845
33 49 1899
33 50 1907
33 51 222
33 52 1416
33 53 2887
33 54 2093
33 55 2556
33 56 2862
33 57 999
33 58 2401
33 59 1391
33 60 4017
33 61 1830
33 62 2580
33 63 3835
33 64 2429
34 35 1917
34 36 2172
34 37 2457
34 38 1048
34 39 2995
34 40 2859
34 41 3038
34 42 1288
34 43 3898
34 44 353
34 45 3478
34 46 3967
34 47 2528
34 48 2533
34 49 1314
34 50 2294
34 51 440
34 52 1269
34 53 95
34 54 2779
34 55 2368
34 56 2398
34 57 1435
34 58 1471
34 59 3016
34 60 2164
34 61 2106
34 62 55
34 63 1643
34 64 2752
35 36 734
35 37 1334
35 38 1418
35 39 2694
35 40 3920
35 41 378
35 42 3835
35 43 124
35 44 3513
35 45 1852
35 46 1782
35 47 1264
35 48 65
35 49 1013
35 50 780
35 51 625
35 52 8
35 53 3419
35 54 2140
35 55 1672
35 56 3984
35 57 1740
35 58 603
35 59 3683
35 60 460
35 61 3533
35 62 2039
35 63 67
35 64 2467
36 37 3823
36 38 955
36 39 686
36 40 1929
36 41 2267
36 42 1337
36 43 972
36 44 114
36 45 1397
36 46 3529
36 47 388
36 48 145
36 49 1566
36 50 2741
36 51 3070
36 52 589
36 53 3264
36 54 2665
36 55 2318
36 56 3591
36 57 2503
36 58 588
36 59 2295
36 60 1915
36 61 2404
36 62 2450
36 63 2716
36 64 2101
37 38 2446
37 39 1609
37 40 1936
37 41 1108
37 42 1744
37 43 785
37 44 3175
37 45 2501
37 46 3647
37 47 3619
37 48 3916
37 49 2312
37 50 1547
37 51 2392
37 52 1295
37 53 1899
37 54 2316
37 55 1612
37 56 849
37 57 355
37 58 1753
37 59 3866
37 60 2166
37 61 1800
37 62 451
37 63 2876
37 64 3937
38 39 1755
38 40 1266
38 41 475
38 42 2895
38 43 344
38 44 4011
38 45 1488
38 46 636
38 47 2915
38 48 2474
38 49 2407
38 50 1532
38 51 3415
38 52 1363
38 53 2603
38 54 2355
38 55 580
38 56 3981
38 57 3157
38 58 3956
38 59 1858
38 60 1122
38 61 438
38 62 3689
38 63 1
38 64 1769
39 40 904
39 41 344
39 42 637
39 43 55
39 44 3600
39 45 180
39 46 519
39 47 1664
39 48 3081
39 49 1779
39 50 2778
39 51 718
39 52 2928
39 53 1773
39 54 164
39 55 1020
39 56 3182
39 57 2865
39 58 3464
39 59 3513
39 60 4052
39 61 2720
39 62 2718
39 63 998
39 64 725
40 41 3468
40 42 521
40 43 3920
40 44 1352
40 45 584
40 46 373
40 47 2406
40 48 1118
40 49 40
40 50 1818
40 51 2863
40 52 298
40 53 2360
40 54 612
40 55 3999
40 56 1111
40 57 3802
40 58 3636
40 59 3167
40 60 3068
40 61 4022
40 62 305
40 63 1913
40 64 3678
41 42 1080
41 43 4059
41 44 893
41 45 2662
41 46 3494
41 47 736
41 48 3056
41 49 2182
41 50 398
41 51 1426
41 52 1800
41 53 331
41 54 2046
41 55 1181
41 56 3021
41 57 3519
41 58 3324
41 59 2756
41 60 2938
41 61 1613
41 62 1956
41 63 2904
41 64 777
42 43 1731
42 44 3407
42 45 829
42 46 1245
42 47 2615
42 48 1511
42 49 2891
42 50 1725
42 51 1048
42 52 1406
42 53 498
42 54 3660
42 55 137
42 56 1776
42 57 3761
42 58 3387
42 59 1780
42 60 2944
42 61 123
42 62 25
42 63 2653
42 64 1626
43 44 2954
43 45 4011
43 46 3743
43 47 3161
43 48 2258
43 49 3718
43 50 846
43 51 2383
43 52 2283
43 53 1078
43 54 3704
43 55 2609
43 56 3980
43 57 3071
43 58 3804
43 59 3933
43 60 2680
43 61 2595
43 62 1254
43 63 3552
43 64 1995
44 45 637
44 46 1166
44 47 3397
44 48 3218
44 49 1898
44 50 1618
44 51 2135
44 52 39
44 53 708
44 54 1351
44 55 3968
44 56 940
44 57 3512
44 58 830
44 59 843
44 60 4078
44 61 2848
44 62 2816
44 63 1221
44 64 898
45 46 3643
45 47 309
45 48 2295
45 49 3473
45 50 1303
45 51 2283
45 52 3114
45 53 3220
45 54 2582
45 55 1196
45 56 637
45 57 2139
45 58 2370
45 59 467
45 60 1754
45 61 600
45 62 3855
45 63 2552
45 64 592
46 47 2262
46 48 3859
46 49 2779
46 50 1775
46 51 2963
46 52 20
46 53 1925
46 54 506
46 55 881
46 56 1551
46 57 3702
46 58 1069
46 59 3124
46 60 2380
46 61 2858
46 62 974
46 63 3065
46 64 832
47 48 701
47 49 2543
47 50 4081
47 51 2508
47 52 2402
47 53 3097
47 54 774
47 55 440
47 56 3848
47 57 3405
47 58 1685
47 59 2025
47 60 3264
47 61 3331
47 62 3052
47 63 651
47 64 3540
48 49 2947
48 50 2270
48 51 12
48 52 2855
48 53 2034
48 54 1895
48 55 1867
48 56 1443
48 57 754
48 58 4043
48 59 1308
48 60 1873
48 61 2739
48 62 483
48 63 3250
48 64 2703
49 50 2770
49 51 2054
49 52 3068
49 53 2638
49 54 504
49 55 546
49 56 979
49 57 3923
49 58 3760
49 59 3311
49 60 1490
49 61 689
49 62 2951
49 63 2568
49 64 3921
50 51 373
50 52 406
50 53 347
50 54 3035
50 55 996
50 56 1717
50 57 172
50 58 894
50 59 1314
50 60 2888
50 61 559
50 62 2195
50 63 4032
50 64 3740
51 52 2068
51 53 2785
51 54 2774
51 55 3600
51 56 2176
51 57 1981
51 58 608
51 59 2183
51 60 3553
51 61 2236
51 62 1984
51 63 3843
51 64 4072
52 53 1850
52 54 1140
52 55 2973
52 56 1230
52 57 1291
52 58 3109
52 59 738
52 60 1222
52 61 2777
52 62 3183
52 63 773
52 64 3682
53 54 2047
53 55 367
53 56 3807
53 57 479
53 58 263
53 59 872
53 60 55
53 61 588
53 62 1801
53 63 2285
53 64 2069
54 55 102
54 56 3645
54 57 3234
54 58 1046
54 59 3062
54 60 280
54 61 2176
54 62 2325
54 63 2907
54 64 2273
55 56 804
55 57 2308
55 58 1114
55 59 4064
55 60 3108
55 61 1672
55 62 9
55 63 2159
55 64 3915
56 57 2715
56 58 1504
56 59 3218
56 60 3868
56 61 783
56 62 2293
56 63 878
56 64 1458
57 58 2807
57 59 1291
57 60 972
57 61 2436
57 62 3091
57 63 4042
57 64 1290
58 59 2796
58 60 2499
58 61 3305
58 62 2365
58 63 555
58 64 762
59 60 3073
59 61 3276
59 62 1196
59 63 3544
59 64 3221
60 61 1990
60 62 2527
60 63 489
60 64 2397
61 62 142
61 63 3455
61 64 1402
62 63 117
62 64 1366
63 64 3809
