349
191
296
115
56
234
361
297
280
49
162
371
177
414
119
476
393
47
208
401
194
48
350
114
110
499
300
196
93
31
481
430
446
254
158
358
152
354
441
186
456
424
344
319
206
282
463
113
312
216
473
396
442
283
146
35
291
512
23
86
237
24
142
141
252
136
187
123
273
360
306
338
359
505
241
190
503
133
436
408
222
258
209
175
63
96
373
199
495
428
120
118
78
22
379
452
250
314
316
261
201
421
372
77
302
419
335
281
197
247
154
9
403
235
331
325
211
447
225
66
484
275
500
409
487
269
18
507
246
29
243
407
387
488
510
384
248
341
32
200
67
172
130
19
193
213
145
46
139
176
357
339
179
57
41
69
434
62
251
189
493
27
290
76
470
242
277
509
313
305
220
395
132
55
38
294
148
163
202
398
448
1
508
134
236
444
324
483
89
233
72
244
432
287
307
417
366
330
184
160
11
415
342
61
214
380
504
315
381
91
15
376
334
295
400
124
453
420
502
309
109
329
390
111
399
28
304
165
346
288
347
39
5
356
469
423
333
320
149
303
238
279
229
212
425
171
427
418
144
498
21
60
128
170
203
276
397
50
386
100
198
221
10
104
195
90
445
278
431
455
323
8
368
188
389
454
328
127
74
501
433
232
348
443
20
388
332
84
459
16
70
82
491
85
284
219
59
298
92
161
80
121
226
292
370
480
227
40
106
64
310
240
266
17
157
364
107
308
6
257
482
429
215
112
7
318
394
53
231
363
367
351
183
391
13
83
458
413
365
485
412
353
272
410
210
25
131
449
293
153
2
159
369
378
422
230
30
439
322
147
461
475
224
150
140
479
228
204
52
326
169
477
289
105
58
81
460
440
270
36
311
14
249
337
178
65
321
383
392
511
336
129
245
167
42
192
205
274
98
239
43
317
135
155
471
95
97
87
122
166
355
437
343
286
94
73
406
207
492
262
126
462
340
253
218
75
435
181
426
117
260
472
450
402
486
71
451
101
68
496
263
79
377
478
151
299
352
164
438
416
382
489
411
12
497
103
457
506
99
116
271
467
474
345
54
405
268
468
256
375
34
464
3
494
108
143
138
51
264
374
223
490
185
327
102
168
255
267
4
259
301
217
174
182
26
466
88
285
137
173
156
265
180
37
385
33
45
465
44
362
125
404
