1763
6221
8099
5217
1232
291
4087
5847
6804
6177
265
4220
2367
7391
1745
1802
5052
3183
2078
4317
4996
7705
3716
5634
4105
6236
2841
7347
2690
2723
7289
2309
5050
1756
6934
4307
8008
8081
1652
5773
446
5107
2284
4413
3499
2490
5704
2662
851
795
2418
6265
7845
495
6397
1859
3883
4452
1530
4244
7732
3137
6630
6542
7909
372
7960
5003
3379
4599
5883
5772
5705
1579
4548
295
413
4411
752
1868
6231
6268
2678
7045
5530
2451
1325
4740
5284
598
4436
3378
2049
5526
4954
1607
6572
7313
6411
6184
475
5584
5079
1443
6876
7840
3308
6303
3217
3845
2589
1174
4090
5295
2449
1618
5188
8154
5894
2410
5067
1468
6076
7780
3099
4615
869
5257
5323
3830
5281
5247
4888
560
1236
5982
6625
6500
2241
2162
5066
5955
4814
6974
3179
2181
6155
7424
5865
7755
6181
916
6391
3293
6431
543
830
289
7094
615
4101
7615
6402
199
7311
5580
2351
5058
5668
6442
3882
2036
1147
3350
4708
4875
706
2072
171
3987
5101
4146
4033
6360
6203
7996
7742
3272
3860
149
6900
8100
4661
2632
7639
4542
1206
2074
5762
1503
6261
5236
2474
5888
6624
2089
4276
533
660
2834
1139
3888
953
7396
6684
5371
6907
7776
4742
1674
168
4226
1865
7237
2131
2919
5330
7355
3909
756
7145
4478
1669
6845
4902
2929
285
7271
1528
4893
527
7984
1260
6200
1748
8141
2808
5928
6399
4789
6700
399
950
3219
3459
1549
5264
4439
7584
2909
5086
4420
4776
2469
4968
1568
3039
4529
6149
2587
1064
1157
7538
268
5846
2603
6565
3471
4743
3641
7346
2419
5104
5557
6608
4177
231
6048
5499
1831
770
648
1140
1216
3695
3125
4085
6607
7711
693
5661
6528
4515
1471
5981
7126
1491
6156
7503
4314
7294
435
7011
5862
2804
3738
7179
5708
8009
1691
1615
6839
7515
7716
3014
6697
5321
5813
2656
3305
7587
1371
1623
4821
7262
7650
6548
3964
4736
7522
1361
585
5163
6035
7832
6204
8192
7899
6600
1804
3356
1663
2605
8103
2748
3136
3758
6573
4921
797
1680
5941
3740
1399
5365
7504
4961
6526
6859
4118
2016
200
828
4801
4917
6777
1773
3098
2432
7582
5162
5038
3637
5182
4598
6058
253
6205
6188
6449
3848
7125
4824
2708
1283
4966
6412
4623
6005
2633
4752
999
7459
7827
7904
6125
6079
6329
3904
5582
2649
1307
1962
4682
5296
4688
2480
1398
4150
7351
1896
3454
2924
4060
621
3105
6775
2312
60
2008
7691
2530
4055
7257
6755
2982
7512
2380
1454
5471
500
6327
1884
6356
6838
7638
371
479
2258
7528
3327
6498
137
4546
1387
3129
6722
1353
2871
2412
6287
7961
6436
2510
6326
5036
4726
888
6369
3081
2516
7282
3927
2558
8086
6803
2921
3239
6856
4256
4455
5514
4252
4162
5562
595
7914
6695
2995
4578
7527
6908
7419
4983
2777
5110
5122
4597
2462
2201
6992
2135
155
5835
5707
3779
3424
1220
6604
6385
2079
6862
1793
5916
1657
2322
5818
4235
1565
1599
5047
216
1983
4022
1875
5788
2965
2063
4039
4697
3999
7473
3146
6591
4288
4061
7109
7481
2571
6879
305
6925
4728
7573
4267
737
7161
947
6693
7973
5228
3155
4607
5630
142
251
7750
1082
3767
6021
3188
1780
4163
2617
3287
3985
2639
4795
573
1940
6786
3861
6928
7603
4609
6878
4407
1094
425
3802
7048
1422
3831
7278
3629
6271
2263
5508
5665
2974
2988
1529
1412
140
5876
7171
3447
4767
5985
5423
831
5808
4261
4643
2213
2499
4581
1593
1862
7044
7192
4520
956
964
8011
1624
5555
3065
247
6949
5500
8091
5254
7450
897
3149
3046
905
3365
5325
2061
1061
4023
1604
4829
2031
5801
4392
7510
5966
3978
6647
1269
3774
6681
1479
31
3747
7940
3563
4762
7184
2722
3095
7066
5051
3780
2890
4953
7848
7299
1737
5852
713
2972
5736
240
4487
906
4438
5877
4826
2792
7771
2124
6619
4571
131
4147
4565
2052
2594
2099
4151
7146
2059
4032
2112
1029
6211
2216
743
618
777
7645
7372
6728
7329
4659
6967
7519
1354
1695
6986
7172
8046
6581
2046
7493
2704
7332
7992
8143
1073
7111
6731
4927
18
2489
4489
2329
5871
154
5385
3556
7176
3803
3667
4725
6781
1726
4106
7124
2459
6240
7562
3859
4139
875
6082
2677
2591
3372
3991
616
4775
4216
3894
5821
665
2331
1852
6165
7447
5767
4591
4495
5093
2552
6104
5913
6192
2143
136
6989
4674
4631
7020
945
784
3678
2645
7921
2313
7929
1645
1182
344
3755
7950
3651
5524
1970
6603
1643
6751
5484
1145
59
3901
7062
1316
5935
5450
4341
4119
4899
1252
6748
6774
3077
4179
4088
7589
5759
1049
4633
2428
7004
3381
274
4041
7860
5663
2749
4594
5010
4981
3586
4185
52
1085
1999
2446
1655
2813
1882
1995
282
6163
2685
4113
3868
6146
6970
4180
771
3187
7861
1620
1428
4827
2403
6945
1265
4189
5933
6004
1478
2687
816
4501
5166
5940
5300
4681
5675
1130
6570
5989
6508
3083
7726
7926
5613
6595
2999
6998
2330
4987
3870
7164
4536
2202
1958
7891
2023
6426
5723
395
2839
5230
6503
4098
5843
8071
7345
6158
4732
522
1492
8015
3169
5781
7433
95
7948
2523
2429
5472
3448
1898
3442
4825
2830
4449
1154
2800
4749
3495
1437
3947
1509
7835
5412
1923
5440
1473
988
25
3787
4483
4524
3453
5227
5697
297
6289
6225
2407
1595
6395
4308
2013
5756
4516
6441
8047
1317
1582
7224
5662
886
2604
3377
5123
1731
6469
6012
4405
2032
7692
5730
5541
2870
181
5429
6193
1105
3156
6364
4552
7917
7215
732
5181
4675
7905
6514
4859
232
7596
8116
3349
6765
2642
330
4802
453
201
6851
3652
2825
6063
374
6235
5095
3713
1359
5310
2316
8090
846
3478
1046
3771
918
1266
5866
2621
3839
2829
183
7636
5576
3059
5624
811
86
547
3917
2699
5196
4895
4013
3878
2086
1402
1259
5969
6071
217
7516
1683
8122
4141
1646
723
1586
7398
174
2812
4575
1740
4590
221
3931
342
3128
2291
1170
6180
3588
1668
6966
1224
1518
1571
4914
6335
3512
2784
5466
7721
2496
4080
1208
4625
7903
3669
5302
6714
2503
2928
29
8171
1131
6882
3829
551
3980
1394
3467
6720
1115
6161
7530
6661
3397
5988
656
2846
7521
2670
6820
5004
2019
73
150
5625
3451
7575
1127
2090
1635
2211
2352
4592
3711
458
2856
6459
919
3773
6623
1330
175
2012
2734
5425
5376
3645
7065
769
576
2706
4136
3180
7083
4176
7609
7222
4614
3266
1179
3828
6016
1681
903
6978
7119
2636
420
281
4931
8017
40
7704
7232
1965
332
3009
3547
7524
1037
7491
7863
4605
7915
4059
7101
3908
3157
3638
7273
6083
1303
6521
8172
6653
6641
6682
7250
7879
7820
6075
6278
4904
6811
8110
7817
5755
3515
6896
3421
5971
5148
2937
2628
1212
7600
7733
751
2328
6717
6594
1520
1517
2138
5369
5433
2118
56
4746
5950
5785
3258
6293
3426
949
3705
710
225
7654
3436
5653
1959
3746
812
6419
4201
6512
8013
4300
3313
4722
3710
3037
5519
2262
5995
1725
7405
331
5232
4073
2300
4479
5611
4678
451
913
3058
4655
4464
4281
6515
185
7585
3612
4971
4613
3919
6551
3342
2903
7151
4126
3433
3000
5112
2064
5191
2117
198
2056
1114
6662
709
2709
471
219
6802
3955
7207
904
7808
6510
91
3204
7541
5726
5560
6598
3811
4636
1349
6933
1644
3659
1296
3644
3620
12
4038
6208
1753
2414
6417
27
1165
6569
2901
3484
7646
3972
336
1805
6041
3500
5040
3935
1744
1481
3824
5203
1885
2562
7621
817
11
8168
134
70
4601
1076
4114
4586
3857
3162
1188
893
3648
4860
4694
6584
100
4081
1374
6613
6110
7039
7357
7902
7965
4229
7540
2382
4517
738
3903
5749
4852
4486
335
6298
7422
2661
4051
858
6664
1097
7260
2223
3810
7850
16
1446
3264
7586
4872
6576
6893
4610
577
3165
1938
5005
2726
6279
8189
5819
1285
1272
5190
1261
4361
6798
1270
2267
4125
6220
2022
4912
7430
7753
1619
1840
520
2259
7957
7823
4488
7467
1352
7805
3553
7121
33
4316
6039
5480
5198
6580
4685
7201
6138
4156
8178
4391
454
5669
6115
6553
1488
2187
4567
2105
5168
3932
7431
2624
7874
7942
3995
3817
3027
5651
1855
375
3977
1575
2296
5639
3533
671
7545
432
2569
4724
805
6189
8160
7404
6817
255
7338
6176
1357
3836
4435
8138
4690
2317
7209
7689
1921
3431
776
7204
7106
7025
3458
234
6810
2111
6734
3205
6688
6759
4645
569
3867
6993
1792
2694
3238
1592
835
3369
1801
1450
5937
4202
4713
6864
4596
3854
261
4637
3890
386
5735
2637
7244
244
4366
111
1297
3538
5124
2615
370
5336
5150
6660
7980
3212
2667
5824
7946
5963
3689
96
7884
8117
6950
4238
7387
6089
8140
2066
2466
5905
3595
3392
6109
8
3541
4490
589
3262
4527
7031
676
8085
1058
7054
445
3214
5222
2051
1177
1851
5992
521
6951
4706
1690
933
3912
3981
775
490
6306
1986
6964
5459
5117
7857
3865
6592
7444
5734
6103
6507
792
6483
5664
6378
4309
788
3246
360
7385
860
145
1452
5822
6413
558
2879
5155
1218
2607
2755
2543
6723
4830
3104
1204
7919
6237
3604
1345
683
4194
3936
3812
8113
292
3726
839
4257
2786
644
5914
4794
5837
1027
4210
5646
4920
4182
4683
3332
4491
7226
1106
3170
6283
2586
3418
4097
6421
6018
6376
1612
2682
6822
5779
2534
7666
1816
8131
7752
5670
5063
879
5860
7640
5444
4091
5588
4138
5930
3182
7930
7144
2153
1900
6767
6626
4522
3389
5357
6458
2525
4570
613
7242
4769
5568
4568
7137
4350
7514
3261
83
5249
4739
287
852
1063
2522
6433
1778
4545
674
3048
463
952
4044
294
6336
42
4355
1621
2402
3887
7190
807
1243
4997
3546
2918
7187
3968
1055
5173
7608
486
5075
5618
4209
5887
4876
6095
3949
4047
3974
3452
4845
114
7070
1294
6173
2203
4950
7534
1032
6077
3752
961
3502
4760
7571
5765
3720
2576
5490
4389
6101
2674
562
10
6871
6649
1800
3683
3016
959
5313
1041
6999
416
3846
190
7043
3404
2542
3525
965
2556
2222
6975
6081
2071
3460
3789
1249
3708
3488
5419
8135
3826
1062
8082
1932
3843
612
488
1770
1421
2128
3658
3325
4620
4998
1050
2625
1819
2488
2602
1716
356
36
5917
3950
3265
5493
350
226
3957
477
135
5144
4608
7362
7867
4228
2878
7376
4066
312
2398
4717
5359
7458
661
166
1413
7518
1360
5640
5279
38
6145
3676
426
1769
8173
4617
2778
3053
6043
2994
218
3951
4279
1225
1150
6066
7803
3783
5383
3361
1060
3483
4213
6334
5332
406
3776
4619
4919
2085
158
1569
6941
4519
1984
4718
6151
6064
724
909
2225
1341
1498
1124
3585
1630
3017
4885
7979
5844
2852
5342
5861
6325
6186
4870
3196
1014
7911
6616
876
1502
5044
7264
1981
7974
3132
6719
7220
3770
3548
4721
5445
7231
7304
5604
3573
5133
1912
6084
6301
607
5245
5743
1712
1444
6806
161
2826
5676
7317
4947
6705
2583
267
1718
7337
3895
647
6645
211
7327
7773
7997
5243
1035
7761
7561
3055
5002
1576
7842
3336
1594
8038
5505
2286
1833
2612
5441
4906
5637
5366
1328
2149
2321
7281
1639
2527
7477
3816
3087
2137
5098
7804
2711
7131
5318
4429
5899
2944
7837
6439
2611
6828
3593
6430
2390
3622
7088
6590
2877
2769
5885
273
286
2171
8147
1152
6942
707
1689
6187
580
2700
461
7897
7744
5346
5507
2221
3898
8029
6446
5817
3529
206
5161
7859
7983
3215
349
2957
1119
4284
7132
5572
6620
2861
611
2465
119
7971
6113
8181
948
110
3230
3116
691
3599
6979
2156
1972
4662
1366
5912
1293
3520
2673
5534
3075
2703
319
3006
3324
5353
3749
509
5863
1552
249
1743
6812
815
863
5895
5437
1820
3959
4140
3310
6185
8004
6196
8145
9
2966
3184
5791
8094
935
6860
2967
3544
768
4847
403
628
7731
3699
5013
3181
3229
514
1823
1633
97
3285
6874
997
5948
729
559
4755
5721
6843
1505
1100
5936
7428
7063
5402
3329
3253
6404
1233
1887
5377
4175
8106
6447
5515
7235
3227
5502
4984
6363
6319
8054
6216
7205
2170
3668
3151
7133
491
1379
2666
4204
5208
243
6539
4701
4583
3792
14
2483
4972
4759
7676
2756
1122
422
3302
3141
4173
8183
4382
3071
427
7625
5046
6833
5261
1601
7986
1784
7976
6894
3220
5964
4878
348
1608
2560
5875
2618
4818
4932
4737
7412
7923
4564
5678
2425
1897
7178
5218
1057
478
6317
407
4453
626
6269
2959
4099
2758
8159
3401
5521
3744
6752
5398
3206
6017
2387
6011
6244
3108
3335
3395
1400
2399
5331
5728
2332
3194
6578
5464
3303
554
5516
5126
1367
6368
8087
4282
4184
45
2339
7878
3915
6529
5363
1704
3160
5430
7272
3007
4233
7749
2140
2886
2306
4444
910
7199
684
1318
4612
1894
3164
1547
5839
7407
5187
6698
4761
4388
2268
1433
5573
7653
3530
4367
1616
6000
428
196
617
7566
5737
7568
1376
6174
4798
3732
1524
6531
2863
3158
4058
785
4230
3674
2981
2702
8010
3911
3270
7202
1337
6379
4377
7943
7506
1888
7122
4741
4232
3606
6122
3835
3338
3536
388
7893
6142
1132
4197
8083
1826
109
2541
8115
6784
7143
1942
210
556
3690
1065
2394
87
2358
6866
867
4477
4734
2165
4183
2231
7990
6675
6129
5764
99
5486
2508
4687
6143
5023
4994
2833
293
5546
3923
5129
1969
4879
6527
2782
1238
3825
2279
6522
5475
7027
629
2816
2906
1281
6965
3333
1711
7352
7906
7537
5278
4547
5574
8034
4431
6453
504
5263
5907
636
2970
5796
6470
1788
4550
4293
6753
5416
5458
5460
1973
327
7826
3517
133
1514
4531
1406
5008
2875
8190
298
1685
4842
5457
2152
2925
2791
673
568
2613
7013
1173
3788
5717
6044
6112
5370
803
2033
7033
7127
3884
7169
5489
8074
6286
3662
6126
8070
6032
2264
6057
3994
3496
4123
1175
5587
5924
5015
7051
6053
8155
5317
5513
7559
7655
7009
5959
2441
1364
401
1577
64
7668
2869
4322
1458
6182
5690
753
7438
3723
4266
3300
4729
7772
1418
5134
3751
4502
5700
4695
623
609
6367
5714
3093
3743
58
3213
2720
8188
1512
4324
3832
1662
8119
1525
6359
6055
3430
5699
7853
3983
8049
2564
7484
290
3320
5511
7604
7531
4272
3054
5731
8175
207
6418
6094
3074
2712
4365
1295
8027
7047
6098
5571
1844
4929
7563
4416
1211
996
8058
1622
4400
2623
4329
3063
5967
2220
3387
3984
2707
5175
212
6127
5503
5753
7193
4593
5260
3473
6042
2640
7620
2054
7806
2310
4297
3764
3122
3289
8065
6935
8149
2477
1107
2742
6340
7259
4941
2298
2270
313
635
4757
4249
3273
5868
5432
6836
7102
4539
6837
7688
2899
7022
3175
3885
7046
7570
992
1678
6425
1384
3299
259
2857
1434
24
4159
7890
3190
184
2738
5119
2458
487
1356
3031
4493
5311
5071
3425
6880
318
6451
4374
1026
2511
468
7140
5351
6796
2039
7932
4040
2250
1230
3762
496
2597
4896
3011
7895
6467
2614
3382
8128
4115
6809
4730
6296
1966
3943
2139
2698
2037
7728
4670
444
1388
2634
5939
3275
608
1811
4930
6050
2376
7533
5380
7037
2819
7055
7644
1560
1705
3603
725
1539
578
6628
4418
275
4751
4606
6947
7156
1727
6147
7908
7103
4015
2486
2842
5501
6956
4342
1956
561
5091
3090
5202
2644
5771
2362
532
4505
1499
5745
548
2524
2240
701
6927
3383
4918
7987
4075
7104
6366
3850
3851
6383
1038
2068
4270
7139
7778
885
3490
6495
1961
3965
7920
4480
5531
1300
397
4943
4518
7368
1772
8002
4290
5683
3278
6533
1393
3742
5026
6952
4765
6401
5494
2289
6887
5043
2945
4496
5827
6816
7695
1045
93
991
7836
5394
3657
4292
4104
1025
7240
924
385
5583
7924
6052
5151
2655
579
32
3698
2573
5211
35
7813
7028
1504
1262
418
3385
6390
1546
4369
2837
69
2192
4362
857
1056
2595
262
7488
4960
2133
4719
254
5698
6302
3094
3076
1935
357
633
1333
6602
6946
3456
3364
3863
1873
5658
802
302
3438
7809
1054
6793
4975
1222
1640
6358
6194
1934
2793
8067
6460
901
2
2265
3844
8021
1463
2229
3455
2788
1116
3580
2739
3635
1087
549
6981
1196
4911
7509
4928
6199
2531
3889
1273
912
1658
2910
118
7775
194
1545
4754
2401
3805
440
3807
3967
8120
2947
4321
6259
5275
6099
6375
5250
6370
6179
19
2679
5570
241
5944
1751
3271
7922
4787
575
3523
4621
1344
5947
650
213
7520
3664
7685
6292
2776
6749
6275
8060
1665
2175
762
1432
3358
1159
3145
3897
2795
326
1925
1968
5760
2762
2243
2781
6730
6680
3312
4193
3992
3018
6703
7743
4303
2616
6088
6168
1223
3363
4558
5320
6983
4651
7466
311
7849
6558
843
6561
5157
2888
4403
4371
7781
3192
2438
3296
1980
7378
1754
1967
2983
376
8137
6091
4368
5327
3866
2035
84
1787
2763
1978
5011
7270
5204
4861
4782
6792
7148
358
829
1951
2915
1692
2361
3343
3849
973
2912
861
5807
3975
6061
6689
3864
2176
2868
5740
4839
1733
1314
3509
546
8037
7155
3971
908
722
1625
5018
4251
5065
1761
1613
4378
5696
1329
5116
1289
2320
6294
2714
4325
6640
270
5585
4239
3630
2641
2007
3518
7191
4387
1476
5248
931
5706
6488
2532
1395
4067
7762
7227
3717
4538
542
7208
1461
7664
2811
7408
563
4409
7955
5368
4273
7003
5451
2550
810
592
4817
1880
7042
7462
7634
1508
1019
6201
2862
6114
5153
7720
90
3268
4440
6051
1822
7913
2934
7981
7095
4168
748
7030
8102
5488
4785
5426
1135
6537
4214
6988
71
698
2502
1219
4057
2987
7425
89
1460
4130
1011
6962
1096
6133
6995
1869
994
2108
7318
593
7697
4036
7834
6861
6389
1021
7160
1864
3750
5628
645
3856
1494
2092
316
5984
4298
3549
6840
2735
2454
2976
5595
8136
383
2180
7354
2385
4804
2130
7092
7038
5932
4589
1183
3043
148
3594
3858
4980
3786
2228
4379
3428
3775
6850
3896
8111
5994
4198
2979
3700
663
6516
8125
3260
5667
5695
2148
976
6599
7129
7223
6830
3763
5266
758
8055
4503
1447
3877
7864
2434
6178
552
686
3176
763
102
6926
3914
637
4031
2680
3351
7641
1872
7814
362
3791
1587
214
3570
3403
5478
258
1686
4363
604
874
1231
7870
7511
123
3739
1901
4833
5838
5983
6157
4497
749
7723
6899
4588
3189
5856
5428
434
7722
8132
2096
7546
2724
6746
6463
6085
7363
4969
2505
5599
2311
2854
6996
1834
1500
1526
5878
347
4484
2520
7797
6341
4521
5701
7279
5857
6794
2659
7588
3427
3368
4563
3367
1881
881
5897
5561
5367
6883
7800
1670
974
2196
4511
2848
2760
4100
7276
23
3470
6049
7266
5951
4939
2728
4807
7008
1117
5304
2417
4086
6437
7995
4816
3254
320
2024
7064
7765
4534
8150
1160
4936
1176
1706
642
3952
7792
583
2319
7754
619
7331
5399
6116
675
4037
5199
1189
4530
898
3038
7367
1277
4291
3661
6251
2373
7601
3234
4002
3440
6841
6239
4945
7535
7485
4052
4005
3061
891
7526
4958
7071
1889
3373
4849
3840
1241
6140
6622
2233
2533
7158
597
3754
1301
3097
1679
4236
6557
3318
1853
7727
4823
7108
7324
2827
2038
7040
5287
5556
6164
3565
555
7581
6585
2908
6668
470
6255
7150
735
5607
5958
4702
1637
5415
128
5395
2904
2021
3419
6931
7420
127
7661
1419
2555
7670
4089
3120
6725
6648
8169
2549
954
524
7147
2252
49
6560
1102
1103
4691
5532
587
2404
7078
1033
3282
773
6987
4186
6190
2134
1244
7414
1074
6686
6652
3962
5118
765
5089
7308
8157
1883
596
1979
2347
5070
1721
5806
7463
1380
4974
3322
141
1123
159
8164
6868
970
2182
4069
7035
3654
2389
3621
7454
4630
2472
4456
4155
4412
6445
2457
6815
2635
6429
2798
2548
2475
1312
7468
442
2409
5881
1899
3796
6357
8028
492
7075
2160
7715
6823
6062
7388
6711
1496
1134
536
5828
899
8191
7631
7238
1377
838
6377
1904
5237
6889
481
1148
5979
3614
5178
5341
1522
890
8187
582
8167
844
3737
6466
5689
1
4535
2166
2314
6724
6867
3248
2218
955
7757
2757
4561
995
4451
7791
6534
6895
750
887
2209
2980
586
6330
4144
5953
4696
1926
4574
1197
7718
5671
5158
2406
826
6638
2423
6827
8097
329
3449
4083
6593
2745
3211
4703
2567
1809
5520
2242
2338
4161
1039
7736
5974
6886
3853
6372
4401
6713
1830
1722
7502
3173
2271
4585
3439
5586
2538
6266
3798
6448
789
4332
4812
570
4224
3311
759
2828
6087
7482
4771
4970
2902
5540
4206
4063
7498
1994
1987
5492
6890
1347
430
2371
107
963
7214
50
6024
5997
5055
2922
7758
2949
3736
2923
169
6455
2652
1818
5805
3568
7888
2185
1540
8012
3879
6929
7618
6305
3973
1506
1024
6456
5896
7050
2163
1304
7883
130
3756
7852
7252
1373
2447
4346
7135
716
754
6729
2060
3110
4432
7024
6957
6541
1534
3507
5121
6884
2547
7251
7036
1113
2377
278
8066
7229
3185
2565
2281
7341
1911
2426
4858
2588
1250
7927
2969
409
405
3112
4286
5606
85
1828
4898
4242
6991
2110
2746
7218
4178
4553
4873
5973
4572
2648
3144
6299
7663
6243
4693
6601
6877
2537
5397
2895
4907
3800
5609
6772
5387
5293
5303
525
5952
7939
3979
6586
2260
1990
7196
3682
5142
296
1396
5666
4949
5918
7107
5815
1151
5949
3355
4121
718
7635
4720
7167
6380
2393
3686
6478
6230
1824
2431
7384
523
467
5596
4424
7499
823
7166
1242
3279
6248
5085
5770
5229
5272
2775
3267
4394
907
170
7213
4803
3487
3042
1308
2731
6831
6477
5841
5090
3331
5539
1953
361
3224
4024
1918
2040
4472
3790
557
1469
2814
483
1350
1023
3044
3394
1409
424
837
5307
4641
1829
5113
1181
3592
6480
5845
7590
7380
7105
4602
508
8022
1483
4311
4506
6123
5476
3958
5809
5923
2851
3806
6814
272
3450
6898
7702
384
7228
334
5960
7747
7627
314
2081
2668
3554
6535
1466
3113
7449
3624
485
7999
3564
4770
53
7678
7339
7288
6471
3945
5137
7453
6787
6484
1031
5934
883
7247
3408
7200
4836
5575
8052
3601
7393
3910
3152
5797
7112
4797
7602
1385
7565
5811
4274
5
7594
3045
540
864
3649
794
1597
5338
1671
1543
6339
4017
7717
4343
6955
2091
4245
7703
4430
8063
7709
7058
2990
315
6848
5225
6222
7423
6910
1474
703
7829
5177
6984
5754
5340
1713
5769
2683
6461
7543
5673
736
5848
6197
3334
3380
3876
2200
5943
113
1533
2015
5374
801
5954
4048
3101
8018
2017
4360
5920
192
5744
6479
6394
7098
3199
1944
1821
4092
717
6930
7336
1563
308
1920
7293
5869
6588
6148
5165
7945
7719
2027
4021
4504
2570
7807
5205
3766
7542
5195
7249
7532
2497
7936
3589
17
4513
5629
1036
4999
411
1404
5219
379
4428
6415
4441
3837
1945
7298
632
6832
819
276
7403
88
6090
3626
1996
5062
5483
4507
429
1827
6587
566
6564
4227
3516
5143
5156
3918
6873
4107
120
3712
7714
1075
4672
2120
1228
441
2770
1066
4897
1628
2991
7495
5915
6769
4660
5657
5681
2275
6518
2506
5128
6
3154
7784
67
4124
3543
5136
5652
2290
1531
6482
3245
2729
8124
4434
6920
7788
6452
2297
5231
2302
1562
2224
5579
7290
3103
7523
1738
567
825
7427
1955
1431
2766
627
4664
814
8023
757
3241
6536
7868
6117
3133
3540
459
1378
3784
4328
4926
2261
6068
3940
7569
7021
6214
7677
3337
1010
7014
2752
6022
4263
4940
4336
6609
977
203
6258
702
5577
3107
139
5594
2094
1982
2883
4844
2062
301
7212
2948
5590
4320
3653
6687
1331
6249
4093
3171
2217
3794
4989
5407
5904
550
3617
2688
1684
6020
1782
5029
4710
4406
6509
4339
3286
7956
6735
1278
4304
4025
1323
840
2194
5164
7683
7910
3060
3834
6497
3295
3088
6727
1005
1584
2237
2759
3123
5633
6606
3020
7246
6485
4454
4034
6118
2727
2126
7080
8121
6331
3359
7583
5024
3445
1205
5842
4364
4976
5352
4009
1886
624
824
1018
3503
4262
2236
2824
1287
4395
5566
7300
4903
3068
3900
4265
3526
6234
6315
6788
5829
6316
4783
4649
7186
4544
1555
7866
6669
3269
5820
2961
870
5172
3715
5109
6549
6352
2323
2363
4948
6922
4632
4167
4784
2044
4862
3159
7451
1838
3319
464
3410
26
6702
6677
6217
4874
7373
3021
1631
6144
8158
7623
2269
7115
4556
6858
4704
5092
5600
7843
197
6093
3567
3024
5455
2927
4254
1736
1536
2790
5776
8095
1427
3315
4537
1069
2779
7350
2750
1288
1729
5240
7117
5487
392
5056
7881
1003
2801
4756
2190
3671
7966
7141
6288
3139
6462
2894
4158
6013
3240
2495
6939
325
6493
7180
7113
1202
2517
7549
3922
6167
7597
5025
5832
3197
7953
4995
7073
862
760
2288
1200
3489
2747
5335
1693
4863
6835
340
3881
3010
3930
983
7015
6520
3609
3497
4557
6891
8146
7091
6631
3422
205
5246
5996
3963
5364
4212
7667
971
2107
5424
2736
1047
6807
5780
4408
796
3697
3432
5729
657
7652
5297
4306
7882
74
1162
5305
6943
866
4240
4992
5420
80
1298
7873
6650
6691
6045
122
4959
1648
1799
288
2372
398
4791
6637
4131
877
1989
3665
5456
5747
1445
103
5682
3235
7991
5408
7001
4977
7833
6060
3847
2764
5014
8003
719
1786
6405
925
5132
3709
6704
5403
4509
2272
1274
1857
4922
2880
4027
1158
2960
3297
6740
5741
21
1775
3172
3040
186
1839
6721
6414
7303
7295
5159
4231
728
2305
7072
6800
7233
1610
4301
2346
6457
1339
4181
7005
4157
1519
809
5347
981
2872
6486
4647
516
269
2397
6223
7629
7437
2188
2514
5823
5022
4946
787
7783
7471
489
3542
1573
1507
7612
4383
124
3534
4618
2127
849
2226
3259
1947
8044
4094
4327
5968
8057
5391
8133
1495
4470
355
714
6538
3126
5220
3924
2471
3374
5087
1311
7951
101
1201
4095
6973
1203
6869
941
7725
237
2251
339
7964
1845
7672
6105
7216
813
4676
1306
2405
7417
3130
2773
7076
1172
3307
8031
6073
7764
630
2161
4856
252
4832
1638
6409
6134
2836
2997
8040
1424
3640
4667
3066
7898
4894
6791
3907
659
5517
6282
5068
106
3559
2521
5603
2741
1703
498
4221
7610
7356
7651
1532
1144
187
3127
6106
7239
2129
5650
5715
5200
6487
5616
3089
5130
4344
1190
5392
6345
2444
3004
7110
456
790
3508
4004
3100
3703
1541
2996
6589
6078
2718
980
1707
2369
5758
3242
1835
4323
6994
2123
3982
4666
7448
202
6617
4813
6914
3677
2817
4750
6472
7445
892
779
4790
7401
5538
5072
655
3353
7067
8072
4965
7907
4900
519
3941
4834
6506
5436
3823
5431
4646
1390
6210
2395
2765
2178
5909
7267
7099
4469
7128
5551
3679
7798
1022
3550
2448
7096
4381
7637
5870
4247
1156
5602
4109
466
4709
6333
3505
6069
4223
2464
1863
4372
3916
5739
5766
2535
7662
2238
7825
5308
4551
1187
5713
6760
1701
4370
3277
2144
1336
6284
2282
1462
7314
2301
6281
4315
859
6086
4143
3692
2101
6128
4187
6519
7381
4868
1914
1497
2942
1048
4010
7360
2294
6392
4543
1382
1332
5216
2664
1732
6917
4166
6067
5957
4016
417
1550
433
1790
2400
6718
3869
178
2985
697
3444
3493
204
6779
7786
928
2234
944
4463
8042
1486
4404
3062
5329
4924
4745
4846
3871
2227
2984
821
20
2057
5009
1149
7134
6552
4476
4415
3163
8151
4665
513
574
5106
4891
5512
3134
2513
4603
257
5672
4313
5149
2627
7268
2887
1309
1248
3956
5859
2599
4656
2215
3714
2838
6544
7149
5880
6191
3034
4779
2992
4629
6034
6373
4910
6172
7694
774
1779
610
2806
5926
6318
5890
5679
1557
4054
1092
6676
3954
1166
2676
4326
1070
6092
7630
678
1198
3643
2609
8107
755
2359
5171
6707
4549
3741
7968
2303
4727
3579
1794
5975
1789
2519
8084
6892
3457
6228
3
6567
746
7198
5998
3781
2087
5910
98
1879
5418
7768
5115
2986
3545
6029
1017
1803
482
1903
6854
6912
2823
222
1416
1997
2933
7824
614
7735
1423
6219
7633
7085
791
5223
5927
1137
5083
3892
640
5006
3748
7283
3722
6764
2164
5001
4638
7173
2256
7188
6857
1866
4196
4255
5775
5792
1245
1759
3970
1215
4753
4012
7916
2020
1290
4510
4074
2295
6450
3576
975
2953
167
3203
1510
1276
3347
277
5750
3255
1867
1909
2461
1902
6948
3376
6546
4191
5145
380
5411
2581
1937
7777
7163
2725
1237
1892
4793
1414
2097
7699
3161
3795
6923
5623
449
1343
1030
7452
943
3399
1931
2898
7632
7963
5567
3247
3292
6758
173
2084
2575
1194
7100
5201
1795
7379
307
5438
4337
1719
7041
279
3672
5021
3316
4644
5034
4253
7810
8166
3167
6905
5442
3768
7258
511
1448
5233
501
494
708
1163
2375
2053
7241
4658
4468
3463
5180
6959
7698
539
3384
5719
1449
7269
351
2116
1687
1537
7508
5000
8041
2381
2069
4397
5945
2897
5542
2439
6550
3357
2975
5993
239
6980
452
2285
1765
7052
3569
7675
700
7152
3734
1741
7967
7802
438
917
5732
7712
2440
4669
7177
7801
6612
6108
5956
7598
1112
3035
1848
5853
1971
5509
5800
1551
1267
2566
2442
3032
3051
820
5167
731
694
3615
7564
7962
5991
2847
1405
1346
634
2832
6465
3416
419
4246
6523
1280
3135
6139
4985
2173
6344
6270
3362
2307
7316
3464
5525
5931
6381
7157
2509
3772
5322
584
5691
2654
5286
4117
2193
5235
2345
5382
1907
423
2643
2383
4540
2212
1501
541
978
1271
2239
922
7415
962
4810
1067
3681
1012
6643
3821
781
5427
3521
116
3566
7234
160
6813
3777
3920
6654
6311
1975
5349
2030
1832
4338
5774
7865
4426
2951
3691
3249
3150
2005
1138
3948
902
1120
772
654
6382
7243
5099
4056
5077
7875
1783
3417
3400
5565
5710
6852
1240
5467
3619
62
6354
5469
1217
3073
2665
2653
3288
2485
4271
4707
5259
5656
2545
5631
3025
3281
4414
2794
6901
4450
1111
4169
338
3209
3862
2014
1185
5360
7319
4132
6701
6010
6170
4648
393
4354
6398
2498
5108
6257
2710
1490
2843
1126
3571
4642
7869
5242
2955
2122
6362
193
4663
2055
2978
2658
4462
4278
1246
1128
15
5381
22
7708
6054
4219
7034
3872
6074
6295
2473
2408
6745
1688
2876
7856
7729
1915
6863
1077
2572
5686
7938
2849
7274
8130
3256
942
5252
4269
2350
2882
6511
6342
2219
900
1083
3855
138
3193
2113
2151
1207
2245
7700
4841
2073
8148
6629
1717
6040
152
7168
7760
8101
5012
1180
854
1320
591
3472
4800
7395
8096
5080
1370
800
3041
2865
7230
6111
6732
7026
176
6826
1992
5790
3263
7816
4312
3291
3926
4881
4064
191
6960
4398
4993
7322
1634
7724
146
2435
6408
7305
2357
2803
1368
5447
28
4402
1258
77
1771
4866
4492
6246
2606
2809
2379
6532
3067
3423
233
3986
1482
7952
5007
4582
537
7285
2026
6276
7382
6716
189
7292
7935
5027
5413
2070
1451
7707
5833
1591
5641
2083
6245
4627
104
3290
3693
1391
2896
1566
940
7195
6761
5189
2600
6875
1641
1118
3535
4319
4334
2601
6750
5035
4700
7611
6494
3013
1477
2715
1006
7060
2733
5179
7442
4421
960
5127
4331
2249
2608
1195
3174
3191
7626
4799
5194
6277
412
1752
8153
747
172
1136
4778
1291
4576
5622
2214
3366
7673
1078
4604
6337
2592
3412
2821
3079
6543
658
3728
1441
245
3934
7248
7446
646
5814
5262
7315
3969
353
4096
4358
4884
3070
782
5273
8179
5417
1247
1963
6563
7474
3168
5031
2041
4806
5898
5873
3092
7326
7364
260
4532
6003
7265
3352
5784
4359
6961
2850
6969
4560
54
3721
3813
7056
7748
7846
1081
223
2807
1282
651
7595
1001
5855
5409
5053
4386
7406
7174
620
2971
5324
6207
6006
6797
337
7211
6741
5033
6434
827
2753
3650
7361
6906
474
2204
4853
5316
1279
3354
460
5962
6739
5280
1755
2420
5146
914
927
4913
3465
8005
8186
7624
7007
606
4653
3937
966
2145
5421
476
4448
3486
6009
5635
1874
4889
2845
1221
4275
7886
3201
733
4345
3414
3578
5751
2651
7340
6102
227
5872
6274
7194
6135
4622
4375
1583
4979
3584
4747
1028
767
7557
4390
4555
2342
7175
7686
209
1142
4763
1650
2184
667
1493
5193
3729
3482
4062
6888
1004
6355
6706
6785
894
437
4172
6263
798
1002
6440
4579
5702
65
2998
1305
317
6818
3012
3251
1941
7120
5473
381
3988
1235
3504
2657
5073
2881
7394
7436
7592
3727
3874
7599
1485
7386
1146
1890
7554
4068
6665
1850
7828
2142
5396
6997
7358
3118
5274
2907
3280
363
1651
3396
6065
2010
323
6575
5929
5810
7074
7622
3944
1553
7470
4595
6096
4447
7049
224
3804
2058
341
7821
7399
3003
4624
3091
2479
4078
7766
1676
5378
2344
5589
6919
7556
6361
6842
2743
1988
5787
5088
3875
5725
2102
7162
3993
5687
7469
6776
359
3057
6766
4541
6872
5373
7084
6921
4573
5060
5102
7649
6709
5619
2540
1429
79
2340
1052
6736
7841
6504
6918
7370
7993
4640
6636
5614
4650
1609
7153
6416
3231
6285
7434
4049
5354
842
4076
818
915
1605
229
3880
6756
986
2364
2544
6696
1757
5251
5495
5660
2598
5727
2584
4774
2468
5481
2920
5140
5285
3274
6501
3340
507
5265
5892
2006
3531
66
1948
1465
3647
6915
2822
2278
5533
7900
7789
4905
2585
2114
2198
8076
5550
3391
848
3745
6121
4200
4160
4777
1079
1521
7553
2115
884
4828
6618
5482
1588
7475
5724
5849
951
8020
3028
1008
439
309
1976
7560
1913
2205
5544
4526
2771
5170
2147
832
5111
7550
3443
3147
1161
6406
63
7369
679
5626
7435
3527
3815
5799
4071
5401
8024
871
3226
957
2787
256
4014
1383
4475
7093
6047
5160
3778
4148
5221
2365
7894
7154
8118
3407
8032
4967
4137
6712
473
1321
3177
6324
5197
2445
5224
4192
1430
1709
1661
7693
744
179
6232
8180
5830
5548
3437
740
880
689
2859
7774
6555
5454
6346
5169
510
1570
3673
581
6562
1682
7263
987
2663
4963
2891
5553
3921
2456
7302
1580
6679
2146
601
5061
2744
447
61
3085
68
2785
5372
6310
1263
1767
2701
3582
2422
1617
493
1860
7738
2003
4698
7605
7656
786
6403
5209
5716
3420
1817
7713
1440
5564
7684
280
6314
6272
4112
7079
2858
2935
664
4103
5627
2299
2905
4007
2484
1527
7745
2802
666
1470
1436
7253
2327
7648
4951
1392
6678
3052
7494
1513
7941
2943
72
5314
5468
4283
4399
662
2805
1302
126
4679
1410
3202
7383
3462
8053
5610
1516
1905
6635
7306
1917
3140
4084
5537
1109
1375
4871
1319
649
6280
34
2396
2337
3321
4837
3210
6097
2774
6715
5054
2780
2443
7416
373
5654
4680
8007
4437
6037
7746
1155
990
3218
5290
7312
2551
387
1511
391
4053
7097
6019
4955
1411
94
81
1342
6386
2132
5523
8174
1171
1749
7443
6072
5942
2388
5793
6773
6038
5337
6579
7737
5850
5867
3966
238
588
7342
117
5921
5761
1369
2754
6666
2578
1877
6432
6400
638
6726
2820
1673
37
6916
1998
1949
939
5078
982
4111
5510
4499
5608
6644
2866
443
3933
4458
5074
1861
6566
5688
2705
284
3117
5355
6605
1720
7210
1812
3735
1548
7687
672
7896
3598
3388
6940
4258
3029
2075
3899
5684
2150
6646
2696
6656
5659
6671
631
7389
5612
4393
1993
4933
3600
5694
1362
5999
378
2199
5834
5965
4218
6159
5388
7328
1554
7236
41
4268
3670
5547
3252
3023
6568
2104
3852
1849
1856
5597
7671
4901
7455
1781
6634
2938
6300
2028
3801
7069
5978
2681
1928
5309
3148
7377
1895
4744
1747
1286
230
7142
6502
7
3243
4417
7944
4129
2000
5294
3345
4892
5559
3590
6911
3474
7418
5569
6206
3050
7830
4234
4133
3666
3687
112
7782
30
6260
1439
5268
8064
7643
2962
408
5045
4296
5453
3961
3109
4523
1251
6953
5474
7016
766
4120
3086
2893
5439
8033
1184
5990
1614
2168
7949
6582
8089
6468
1649
1943
3111
6985
1484
3631
3833
2244
1922
4046
8048
3561
7682
7496
5253
7371
2939
4425
5648
7476
3532
1324
538
4207
3375
5114
1475
2455
92
6365
668
5390
2029
2900
2093
4937
5389
4250
6353
5782
322
3339
220
1558
806
2378
6428
6778
7851
3597
6119
8068
3096
8176
1626
2977
6614
5685
5642
4299
4956
6554
3033
3276
4
6198
364
7206
7457
6309
6885
2232
3633
5393
6710
3026
3759
4008
5529
5485
4410
7933
3996
1871
5350
4528
2926
3680
6481
400
5644
6141
3761
6348
3989
2528
985
2691
6423
720
780
1735
7812
3491
889
5289
108
4982
2914
6977
4908
739
4443
783
6154
7019
5135
354
8077
7464
3323
6865
4748
3119
4654
6525
5711
1730
415
594
2336
2349
1229
2526
5097
7426
8156
5718
5084
2810
8016
934
4935
1084
3326
6909
3228
4692
4035
5174
5643
7181
5361
5563
4122
1408
4634
544
7710
3064
1672
2208
6540
2158
7082
5463
2554
6131
808
6782
5215
2157
1699
2973
1870
2916
4735
121
726
5443
2368
5891
3799
4077
7696
5343
4962
6667
7219
7254
324
2374
7374
2660
2277
7815
6080
352
4848
2354
4460
6014
6215
5271
4248
3225
4050
8079
2686
2413
6763
5497
2154
3511
2693
4673
5255
7059
3142
7885
1389
1836
5825
7480
1381
164
1090
1292
1042
1797
2941
5462
5518
2539
7756
4205
3301
7505
7794
5794
2917
2463
1239
4764
1417
7118
1837
7574
761
692
2840
7287
3514
7197
7536
7958
2799
6238
1407
7988
3886
4805
6332
153
2467
4780
6438
76
6743
448
2507
5470
5742
2274
6821
7090
7616
4445
8162
6307
946
156
2932
1559
6937
4854
1068
4295
3221
6556
5757
5903
5384
764
1728
7077
1397
369
7478
450
3409
4128
4376
1878
306
1009
8056
7182
5213
5543
1326
7460
3390
5328
3707
3513
7690
3906
3405
4611
4533
7613
3702
7854
1606
1919
7349
3398
4882
271
5131
2684
7170
1910
125
5028
3121
687
3572
5908
1125
4149
696
7741
228
1611
7301
7796
6262
5961
4419
7872
5886
4001
1600
4562
7607
7977
4427
5677
7548
5186
4978
5139
2159
7551
5422
365
5244
5333
4466
5176
7365
8051
3143
793
4142
4333
1813
911
343
1891
7972
2553
1044
4237
5037
4843
7918
1016
7256
4457
3642
3371
7018
3838
7321
5348
3574
2100
8043
7665
6829
1603
6435
7392
1214
5804
5763
3330
3015
1178
2433
6801
1186
5864
7539
3480
2109
5535
6322
705
6972
502
1538
367
236
3510
4385
2276
6023
4773
5282
3760
7225
4850
7057
7089
7838
2638
2577
48
1950
8073
465
1766
2254
8036
2356
2596
878
3611
333
5636
7831
5049
5549
2004
6517
6137
4639
4006
2169
1666
3655
6464
937
822
2453
7032
2415
321
7334
1472
841
7970
7880
5655
7934
5591
4498
6583
6559
5435
2630
1843
5638
1403
7486
6162
565
5840
3583
4446
5306
8108
377
6771
2622
6476
5448
1227
5069
3976
3632
5239
7619
4566
6304
2141
242
5288
1209
5315
4569
2065
967
7087
6672
5578
2080
4171
6338
4867
685
7529
7501
144
3208
1561
1313
2590
6273
3207
6780
3501
5183
3317
404
4352
5617
2082
3757
5620
1916
2515
472
4222
7959
2783
3660
7291
7763
5446
5410
834
129
984
1464
2436
1080
4938
1104
1700
1254
263
7343
6574
3082
2963
4883
505
2913
7680
4711
4065
6427
1694
6007
6290
6025
5558
3200
7858
1253
1191
4494
1275
712
5884
1340
4259
1578
4635
2088
6968
402
2478
4796
6936
1585
969
3232
3475
8109
6320
5527
2818
506
1567
2536
2964
469
6036
6530
3298
3413
1101
2697
8078
8129
3019
2952
3114
7998
57
6683
2366
1698
5911
2155
3998
6547
6166
7925
8152
6473
8039
3587
3539
3080
4203
6805
3078
7185
2195
7006
7767
1647
2047
3560
7739
3938
1696
4465
7819
1426
1455
6825
2610
6343
499
2867
1723
5096
4211
6881
7456
6256
5234
1480
5972
5504
3102
7982
346
4584
2076
6443
396
5649
2593
382
778
3479
5400
82
7969
2789
7189
4657
1697
8006
5125
4964
177
6312
5414
5986
7375
5946
6313
4459
3476
1043
2470
669
1842
4330
5858
1284
938
6897
2730
695
5334
4909
6545
4712
7297
2796
6747
6615
7901
4855
895
2501
3820
6846
7138
882
1991
5693
7877
389
1072
5552
5452
2892
4215
1854
7994
5692
6692
2355
78
7734
3646
5356
643
162
2095
5064
6396
5100
855
3602
6420
8134
2325
1810
7795
3618
8123
6308
2411
8184
4072
7325
6347
2546
7989
4587
1927
993
4349
3186
7487
5358
2189
8025
6799
4822
4423
8062
1627
7402
7669
2333
6737
4145
8139
3616
2450
3625
2885
6229
2956
6795
5593
5326
5344
4786
1438
3591
7465
7116
8088
6241
5798
6422
7892
7547
3198
681
5094
6160
2391
7410
4944
5283
2631
7472
5212
3725
6150
410
3415
7889
7555
6027
653
1315
6202
6323
1858
3765
1299
5276
2647
7061
7413
6621
3005
3216
690
3782
7591
2675
264
1133
2106
3724
3841
4652
1936
3537
7483
1487
3929
3694
5919
1798
1386
5379
721
7490
2911
147
2452
4373
4580
2315
1893
5339
4217
3610
590
3178
3960
2386
7617
3953
39
5906
3696
856
715
8093
7576
1442
8000
8069
6651
5977
4865
932
7579
143
3153
6384
2719
1091
1257
7839
2732
6642
5615
7887
4616
5192
3393
1572
6657
1629
3809
2491
1086
2737
3607
545
6175
3223
46
4991
7577
6849
503
6264
7421
6963
4758
3434
5522
7844
2831
1564
2324
1459
5042
1121
4018
4347
246
3306
873
1777
2768
4485
2207
6819
1774
2481
6577
8114
7928
5461
3346
4019
6169
6491
13
2629
1153
6597
8092
7660
1598
4474
6596
4626
5258
7593
2326
4335
553
2989
5498
6387
4294
4716
7489
3818
6670
2767
431
2206
5674
44
5057
1653
836
7862
7159
7441
6708
7558
4461
7681
3314
6982
2772
455
4481
6183
5185
3446
5901
711
3704
730
2716
845
3468
5816
6252
7397
1715
7053
2504
2751
2370
4030
3552
872
2931
1930
6844
6924
1677
8098
1007
5019
1659
4684
1602
1338
1636
5802
6744
4356
5752
2650
4043
4559
6001
5812
6130
3469
2518
4577
7353
2559
4471
5206
1015
6958
4110
5267
3902
8144
7221
5902
699
2669
2001
6254
7123
2889
4302
6496
5803
6002
7787
1924
1489
2713
4026
5621
4280
4243
2136
4020
4772
6673
847
4731
3613
3131
6124
5889
5922
2437
6209
8142
5831
5301
639
5976
1664
4116
5214
1768
7081
2048
5184
2197
853
4174
2341
958
5030
5405
4277
7000
5299
5722
5768
5746
929
6834
6059
6171
1310
921
6226
1169
1363
6659
6847
3769
6770
6490
4353
5210
1193
2246
4925
4840
5980
2844
1542
1234
2186
5851
2582
4473
7330
6904
6026
5076
1420
1322
4668
2958
3928
5292
6454
4029
7954
6030
5465
4127
3284
920
2855
3893
8126
1933
5147
2619
6153
4134
4699
2255
2043
303
1985
688
3551
5528
7255
7912
6913
6733
6855
5449
3577
3115
163
680
4600
571
6388
535
47
7985
3701
3348
6253
7333
1168
5882
5748
3402
1089
3494
6790
5554
5592
3990
484
1051
3124
8177
4781
1143
8165
4318
1167
4952
1710
7002
8161
4396
1708
5241
8019
1764
390
2993
4384
5786
4153
8045
248
5082
6789
7513
7439
2348
4864
5605
6610
3386
528
2561
1814
7751
6499
6783
2815
1141
6611
1939
4500
5016
1808
3072
5269
3627
4820
8026
115
5970
6694
2318
7931
2529
5900
6639
3684
5154
7400
7770
3328
599
6212
850
7544
7359
652
923
5375
6120
5712
4723
5226
6475
6505
8061
6328
2230
5938
602
8185
5632
8059
6674
2946
6247
4671
7411
1714
2493
6291
6350
2494
2077
180
165
734
3008
3873
4838
7280
3730
2460
1034
7461
8075
1256
742
132
7432
1556
4264
8112
8014
3481
2568
6633
3138
3636
3056
4285
6824
6976
6100
7323
6663
4916
512
704
3557
572
4289
5545
3719
2002
5319
2579
1734
3435
6513
7307
2283
6321
4851
5783
4199
6903
1977
3309
4351
51
3283
1702
368
4973
2873
3524
2936
4225
5777
7086
5138
7740
7277
7871
2335
4082
1724
5836
2860
6136
6046
1264
195
8080
3656
1785
5141
2018
1415
235
7165
7606
682
2045
8163
310
4677
4028
3294
1846
5703
4689
2492
7114
2740
5738
2353
531
6870
4766
3528
3519
5017
1335
5789
7642
529
2266
3558
998
1796
7785
526
6655
1544
2557
7507
7348
7679
1750
462
2293
1098
2416
4886
7701
457
4135
4714
1746
6008
6954
1742
3675
5601
182
5778
3522
4857
5925
5598
5404
215
6393
4705
989
3477
530
1954
4442
7779
1071
4788
7658
7479
7344
55
3785
3634
1654
4190
8001
3623
3106
394
6250
3562
6932
3466
2761
6374
5270
414
2183
7628
1776
3047
1806
6757
3411
3793
1053
4525
7759
6632
6971
3360
930
3492
1099
4819
3304
480
4045
3814
1110
3942
3688
2304
1762
518
4811
4514
5312
4108
2384
4241
968
3608
6990
4880
4835
2235
5103
4170
7320
4208
2476
1268
4809
2050
2273
6754
6028
5874
7674
6768
7572
4003
4988
4877
641
5479
1213
4986
4915
7769
2360
2287
3797
3022
4188
6213
2874
3575
2500
3166
3441
2930
4715
3036
4467
7068
6489
1815
283
7517
972
2177
6808
1013
6056
1656
2172
2191
3718
2954
5406
3244
1000
105
1255
1040
1825
497
5645
5496
299
4287
2884
3237
1908
4380
5720
6938
727
1807
1535
75
5256
7284
4000
1596
6658
1199
1129
7657
1088
3596
2042
7822
1946
7578
157
5491
7017
2692
2424
2717
6195
7029
7730
622
2280
7567
4512
5680
5277
677
6297
3001
3913
5048
3250
7647
5207
1365
2034
5291
1906
3084
2797
6152
1334
4152
2574
2672
1589
564
3925
4831
3344
2253
345
534
421
1164
7799
3946
517
833
6627
300
4433
7366
4768
7818
7937
3808
4628
1327
741
4310
2011
1467
7811
4792
6351
5854
2343
2174
4340
2421
2487
4079
4482
7261
7978
8104
6902
4738
7876
2067
3822
2626
7203
3605
4042
1355
5386
3753
6033
1095
7390
1847
4733
1642
7409
2125
43
6407
7975
8182
3905
436
3997
5105
2334
7010
5581
6699
3581
2695
1660
6685
2247
4934
2950
5298
1960
1401
6738
3555
2968
188
5120
1351
1957
6233
5987
7245
7309
2121
6218
3370
3842
4011
7429
7614
4923
7855
2721
1348
2482
5032
208
1929
2512
3049
2025
4422
366
1632
2248
1515
8170
3233
6444
625
2098
868
7136
1574
3236
7790
1453
7659
2392
7130
5826
603
6031
896
3639
3030
8035
1760
7947
1372
5238
3733
7525
5020
1590
1758
1059
3498
7552
2167
4348
3257
2009
2671
6571
4815
2210
936
3628
7335
1192
151
605
7706
1358
6474
4554
4102
7580
5506
3663
5893
1675
6424
6227
6070
250
7310
6524
6267
6242
304
6132
1791
799
3939
5039
4686
1974
1093
3819
5477
1210
5081
266
1425
2940
7440
745
4357
7023
7793
4260
1020
2308
6762
6492
6690
3002
4070
515
7500
5041
8030
3891
1964
3706
1457
8050
6853
5879
328
2292
8127
7497
7275
3685
4942
6015
1739
4305
5709
3485
2689
5795
670
1108
2257
2835
6224
3429
1952
926
5536
7492
5733
3195
2427
6371
1226
804
4154
2430
1435
2103
7012
2620
3222
5647
979
1456
6107
5362
2179
2580
7183
3461
2119
7286
3406
4165
5434
7847
2864
3731
4508
1841
3069
5059
600
7217
3827
1876
2563
4990
5152
3341
5345
4195
4808
7296
8105
3506
2853
1523
865
4887
6349
6742
6410
4890
1667
4957
2646
6944
1581
4164
4869
