241
157
34
65
132
6
77
178
110
215
127
52
73
225
220
222
66
85
244
238
7
194
169
181
115
150
51
195
129
38
63
162
142
138
81
1
27
71
136
32
25
105
18
128
100
31
92
102
159
5
174
143
104
12
3
41
175
182
108
141
180
133
250
36
177
216
197
188
231
74
30
109
148
119
22
191
183
19
93
42
76
249
79
120
226
144
253
21
23
56
94
99
245
201
149
45
54
206
68
58
61
242
15
154
166
57
152
103
227
84
9
47
146
118
165
223
17
214
78
113
196
186
29
168
172
230
224
13
72
156
91
125
211
139
213
11
256
190
235
246
89
236
233
131
239
189
88
107
117
179
4
252
50
24
171
193
217
69
90
8
163
202
75
173
161
46
218
203
187
111
20
254
158
185
10
97
240
135
212
86
167
160
43
126
48
170
155
121
209
106
153
49
198
116
124
228
83
55
137
247
232
122
37
219
28
33
26
176
251
2
96
59
39
221
130
234
114
16
140
255
134
67
147
70
80
204
199
192
164
112
82
184
87
208
35
243
101
95
14
40
151
53
123
98
64
60
145
210
62
237
200
44
207
248
205
229
