1880
1664
868
1558
545
2047
843
697
1503
223
1454
415
918
671
596
214
1014
539
1285
1515
282
1227
1536
198
1871
357
2013
1163
28
422
509
1194
685
922
1421
1898
475
265
1746
1506
435
1465
418
1866
292
752
646
1573
263
195
894
534
1070
778
101
930
34
1379
700
1230
104
516
1547
2016
568
171
1706
1909
19
1423
1403
231
1561
1615
1621
1524
367
1735
525
270
191
1250
96
982
1442
1499
1451
1996
1695
767
246
498
1766
1657
686
1688
898
632
6
1079
1300
45
446
1720
1112
356
771
1041
1096
1350
988
419
47
1045
652
211
138
1845
186
1485
741
1775
819
1942
718
311
344
979
281
1983
1967
22
1960
1840
836
358
1031
1650
1780
948
1541
375
238
1974
1183
1107
1856
1684
2004
1460
233
490
645
496
1921
1130
340
955
1903
1494
162
1478
1900
855
1231
1239
1619
1419
1605
59
560
116
295
1710
857
1165
788
1596
864
1782
495
11
1956
2026
1456
450
1709
529
38
776
2012
1672
1360
1129
1827
1349
392
1529
376
655
203
1378
2
303
1747
1486
1745
1324
189
677
424
1308
1397
1043
978
608
1302
591
1822
1875
1565
1185
113
372
775
1220
1722
1631
384
1013
1641
317
1170
338
192
329
33
736
1981
98
354
536
987
360
907
1267
1738
1591
2030
1645
1176
619
145
1954
1930
805
2008
636
1941
829
423
895
438
584
1213
433
561
1496
1055
2039
785
429
1963
1608
1793
1523
1548
1765
180
1080
1435
1348
845
1131
798
834
1026
1517
986
738
719
1487
1370
1625
630
1774
55
2027
1756
1844
1405
1007
50
234
904
1105
919
2046
842
43
341
1544
1404
1122
1495
1467
1146
1753
830
552
449
1767
477
9
869
1707
1184
1275
667
1104
342
756
789
1270
397
1902
612
1828
458
1788
1453
436
1727
983
1958
1336
1988
1187
976
1801
1836
1839
779
651
389
1965
943
1010
5
1339
1813
337
981
633
946
117
971
1628
1006
884
1928
76
399
566
809
202
1320
141
57
321
1627
696
362
1098
1545
1346
1000
1932
1168
1488
1805
453
1886
1190
506
1069
1951
668
1028
1792
401
1790
404
1593
827
1861
49
742
1525
172
169
1685
420
627
870
1533
1830
1312
132
520
8
16
1985
411
1966
1587
980
1195
455
307
1287
1579
777
502
1772
147
225
567
570
1222
236
637
813
1847
1351
396
1356
1033
941
1319
893
37
1040
1160
837
579
118
711
346
485
1896
111
735
1268
1414
557
1947
1531
1906
1025
20
487
1216
737
1251
41
1265
729
359
425
704
2023
1359
1539
1304
1606
1201
901
730
1860
1704
899
121
1383
588
727
1128
804
36
945
1391
1639
87
252
1203
262
363
1306
31
1343
2003
600
1264
1095
65
703
1501
1651
468
247
313
913
497
1848
102
1946
473
173
1617
1642
318
1504
1666
661
62
373
847
1870
273
166
40
1872
1779
1849
1507
227
1712
886
1868
694
276
592
1409
143
481
158
2038
1408
1846
190
1063
1857
1656
681
768
712
174
226
1283
832
858
1527
565
594
1762
1284
850
1962
839
1938
602
938
1806
1042
603
494
124
1764
2024
1785
734
1749
985
193
2019
130
1919
666
2014
658
554
1534
1589
1739
4
964
1240
134
127
1075
285
572
593
807
1887
614
1078
1150
808
1751
1017
648
61
1969
1716
291
1892
1015
1623
1832
1984
462
10
1674
1371
996
434
300
1376
2020
1050
1851
1914
811
1093
1926
1477
927
1344
1024
1427
299
2018
406
168
451
1443
306
1513
1434
1648
1382
1729
1831
1705
1995
240
589
914
1521
1401
1444
93
222
780
1812
878
164
152
939
204
1089
365
851
635
301
2007
1461
395
1399
1002
951
740
1742
1771
1459
1200
1064
459
1258
923
1959
1296
1888
1498
705
1293
137
786
888
115
1566
1034
1612
1188
272
77
1252
1238
792
331
902
1711
748
440
1931
146
972
175
750
1697
1067
1528
1604
1254
412
891
1110
764
309
580
1436
1057
1307
1855
527
852
484
961
1354
1450
521
1171
1117
875
463
1282
1783
1223
120
977
641
1175
1009
1086
968
1328
791
26
649
1761
1520
249
1629
74
1634
906
1143
293
618
1366
908
1576
1418
52
928
975
673
1076
1458
461
442
749
100
254
1471
1834
615
746
551
1281
1667
522
1066
348
1516
109
1279
1114
1786
862
176
1578
616
1278
757
802
1825
605
1248
165
947
910
1714
1905
443
133
1126
310
1773
1390
1470
1381
243
1449
1073
230
1386
598
2001
213
555
1823
352
170
1182
1601
88
1388
1005
702
916
288
957
1703
1915
1879
708
1933
323
1082
290
1978
1763
439
1164
489
1922
1816
1192
1694
1347
1261
1116
586
266
999
747
963
1044
1570
933
625
562
1602
1597
63
1863
1594
1624
1174
1068
1732
1135
929
1321
1858
378
1693
408
1677
573
812
504
445
1415
122
1124
1781
1636
1204
676
1309
965
1245
1035
84
370
1948
253
1953
2031
1210
1400
1964
1510
167
563
196
2033
1310
469
2015
1062
1569
1733
92
355
883
1897
1144
824
872
278
1665
1973
1891
532
1600
454
1899
990
1758
991
924
1550
156
810
264
405
125
1001
393
838
1798
701
1053
239
1518
1929
860
1225
1191
744
1994
762
1678
1249
1410
1610
2044
1425
508
1277
199
1500
1081
39
1925
1908
335
286
1865
1769
940
183
94
1289
662
1127
1998
1255
2032
1511
1818
140
1791
1323
1316
1123
959
161
2029
1295
1256
1698
212
1853
224
361
467
1859
1071
159
54
1140
881
1972
974
890
1481
698
452
244
1221
1864
1394
1904
78
613
351
1734
657
1717
656
682
931
1392
695
72
1207
69
1437
3
960
577
123
1446
1111
831
258
23
66
966
576
1121
917
876
969
283
1269
1679
950
553
148
1943
421
861
1389
713
800
1991
1662
1794
486
398
1489
1428
460
1257
1986
1671
728
394
374
856
275
1457
1029
1819
179
1180
1824
687
1741
29
364
64
347
1647
1497
1690
675
1877
1330
304
564
669
1369
1260
441
208
131
519
763
709
954
1574
1374
1291
1177
926
643
1557
1692
556
1937
1173
973
35
1334
1699
874
428
1211
1622
1367
30
1719
1509
759
2005
1237
726
581
920
994
184
1087
1271
1562
1368
178
1757
2002
1567
471
1161
298
142
1614
1047
1598
1272
1479
1537
935
407
530
1613
478
1802
1365
1314
543
1810
538
205
1019
1673
849
1743
854
95
517
1854
1555
1894
684
1169
1091
1288
1138
689
336
1663
2040
617
46
1815
665
531
859
769
1970
232
1808
1814
1162
17
437
1136
333
1637
601
937
210
500
690
828
89
1101
1115
251
559
1384
1564
432
699
1560
770
993
1048
1217
271
480
540
846
1420
1883
1575
296
380
1632
622
1037
1609
207
1476
1532
1881
427
1740
871
1940
739
1581
905
1811
1874
934
1090
1280
1023
48
1247
1920
1335
448
1800
1681
1156
1008
1675
1119
1551
1125
1939
1975
533
1462
1482
371
201
242
590
1440
409
610
85
7
624
1890
1514
1406
1549
795
1361
1433
160
761
403
1599
1730
1676
691
1151
70
716
185
1799
745
150
320
1474
1413
1469
1829
1508
426
1590
235
383
1659
799
787
339
1398
1878
1538
1109
110
1179
710
260
2025
528
766
1027
989
444
79
518
1787
387
720
181
825
1172
1085
197
1992
1372
1224
474
1640
1051
330
758
1141
1725
1850
672
188
316
1147
1475
1243
1373
386
1472
1835
21
1341
583
2045
815
1463
1660
1803
822
1322
1530
1357
206
319
797
1804
597
1979
1003
821
1776
1234
1148
1072
1106
2034
1993
1821
1480
390
1083
491
67
73
1723
1592
279
1512
1889
1809
1643
1229
1226
114
1049
482
1429
1826
1556
217
1329
880
1869
1655
215
873
897
107
1492
388
18
466
953
1884
1313
324
1807
1568
1088
71
867
1149
1526
1395
995
1633
984
1353
715
257
2000
350
912
86
1658
840
297
523
833
483
604
550
707
1377
2010
1380
1228
2011
32
1422
634
1731
1750
1315
1263
659
1918
1325
157
1100
1139
1431
1094
1542
892
882
1618
1726
1060
1777
1022
488
1092
921
315
379
431
1519
1654
1924
654
479
1841
820
345
151
129
1337
952
1862
1987
639
1430
1784
1212
2043
663
2028
221
1752
1999
1209
1817
1936
629
599
1976
280
493
1412
569
1205
877
755
430
1016
1760
863
1262
511
1867
848
621
1154
1232
218
1873
1246
784
1540
1318
81
1311
949
2009
1338
1167
644
322
1363
1950
216
760
1345
801
302
1546
1653
1058
1989
377
887
514
526
381
1552
1843
1702
1670
1447
1649
1696
679
294
1326
585
1259
472
642
2036
782
1588
219
1292
1895
187
1535
416
1661
24
289
722
1493
1102
1133
505
1466
135
1553
1417
544
68
1669
2022
611
255
962
144
623
970
177
743
1680
1178
1955
1274
1297
865
515
783
546
58
664
1559
149
106
1331
753
1700
1038
547
112
1340
1039
1375
51
751
1387
228
287
1721
844
670
1913
578
1193
1244
103
542
1441
1687
256
549
1522
97
1638
90
909
194
512
1737
402
1301
823
163
1997
250
1626
925
1505
814
105
368
944
1290
1577
314
1652
1468
499
631
1153
414
1158
1342
12
2041
1305
915
1074
1736
826
911
126
1202
650
248
25
724
1186
510
1061
896
1030
1935
1215
1882
99
1407
1018
1620
1789
1059
992
1219
956
284
1235
1355
277
447
328
1876
1011
732
267
1491
1077
1358
647
1490
714
2017
1097
417
731
83
1020
1303
1934
27
1701
1484
349
626
1152
209
889
1118
2006
1299
733
1916
1923
182
1768
2035
241
692
1683
1253
835
717
706
391
1157
794
998
155
903
14
1917
754
60
136
1543
1759
1682
606
595
261
259
1189
1332
558
1718
1689
1236
1054
1294
1181
1402
119
1961
1432
1952
1046
220
524
305
1012
1145
723
1603
268
1820
1911
693
1108
2042
1563
1424
1364
620
1502
153
1439
369
1199
1713
1691
503
790
1206
1944
53
1
674
1833
806
413
942
1584
326
44
1797
997
476
879
200
457
660
1416
1927
1052
936
80
1630
1333
1396
1445
1754
1452
772
229
470
678
1778
1582
1411
1795
885
1159
1554
1084
548
139
1455
688
1837
154
1273
541
1362
1755
1646
1842
1196
42
721
1242
1214
803
1644
853
334
332
1426
237
1021
774
1945
1103
932
1583
1036
1198
56
1949
1715
1968
1065
1585
13
1286
535
15
2021
353
1595
366
343
1241
1635
325
1708
725
1990
1166
1438
1483
1901
1838
1912
1197
680
958
82
1982
327
128
1686
312
382
571
465
1137
900
1233
1317
1134
1616
1327
1971
587
582
781
1796
640
1980
1056
1728
308
1770
817
2037
765
1571
1580
274
1385
501
1032
400
1120
1276
410
507
1352
269
492
1611
609
1473
537
385
683
1298
1572
1910
1907
574
607
1852
1099
628
796
1744
1004
816
456
1464
638
108
967
1885
1266
866
1668
2048
1977
513
1893
1393
841
464
1748
91
1448
818
1208
1132
1155
245
75
1113
653
793
1607
773
575
1724
1142
1218
1586
1957
