4520
6344
6671
426
5480
5681
6489
5487
2756
3147
1102
3267
2804
5679
381
7207
7904
6991
6272
6683
8006
5547
4426
3277
7497
2143
4398
4293
2068
399
4914
3544
1526
7996
1087
6644
7142
4723
1032
7541
2854
6527
7763
3805
2185
3499
1762
3098
2831
505
3507
1858
5990
4652
6623
5781
3235
7758
1291
1864
2042
4697
6767
6445
5525
5536
6098
1476
4134
5658
3669
7368
6976
7494
5396
8176
1181
4835
3455
1918
3601
2352
3729
6702
854
2292
3648
5410
4466
3407
7546
5592
4897
7578
3978
411
7748
2588
3833
5631
5003
217
4639
1849
7658
4816
5014
4850
4976
2424
2167
7450
443
4086
7911
7129
6952
4940
3843
7161
91
2336
691
1207
5924
95
7169
6904
783
153
6557
2996
6858
4594
4337
7205
801
1899
2065
6876
1876
318
5733
2435
6111
5513
3355
7968
6268
3549
7617
1097
3170
4034
1820
886
2896
2988
5354
1157
7697
1194
2592
2155
785
6201
5055
5869
2162
5036
7902
7079
4105
59
4921
3158
3369
2701
5260
1873
2324
3000
374
4602
603
782
1645
3627
3853
4665
7808
4200
138
7995
2027
4011
4508
5675
2315
4966
2659
993
5779
741
2466
1091
2741
2333
5200
7604
1582
305
4415
2850
6394
70
2942
7233
8060
4073
7770
3458
7999
2037
1433
6396
4754
715
6841
1320
8037
7950
5383
707
3106
2184
7894
3172
5729
4555
608
6043
606
8127
726
5799
7885
1363
4108
8
846
3611
3429
361
6796
6311
204
6723
2356
7281
244
5297
3785
6479
7765
2138
7854
544
40
3032
989
7855
241
2702
2341
1184
4820
7654
1392
5418
6462
7456
7467
7236
6926
3176
3474
3623
28
578
693
2384
8145
126
7650
5892
4272
3270
2653
2567
2971
3685
3087
364
6620
686
7631
1696
3049
2361
3626
816
538
3981
5880
5519
334
490
7700
6927
1835
5738
5314
6870
1792
5065
3823
7173
5490
250
3724
1768
4085
4593
6044
157
7814
5682
7451
5131
6895
6035
687
7606
5234
4715
7987
6751
2272
4054
5246
5072
2428
8075
7178
2099
7888
4400
1999
1107
2339
5724
517
5744
4918
777
178
7255
6062
4654
5262
6561
4318
4147
7768
4359
1235
73
1110
2310
2277
8146
4667
4104
6963
2900
1990
113
2354
1947
2935
2487
4846
3494
6442
877
33
5777
2415
8018
7504
219
7772
491
7445
4749
7116
1892
1913
8048
409
4282
5269
6034
788
3113
2411
440
7567
6810
7292
5493
2023
2847
272
6064
5220
4286
1882
884
57
6920
7952
8178
7090
6972
1226
8034
6166
1436
5726
6854
2131
7047
6261
8061
1771
7915
341
4742
6577
3469
1046
4387
4689
2945
6653
4971
6719
2619
331
2926
195
4585
6367
2482
3850
367
3206
8177
7381
7499
5213
6023
3930
4671
6509
971
436
2912
2789
6313
7254
6001
951
7525
7910
3992
6739
7626
7291
897
5468
3279
808
6540
2425
6894
5644
8172
3483
692
4074
1970
6597
6400
5
7887
4005
3309
761
1760
1170
4188
7764
2656
5061
4208
5811
7308
4152
4407
3055
8079
934
6277
6674
4405
1959
7006
4268
5300
1193
6217
4384
4096
2558
6631
3135
2096
3182
1342
1378
8057
2802
7572
1925
5183
4076
7488
1322
6938
5712
4831
744
7403
4646
4811
6672
2740
2838
3321
3856
7610
358
4703
6214
1088
1347
3631
7498
8019
6883
6922
4656
7163
104
270
1975
3064
4291
4592
4818
7580
3932
7505
5783
4052
2186
4377
789
420
4934
2601
2161
5735
1211
2849
2021
3867
2380
8076
7220
6754
6320
3941
1086
2308
6348
4231
6720
6100
4273
2595
5192
3910
1863
6834
3570
4327
3596
3245
2270
3091
4599
3393
6325
6788
2288
4782
3831
7789
6710
4397
5820
2513
7514
3024
5609
61
8154
333
1640
5907
6689
6431
6451
6693
717
3115
852
5514
7491
6127
7877
6010
3134
5205
6871
3231
8093
1442
3813
1530
2247
5133
6032
656
6716
3605
5708
4566
4271
2690
1838
7013
4577
3699
6691
5187
4702
6456
5863
1912
2650
5622
2035
1077
2504
5498
6231
6617
3486
4753
4303
963
795
2373
4124
1524
8099
5941
3548
8142
469
7234
4653
1405
2274
3824
733
8085
2286
4628
7501
2997
2538
680
2575
3114
5152
1035
3876
6681
4903
212
422
7628
6415
2228
1079
1519
1859
1060
1536
5043
7643
6525
2249
5049
2832
4060
6575
3121
6859
6908
418
879
7264
5769
2237
2081
2391
7037
6929
3068
4536
2327
5319
7374
6968
4321
7208
6362
1841
5134
3681
2587
5689
2053
5053
4140
2694
772
915
7109
6135
1998
6295
6935
3075
961
3327
4222
3603
1585
52
4800
3001
2599
3920
2779
3223
7593
1968
163
7370
5288
6024
7662
1674
7094
5185
2773
5340
4819
1027
799
6435
5980
3872
4382
6145
5229
7348
7273
7599
6847
1470
6005
5321
4169
809
3710
3304
3422
7153
823
2682
3716
2625
1778
4987
2612
7721
5788
6434
2696
1313
6941
3148
308
3565
4551
77
1619
7164
4650
7023
5048
339
3040
6583
2776
2888
3078
2736
7549
3982
6382
4928
3546
5500
7004
69
5606
6933
3063
5648
5639
3117
3942
5406
6220
2904
2827
6582
1741
6047
2819
6936
7735
1816
3633
2507
4556
3750
502
3562
1732
4630
5518
1403
3686
647
1676
7543
6515
3514
1266
7268
1931
6595
4669
2072
3696
1575
7058
3844
58
2823
5485
7356
5405
6312
1938
2772
2283
765
4477
1533
4586
1783
3464
7480
4326
7778
3901
2009
7183
6039
7468
513
79
4964
5386
7442
8050
2809
5696
3861
3276
2261
1438
3162
267
454
1877
7184
1961
5515
7274
7426
2498
3585
7242
280
1333
3886
3875
6230
6068
7135
3993
1633
5604
900
2267
5966
6601
6339
1386
6529
1781
972
2693
54
7123
274
4899
1133
4956
3956
1241
531
6038
1712
2132
3187
6359
3653
1567
402
1398
7510
5278
7446
4218
6622
6318
864
2737
4229
4015
4071
3858
2343
3683
5099
3955
7151
7075
5197
7369
3065
4029
2152
4603
5488
3388
5667
5778
3687
3031
923
3829
1335
7359
3191
3082
4931
2497
3964
3731
5195
1473
4876
7269
1418
2300
4112
2742
6053
347
2147
863
357
3892
2226
7613
6080
5250
4760
8169
2529
5283
2140
1376
2293
6901
5814
1491
939
4907
6395
1118
1607
5905
6822
3525
3109
2485
2229
6081
5204
7342
260
2683
6466
4242
6593
1199
27
2581
4203
5008
5832
2043
5153
7461
5817
1387
2999
5231
5196
1702
5839
1550
5407
5623
2257
477
5245
7576
5715
7154
4947
5520
3220
26
4791
3202
6397
1977
5026
2066
5678
8167
4655
4970
7425
3096
3312
3975
1218
4361
7793
1355
1364
4787
5802
1456
4839
6249
7394
1430
3967
85
7914
6825
5579
3466
4942
5743
281
2503
6585
435
8053
1399
1809
1057
1718
4855
2400
5559
5809
161
4311
1315
451
5842
400
3380
6539
5226
7945
6060
6428
2101
295
5510
4216
7663
414
2218
8165
151
8179
2077
6013
118
6598
5647
1615
232
258
1056
5168
2873
1173
4057
14
3022
736
4288
1078
1486
1244
3695
2886
6354
4668
2280
5079
4236
97
3762
6616
2568
4505
3597
2083
7082
5274
1047
6542
2213
2519
7829
3212
1926
371
5141
3389
2142
5242
1465
6946
7551
4920
4081
5463
3089
2705
1642
2532
6065
849
4095
3142
7502
5812
872
6109
4866
838
4441
7611
5649
3048
1135
1801
5910
5560
3232
5364
1210
1384
5725
7974
3111
1594
4408
3522
1830
5740
5092
6695
7243
18
1468
4278
7045
2378
2409
4452
6012
2405
7438
2954
7524
4871
3097
714
2681
898
5780
7179
4869
5755
4447
6460
240
3895
3777
5399
4705
1186
8170
7865
630
1082
1967
2814
6184
1528
3668
7199
1866
5605
4159
3027
5562
1054
1452
2418
4353
5884
7131
269
6066
5348
6253
3949
5577
4082
6338
283
350
6832
3265
5307
2652
226
7920
7277
1400
706
6912
8017
7256
6366
8069
697
6573
2927
880
7676
1388
3928
7149
370
3820
599
3637
6682
7322
1988
3083
6567
2627
4225
3280
3012
5004
2569
7926
5462
6769
1584
564
4084
1627
6669
7732
7354
5885
1709
1104
5539
3221
3044
1949
6872
3154
6285
3937
5594
3488
1062
2440
6983
1284
607
7059
5378
2905
4879
4252
5847
2512
7077
4066
92
4572
2995
160
3123
7223
6664
7592
4035
7648
32
5624
8063
7177
1481
5123
4458
725
913
7086
1329
5558
4858
3740
3133
5701
3515
4815
6337
4857
6121
4226
5854
3782
7026
1492
4248
5164
6898
6816
2372
2930
5460
1919
3036
7866
4277
3169
3593
3747
7817
644
140
6866
1232
495
4516
1875
2984
1190
2102
4133
3918
1012
7540
4526
372
7528
3765
7284
6800
1006
4891
3819
1213
7516
5856
2111
5209
1270
668
5852
903
6189
484
6236
1422
8190
388
1067
7803
2192
2095
170
5714
3636
4363
1621
128
5395
4834
1220
2457
5413
2148
6726
7246
4328
2677
2144
7150
5356
197
1572
2614
1434
3090
2176
7313
3324
1556
4695
1601
4043
5212
1900
1276
7809
2196
8022
922
1503
6363
3832
7710
7317
3413
1252
4679
2006
7565
6216
3497
2845
189
3718
3746
2985
661
8024
5651
412
5841
6292
4843
8040
6715
1251
2472
3564
1394
5146
2028
4933
3536
2470
7873
5225
7707
1883
3727
5916
8188
1275
395
3338
7839
954
1101
7420
1825
10
2718
4254
5523
2309
3734
1662
6152
5401
3986
1172
7851
6392
7115
966
6844
535
7452
1794
6772
8151
7573
6804
4314
4861
3801
4418
2230
309
1319
6648
5264
5551
2933
4813
1945
5011
1180
1005
3125
222
5981
3859
2427
7305
2989
2200
3761
3615
2993
1828
313
1369
3336
4808
4310
4557
6746
7982
1888
2750
6467
6678
3682
3776
512
1254
7355
3618
7258
3186
3387
6906
1611
4549
471
6780
158
4343
6696
499
6905
7261
4873
764
1303
2528
2670
4571
5580
7690
4055
4727
5939
7800
6700
759
3943
4574
1669
425
7624
1051
4264
1757
3674
3153
1780
464
307
916
7666
1904
2889
5094
2118
6138
5009
3991
1331
3146
6783
6420
5785
1666
5286
3879
4529
130
7746
4887
861
210
94
8132
7552
4221
4480
1092
4151
164
2219
5427
5033
1824
5881
2628
6116
7602
3404
8106
3834
6260
4848
1506
6997
4041
533
6818
7947
3378
3225
6611
2975
4046
671
7490
1568
7042
3299
4213
3958
6476
536
7670
6987
7231
3072
2671
2554
6233
1620
6882
796
1248
2013
1596
2281
4614
4624
4176
3018
4778
2785
2245
4922
7674
935
4561
6970
3582
6332
8074
2687
2533
4579
7901
3157
430
5951
851
3410
3693
5603
4595
6284
521
5933
6989
1695
4852
111
2941
1978
1094
75
4962
3979
3094
373
5332
2617
4511
5517
6686
1053
8140
1549
2734
3925
1357
3174
2419
3263
1317
7963
3998
3272
8059
7637
7633
6229
1258
3195
561
7998
5304
4694
1380
6713
188
3558
2248
5947
4371
819
123
8100
169
2112
176
4195
2885
2828
3487
844
6980
1870
3588
8086
3985
7020
141
2396
3730
1124
7581
4699
5807
4316
1480
8056
6530
3743
7638
7351
6805
2526
7432
288
678
3893
7775
492
5969
3557
2645
2252
4758
8082
3793
278
613
6978
6113
837
6753
3934
6551
5228
3105
7640
7119
5345
4072
2359
3912
2672
6251
7299
2016
3350
5877
5216
3262
2444
4711
6162
3308
3639
8078
5890
3590
5373
8047
755
5117
1684
7869
1148
3138
6842
1093
147
882
4915
4215
1076
6971
143
7127
1940
6461
6090
3830
7722
6965
1441
3318
5458
6516
3908
4296
322
1308
1444
991
397
1429
7466
1663
888
2657
4651
1356
4142
2314
5232
2537
4941
1631
262
5617
7844
7247
1328
520
1651
3795
1305
3395
2606
4402
6802
5928
5129
6386
433
4173
1514
7064
7066
8133
5628
7174
2981
1782
4740
8105
1179
6385
6773
7705
487
6879
5745
5716
7568
1511
6948
7862
6210
211
3899
5888
7569
5983
3331
7100
6637
1182
5150
1785
8156
6092
8083
7156
6046
7081
2932
1296
6699
6846
6839
3711
1965
2795
4988
1301
7379
1345
7033
708
1412
609
969
5974
518
5054
5873
7830
7325
1375
6522
6789
4672
6480
4637
7523
6429
4262
559
2662
5591
4156
7136
1857
1299
5236
1247
2699
748
4685
522
2944
2639
1691
228
5902
6824
7366
4435
2090
4605
4125
2913
532
352
3021
1026
1685
4120
850
619
5669
928
4260
368
7462
6728
710
4253
6888
6569
944
5139
6851
191
4149
1253
2898
508
4476
3735
1680
4670
207
2447
719
2753
5037
98
6002
848
5529
5572
1038
2719
2768
3079
150
7923
3645
1417
404
6037
3341
2633
362
620
1489
2755
5190
4430
641
3794
4562
4116
177
1698
6656
2780
1169
2953
1861
4613
5511
1504
4089
1659
1953
7668
4752
5608
6764
4230
1656
1114
7925
2106
2323
6124
2486
5835
4183
3604
4662
2813
2478
6167
3950
2880
7060
3348
1670
3092
5074
6703
3033
5374
3428
3851
4817
4985
3043
8090
757
1256
3882
3954
181
2312
3650
2445
7201
7970
6635
5031
7852
5333
3093
7186
3894
1259
6632
7754
2684
1130
5251
108
1905
1385
1391
4350
4535
4469
7812
6178
7991
4616
5193
6177
5077
2120
8010
187
2321
7953
5097
5597
6857
3532
6742
1311
2597
3663
1733
7531
527
5289
4770
4604
4245
5042
582
6215
4537
5360
4256
1022
779
3714
2546
2422
6118
7343
6281
142
2276
514
6959
6455
7071
2403
4483
3974
2056
2298
6371
2242
524
2020
5574
3490
1991
6086
6590
5394
4575
4838
3877
6029
4223
3264
4115
6114
7946
3883
526
2556
4814
6140
747
1166
6966
2073
1428
1983
629
5358
2542
6448
992
3770
3621
3531
3199
1273
486
5052
1597
5045
5821
2426
5434
1609
1463
6227
4958
3367
3803
3594
6892
4437
4719
3009
8088
6852
2092
8097
4731
1484
800
89
5478
6374
6137
595
7529
6054
1007
4738
479
3516
4955
6133
4952
855
6319
6506
4334
1910
7949
332
1657
2165
2579
6543
1138
4515
4113
4338
2388
7667
6454
2203
173
4383
7973
7627
2840
7167
2087
6714
570
5850
4284
7388
2977
4204
955
5157
4564
2098
493
6749
2552
8030
4757
6267
3842
4710
1108
3189
3493
5080
3783
6056
2855
7002
4759
1987
1453
4143
4517
5757
4348
3948
2539
5367
3924
5730
6709
5178
2078
4919
24
7728
1758
831
7927
1818
5441
5645
7439
2448
5177
2791
7756
615
3756
7651
2208
2074
2700
4416
265
291
4340
7418
4130
3347
6143
2644
6734
4939
2476
7448
7101
1561
3215
5563
5240
7489
4737
5874
3933
7361
5400
5408
7520
3664
3503
8011
5040
6255
231
5324
275
2747
3660
4352
2561
6809
500
7989
853
3315
8191
3666
8147
6641
822
2331
4003
168
2216
5063
360
5585
2781
3446
4403
2358
335
2918
7424
5528
2735
740
6151
6511
379
7537
6153
3008
3706
7983
462
4946
1396
4661
4065
2661
2910
5526
1717
7483
7003
2105
980
3243
1117
2596
4506
1934
2959
4761
1612
4472
3298
575
2273
4607
3286
1826
3884
563
2235
3862
3940
3149
5253
7454
3491
2915
5950
7067
2130
1797
396
3311
6594
7673
2852
7232
1116
5001
5337
1461
45
302
405
4882
3398
1734
7933
7470
2660
2123
2862
3165
6015
7718
3334
723
3739
2398
298
6500
6245
5126
792
5059
5840
5402
5482
2536
4420
3435
4823
6419
5170
2294
3889
3528
3314
8073
4475
468
4925
5736
5456
7884
5056
299
5953
2846
1487
5115
1580
6446
3688
5315
2939
6372
315
6225
4196
3841
3359
6191
2908
1265
2031
3375
3534
2299
8141
2969
5858
4950
5179
1161
6463
1697
1902
6864
3545
3161
6737
306
3617
7990
3041
2635
5432
894
3247
7905
6787
3612
4450
2928
4016
2825
720
3281
3802
4210
1922
4364
4681
1897
1360
6474
8091
6692
4309
25
2745
3931
4992
6528
8104
5674
540
994
4872
6330
610
4640
7275
7176
6861
4611
6188
7091
6150
722
2481
2181
5302
5774
1063
2179
1592
7984
7562
2414
7858
5870
5587
5101
303
7377
5795
7387
5965
2236
5241
3058
5805
1009
7623
2039
945
6918
2104
208
393
2976
4865
6484
4750
2760
230
1521
2688
7734
5734
5021
3339
701
1030
7644
1494
3004
1382
4790
2555
2710
4194
3947
893
4620
5637
745
6033
4591
6173
6283
463
5450
3797
3890
6977
2987
5013
3965
5445
6982
7571
2297
1287
5960
1671
7471
2060
1274
3502
1610
3726
3462
5741
6200
7038
1518
2901
5898
1761
1285
7759
1976
7349
6439
3530
4496
3416
1134
5764
5672
5017
293
2810
6915
6391
6387
7737
1443
8168
769
7558
8152
983
4164
4462
2220
4129
4492
6830
4503
4779
4682
5025
1608
22
8112
6031
5218
4570
3753
8101
6562
5365
1788
2812
734
3126
8096
907
1042
7009
4395
7719
7840
3101
5691
5263
1039
5586
4601
7097
1587
5865
5268
3345
1823
6199
4449
3200
1071
827
2364
205
1898
2313
472
2207
4801
6232
5875
778
1793
3406
2254
3017
878
2830
1359
4007
7412
2766
2349
5034
3538
2387
4305
3778
7539
6535
3662
6698
2022
7084
3885
2091
4281
2723
3625
3434
6423
8143
5614
2983
1921
842
1064
6289
581
2509
5636
1513
6629
5784
4924
7836
4207
6614
3689
974
5598
1903
5175
4324
1737
2604
5977
7144
4068
7376
5085
7614
4746
519
345
5540
6159
6497
4373
5595
314
6655
1787
2679
6430
3137
7440
7473
1723
4044
1628
1449
8055
4580
6401
4091
713
8051
5915
4101
96
7225
8009
2955
5429
7074
6900
5227
787
918
959
943
2489
7039
4550
6940
6218
459
7378
2084
6856
3878
5431
3330
2961
1901
1451
5275
7493
2787
7856
6914
3127
2018
7916
2640
5699
2856
7046
1414
3701
6094
727
7017
4581
6441
7389
3399
4842
6259
3317
7311
6087
3409
106
7371
6650
4845
3268
829
982
1804
3110
6801
4573
7752
4868
3997
5472
1085
3118
4984
7029
4032
4543
1727
7030
144
7741
4683
5727
7240
2630
5766
154
516
5020
4351
3175
1937
3999
3042
5693
3599
637
1483
7898
6131
7550
2516
2234
7853
6129
2468
3300
6416
6763
5846
4285
441
7125
3201
4803
3198
7092
560
5271
5265
6481
968
1420
6993
2970
7577
1563
4896
3509
6198
4523
3702
6237
7723
4118
4323
2751
1158
2
587
3647
1874
2127
2360
4494
7492
7652
7328
6025
8173
1189
7791
7287
4238
6921
2189
653
4521
4916
1083
3709
3205
3698
3062
7958
4048
4386
3887
1729
5475
17
7078
6956
2170
8033
4675
2385
4973
1819
3577
1445
7324
3014
7993
5247
5452
7878
1750
8183
3293
6097
7616
476
209
7681
6306
4623
1089
3935
3953
3520
4244
3786
4135
3139
7007
605
2648
5390
592
832
1045
1043
6541
3760
6492
415
7239
1682
7664
1350
2311
6241
2268
3767
1510
7427
4025
633
3812
3442
6502
7436
2166
4464
1142
2471
3619
836
8128
7842
768
7295
5546
236
453
1623
5903
1281
5436
5818
5050
5276
6341
1930
7198
1810
6521
5114
1936
428
2058
3652
7918
834
3571
3510
4649
3250
6886
6676
1699
1464
4553
5970
2818
5083
7171
2080
1344
979
6833
3219
1358
7534
1000
3342
810
7486
7574
6458
6591
186
5366
1722
4743
6784
568
4246
3230
7407
2865
6478
1073
6085
3013
2952
973
3045
4678
7416
5830
1409
3987
6690
7330
2822
5737
3067
1033
2110
1353
716
117
4422
271
5166
5762
2632
3508
537
6412
3694
7661
1839
1747
1622
1845
4410
6986
1686
6299
5995
2345
5512
2973
3840
6149
883
860
4442
2113
2029
4832
3278
5554
3353
1008
365
752
1958
7193
4751
4569
8014
7509
2495
3657
6293
6544
5256
751
4040
68
2121
1706
1770
1769
5908
3541
344
101
4237
857
905
5610
4764
3573
6052
3952
1544
2453
5238
3584
7195
1617
5201
3915
5239
7935
5339
2067
4214
5813
5312
4864
3775
3789
7383
4313
7921
2463
1282
3463
3011
3587
2406
5599
3741
5270
2371
4474
1811
4409
3665
5215
6896
5664
431
7083
2874
3343
7267
4109
1928
8122
5532
3439
3168
2903
7587
4455
7222
1871
4502
6196
4389
3613
1558
7936
724
6168
5968
1058
390
450
6532
8109
5361
6628
3595
2964
555
3863
4606
802
5702
9
3736
1889
573
5237
6130
8072
5224
5306
6465
4619
2285
7598
5704
5659
3313
6546
7088
8121
5412
7828
1407
180
3763
6781
1509
4854
6444
421
2316
7547
3533
4522
4895
1269
4263
2523
7320
4083
2631
7657
7395
1262
7331
7108
2369
4000
977
2541
6235
7762
3444
110
1368
5576
4826
2048
7785
7055
2295
2215
4201
679
199
7272
1198
2861
2301
5545
2347
6990
1516
3301
5723
7099
7813
4534
731
3025
2878
6899
7386
4725
4300
297
604
4829
1993
5666
2968
6288
6958
1001
3107
8015
6534
2598
3035
3628
6310
5810
214
3554
7792
5936
3356
1497
7876
5789
4659
2366
6962
7787
1411
5208
867
1915
5979
1559
7406
4070
4042
2713
1766
942
6459
4888
6795
3057
2550
4110
8089
820
5135
7972
2695
6070
3295
6433
4233
2008
2169
3010
4460
466
2325
7464
4867
670
3296
4880
2015
6301
889
509
3517
6576
6792
3427
7683
929
2178
1431
4413
1735
2655
6599
567
6673
382
7384
4692
380
6398
6147
1191
6487
1023
7962
1982
682
6004
6640
4809
7924
2547
1593
7140
1984
817
3673
639
895
6190
6706
1475
5524
8077
6558
4421
1846
3052
7385
1540
3385
3448
3855
5567
1907
5963
4902
2603
7219
1404
6436
4163
5388
899
5210
3291
4306
2824
6677
3904
7032
5098
1174
6453
5868
7238
2302
4763
7306
3719
4162
4270
7336
868
8111
4541
5282
4212
4154
4051
601
586
5068
3927
112
2722
743
7641
4898
746
3019
3804
1538
7120
1895
8000
3085
6762
446
7932
5455
1944
3810
5028
15
5566
2076
1485
804
1021
4943
4687
8113
7044
1713
5819
5090
2564
7653
7012
576
4144
2698
2530
1831
445
5029
1233
4909
87
419
93
698
4347
4087
4349
1879
6063
2320
6410
6424
5503
4312
2697
7955
6570
4406
4167
4257
1658
2739
4227
7025
2686
5476
2367
550
6663
2086
6768
3039
48
4647
1044
6661
1583
5464
2045
4960
3472
6638
1679
5509
1389
4766
1756
5573
1002
664
7057
7564
496
135
5349
572
5044
2991
5728
1261
3738
6048
2594
3294
4021
3362
815
4008
3140
5568
7085
4158
5159
1122
1423
7554
1981
8107
4777
5497
7300
4197
3054
5829
1813
4381
8185
3902
545
5838
225
5132
4182
5125
3074
7334
2514
4471
7731
1590
7327
1887
672
1705
4289
1163
4380
6076
84
5316
1643
6378
6606
7252
1330
3218
6488
2456
6790
1221
1424
5641
359
4972
4765
1799
336
7625
735
3865
1694
6170
4390
7278
3179
6654
7031
7304
3038
1348
3691
5582
1629
5370
3540
5244
2836
6931
1798
1546
1574
7339
3690
4434
3838
3728
7372
1672
2641
4734
2225
5600
1952
7396
3320
1501
6998
6514
8119
37
1175
5404
5327
2126
8155
5615
7959
6732
4588
6613
1690
119
4274
932
5387
1529
7711
4894
8042
965
3860
1941
709
3363
5686
7249
2574
5834
5320
5920
3722
6836
2491
818
6730
6342
7703
1989
4732
3607
3184
3630
2168
8162
7137
3131
2870
4336
391
3
2721
5911
1120
2133
4166
7805
2883
3642
8192
5295
4137
4589
2947
3290
6609
7218
3461
2720
7479
3456
737
869
5853
803
5219
7846
3651
7043
2665
1755
2821
3911
6639
580
3467
3468
6566
996
5549
1425
4900
6108
2025
2322
4240
2709
3431
2758
4297
8157
1995
663
6406
7217
711
82
6996
4184
1637
5746
6334
4146
190
7296
7929
7695
2233
7677
3289
4883
7811
5952
1736
881
7669
3616
7422
4979
2525
2164
5747
780
7259
6813
2484
6316
233
6680
3180
4433
6449
277
3271
4446
1018
5363
4114
229
766
7536
5158
5583
1459
7189
6379
7713
6000
5553
1242
7806
7736
1031
8081
5308
5589
5362
3337
72
6605
7333
4299
2767
4690
5384
1393
5921
2658
5629
2674
2306
7827
5128
5443
5076
4374
1531
3781
34
6930
1950
547
5864
5437
249
2330
6365
3066
6897
2992
612
3419
5397
5878
4635
7747
5016
254
2305
7362
3857
6099
7672
2408
6003
7619
1325
5317
6388
7241
3707
3609
2483
149
1496
6103
2853
1017
4155
2807
814
7875
1338
1822
7265
2974
2545
2492
6240
3968
6954
6803
366
3640
5111
2239
7684
6694
1349
7408
5668
8187
4792
3226
5912
7221
1600
5690
7890
5473
1208
1055
2119
7496
1616
3449
31
5328
627
6477
2871
3418
4840
1626
5252
1974
1954
7409
7944
7566
976
839
6580
172
5685
781
896
2618
4901
695
1049
2826
29
46
5634
554
6287
2357
4877
7005
2258
6735
4600
4833
2050
6973
6057
7729
5469
703
4488
3916
4745
3397
253
1286
7788
7431
4369
1013
7158
6370
7595
1731
3095
8144
1923
3957
5763
2057
1772
3173
7940
1231
2744
3632
2379
2350
3383
2103
6336
1066
7896
5323
6418
2729
6192
7018
2019
6863
5670
6555
4796
958
7050
3006
5773
201
2680
6531
7845
2524
7069
3898
6549
3881
5612
667
3390
1146
7802
185
7948
5041
6083
227
7417
2583
7594
2441
2500
1591
5552
2480
1606
3282
5299
132
256
5961
455
3316
3236
3744
1855
2116
7635
7481
1512
6432
5149
83
4267
6045
4693
1200
885
5630
6785
1098
1725
1150
394
5640
1956
6022
5113
3658
3900
1720
2565
3678
3257
5542
5756
6615
1543
4139
6194
2706
2950
7036
5663
475
2159
2848
2394
2890
4059
6266
7335
793
3145
5806
5930
2586
4322
3258
7724
4625
8054
4178
5440
813
2036
7612
7679
7373
7544
2250
6668
7341
2605
3372
7098
2496
7783
5369
218
7455
5142
6377
7730
7874
2026
3210
4067
5446
6953
1196
7693
1354
6187
1160
2174
8080
7575
1730
5143
5879
1243
7733
4335
5661
2611
6258
7360
4358
1105
5957
1145
8023
5280
2943
3896
6717
4123
2520
2638
6355
6643
2881
200
5454
7548
1061
5787
6903
4301
4798
4981
6756
6994
7508
7976
4546
4622
2936
5944
1885
7871
2907
337
658
754
5825
1401
7956
4445
1390
6300
2100
3675
750
6916
7847
806
2806
5380
2089
4391
2289
1605
3512
8021
7702
1488
8158
429
2071
6208
8043
7588
4587
5688
3005
7458
3477
251
1137
5516
1495
5909
1374
1740
7867
7130
4837
1827
2374
7001
2727
4539
6296
4717
3646
5006
5109
3285
6974
3676
406
2154
6356
1236
7883
5258
7609
8131
2231
5761
6701
5279
7104
3457
1069
3551
7411
3791
6468
5296
105
5176
5442
5985
6270
873
7309
407
6197
640
2891
1153
4330
7671
8163
3249
2557
1840
1880
4427
5057
3717
2259
2455
4634
3552
2401
3160
2446
8164
1917
597
3144
4889
2108
7070
6588
7035
4660
5537
3492
1744
7831
3913
5692
2124
843
6028
8116
911
1763
7985
7414
4378
5331
7146
7857
4100
6110
3983
4610
5652
3656
3242
1263
1929
2879
4644
2255
4558
7714
941
7720
4519
7434
6271
636
2790
76
7321
5426
4821
7191
3213
7290
4276
2355
6985
6831
7691
4664
4090
5992
8102
3056
2157
7350
1525
346
1406
5062
1664
7049
591
3581
6778
465
5305
2872
6712
4993
6624
5206
7062
6061
5035
2431
6186
1147
5998
1806
5642
1966
6947
1878
6105
6578
7022
6041
1914
2040
2171
5453
616
6172
7298
5800
4047
4830
1129
2046
5836
1126
5310
2647
2275
3443
286
4012
1719
7900
3108
7769
1537
369
2260
6380
1267
5882
2615
1346
5138
2531
3897
6483
6612
1095
1655
2429
6302
88
3454
685
460
193
7397
694
631
7227
5421
4609
3430
2548
1562
3980
2145
6447
317
2508
1570
8129
511
2986
4131
5593
4576
5739
4487
5277
8008
4638
3568
3130
4986
5160
7019
1498
7423
1373
7393
4999
6020
7646
2593
1437
584
1103
7279
2501
4481
6771
1413
5086
4187
4977
4259
5710
3122
6729
4189
6552
2049
791
4890
1834
6902
3649
8036
4532
7487
5137
2717
7318
4295
7555
6345
1048
3441
2001
688
4304
60
5956
4121
5989
7503
6335
651
7954
5419
4219
416
2344
6213
5481
6331
3755
7162
198
5082
5489
1
3124
6619
6490
63
2624
245
5492
1090
7472
3742
1515
7988
3705
5470
4385
8110
7288
5611
2778
5698
665
4497
2534
7096
5465
5379
2017
4064
1745
2256
2940
5392
2875
482
4148
116
856
1500
4657
3266
6381
5058
5742
7332
3906
7237
6812
2511
3816
7533
7687
2271
7399
6017
4706
4954
3197
4069
4473
356
4929
2965
4220
6250
2241
4004
53
4049
611
2966
1541
699
1139
6182
7680
7253
657
1545
4769
6450
3167
8166
4797
3214
904
773
7134
4292
689
3600
4684
7212
3589
3614
6770
4037
1361
5626
7
1427
3773
2829
1471
5749
6878
1644
4584
1776
4735
6494
3099
2704
602
7686
6621
4948
7282
131
7276
3482
5266
3227
5923
3827
7833
683
7715
1204
3222
4062
7413
5005
67
5993
7786
4017
1115
4191
756
7717
1639
6518
6007
3864
4724
4666
266
6554
3903
2673
762
7777
7639
3519
1539
2956
6360
5894
2211
4217
4959
4776
2246
5377
7966
7093
1187
2465
8095
5904
5334
4708
1933
1890
7000
4712
3425
7329
4053
6761
5444
6873
730
3023
3638
1865
1683
790
906
2125
5973
44
7024
6482
6297
1028
145
5844
2038
7834
3177
4127
1245
442
3414
2459
1853
4998
1225
3424
1293
1517
1140
6911
5184
4039
7187
4805
8138
6766
539
2198
6634
634
3480
2296
7960
6867
7753
1553
7797
329
3051
7139
7689
3787
6647
6791
6132
811
6322
6711
7263
7105
5382
2800
3171
577
2925
833
7073
6206
7820
175
1367
285
4329
3328
5822
1310
5996
4686
2375
6119
4290
3641
7698
6148
4484
5202
1687
6587
2902
828
4424
3527
7216
3921
3303
3076
4
4036
6646
3825
6193
7286
2743
4080
4812
3185
7302
3620
6327
6584
1278
6122
1472
6657
6799
6421
4107
1815
7068
7810
2711
5018
7170
4633
7390
5971
8035
1036
1307
6425
3194
437
2150
439
4099
5346
1560
7899
4530
675
6602
5772
389
3624
7660
7816
4565
826
3386
3784
4963
6093
2199
4806
6144
5102
7475
6175
5002
6158
4945
5584
4810
6157
386
767
1321
3852
600
5752
5914
1860
3907
4451
7182
1156
6279
1992
121
2141
363
6688
47
6154
6303
4531
5962
2811
6223
1777
7228
1599
593
1927
712
6095
5272
649
8016
7357
574
56
6969
7102
3496
5616
7629
6164
2869
4014
2962
3241
2362
485
6069
3817
7517
4365
4119
6725
1554
3204
5694
7132
7864
3550
2479
1238
2075
4172
4467
2978
7215
6603
4454
1707
4612
2227
4786
865
6036
738
648
3217
2389
1478
5116
5414
206
7401
5656
3798
3440
5191
1775
7656
3322
3368
408
4718
2044
1450
4404
1586
6981
4617
874
7893
6470
7716
6014
6821
5163
2782
5223
3292
7159
7860
2003
7942
8012
2070
2397
3244
50
549
7615
4721
38
7111
1641
3485
4185
5267
566
6848
1963
4932
3788
7521
523
86
5824
7270
8029
6548
3871
3969
6021
1201
2010
3132
139
1447
5078
3260
2451
1432
5753
7283
2685
7971
6195
5804
2522
3500
401
2623
6862
349
1854
2062
5000
2279
7906
6928
4023
7353
8184
5259
7522
1796
2399
4417
6840
4376
4794
3401
6321
1812
1935
7430
1817
5161
3459
5423
6731
5207
340
4793
1569
1746
2724
6243
3703
2370
2716
3555
1474
5368
6163
2055
1636
4875
2437
704
3800
4261
4275
5657
2796
376
6537
4926
1080
7601
5798
4788
1334
2490
628
3102
6797
5466
1701
2897
7476
2621
5851
1896
1371
5409
4499
480
7530
6571
4804
1379
5929
6811
7582
2559
5371
2284
7919
3847
1805
2761
2835
7795
7823
6473
2329
7796
8032
506
2334
6992
5124
4056
2386
4995
990
1019
5706
1121
2473
2335
5385
7965
7597
4019
1960
6475
7712
4177
1894
3926
4235
5103
5100
7912
3498
1192
71
590
3059
6572
2518
5618
3254
6877
7675
995
4432
2416
7849
461
6984
6559
5389
7881
2353
6907
1020
5919
43
4367
3196
3351
7340
7659
7570
1014
6736
3733
5935
4425
5461
5121
5169
5754
4094
1588
7172
6059
2383
2678
192
6349
6304
4512
2629
5731
7214
243
6485
2390
3972
2676
4548
7583
5922
1336
917
2000
4436
8070
642
7347
3081
4103
7041
6205
7649
6651
456
1426
515
5474
6869
858
7557
7975
8139
4495
3183
6630
930
7861
1136
5067
1557
3136
7405
6937
6079
7437
1872
2376
5627
6550
7244
4027
5650
5254
6881
3103
1178
1505
6082
3962
4733
6146
3973
7063
5613
2413
4438
571
2938
2160
503
7289
4802
6887
7938
6058
2282
1852
2030
5543
927
3070
5376
8186
5435
5214
6868
498
2967
3382
5136
7895
478
1219
1195
1246
6346
5620
562
6707
676
6389
4249
3188
7500
316
1924
7202
1081
5032
677
5188
5221
621
3506
7760
1223
90
8174
2032
16
2738
5964
4010
7121
5069
5494
6373
3521
5859
5273
2210
5106
2765
901
4341
1469
4524
375
5172
623
7848
3046
3323
7301
3826
6556
1227
4102
6298
7603
6384
6808
1851
6075
5709
5073
3610
3340
910
3248
2914
6305
3984
3166
7751
1576
7235
2731
3028
6120
3475
5105
6913
6074
7532
7872
6282
2054
3505
2005
2580
774
6610
7757
5235
1490
2115
1003
5871
978
5570
7185
7825
5309
6604
1332
6275
964
2841
5217
6027
296
6469
4892
4170
7979
4980
6627
5578
5646
6665
4320
8026
3575
4392
797
3977
1125
5988
5230
6496
6782
1759
6943
1821
999
5797
5508
1856
8126
3381
1579
3255
6307
5122
3994
1711
5145
4366
2895
2882
1188
2948
6171
2863
2566
6026
798
3542
5732
3029
3234
7048
7559
7879
7285
3080
1939
7453
8025
6440
1850
8171
4906
224
2175
5759
4388
4860
938
7706
4771
4983
5257
5954
7021
3310
6675
7226
541
6040
5290
1784
2201
1833
5051
7590
3591
5721
1948
1297
5118
4658
6117
3759
1074
2764
5119
7632
5984
5862
4949
6042
1753
984
2762
5477
6625
1314
1477
4009
2651
4885
4991
4729
3839
3869
5255
4739
3808
8135
921
7315
7977
4937
7358
2931
1419
6658
2675
557
5926
4479
23
3837
7303
7579
3073
7755
7209
8115
5695
3391
6538
1096
4547
2051
2692
3807
3939
7380
194
7482
5471
4621
3526
184
2262
4509
4965
1589
6779
223
5015
261
1271
8066
4780
2499
967
8005
7586
5351
4247
5782
5291
7206
3405
7260
4540
6533
3216
7889
4785
4308
5986
3192
5531
4859
5751
1279
7780
2642
3436
3569
155
4493
3576
5700
7782
7818
457
4773
3332
1203
5823
6565
1667
2573
2337
1749
114
2754
413
5793
1842
4874
5313
3880
666
7053
7917
5417
5415
5084
548
7835
2771
5976
871
6126
3970
4266
8004
3209
4836
6955
1677
7678
5165
7513
1324
2748
3909
2251
6687
2402
4828
5994
2667
6107
1548
7089
1024
7515
4525
4478
100
7294
5918
2982
5887
5484
2906
6666
8134
997
2669
6777
5815
1532
6265
626
2613
355
2079
4982
7776
1159
6845
447
2139
3481
1298
5621
5718
2430
2188
5913
870
5233
3764
6592
6504
5548
136
7465
255
7742
3129
2887
1909
80
7992
2777
6274
353
5107
6679
807
6636
5575
5602
7495
1460
1881
290
3643
4362
2815
987
2867
259
7337
1132
2649
1721
5023
7404
6660
6745
6134
4033
4319
3050
617
458
3069
5891
3704
650
3228
890
4578
6176
1908
6755
1957
7790
5565
5249
6917
474
2769
1217
2803
2937
4232
2348
2703
5948
3061
1884
5112
1440
2608
7457
3659
2338
2212
614
4045
5486
732
947
3152
6009
7229
4560
4784
4224
4822
8149
2894
4841
1632
8160
2461
7725
4150
5770
6353
3437
4345
6884
7194
1595
7433
6708
6649
4165
6513
6263
7345
5430
1290
7245
3721
5900
7556
3207
4465
3377
7257
4498
7843
7771
1151
2833
6995
775
4709
6393
4126
4145
3333
7124
5601
4294
1654
962
5945
7692
4716
5155
383
5222
3792
3566
3758
489
7726
4518
5416
3751
5860
8153
5030
4181
7939
1848
36
4485
6607
7634
171
1084
7937
6091
3963
4106
3307
986
2136
4255
1571
3088
5665
6141
3672
2876
5660
1862
7527
4747
2432
7967
4608
7016
403
1773
3513
1726
289
6286
6934
5120
166
7188
4370
62
7545
2562
5925
6262
6016
6827
424
1911
3988
328
1377
6670
7352
4680
2708
4356
6964
7561
4762
5845
585
5867
4542
4001
742
8117
1638
1800
579
6759
3297
8044
4411
5946
1716
4938
830
2712
6523
2979
6536
6503
825
2515
6967
569
1499
4198
4513
7591
3846
4234
5425
2243
7211
2793
2377
6820
3284
8001
4331
1260
5095
950
5997
284
7011
7908
3453
543
3501
5483
3966
1395
598
1893
2093
7168
7589
6951
6486
2960
4138
5569
2363
3629
423
2368
4632
2488
5298
2128
1614
4629
2798
3874
5581
1462
4936
4768
7034
4552
7323
7484
2502
1814
7801
3465
6828
2946
5917
5301
2134
1410
5938
551
7107
4078
5428
1738
4457
4394
7709
4994
5199
2571
292
3326
3238
6212
2114
7181
4333
1742
3151
5765
2622
953
2194
4910
988
1215
2232
4544
2963
2834
2443
2423
5505
1106
4795
5943
635
5186
5940
3815
1408
3358
1466
3384
6226
2725
7886
4443
6219
1206
4179
4567
3373
4439
3644
6185
4423
7155
6256
4486
2636
5451
3357
2151
5140
2924
7415
1113
1164
5357
6402
552
4563
6246
6586
2129
7518
4917
5294
3754
632
7087
7251
4393
7040
3287
946
7015
3960
5703
7822
3026
2544
3848
1932
6760
6242
5038
4913
3708
5816
7197
7636
7180
6765
5607
5495
1534
7824
220
7934
4969
5775
6317
4228
4128
5303
728
7512
5541
5439
3752
5895
7699
81
2857
1072
2616
3944
167
239
6180
1577
6501
7402
4500
5801
960
985
5538
940
4269
5643
2505
4342
5167
2052
5653
3432
1351
812
1065
5287
674
1366
5722
7986
2851
4482
7978
6269
1867
1257
5927
981
5837
3071
2535
5776
1566
4396
6404
504
3917
6115
4507
1482
6758
3408
6498
5491
770
39
7560
6443
5479
203
6837
6752
4209
784
7903
3766
2990
681
6072
6472
705
3470
6102
323
776
4744
7449
1439
3539
2464
5530
5557
6405
1381
7743
3745
6853
215
1185
378
282
6343
2183
6291
2922
7880
5855
4978
41
6508
488
1341
49
3329
6738
1868
4863
7891
7642
721
1339
3580
6999
3452
1920
1337
3511
330
3364
2034
5522
5507
1493
7507
6806
2209
6084
4141
5713
8068
4205
1985
3849
4677
7375
840
6979
6727
4122
2223
2187
1152
1598
7114
3946
8071
7028
8182
5012
4283
1264
2269
5089
6721
912
1673
2317
6008
6684
2303
4772
821
1652
5010
4597
5958
6838
2797
5096
7913
3346
449
279
1994
107
4239
8067
7271
1025
452
1037
7080
3163
2866
3396
5024
4974
1700
2059
7157
1625
2805
3354
221
4489
7774
5211
5075
2570
213
6403
3905
949
1435
7961
4168
7682
6088
196
2842
2980
5680
5293
6697
3796
7248
2421
5831
3634
3757
5338
3667
1708
7419
6257
5039
1635
1111
998
6685
2434
5866
2689
3438
5794
5590
1239
7708
3567
7428
1754
6422
7994
3374
242
4720
1630
5876
1070
6390
5588
8027
2153
3412
7014
2916
8094
925
1402
5130
3349
2920
4339
2799
294
5967
6807
3020
1942
887
4463
4696
7930
3779
936
2540
3680
3989
7477
7027
1675
2082
718
6409
2024
3305
5790
7622
5632
8087
1906
8148
7761
4399
4174
2911
2714
1527
99
948
7392
6733
8181
2788
2808
6633
7688
7928
1165
2868
926
6203
348
5022
3259
5857
183
876
3553
4767
4642
179
1100
1678
7922
2191
7138
1844
596
1552
4280
1542
1802
6581
3445
7727
1143
5499
6399
1943
5151
7535
2733
2462
4851
696
5934
6793
4598
1916
1752
673
2909
5071
7459
3547
546
3976
8118
2493
2770
5292
3269
7469
7804
4881
5635
3929
1837
6290
2193
5391
841
6874
6741
6407
2664
4368
6204
1131
4429
7694
2458
529
3471
5372
2202
7701
4641
21
8098
3450
5189
7262
1724
152
1646
4755
6340
7767
8180
7621
3866
2893
7280
8013
4092
5883
2064
2265
7230
120
6512
3806
134
5897
970
4713
2195
6829
3239
1748
1704
1372
3524
1318
684
3583
2410
438
3749
1015
4058
1886
937
7685
7052
700
6865
6234
866
6924
7838
2792
5261
7837
2609
5564
3996
2757
4951
78
3120
3891
2061
320
2474
2304
6553
1661
5501
1979
824
1962
1602
7145
1996
2393
6221
3402
4538
4117
3420
3578
1011
310
2998
8136
6347
5633
3421
4908
2585
3529
2715
3780
6247
3086
5147
7122
4930
3451
1808
7307
3854
2135
2578
5502
74
3365
5705
325
7293
6161
2899
4997
771
4905
3995
237
1283
3684
2149
7065
5019
2217
2620
7538
6030
1668
2382
7382
2449
6526
5504
5420
1300
2047
6315
6757
2563
3574
311
148
1891
6050
7429
6704
5104
914
3274
8137
324
481
5848
2318
122
2610
6280
2460
20
7435
6705
377
7608
6975
5047
5654
6596
2917
3961
4967
4953
5786
4063
8052
4013
6019
2244
5684
6471
4206
2732
4241
2775
3622
2107
6563
2307
3479
35
125
1692
2794
2746
4781
3352
528
4961
5087
6819
5329
1234
2004
2012
3400
6049
2326
2365
2173
5438
8007
3252
3868
3261
3799
6891
760
4707
7585
3112
7553
4844
3560
5655
5081
2206
7344
6564
7326
4258
654
3602
4132
7319
6524
3376
1119
3592
1564
5707
4401
7297
5808
4627
4583
6202
2205
338
1295
5982
6890
133
5350
3535
4024
7008
1578
7410
2407
5424
3774
2221
3155
2923
2097
4088
6051
248
1455
1228
5677
1010
6949
1249
2291
5449
4674
7118
7897
3723
1268
6722
7224
5144
4688
7750
3635
2454
933
763
2786
6211
5411
8003
5556
1040
6957
2972
6364
1604
3959
4097
4028
1340
4568
2436
1665
6885
6136
6568
7957
845
5156
3003
6273
4643
5937
234
1681
1289
5284
5792
3128
5375
6493
5671
5243
494
7980
5381
1214
7665
1280
659
7398
624
235
956
5760
3836
1272
6642
1847
3233
1767
4884
4459
3821
2146
5771
7745
2843
3344
2643
1326
65
6106
6659
7744
2266
2637
7542
3677
1155
8130
4559
3193
1688
7607
6775
1128
6376
4636
2224
5901
3423
1765
263
6369
1240
3335
1479
174
264
4243
3769
7798
2646
6239
3936
6626
1803
4050
7112
6426
3077
4098
4079
2668
5959
7126
3273
2582
1843
3563
4153
6248
3426
8028
3772
4714
7166
2929
7943
3537
6308
6055
1739
2749
4193
8031
1050
643
4332
3116
103
501
7147
5803
702
6169
5843
3379
5108
3809
156
1183
6464
4645
7832
7250
8120
3828
2691
3325
7841
3433
908
1523
5347
4357
660
5872
3306
4510
4996
1212
618
6776
7941
4975
5932
5861
5638
5341
1144
7338
6574
2094
5335
3002
4287
1029
7391
4504
5403
2156
3156
3518
3251
3159
19
6160
2197
6786
952
3100
4111
7421
483
758
7312
30
5457
7696
2521
410
2877
589
8045
6438
6357
8150
2591
553
3104
7781
6209
1573
2801
1416
4075
5534
6142
3164
1421
6667
4093
7749
6608
102
1454
5322
1751
7190
4315
5459
300
6925
6361
2884
6860
4302
2404
7266
5949
507
1520
2707
3697
5285
2263
6165
4775
4412
6238
2864
6718
4175
4730
2860
6499
534
5683
1467
7981
8046
4923
4968
5110
351
5619
5687
257
2351
2752
7821
2951
1224
467
276
2774
127
6817
6510
2572
3655
13
6923
6375
1648
4862
875
5398
6328
4325
8161
847
392
247
246
1099
4006
5422
137
4514
2517
5889
7103
3476
1141
4160
7165
859
1502
4748
2342
6278
3523
8002
2584
6224
7160
3283
2007
6096
1973
384
4428
7655
4807
7128
5007
1041
5355
6139
3713
5827
8058
1774
444
268
3835
5521
4626
3748
2576
4180
3606
304
6183
6740
4414
5978
5796
1555
1790
6849
2122
1229
6960
2549
2510
7766
2204
301
2392
1522
1535
5625
165
3670
6101
4631
146
1649
6125
638
7447
6750
8189
6326
238
343
2553
5533
1154
385
7779
3084
6618
2180
3394
1836
6254
4533
5248
1565
5711
4847
1807
3392
2469
287
1205
6104
6073
1292
473
1660
3288
7882
6850
625
7799
6314
387
5046
3489
6155
5791
162
7740
594
1448
5182
326
646
2158
4527
3053
1415
1829
8124
6437
4756
470
5174
2346
7511
1603
4020
1316
7460
5353
3737
2190
4856
2238
975
6520
8114
5318
5717
12
5064
2137
6942
6545
1230
1237
1980
5342
3579
5673
5127
6156
129
4022
1202
252
5467
7773
7061
1446
1791
7200
6413
1786
3246
7478
6252
5768
42
6179
6222
1327
1715
2442
1068
5955
1171
1209
1547
312
5596
55
2816
6427
1370
5091
1964
3945
5662
1059
1703
2560
4344
5027
7600
542
1294
5194
6112
6743
2783
919
2726
8175
5344
4018
6747
4912
3360
4927
5833
6071
2858
1255
2085
4199
7441
7056
7310
5171
3845
3715
3768
6919
3654
7192
66
3030
319
4545
2921
6909
909
2590
3275
6276
4825
3971
7400
5066
3504
2069
3700
1216
565
7815
2730
6748
622
3732
7117
8123
1168
2041
7909
5555
2666
3790
2417
1383
2820
1304
2467
7618
2214
6893
2949
5942
6123
6560
3034
1365
3725
7148
2014
4431
5281
2543
6414
2172
3371
4444
4691
3143
4904
115
2475
4354
2817
5550
2634
6358
5906
7819
4161
2763
6067
4061
1779
4468
739
3240
2222
6228
805
6652
7794
4030
3923
7645
4192
5748
1288
7605
7010
5180
7931
4648
2340
432
7314
4419
556
2859
1951
216
3229
1222
3141
7203
3361
2654
753
6329
1647
6350
7133
3015
11
7739
4440
6505
3411
5886
2109
588
5343
4582
2663
5828
7316
6491
5173
5931
3302
8125
3951
3208
7113
6798
3211
4453
6294
652
7204
3256
3692
3403
902
3919
3417
2577
2892
7620
8065
7704
4360
6944
7110
5720
892
1653
2063
6961
1972
2439
1457
3319
1127
1312
5896
6939
1634
4211
8062
5088
6823
5336
558
3822
4957
7969
4031
6875
2433
3598
4878
729
2264
3586
4870
3478
2837
2494
4250
1689
6814
1613
2551
4136
7076
3203
3495
4002
109
1149
6945
7463
6815
4728
4799
6774
4298
6932
2452
4698
2607
931
5535
3119
7850
4789
1277
8064
5697
4157
2477
3237
6264
5561
7443
8103
3572
1302
1650
3447
2332
4470
2626
3661
2506
7346
4673
3556
4491
4893
4911
1397
3559
6323
2438
1052
4704
8039
4490
4038
4554
583
7870
924
8092
7095
6128
3007
4741
4676
2589
1112
7210
4346
182
1997
4700
2958
5311
2328
8108
4990
2759
4190
7143
920
8084
4026
2381
5750
448
1551
6408
2240
5975
2934
5719
6457
6589
3938
2784
5181
6207
7485
1458
3366
4615
6547
4456
342
1743
7596
6517
3224
6794
7367
7784
5352
4251
1075
1986
5767
6826
7630
4307
6011
4663
3873
5544
2600
6417
6519
6889
2450
3870
1306
6988
7647
2994
2957
1362
6645
6383
1955
1352
5893
7363
8038
4355
7365
1971
2728
2088
7738
4317
1123
1728
1624
5991
6662
8159
417
3818
2412
5506
1034
6077
6724
1946
5447
1167
7964
7213
7907
5849
5148
4501
497
3150
1004
6078
6
2844
7196
3922
2602
8041
6579
273
427
1789
786
3415
7951
6089
124
6411
327
645
4935
6744
7863
4379
4372
6244
354
202
4783
321
5070
6174
1343
690
749
7072
3888
5527
5093
159
4824
2839
4077
835
4528
4774
4448
7444
6950
6324
6855
4596
6600
5899
2117
891
2420
4849
4171
2319
2011
655
3016
1581
7054
5496
4701
1869
2919
6880
1693
4722
7584
5758
2177
7051
3543
6843
7175
8020
2290
8049
398
1832
7997
434
1714
2253
5393
4726
3484
5999
4265
4989
5987
4279
2527
5676
1250
3190
3037
5325
7506
3811
6368
1507
6352
3914
1309
5448
2163
1710
2395
7563
4590
530
5326
6507
3671
1795
7892
5162
3253
1176
2278
1508
3814
4202
662
6452
4461
3679
6351
3561
525
7526
1016
510
7868
1618
1323
5972
862
7364
6181
6495
7519
3370
4944
3060
6018
6309
3473
7152
7807
1197
1969
5060
957
5433
7141
6835
3608
1109
7859
1177
5203
1764
2287
794
5359
6006
3720
64
4853
3990
4886
4827
7826
3047
6910
3460
3771
3712
5198
4736
5826
7106
5571
4186
2182
4375
3181
5330
2002
7474
5154
3178
2033
4618
669
1162
6333
51
