618
262
11
147
768
709
454
131
290
100
2
526
437
614
157
433
590
696
810
44
411
523
207
381
119
260
912
239
402
633
690
616
407
960
973
98
272
12
489
146
313
418
1003
1011
625
524
94
870
208
877
1009
84
457
13
984
932
175
717
346
269
10
525
922
358
954
841
820
464
605
497
656
238
654
64
49
839
713
995
387
395
930
480
770
278
452
63
298
669
708
750
404
651
202
964
267
142
501
234
838
132
730
539
466
67
374
686
628
993
803
136
18
1024
339
613
734
720
185
201
210
919
213
1014
661
488
896
554
416
756
617
315
735
493
245
778
514
527
765
254
665
900
767
23
108
675
631
217
366
491
935
559
382
641
228
214
976
680
359
608
598
181
916
892
307
673
822
195
511
320
333
365
430
558
90
155
520
813
797
805
927
463
376
994
87
503
396
876
388
184
394
678
504
779
1007
638
1019
759
139
357
714
997
283
790
824
189
798
519
833
533
399
274
811
169
764
531
1
81
20
39
249
543
835
575
744
777
83
635
512
248
284
754
231
1001
372
6
775
606
322
482
1018
597
784
532
16
445
191
535
571
48
43
306
331
492
479
165
428
865
793
879
830
965
319
863
530
199
736
653
469
890
903
308
906
802
556
296
949
80
478
390
244
783
826
589
649
316
996
82
703
772
749
905
443
15
751
873
434
630
194
942
70
946
799
787
622
940
253
282
130
780
301
297
980
424
698
193
14
955
377
34
426
776
378
412
134
342
578
579
752
30
701
681
615
667
247
816
291
968
400
292
101
731
566
672
677
832
212
196
761
53
225
688
848
814
871
795
37
50
349
725
573
481
958
702
647
106
697
741
348
893
1020
397
352
887
957
455
510
944
897
235
837
68
800
413
739
545
168
632
76
446
220
925
129
385
183
439
449
383
745
161
438
547
715
465
144
738
549
1015
484
969
844
992
829
928
662
17
875
409
19
218
758
899
634
948
109
311
97
86
885
604
156
57
557
782
279
972
821
518
486
462
722
300
737
562
444
255
28
687
211
230
809
874
727
453
868
477
817
318
263
162
369
747
329
197
743
124
459
999
163
706
710
310
646
353
276
970
850
338
312
71
507
593
933
242
336
987
222
151
135
660
340
384
410
939
956
582
8
913
65
707
967
435
998
252
580
971
158
991
419
909
757
586
947
33
563
843
953
560
910
160
401
150
186
918
341
781
506
587
85
629
505
326
120
105
273
286
516
915
293
302
753
771
328
1006
232
640
62
141
170
363
886
345
658
611
229
769
362
116
595
414
864
853
1004
427
287
324
982
74
389
102
1021
177
127
264
227
825
392
391
637
936
883
796
561
679
857
221
447
528
79
88
643
60
911
926
40
902
889
815
626
974
564
659
118
216
642
732
417
724
32
367
542
540
117
250
774
38
592
289
148
495
806
351
860
929
804
403
172
474
683
314
209
959
92
91
179
281
711
432
950
884
671
154
55
610
908
923
985
356
206
236
176
69
126
704
773
828
981
856
498
650
219
393
952
858
368
728
808
58
347
1008
243
321
77
521
898
529
862
47
78
569
901
1002
854
440
343
692
375
921
429
470
689
361
26
99
54
567
137
257
110
851
75
112
1010
215
619
607
337
36
951
588
920
107
570
325
663
550
904
138
943
103
789
224
335
294
188
544
644
699
609
52
406
114
472
145
624
639
442
288
21
878
115
700
572
931
370
818
989
852
882
143
408
990
849
584
223
304
705
415
1017
601
35
467
180
537
423
565
187
726
574
386
685
691
963
295
1012
450
122
436
277
603
104
56
621
9
840
888
42
938
332
471
872
831
364
859
513
866
59
975
620
536
668
581
29
111
182
596
791
240
241
133
792
268
914
502
275
246
836
371
271
891
983
740
695
285
167
25
89
96
729
937
823
755
159
762
61
666
3
538
924
648
718
551
327
259
205
303
907
846
645
468
171
45
354
173
140
72
602
123
266
265
986
623
461
978
233
334
600
344
827
494
786
748
485
41
153
719
420
237
309
431
1000
113
256
657
270
861
591
979
258
766
721
794
4
121
261
880
552
93
355
305
712
1013
174
812
473
627
742
988
807
350
966
934
855
801
945
226
317
961
834
785
867
917
583
451
881
977
164
73
421
845
458
441
487
27
46
684
178
166
299
380
379
517
95
398
541
1023
895
842
534
594
373
652
585
869
962
500
553
456
515
655
746
198
190
280
716
200
682
508
674
636
763
24
568
1022
612
664
894
460
693
599
509
941
22
149
676
760
819
733
577
496
670
499
330
555
475
788
152
128
7
422
405
490
723
360
483
5
204
576
31
323
203
448
125
51
546
192
66
694
522
251
476
1005
548
1016
425
847
