118
3433
4599
7523
8024
3365
1722
6443
8147
2132
3998
6519
6142
1289
2224
2090
4761
2840
4069
2581
4390
5871
1554
1451
2031
5109
1731
5594
2916
77
2185
1082
7337
5303
7668
2264
5222
2719
6725
3568
2163
3185
5416
5758
1946
6757
7462
2509
3821
2356
6020
7876
1348
61
5258
284
655
5624
6459
1596
2833
2558
3397
557
5518
7032
6160
1883
2862
3156
3135
7403
859
6849
436
3894
4139
2647
2503
6693
3825
453
5673
2998
6784
3014
6122
4326
1847
2829
6457
5751
1011
1235
4104
4750
434
5890
4678
3988
7527
6243
8116
2189
6731
4952
3761
3053
261
5159
1092
1318
811
1112
806
371
2803
4950
1504
1481
4739
7252
346
3685
4509
7802
4397
8022
2165
5363
1987
1510
5247
6856
6661
3687
4014
8138
3742
2529
4777
5615
1508
4837
465
4152
5367
4373
6573
5610
6828
615
699
875
3527
6786
2926
6611
1052
2954
6863
3481
6154
3982
7560
1674
6831
614
4850
1164
6180
7283
1711
5412
2864
1272
7524
1302
1818
102
4687
2427
7273
1292
7913
18
1353
7970
2489
5566
2343
2410
3478
4773
1089
7438
1288
205
933
7342
7506
4349
5668
8188
1965
6261
2693
7212
3991
3883
7491
4258
2816
2551
3031
5975
947
5926
3993
3711
4093
1501
6750
1634
2476
4835
6798
1736
5270
3533
6407
4623
1433
6802
7985
5003
5440
5241
7096
779
4092
1778
2304
4890
4782
1476
6489
1614
7128
6903
7738
1578
385
4936
5248
4430
5883
3684
4055
605
6494
6952
5679
3229
5434
7493
3249
2820
5155
2029
1394
2974
4691
543
3325
3475
911
5017
5275
1190
4477
5893
4580
7058
2327
4512
4901
1417
1447
7410
6246
3314
3590
2046
3875
5847
4852
5423
7091
4686
5969
1805
7735
6078
1968
740
71
988
464
7637
5582
8142
3802
4977
2984
8071
514
4789
4674
30
2766
4391
5060
7842
2350
1251
1721
3434
6415
510
2233
4238
4203
8163
2905
4290
4910
6316
5761
1103
3495
2229
5244
6596
372
2549
7571
3774
138
5737
630
1591
2797
1194
3339
1927
7351
4916
2002
3427
180
2710
4087
7644
3619
5695
3787
7856
3371
1206
7425
3170
7048
4915
2730
6601
6255
2125
7865
4357
2513
5026
5833
5970
5713
1752
753
2700
4630
5214
8015
1262
3122
4673
5219
5979
4274
4675
4626
504
4063
616
148
4030
7289
1200
7649
3918
6079
6783
4462
896
2375
2651
6242
7184
8039
6356
5172
1671
5832
4122
1281
1000
1822
3274
6027
6795
7968
6266
2745
6491
7489
5257
7219
5460
7950
6103
1998
547
4559
7474
7917
103
4504
4869
4664
6385
6859
554
4613
2351
1819
4881
4663
1760
36
6024
7071
6716
7685
1730
3676
7866
5304
6490
5173
7629
3907
8051
5920
7632
5577
5174
1979
3388
1224
2028
6403
5908
551
4285
987
2808
2554
4403
6523
4669
738
8054
1546
1906
6340
7978
4097
5830
5386
6429
232
4105
5442
6605
150
2744
2853
349
3695
4966
4091
2227
3082
7862
7551
5018
2249
1540
4318
748
1961
2107
7569
2499
2051
4431
633
7069
5126
5271
7934
2694
7272
6852
5328
100
4518
5854
2631
2223
7566
7085
2461
7652
6207
3390
6500
7490
7996
2079
916
7117
3379
2049
1939
5225
3882
3296
480
3142
3078
628
14
2419
4178
1066
4170
3453
4615
2878
2582
7536
4946
1460
7129
4923
4859
4402
297
6939
742
5033
862
3476
5531
46
5032
6470
5488
5986
2098
2494
5162
926
2848
6062
5099
6966
6117
2945
1792
6733
4927
1259
106
8146
4752
4110
1246
6086
1386
4853
6438
5685
3858
5418
4871
2769
2741
5829
6398
6659
247
344
1827
4126
168
798
2321
7156
1633
2588
2317
8043
6134
4234
4515
3718
1637
1244
1620
8059
2193
1464
6665
3933
3900
1345
1264
6057
7385
185
5199
6880
3494
6742
2018
1743
3847
814
1097
6317
3518
3865
7898
7114
7755
803
7430
2014
7472
6333
581
3582
413
5435
8084
4255
2630
5437
3065
2854
3896
6336
7036
2674
1915
4845
3924
5354
5535
3972
6182
6993
4958
3289
389
4450
3952
2734
8023
359
3504
6950
2661
3367
885
8032
3905
6858
2401
5720
2996
452
4683
5752
1285
2733
7849
5040
3591
6717
5660
1443
3173
3843
5576
489
3088
3300
2238
3321
151
3370
2860
7672
2105
5880
7378
1477
2142
6264
3505
2692
7739
2522
2911
6114
6630
3051
6380
3137
4497
468
6971
6726
7088
3438
5334
3667
6007
5519
3366
269
1309
1803
7158
674
1728
4191
5614
2182
5604
4586
912
795
1969
5118
5387
2736
1128
2008
5770
3279
260
6042
6000
2564
4154
2982
2104
5065
6388
1059
6695
6696
7412
208
34
2478
4913
7326
2841
5965
7605
3668
3326
5004
7180
2179
5329
4510
7105
4130
667
4155
7743
7006
5723
3927
4820
8082
2999
2416
4181
1493
5103
3575
6279
7390
958
2686
449
5391
2690
427
6746
1367
7304
3600
4603
6191
808
3929
774
2441
8172
935
1780
221
901
8109
7659
7115
3657
4622
7991
3072
972
7484
4949
7142
6686
5079
4324
4867
5286
2331
5746
6364
443
80
6951
6556
10
4398
5859
982
1532
6928
1035
4717
2222
273
5728
4662
4065
3089
1087
5938
3280
3113
3849
2357
5892
8103
1626
3455
951
6781
8033
1218
79
6948
2303
3419
5631
2314
1855
7670
1828
1506
5220
4320
7730
7413
2608
4414
5063
2159
7047
7818
2022
6307
6076
2830
7610
2328
1090
5795
8034
8031
7869
466
1372
376
5851
4844
4566
923
7624
5810
3333
7964
3234
4733
5069
7173
2460
249
4788
4314
1392
3789
6887
7139
998
940
5567
1096
2345
7277
3282
7443
4447
5306
7313
5886
6957
1765
7445
8088
570
2334
4467
6077
340
1131
4227
4755
6195
6857
3744
1039
2367
2915
4011
7387
2666
4781
6704
7647
4846
7942
1713
5848
3512
6832
2089
1263
6298
4520
1625
493
2376
4346
7177
2967
8093
6972
6110
4168
1268
7107
6357
5447
1461
4695
7514
3892
4914
431
4315
6145
8048
7765
3355
3417
5013
3984
3850
7271
7361
4305
6521
2133
483
3872
5227
7255
701
3719
1797
2362
6842
2688
7181
7123
3564
288
5237
3876
6249
1319
2311
5861
4283
218
6332
5201
1122
409
7505
1794
369
879
4609
564
4368
2337
6254
6729
7259
3394
5506
5223
73
4134
2384
8010
5110
5587
1229
7508
3459
5152
7420
8083
6323
2506
207
4904
941
6809
3187
6005
5925
4891
8120
478
2146
1679
2216
2616
7364
1388
1692
3926
7754
4537
7001
3762
1472
3555
202
5197
4531
1217
2716
44
6043
5240
637
1480
5119
283
317
2569
2644
6096
1663
890
6955
1802
5790
4021
4327
4536
5515
3163
4151
1045
6876
5928
5184
2704
698
2774
5470
2113
3637
6232
6823
121
6132
3364
5368
1659
3743
7280
3532
1527
8121
6404
7794
2918
5424
5274
255
4528
4198
3496
6176
4726
467
6634
4970
7710
4614
3997
6240
6646
2272
914
5263
8170
1138
3096
5696
2783
4064
5330
4636
6146
4742
733
6083
2148
3599
917
7999
5203
775
1286
3007
2440
2992
4944
5081
5998
2444
7775
7232
4330
348
7673
500
2868
7890
7899
4807
5114
7831
2874
6552
3703
5632
1788
4015
3636
2194
7025
1136
8021
3490
1566
4988
456
1446
2725
3670
7099
5527
2577
87
2226
3292
1311
7223
4940
6754
6992
2786
4400
1909
7327
4084
3731
7820
5456
536
5904
2952
4005
6613
617
142
2208
1479
5095
4259
3764
1930
2335
7195
6800
5200
4873
1328
7024
5921
3558
3627
4544
7353
7176
7090
545
328
6111
1800
4635
7393
4193
6377
4652
324
8173
1212
6791
5948
5154
5028
1776
5206
5909
3423
2701
7308
5106
4387
3399
2595
7014
1490
5897
8108
6189
672
5657
555
5226
7928
5993
4712
1839
2965
1719
3686
7218
4169
2106
8065
6354
463
3737
7975
2183
1675
7226
4661
8166
6181
2950
7722
873
238
1745
7436
4056
131
6463
2325
5348
5205
1055
3374
4180
5734
1253
1893
2793
2210
3203
5141
6616
5398
2220
5586
1225
7748
2000
7771
2676
83
728
6081
6773
568
4655
3868
3290
4299
2606
2324
771
7721
6184
5659
7511
5077
7677
7109
5068
6278
1175
3910
3146
5922
7675
7520
279
878
7805
2417
4451
7678
2520
3857
8004
1571
4158
4666
7408
1187
6905
3987
3563
3554
5187
7369
4929
2315
2963
8123
1240
4546
5835
4157
4041
6894
746
7712
1422
6529
7040
1189
6475
2370
3923
1878
5007
1658
2497
1592
1352
5686
2277
7209
4221
3911
3246
7861
618
3623
7051
5899
1632
7314
3208
3701
5082
7580
2307
1171
2383
7370
1299
1744
51
538
4079
4817
4062
2888
1643
7098
5641
7086
8046
5450
8165
1397
6958
4902
6014
4965
5823
4352
2654
990
5021
7720
8085
7607
7661
5395
1494
758
2490
7762
750
6347
2628
2800
2798
8068
1672
1572
7282
7251
2039
3556
6188
5169
2170
159
7919
5468
5108
3112
4176
1371
2685
1535
3377
841
4776
1410
6302
3733
377
6449
4508
6574
6774
4341
1617
2016
6119
2788
418
6702
2713
4262
5001
3474
7457
4288
4524
5024
3405
16
845
2740
3879
391
942
5876
7512
5684
769
3316
4243
4802
1694
1845
3258
6499
1812
5658
6865
6684
3723
3303
668
6785
3097
6439
7394
6087
2865
1585
6539
1650
1439
5428
6534
3658
440
1560
1786
1823
2382
1378
5490
4758
365
153
5096
6292
2635
4252
2007
2352
4665
7348
2655
6792
1080
3916
3746
7832
692
4022
6091
7616
2956
2428
1662
7415
660
4325
6871
7153
4162
398
3238
1239
3829
1073
4059
2473
1740
3922
4832
1125
5812
3810
1181
299
6517
3473
2811
6618
4500
5415
6898
2612
765
4555
3418
8041
4125
4233
3460
6480
7717
1505
6974
1093
4439
264
4094
5123
4535
2679
2099
4268
6714
985
4896
2559
7532
334
5950
6585
5480
1919
2776
984
550
4628
1872
871
7751
1214
5417
2675
7776
4323
6006
1006
6352
1
4587
2246
7016
6355
2753
5168
1619
161
7076
2939
145
256
4071
6157
3741
6921
6882
4984
8070
4594
437
1048
5472
6123
5249
2405
4721
8063
6763
1938
1610
577
3612
7725
3500
7801
488
3543
3726
5538
807
5872
3874
576
1269
5990
1727
690
4469
12
5937
8106
6988
6594
251
7817
7037
3343
1738
2846
659
786
7563
222
7365
7887
7638
6652
2997
6165
3010
6495
1144
3792
4070
6706
5045
300
6925
6017
2589
7423
2895
3253
4560
3012
2780
414
7454
84
6817
1513
7175
4184
32
5449
5505
5250
1709
7004
5730
6877
1056
1172
5231
5575
1334
390
3328
2263
8140
761
3735
6656
8131
7752
122
6669
6034
1605
7235
5350
280
5570
4147
3791
1137
347
2759
2145
2186
810
7589
883
4736
3914
2501
6473
3079
6635
7221
3435
5421
6486
7503
1165
2768
5062
827
375
6834
6396
6513
939
3738
5976
423
4049
7216
7924
969
2192
7727
2225
1984
6462
4607
967
2283
7386
3194
1440
766
237
5133
2342
6682
219
1717
2761
4701
2546
1054
5889
1941
887
6148
2157
6623
7309
5585
6847
4822
3430
7174
163
7411
5688
7922
5929
3510
863
3986
2560
366
5583
2101
968
1799
6540
7383
3040
1807
1944
3615
5016
2953
7515
7543
4551
5601
3159
1790
281
4843
1921
1758
6700
5700
6098
869
2659
4478
6850
1777
2202
7379
6496
4384
2772
4433
5759
135
3432
2669
1604
6227
3174
367
2219
4995
13
7291
1256
1580
8027
1064
6932
6884
844
432
5185
3192
7540
7731
4533
7702
5401
7155
4900
5411
4317
2585
341
7073
4020
7003
1912
5560
127
2451
3830
610
7311
2065
5708
2758
3545
2747
406
5910
5645
1521
4362
4229
3693
5626
3729
3680
67
4205
3069
2935
65
7792
7135
3664
2292
4768
6431
2545
8058
4893
5161
6582
1426
3945
43
1762
1178
5389
4723
4772
6241
6927
3597
6144
5347
6130
1151
3003
684
3690
4964
4374
6947
4421
7502
4416
3523
7518
7925
6325
6018
5319
1597
4237
7356
3525
3164
986
7674
7192
1922
7671
3006
290
4121
1473
4208
6658
6874
7261
4849
1978
1076
6371
7613
5486
5882
4077
5856
8100
3030
4538
3992
3692
1918
5665
474
7492
6206
5015
1387
5245
6873
2784
949
3101
6221
2196
4621
1145
5917
7455
2068
677
460
5653
2214
3881
5264
5344
50
1099
5444
8115
4942
2649
4348
2423
5850
3860
2155
1183
6604
5088
4159
7877
1824
6833
6084
2036
6468
60
7664
1325
4485
7836
4883
6870
7093
6979
6736
1020
1761
829
6902
4938
3607
7510
419
3218
1041
214
7799
735
7475
287
5709
7266
7241
2527
513
33
776
1559
5898
2662
7052
426
7229
5403
4054
8092
1265
2199
7878
4085
5047
7075
2228
1763
3457
4490
5167
2993
961
7933
6248
6532
529
6538
8056
509
2387
4466
886
5366
3210
2951
1186
6410
1954
96
6772
6365
1579
7618
7773
1991
4939
4990
5846
1525
4344
7807
3354
6228
3962
7237
5958
4108
39
2232
5698
7915
4405
3232
396
6502
5827
1512
6008
6711
6409
4083
2045
2605
4909
3151
5150
1863
6267
5086
6095
6589
4336
3908
1381
7839
5786
403
4279
6082
1616
2088
6756
1148
6969
828
7576
3691
3751
3669
1756
3853
3856
7278
5246
497
2883
7977
3571
3440
7695
2475
6997
1335
5992
736
5870
2085
6937
7995
6344
461
6516
6707
7456
6315
2474
5439
5298
7072
6168
4932
7643
8153
2050
1339
3617
4973
5545
4692
4230
4606
58
4313
1284
421
4033
7660
3107
6648
4260
3587
2207
2712
1707
5783
1894
2548
6741
2975
4231
2135
4783
4297
7882
6335
2602
2043
5388
6645
1840
7388
274
1831
3205
1975
1960
5371
448
6013
2531
3487
2889
7092
2114
2515
2083
858
173
5496
492
6291
7715
3393
1942
4882
1152
7666
6139
6399
1567
4044
2699
7504
3493
7310
5091
4519
271
7463
3408
99
1079
6288
5432
2178
7294
6126
3360
174
3514
469
5844
2617
7855
6155
2041
6836
5999
90
2354
6518
2977
5742
4778
3886
5052
289
1478
6745
265
6593
5058
7716
3871
8096
3880
4690
1887
5907
7746
5923
7191
5299
322
6855
5358
6233
4409
5776
140
5
2391
6003
5394
3526
1768
1349
7452
2255
1911
2937
410
105
2572
246
1586
7224
3404
5393
4115
6866
7166
3912
7774
4413
1804
5819
3855
7334
2908
4841
472
4620
1781
3708
7789
7157
4096
2542
3634
2377
3017
3595
1157
3188
3722
5189
1468
451
7840
4681
7932
825
187
7465
1254
7495
1683
7620
295
6235
248
6269
3411
1668
2634
7395
111
1027
1881
6251
532
4598
7636
549
1821
3946
8139
556
994
5807
2033
4456
7667
3935
5376
4996
1162
2066
3272
7233
4885
1575
4657
1980
7604
7954
1696
860
5974
3426
5276
6597
6324
5290
7196
7545
1795
4699
953
4564
1452
2241
1357
4470
2764
3108
1140
647
5711
1005
2063
868
7937
704
6075
7770
7279
7809
1130
5731
1577
6670
6239
757
129
5176
2871
2540
5725
234
7559
3318
2190
6617
2124
5949
7688
2412
5192
2019
4354
8066
2875
3073
4632
4378
7552
4206
1004
3976
7663
304
4710
4217
3191
1879
4978
6400
3716
6366
3243
1013
2702
7275
7150
7760
7070
3298
5234
5669
225
4838
4647
1342
1038
29
3605
727
7645
2600
5067
4774
3777
6167
8104
5774
2943
2782
7614
1389
165
5670
3728
5253
7859
3248
2433
6273
1077
5454
2100
226
5901
6015
671
2642
4829
5843
6910
4549
4945
5356
4188
4406
4992
709
6525
4698
2071
5465
7264
1853
4445
2742
4962
7945
308
3005
4527
1362
5618
496
6738
2824
7097
1892
5020
804
7734
2333
835
944
5242
1888
3584
7948
1040
4143
137
1395
1412
5881
4074
5239
2119
270
3407
8168
3898
5816
7556
4532
5027
2767
5148
6776
1085
689
224
1651
7050
6178
1890
7592
4316
5384
1943
5884
6796
7693
7239
5502
1441
1135
6009
2203
7826
6208
4028
91
6681
7779
7521
4385
7103
3955
2948
6973
7269
6975
7656
763
339
5924
3647
3639
7813
8067
8002
1641
429
3866
6177
4505
1293
4410
243
6575
1139
4539
6790
1213
4703
1606
4484
5755
4277
977
4266
7127
7151
5569
744
75
4629
4107
8181
430
6889
635
134
5525
2858
212
1147
3424
542
5261
6913
7447
6699
360
6161
4036
6025
7205
2892
1550
4679
2498
1456
7546
5485
7822
1826
4307
5315
1110
1024
5051
120
5542
5639
7888
4601
4102
1688
7578
7167
7689
7574
1929
7435
2621
7594
8005
6158
3642
7601
3517
6985
2563
6012
1384
6650
8149
485
5049
7288
1403
5211
170
7118
5994
8148
6174
7367
2771
3392
1644
7148
7362
6797
3395
2587
370
2073
8007
3193
2287
5300
6127
5218
920
3963
4371
2360
2512
2239
5463
6730
6030
4858
1247
2821
5895
7519
4650
636
1544
6058
4415
5565
4875
6998
6019
4228
6406
433
7130
2044
3037
3499
6619
1369
2006
3214
5336
1825
5420
2
4098
5327
7591
7823
3589
5857
3957
6218
5501
4240
975
1875
4793
1312
2815
4411
399
7961
2504
6214
4002
6507
7183
3312
552
4058
6390
6677
1104
6543
7848
184
751
6720
1061
2365
613
6485
4006
3103
711
4355
520
3521
4716
5911
1273
6734
4101
2454
4804
305
3081
3488
4338
6451
3630
5548
2013
7296
725
7769
2698
3320
3401
7507
6201
1270
7459
149
2368
4724
1665
4018
5314
3028
8037
3779
4801
773
6675
3335
5605
2882
2697
1198
7824
4209
5946
7544
642
4554
5648
3219
5102
3485
3893
662
4851
3284
8176
4034
7323
2062
3580
2510
5374
6472
5779
1557
3357
7630
6224
5602
1321
5562
4545
4957
2910
1903
527
5473
658
7619
5305
3928
6709
1681
5652
374
1976
4149
5039
965
1691
7562
1904
2005
1215
934
927
6203
4129
4337
4905
1670
6147
4142
2831
7008
6638
5256
5483
6503
259
2058
3576
117
1208
5766
2677
4771
995
1275
6198
2921
2048
2667
3231
2787
4831
739
4004
381
7747
593
6225
669
4998
1489
6023
7110
7332
386
4553
3024
6571
6649
8050
4507
6651
7043
3632
8
7306
2496
3046
3873
181
3439
5647
1956
1047
2429
5530
2578
5057
1612
5863
8102
1661
1773
2137
6861
4395
7285
7658
323
4399
7094
7845
1549
572
664
3937
5375
6263
5046
6
6072
1774
4517
7106
3547
5143
2487
1923
7741
2215
7583
5365
309
3391
4068
2398
54
3483
6414
6378
1565
559
729
2130
7973
5726
2470
2495
8133
3332
7063
3278
444
198
3489
7125
2347
6309
7936
1702
1431
7742
6397
620
116
1448
64
7431
6424
1877
3804
182
4579
2302
2748
7193
2371
5019
5325
2265
4428
6845
3807
1693
2235
7450
6196
4331
3242
7884
5828
2696
8019
7785
1132
3147
665
6949
772
4588
6156
5818
910
4111
8171
5943
7011
1026
7990
5849
2169
2670
6035
5995
5808
768
6918
4912
7055
2420
7451
2240
3941
5269
2078
2305
1458
1583
3471
826
2955
4911
2275
7662
2402
3446
2385
3447
230
2483
5194
5646
6530
5778
384
2809
2472
4489
3286
6655
1070
627
3969
3621
2390
6046
2890
2765
2966
7872
3750
3985
715
3100
3486
8013
936
3250
5031
5392
2536
3080
5796
3396
3625
6959
183
1656
2153
6050
7833
5590
4329
7065
7575
1829
6570
2486
4366
8190
6501
5029
262
3656
3915
1401
7164
4863
5772
4543
1180
2060
1133
6482
2217
7871
8095
6270
4722
3811
2980
2111
4375
6350
361
722
3720
562
113
6667
1459
1380
4453
6963
3739
4300
2266
5896
3944
6508
5837
5071
3304
8137
7969
3885
4928
7316
7256
4135
1988
1455
4861
5510
5149
6549
7994
4738
7631
3109
5887
5369
4876
4748
8035
4991
2580
4624
6290
7144
1928
4103
1515
6334
4386
2530
7891
8169
5764
123
7171
336
7477
2450
6562
4552
7434
1495
1355
524
5745
2293
4449
3175
4448
7988
7113
6416
3620
3520
5852
3652
4658
2639
6211
2995
6361
623
4864
5492
587
4572
3116
5038
5308
1598
8017
3059
2091
189
63
1657
3633
7054
4741
3406
2117
7466
5963
3709
6393
734
4813
2802
4887
5120
892
1667
3225
6793
1898
6331
7009
2985
4766
7486
6896
2123
6395
6980
3241
1385
6010
1726
7286
1322
1127
7885
4196
2206
1983
3345
5333
5606
6583
608
5041
6740
2873
4479
5664
209
5964
2057
4376
5534
3740
3671
2430
6312
1326
7854
26
3783
5145
7625
553
2752
3604
7692
1654
512
3788
5359
6608
3565
4223
2626
6588
2174
4732
7100
1098
7593
4160
6912
3901
962
4275
4808
7409
4571
470
1095
7757
6108
286
7322
5522
5579
2877
307
566
1442
8008
5793
3105
4207
2047
7694
4785
3261
3542
395
7354
6728
3603
3127
252
2211
4088
4707
6814
5551
6001
1869
8078
6319
4345
3817
8175
6911
2652
4086
5322
7401
7031
144
3441
6067
4144
4328
2528
7122
743
392
4492
3966
5727
4886
3592
6210
7758
446
5866
5457
1593
114
4424
1046
1298
3822
4309
7570
7853
3780
8186
6737
785
5803
7704
4974
2535
3730
6965
4575
5129
245
5748
7980
2139
8012
5260
6394
5777
6727
7045
676
2541
688
4380
2341
652
3023
1861
7590
2738
501
2348
7258
166
7690
1450
1526
6803
411
6820
1327
3115
6968
6289
2599
2069
5074
7172
3255
1687
3660
4558
2308
5694
5555
3470
2329
7253
3522
7623
6343
574
2248
7967
2986
5085
4888
5294
479
6868
4483
6708
1638
639
4363
5471
7582
7330
1078
6411
6348
1279
3000
3610
997
7998
69
5323
749
7027
2601
4868
5817
4257
2556
6739
4452
2508
2891
3999
1174
2373
5572
3359
1966
1015
6815
7931
5625
3877
898
5238
1664
2947
6466
3700
691
843
3840
2064
1105
5722
1359
3047
7627
5229
7778
3958
2807
5703
2779
8029
7338
7781
345
6666
1647
7952
4660
4024
3144
3593
6719
899
3758
1973
3410
5198
7442
2127
3064
6129
5757
4880
1496
2899
5345
6986
7188
7837
4565
7790
172
569
945
6193
7146
6422
1910
2092
3959
6036
1274
7360
6647
4438
3240
4359
89
4308
1307
3806
8158
4254
1413
2318
2477
1587
4052
1023
1759
3964
5012
6899
767
3235
6237
4029
1834
1990
5675
3832
4821
4985
4989
2026
4862
6029
4770
4218
8089
6945
5402
1835
6689
2160
4730
5765
4597
7265
5805
4215
1154
164
2932
632
1841
5552
3291
4729
3697
4174
4917
1576
5178
1209
1376
4253
3058
2061
1816
801
6769
2978
7713
6590
5228
2413
7938
918
3569
3755
6900
5455
3270
6581
7529
4442
1925
382
3989
1584
6907
1202
7843
4762
2847
1563
5142
5084
3260
634
3538
4578
6839
2256
4641
7480
7602
1205
948
3534
2607
4854
4192
3846
401
2567
4009
2012
7699
3436
7284
4787
6657
696
2867
5166
6642
2040
5100
2623
420
3179
4019
313
6245
1370
5280
3348
1435
4643
6435
2403
4541
229
6761
680
15
7406
6367
5466
7414
5204
7335
6166
1301
7646
3224
5183
7657
3038
4282
1255
3045
946
4786
2533
865
2940
5682
2205
296
5105
3149
6310
4769
4895
6275
1400
996
272
5146
2718
4648
76
5179
2322
2909
3209
6551
4513
5640
5549
56
7634
3309
1420
4370
5267
7577
6363
8055
5426
6100
6835
3661
333
2084
4878
4298
4582
2893
3352
631
6768
1856
1323
5217
1601
8090
2453
3347
3265
3721
7974
2330
2657
7528
1271
7077
1551
2394
6074
6021
5533
210
4335
1982
6276
1119
5916
3519
851
7895
6533
6637
3643
6484
7372
5462
4089
6362
6274
663
2449
5408
2641
5070
6962
7033
1750
2568
1706
4794
5221
2722
976
3781
5821
7997
2778
3567
741
2411
6565
1193
7214
6358
8080
7615
6268
849
5413
7767
2027
4464
3472
4003
7984
2843
2709
1913
861
5035
3150
3831
5429
3337
5760
8155
894
1031
1622
7920
2052
888
8045
1573
4486
5266
4757
7231
2796
8132
5699
7850
6004
6848
8036
575
4653
3093
1117
6498
7599
1772
1282
8183
266
2991
3654
3585
3890
7017
8003
1294
511
5321
5802
3772
5858
2789
59
6452
6724
1159
5414
1787
4473
755
1769
4780
4676
5546
991
1356
7951
6419
3213
1408
3294
7537
4236
5834
3336
3315
6770
3449
1689
3793
2422
5005
1432
7829
7846
7488
6120
6841
2872
3090
4548
8018
2750
2467
1338
7901
5794
2435
2267
4667
5702
6940
3895
1069
3273
6405
955
2076
7793
5171
1166
3310
7427
8145
4590
2928
5508
3114
3845
7873
7795
5831
5811
6258
2552
6578
5616
7217
5836
846
1028
6688
1094
6287
3903
139
6759
7419
7333
2887
5797
5175
3456
3330
7067
1300
4427
6338
3724
1303
6262
4948
7168
291
7763
4705
5469
805
268
2571
745
112
7633
1221
783
7301
227
363
4482
5517
6643
1977
6121
5662
476
355
4639
4463
4514
5292
7270
5619
723
400
3974
4388
4007
4975
5556
1868
3373
4360
2839
4246
782
4050
1837
7377
2746
3400
2845
5667
1621
5919
6881
1486
2575
1375
6061
7860
2859
1347
8122
818
2395
6314
1373
5083
5588
3887
7584
6915
4187
2525
4680
4113
4715
2826
3551
6175
2488
854
6935
5931
7535
3091
558
5971
6116
6186
2023
136
7622
6163
35
7485
1865
6461
6002
6933
7669
5165
6751
3820
5279
1196
2212
4423
7321
6069
5399
5524
963
3254
4392
3498
5113
3827
1199
1809
1462
356
7696
7908
4644
2053
5867
611
1747
7134
2087
1801
7764
7211
179
5495
5089
393
2003
6327
853
1438
8164
3990
586
125
812
7396
7371
278
6548
5773
3977
1491
4979
5459
5972
3862
3614
3956
6293
2777
1645
342
2198
5284
5663
7598
7548
2279
7683
6505
3350
5955
1016
130
3562
233
6064
3561
1537
686
2388
1340
1599
2723
3074
5900
7572
6204
8152
5503
5945
4511
152
3167
7468
6197
5637
2400
3356
1330
5352
3245
5511
6909
2243
435
2671
1101
5591
5978
1404
625
1466
4347
3770
7331
3301
5160
3842
7587
1304
447
836
7397
8064
5564
1502
1907
2933
3622
7039
595
332
5864
6584
4272
7147
2901
2678
2479
3384
1539
2724
1236
6200
1748
486
3659
2550
2166
6628
5894
2962
1424
7864
7608
7530
327
228
3808
7079
7197
7538
3075
2979
275
2158
3233
6920
177
778
7733
4412
5283
484
7573
5087
4811
2195
4784
1305
6822
3812
6537
7676
1854
1360
1623
530
1258
6931
55
1228
3153
192
1257
3836
2270
2913
4815
68
508
6775
2404
2143
3766
7453
4284
4241
5072
2900
3211
6104
6283
1708
5952
5037
2289
5464
3951
4057
3414
1366
1952
1891
320
592
7653
7509
8087
4908
1986
7709
4321
983
4805
832
1333
7227
2983
6265
4526
132
823
792
4595
4689
7200
1815
4706
2482
3062
5951
3550
1100
3773
8076
3870
7684
1739
5122
2680
3458
2526
4429
6369
649
1009
6860
2869
4322
7346
4840
7254
231
787
5050
2717
2122
7246
1636
4798
938
1766
821
3324
2447
3920
3383
7981
4119
1416
2994
6477
2689
7380
4670
2532
928
1751
3864
3651
1029
7329
6353
1034
3299
5768
5595
5341
6926
4251
2386
8179
5581
1121
1445
7825
3468
644
7347
673
27
1534
710
5296
4295
2309
539
1106
5213
2480
992
2949
4351
2790
6546
7611
4
4860
2586
1568
1905
2703
5254
1771
1947
7596
6846
6345
7464
2555
1399
2636
3119
2161
6636
6216
1329
685
8057
6271
3725
8174
2861
3463
3466
6101
760
5048
3967
1276
8143
1897
2879
3247
1226
7949
4226
4561
3704
5098
2110
528
5747
6609
4441
1806
2138
1700
1716
3934
3195
6418
7161
7940
6349
2340
3649
4242
7005
7870
5644
3126
2663
3034
6592
7476
588
7815
4420
619
1071
6236
5115
7549
5666
2562
5381
4211
1914
5318
7557
2312
5094
2399
6099
6112
784
7307
2964
1411
1030
1529
5324
4934
7679
2885
6088
4827
1113
4343
6136
6812
621
2593
2516
1383
1222
7903
6282
7904
7972
7534
8119
337
8192
4800
4702
3757
6131
1283
4563
526
3921
2175
4495
3226
4697
1102
3165
4294
2969
5683
6055
1343
4446
4959
789
3698
7987
891
5054
3940
2268
3004
3221
3056
1690
6844
4611
1964
7162
2721
1072
7249
5093
6479
5382
6511
312
6428
7958
979
3033
3715
5164
6432
4872
6885
4556
239
4361
3644
1361
2278
2904
5014
7959
6011
7363
7868
4389
6946
6426
6960
6691
2907
599
7955
5208
1306
1170
6437
5885
5163
5692
1155
6598
7960
2610
5405
5190
5939
6883
2469
7497
6392
534
6483
6694
4659
4239
7178
4567
3445
1871
2929
4461
5715
3763
7185
1514
2592
5822
7222
188
7198
1497
2273
4457
7736
1718
5629
5523
5362
839
4353
5011
7426
4848
2136
3608
3506
4830
5879
3769
97
5216
3913
1712
6423
2968
6389
254
7287
712
7102
3257
2735
714
1723
3502
1354
7095
4061
8006
5630
1757
408
7340
4981
1188
4394
7298
3535
5597
2274
3904
2751
3308
5677
1697
7318
2297
6092
2576
6825
6375
1234
6710
7242
2972
2537
4334
2236
7163
4183
5754
4568
6192
7780
5706
4235
7213
190
1896
2437
519
571
6692
5956
6758
6190
908
1365
3313
7542
2369
7179
2656
3183
5537
6370
1313
2436
4642
5806
4075
1150
2481
8144
4244
2281
5295
6767
3222
3531
3805
321
1830
2355
5207
7847
5340
5962
2543
6313
3653
5888
3083
7753
3909
6402
573
4884
1053
7897
2017
1419
697
5355
7907
3549
2168
506
2732
459
4016
3077
5158
2726
3202
4763
4212
3833
6080
4591
7240
82
2923
6421
661
6615
6886
1310
3712
6526
4342
706
2021
3276
925
19
4289
2055
3086
5869
732
3674
4625
4967
1499
4372
5763
2611
809
3054
193
3117
4276
720
3694
7341
1916
7718
6059
2414
4501
1336
2221
7159
1811
4213
816
2897
4631
1652
2218
5236
2059
4754
2102
3019
7042
2583
6559
8074
505
158
2507
6321
6749
6577
1250
4182
211
6606
5157
5311
1232
6555
6427
2773
3961
3327
3154
6226
1277
4081
8091
7501
4459
3204
582
6897
7655
3048
6953
8151
6622
7201
2260
7138
5740
973
3970
541
4933
5010
1646
3009
6376
5536
3803
8079
4759
4471
2561
5202
294
6612
6760
6766
2379
3162
171
6804
780
1158
3061
1858
3754
311
1755
1589
477
4819
7389
388
6089
7617
7786
2188
4000
1149
609
5335
7910
7041
834
8111
6386
3402
3799
3732
3936
2336
5474
8118
5927
1753
3184
7108
2468
6022
3052
6764
1507
1260
6339
8185
8038
594
5498
6051
838
7841
2180
481
6173
5554
3606
6813
5453
5425
6801
502
1509
7800
5814
5792
6063
1142
1588
7000
7483
7787
7060
3782
22
4708
110
3891
6446
5526
1900
5140
4713
2660
3216
8075
3646
4668
2658
5407
7120
2646
7225
5479
1184
2285
2988
7238
7555
6799
3560
5101
3369
2812
4124
956
2922
2648
1075
5262
5135
4684
6685
4271
7565
4010
143
3536
3044
6253
4436
4954
6109
3673
2914
794
5638
4797
2291
2894
6674
5121
7732
6326
241
3795
4161
2129
216
5855
6093
7344
7808
3681
85
5691
6222
3217
1796
7293
3353
8069
147
5273
3421
5941
4248
2261
5596
2863
276
7665
5599
6679
2609
3492
4711
3578
7892
5482
3026
318
1044
4201
737
6602
8094
612
7957
8101
7909
3798
6995
1109
752
932
4167
6045
7857
7914
1220
6579
6234
176
645
7768
1287
5775
6576
6049
6172
5643
4550
1143
6580
2448
24
5891
648
7126
1901
7082
6387
5947
4924
5410
2134
4799
4638
5680
5043
5477
2442
5801
5732
4604
5404
4694
5259
1666
2624
2684
6755
2025
537
5991
7405
4930
2109
4646
5959
4458
5301
8062
1989
7170
2162
3515
3785
4350
2791
7257
495
7946
943
726
7814
3994
4358
1895
5687
6306
6545
1886
1630
2381
707
3863
6016
1204
2493
1207
7827
72
6827
8127
4123
4045
250
62
515
1021
1091
242
5512
5064
196
7745
2579
101
3181
7531
1409
7248
4112
5676
3349
4455
5838
5529
8134
263
2739
5804
438
561
6070
491
641
1958
1931
2775
5543
5878
5378
7124
5589
1628
2120
884
1407
7916
6930
7066
8073
4585
2424
5553
6610
1036
1924
6391
4925
1536
6782
2286
3794
8161
4897
5550
596
4291
422
3068
5739
4617
3814
6662
3902
604
3980
3760
4645
5006
3491
7471
2637
3176
5451
6522
5380
4818
7421
2866
857
4522
4947
5628
7838
5936
5385
6478
3382
7553
5092
3529
8126
1203
3714
5717
1558
6455
5789
5042
7588
5915
5137
387
852
719
2720
244
2565
2320
7374
6420
7517
3329
107
4602
6890
4961
7339
1615
5608
7639
7422
4993
5769
4383
2849
6550
4001
3537
6097
5957
1297
5484
2299
7013
6238
8000
5701
4156
1141
4304
3790
695
8011
4042
7189
7104
7119
2458
2213
5056
3011
2452
5799
2164
3947
5636
1785
1899
6879
7101
6837
6924
4418
1522
3557
5738
6510
7418
1649
5066
4828
4199
3398
3448
4836
5235
7325
98
2629
4547
1775
1425
5655
4994
6205
3786
3479
8061
2896
3344
7976
4879
7324
4082
6629
4704
3524
7194
2737
7250
3983
5944
7417
6318
2456
5370
8114
855
5557
7044
1963
1629
277
8086
1519
866
2418
3925
3834
5906
4434
201
6382
6633
978
6660
6671
5513
567
6564
326
6816
6105
702
8124
21
6914
1065
3776
2378
1543
1732
394
6515
1364
2364
7444
3451
6591
3297
2743
3851
6961
454
1115
220
5865
1219
1846
1296
607
2813
2392
1488
1561
1197
458
7392
2511
4172
37
5090
5059
1169
1161
2681
11
4906
3839
1393
4824
3452
6294
3425
6818
169
2230
4753
560
5478
4764
507
583
5138
1842
3029
6777
1068
3124
3118
4165
654
1483
1993
2300
8107
7267
5787
1406
2032
6922
2296
2902
670
5771
3207
4956
53
1010
1564
8077
1377
7204
5507
2806
5186
7682
4195
6383
5131
7586
2242
5409
3501
7131
3215
7398
3128
6878
7834
4013
4090
3035
1332
6821
7382
2728
1552
6033
8160
6170
3553
2961
580
3123
1940
5690
6626
7867
970
2757
2822
1570
1182
1547
28
6185
1852
7169
3577
3196
2115
8098
5310
7359
8117
4809
7210
3098
3973
2353
1798
2695
1421
2574
522
4688
1211
2715
1314
1981
7783
5756
2668
2505
1001
5953
3631
4740
1528
5452
6220
5940
5733
6624
1033
2799
3378
7526
2957
3824
3663
6071
2254
6819
3978
7111
4953
4475
4709
4138
6989
4825
6060
6683
2749
1350
405
5349
3228
7038
2443
7700
3497
7336
7816
4440
6128
3268
8044
4693
7896
5278
5343
3168
5707
1876
3145
2622
6065
1230
7798
3626
7345
6384
4557
7358
7971
1555
546
417
7199
4637
2359
5075
4720
6311
6202
5635
482
5372
3200
5791
3648
223
6328
175
8141
1733
850
48
4118
4747
1618
6698
4516
2801
2015
1341
315
2096
4267
3104
2804
4426
7446
5845
2187
4302
6853
3121
6223
3675
4114
1838
4593
7982
6244
6337
7606
5125
5497
1548
1243
2673
7187
2290
4404
4432
4216
124
3749
5107
3008
4728
907
4443
929
5289
310
442
4743
4468
4719
2795
6680
6938
3415
7215
6747
5721
4823
5307
3566
5467
5840
379
7030
7927
6140
2590
2037
4634
3465
1817
7642
7744
6895
1541
6187
4725
7034
3594
7441
3022
1791
7547
4744
2425
3828
7026
1648
3707
3269
7160
3943
5153
4146
7893
2942
7407
882
4037
3338
602
3444
78
1050
6563
6811
7141
3013
4877
902
4865
2252
5983
6476
6026
3778
2755
7083
186
5136
3837
1562
3797
2832
1992
3953
7796
4140
1542
4265
1880
2231
1995
3389
3624
7737
2209
4487
3835
7208
5841
7381
8105
354
7366
2393
3025
4672
7651
1107
730
439
5422
5815
383
4889
5678
2844
1742
7740
7600
1195
5317
8167
3340
133
3295
2295
6493
7481
705
3767
4171
4040
2259
6329
5784
913
5282
8097
5337
2638
7621
905
7788
3640
362
6450
3139
5961
3085
7035
4812
2544
5265
5147
4496
5360
1669
4145
1862
7010
721
7046
4177
2591
624
7290
3198
1062
3041
1767
4073
7087
4856
4920
2633
5710
7416
3939
331
7966
1920
7691
5603
3752
4035
2150
4746
3919
1996
4745
6678
5210
5558
5277
2009
357
7056
1436
656
5592
601
650
909
1635
1163
5598
4926
1698
3361
7640
1848
5627
1368
3420
2269
1337
38
5151
8184
5743
6862
7244
5633
2566
1192
6471
5130
6133
6179
7028
5373
1402
4460
3134
3317
5036
7320
5568
1902
6977
4685
3586
5445
1660
1173
7207
6987
6408
1985
6297
6125
3759
1832
6305
1248
770
7487
842
1676
4407
1177
2850
790
7460
4175
597
4301
903
959
475
682
5396
5332
455
2080
8053
1470
450
3018
5361
5320
7680
5491
5448
2140
4132
8189
7612
3428
7550
240
3641
2912
2152
7234
1735
6867
2836
6417
6715
4523
7015
3099
2294
1346
5954
1582
3120
4935
518
1037
7930
6442
6929
7384
1533
7303
7228
4714
3889
5230
3380
3071
4955
108
3266
6917
3662
856
5053
3381
7012
7819
4734
4225
4038
7018
893
7064
1678
797
7906
92
5704
4696
3884
335
687
2898
6280
7956
1836
6441
5441
3800
7939
6722
3160
8157
6037
3552
5842
2262
3583
7979
3070
3161
8113
1917
5025
1746
6041
2705
6673
5877
3611
3706
3844
1859
2514
3182
52
6373
3140
2640
4163
2842
1937
6676
6984
3039
2852
646
2446
8028
2597
306
2372
1936
7
1227
8159
6976
717
820
1423
2645
1843
4401
1358
6752
4997
4078
694
6504
6152
2463
900
4023
5903
380
589
7247
7112
3293
3784
3655
5528
8099
3541
5134
3111
4270
4756
1935
3948
3055
3854
4025
681
3996
2426
267
7449
6561
5516
1242
23
6231
1185
2653
6541
1971
7595
5623
7281
1594
3756
1967
3110
5541
3220
3264
7585
4197
3477
2619
1590
285
6171
4332
6990
6810
5578
4760
7375
5293
8001
31
7400
6219
3867
1210
2245
3387
7074
1002
4521
428
1124
5960
7424
1324
6465
7299
7626
2282
3431
6956
2838
2149
1677
3747
4790
1949
563
3546
471
980
4619
1014
5097
4164
6994
759
3155
2613
6053
6631
5982
2708
2502
2280
2584
7391
3682
1782
2518
7983
5288
7648
3699
1308
3043
5736
1280
6230
3702
7941
3503
3696
7399
3869
4046
1684
7312
6875
3262
788
6644
5942
3087
3437
5487
6744
815
1655
4048
6568
1523
7923
6102
5984
498
5716
4569
2432
2981
5339
2082
3136
7059
6162
6607
7533
1530
7953
4476
7479
4435
2596
2396
7230
799
1153
802
1624
7711
2930
824
6703
2919
2121
2250
3954
548
6054
1517
718
565
7081
3201
6322
3688
5672
2819
643
2128
5674
1725
1492
3609
5767
1866
5875
4012
3616
6864
5593
3177
6032
5458
7062
6906
6469
4280
200
1484
7202
2035
7797
7152
2075
1808
874
1019
5034
4847
1705
1216
7905
1231
7687
2455
5023
6824
1704
3816
2706
257
5104
4127
6536
7929
4542
141
3683
3186
3166
930
5232
4204
2409
4293
5735
3981
3931
1607
7317
847
1673
494
7498
2172
7875
3818
6567
1084
6467
4530
6460
8049
6753
2257
2485
5609
6808
6944
5914
1680
2792
5500
3302
4983
6257
7761
3076
7349
2938
3322
3190
1511
1067
7852
1463
2547
626
4921
7133
206
4573
197
2431
7268
6066
2466
579
4340
4488
8129
6981
7962
4506
2756
2971
5573
2925
3559
8072
2072
3601
5912
1086
5649
2817
3171
4795
591
4540
831
867
3351
3508
4173
2987
6381
4968
2191
5813
6732
2557
178
7564
6735
3995
5009
6653
6806
6115
1724
1962
5400
6194
5291
4419
703
1516
6308
358
7136
7084
2976
6888
2731
4498
2154
1418
5934
5251
4839
3346
3629
2011
4931
2077
3138
5719
6830
2095
793
5406
1032
904
6159
7803
3888
2020
2038
2462
3227
7439
678
2990
7276
2851
2946
3413
3859
7458
6586
5475
7641
3021
2034
215
3256
5377
5504
3132
8178
7749
7402
6320
5188
1945
4903
2247
213
5539
7701
7206
2457
6531
7728
4060
4727
128
7698
6572
5177
6723
7880
2805
6068
8150
5116
754
2004
5297
8020
6663
3386
7881
2118
971
5809
5182
6829
47
3450
881
7993
5967
578
5873
2306
2177
6542
3084
5346
1640
3570
964
5988
2754
4210
7558
2960
584
74
877
2763
6151
4499
3710
5481
25
7300
7811
4263
5509
7143
7002
8030
2664
1060
2374
3949
5351
3281
5117
4671
2539
6554
3480
5139
5124
6031
6621
40
2903
4605
2643
373
3271
4749
921
7461
2927
3027
5544
5930
6425
5705
1970
6286
4220
6430
6038
747
7889
4834
6488
6252
2445
4396
3094
2906
4333
8154
7236
4437
6904
1390
4319
5430
6787
2464
6300
1784
4937
5559
4222
6999
7049
3385
3581
4899
1860
6527
4281
2785
407
6632
3277
952
4232
1471
1908
6215
5621
155
6094
3311
1520
6284
7352
6052
167
1467
756
6229
7137
5860
6639
5195
4310
5196
1241
4600
6982
523
6212
4918
5540
5128
7302
3319
4444
1317
960
716
4982
3666
4364
5782
2711
6056
3467
7149
6983
1882
4339
3050
2936
5419
6919
445
4491
6524
2941
6840
3539
2823
2301
6869
5078
3717
3002
3049
3917
1083
6587
1344
6341
6765
5268
4008
7315
3106
3341
6464
2349
2714
2024
3672
3372
7568
3906
7154
6603
7022
2112
651
4377
4767
872
2116
3334
5127
7516
7295
7726
3133
840
7965
7470
8081
7851
3548
4247
4857
3678
3482
2171
535
5008
1051
3131
3129
3645
5313
5712
5111
6169
2298
1857
6448
1951
6303
3042
5785
4814
4894
4737
195
5661
3032
4128
4960
5281
6892
5902
3602
1932
800
7190
4700
3813
4312
666
6701
5514
6891
2665
4649
5989
7433
204
2276
8060
2204
2683
301
5749
7182
6672
3979
6444
3067
4577
5905
3172
6433
4379
7912
7821
253
6456
2814
4816
4076
937
5287
2615
6620
3
7828
5180
1434
5532
6718
796
7328
3095
1398
7707
3736
7986
6514
2534
4106
1238
2271
5611
791
2573
1631
1485
653
6213
6599
4803
1111
7019
3588
7714
957
20
2884
762
1120
4972
236
5654
7554
7068
1116
7357
6272
3938
1695
7473
3841
4185
1201
2614
2167
5996
3796
1870
7894
2570
5436
4943
4493
7766
4202
1518
3063
5520
6788
4166
5839
5331
1430
3158
126
7496
6893
1994
4425
1382
3442
1783
6137
7368
1088
6304
1295
2421
338
6916
5073
7579
4273
1603
1498
7478
7844
974
424
2521
1156
5493
5252
1465
4892
4765
7404
1252
7944
2794
1653
1779
5494
5181
1167
2825
2093
364
5316
5800
6295
1849
1331
1074
6379
4219
3745
3443
1851
5215
1556
7697
5427
1469
3765
1391
2931
6277
5563
3143
6434
1642
5853
1884
4677
4656
4269
6954
5574
598
1602
7080
6359
4986
6566
4941
7428
3573
6090
7057
7963
4651
817
7078
3942
282
3307
2097
5002
4596
3971
1737
3199
6535
6625
404
6595
1793
7467
3665
1867
8040
4612
724
1524
412
5617
1613
3323
3212
3635
7525
4574
4826
4256
4474
6150
3223
2363
6445
3932
3540
5132
7297
531
5693
4017
503
5030
6085
2415
1926
7708
7020
5285
6627
4026
3713
6447
5212
7437
3462
999
3060
590
3679
2687
2880
683
5634
864
4296
4150
1008
7116
2707
41
1315
4963
764
7500
9
5656
3544
5255
3001
5044
2517
6436
2471
3057
3236
4494
7804
6118
7947
848
378
6039
5076
3574
3950
8136
4570
4898
1320
6413
1415
3727
6614
7703
5461
6557
1428
5622
8182
3968
3771
6454
2519
2827
352
7513
516
3287
3375
1007
5431
353
2828
5642
4131
2144
2625
837
6964
5918
93
2151
3422
6506
5985
2835
6687
6509
1437
6260
3801
1012
4610
5272
4120
2618
2001
7835
4306
3403
4141
6569
1266
5741
2197
1553
3507
1682
2081
8130
1957
49
6748
7784
7061
4654
1715
3016
5080
1953
7482
4976
1503
640
57
425
6908
3020
4682
3848
7145
1003
6440
1487
3285
5718
6217
7165
3596
2234
3252
4907
2326
931
6640
819
2917
1850
1810
5913
5968
1363
6124
7812
7874
7791
6149
2834
3169
2141
6547
1179
2598
1754
1043
2620
8180
6073
119
1290
7609
5433
2762
8162
2691
4095
4751
4422
3628
4529
4874
2126
5438
5353
4303
2258
6690
8128
415
5489
8191
4047
2244
3975
7756
7719
4245
1168
6854
4133
4250
7373
1959
700
4775
830
1955
2201
8047
6721
2042
7992
2492
7772
989
7432
1531
473
7274
1454
4792
781
7522
160
8009
199
5302
4833
8177
4067
293
1686
3677
5966
8014
5476
7723
4381
7918
4116
5620
1789
7053
6743
7650
6138
2881
191
2632
7376
622
330
2156
8135
3331
4072
7021
3152
3618
1405
6199
1191
7305
3259
4408
1948
2876
5820
4393
1814
2323
2284
1699
8110
2459
1134
1379
2553
6412
5935
2523
4051
2173
950
1482
3454
4855
4186
3197
3852
1685
6106
606
6285
3305
4027
302
3516
5170
1844
319
2855
889
2131
3511
5580
6164
1500
4503
3509
5443
4581
2650
2339
7292
8042
2054
2920
4584
7686
6705
5600
6789
2313
777
4264
4806
217
6851
2500
5209
1396
6330
897
5932
5671
7499
6281
6374
6934
2237
109
6872
5753
5987
6991
3613
2970
7750
2729
17
416
258
2067
7705
4080
6247
6560
95
5312
7029
895
7567
2288
7561
1160
7902
6771
6843
3102
5379
6048
1595
7729
7879
5798
7635
2627
2380
1538
5156
1639
3239
115
1950
6923
1885
5613
1873
7469
86
6346
4735
679
329
5981
235
2056
5977
194
517
4640
7921
3363
5997
5826
7132
4796
3368
2524
1974
7220
7440
966
4286
8112
693
5651
3965
3638
5584
7203
203
3362
4608
1475
6453
7260
3092
4153
5383
954
2484
6654
5824
5233
1611
6113
1770
1627
6528
104
3251
2253
5571
6794
1058
3267
3775
3484
1126
6713
457
2086
462
2857
3288
7628
3899
5780
4465
4100
3598
5364
4454
2176
2604
1729
7782
402
3753
3748
870
2856
6712
3461
7724
1233
6512
2538
4117
629
1720
2070
2886
2603
1223
4472
7886
2094
441
5697
8026
303
5390
8016
3230
4365
3275
7900
6936
7597
6368
2200
4148
1176
4562
4382
4592
5612
3689
6520
316
3861
7863
487
3705
8025
5729
3412
2407
154
7186
6047
4583
6807
1999
1063
5357
3237
6360
7943
3416
4870
4951
4356
4200
3650
146
4616
3125
1749
6780
2074
2944
922
6481
3809
6040
6970
6299
4866
521
5191
1453
157
6497
6942
4278
6600
3015
3141
2959
6978
5744
4214
1022
7603
3178
6664
5000
4189
4980
6209
7350
1600
915
3157
5650
3263
7007
5750
6183
350
4190
2147
7777
5868
2438
2103
2439
4791
7830
6401
6250
343
3838
4481
1081
1609
6301
585
162
713
3530
1278
45
7926
7541
5973
3429
1123
4480
7245
314
1972
7243
3572
544
156
2727
5521
397
7706
6372
5788
7759
525
5933
813
1049
3464
1129
6458
4261
7935
7810
533
3878
325
5607
66
1933
822
6641
4810
499
94
6107
6135
1703
1108
4627
6805
7911
2781
4633
5112
81
490
731
4194
2346
1997
5397
292
2251
7140
4043
5338
368
4731
5825
4109
2837
1581
2810
2958
1114
7858
5144
2344
6259
4969
2818
2491
7539
6941
6967
540
7806
4136
1608
7448
298
2770
4224
2319
5309
1351
1316
3189
5681
7883
5561
4032
5022
657
2181
4292
4417
7429
3469
7343
1545
6351
4311
6558
1057
6544
6028
1414
2389
4066
5499
4137
6553
7089
1820
1018
4179
6826
4031
4369
3768
3819
1934
2760
70
2934
3244
5862
2594
2108
2408
5762
1813
6668
1874
1374
7262
2338
2465
4618
5055
5714
880
5342
1249
2406
708
3130
4249
4039
3513
1457
2682
2366
1427
4779
6153
1429
4053
3528
1864
3358
2434
1261
600
3409
6143
6296
2310
638
3734
906
7355
5326
5689
6779
4576
4842
4589
6256
4367
3206
6474
3066
4919
1245
1449
8125
1118
3579
6996
7121
3960
2358
2924
6778
1474
1267
5243
7581
3342
5547
4534
351
4922
4971
3930
2184
6487
7989
7319
5224
919
5724
2030
2361
7681
1237
4718
876
833
2010
1017
1444
8156
7263
2397
1025
6943
1042
3897
6342
1291
2672
2989
4099
2870
3815
7494
993
6697
1569
4999
3180
3826
3376
5446
5781
1734
3306
1833
8187
603
4987
7023
3283
1741
42
1701
5980
4287
981
8052
1710
675
2973
88
3148
1574
924
3823
4525
1764
4502
3036
6838
2332
1889
7654
6044
1714
5874
2316
6141
6762
6901
1146
5061
5193
6492
