2232
3672
1525
32
79
2209
1749
706
2117
3456
3361
1556
3938
1709
1176
522
2508
947
710
2896
2483
3359
116
1641
709
3077
3231
3043
3915
143
2918
1832
2289
1014
214
2320
164
948
2317
3510
237
2268
3562
4091
3375
2355
3532
3311
633
2187
3362
2897
958
3452
2244
1187
2222
2190
2362
942
4056
1249
1814
142
2092
3492
457
3478
3660
2434
1580
2334
2172
2422
659
91
2895
3055
2191
1981
3787
1775
3982
770
2887
69
2845
1307
1342
1098
3974
3199
2136
2057
218
1022
4054
4006
1750
3287
2741
3701
1355
3815
2629
4063
884
1382
1145
1628
2988
144
1466
2418
994
2839
2359
478
1062
2920
2012
1743
2940
3079
2951
2552
2025
3710
1173
3273
1492
4088
485
3893
3164
2620
3707
2982
2818
1092
1917
2142
4027
1630
634
2349
4016
424
8
3972
1736
3550
2855
184
2634
2223
2564
1198
411
862
2502
400
875
845
2087
2257
38
1957
3254
1217
2532
2193
3736
3186
3132
2911
1478
1252
3913
2506
1812
2854
2557
1025
713
3208
1399
685
100
2511
491
3316
2642
2227
1768
1083
2198
422
2501
3820
3326
2467
443
2772
63
855
3656
1948
3680
1054
205
2765
1239
2847
2055
1505
924
1134
546
3404
2929
3354
1792
3324
2458
1810
2255
3704
1686
905
576
600
2683
1266
2345
656
2185
1844
486
1555
3676
230
2622
3107
3598
682
370
1104
3366
2316
2700
2720
3008
1501
1706
1732
2038
282
2586
1771
2184
2884
1203
1807
1513
500
1603
2028
499
3616
3669
2647
661
2628
753
601
3367
3572
3744
3766
3463
510
644
417
2123
1445
2134
3731
2465
2301
2144
3720
2755
604
787
1038
860
1806
1715
3911
1804
2714
2259
3700
1958
84
1598
2813
1652
3686
3603
425
2214
3786
339
1562
3219
1847
98
3467
832
1100
691
364
3282
3145
103
1313
3765
3131
3589
3831
3693
2411
2722
3370
1920
1094
413
2665
2372
2756
605
1673
2402
319
3037
1529
2417
1149
1170
35
326
1061
1668
856
1365
158
131
3014
667
33
754
3774
800
836
842
315
1733
1726
3526
3663
1095
2528
2865
220
2454
2736
798
3865
3976
3919
2805
890
2777
1328
3962
3485
1449
834
1926
3679
3547
3814
1637
3435
960
4012
2113
1336
232
864
1050
1522
1921
10
2882
1669
1139
3148
1024
1891
4061
3234
1780
3085
3824
3487
324
1937
3278
2475
557
567
3250
1057
939
1372
613
1868
1428
377
2954
1820
1461
1309
973
3205
179
3839
3327
30
4025
3303
1587
260
291
3666
765
1331
814
1994
1526
1751
154
3601
1828
1184
2139
2942
1946
2379
1516
3702
630
1378
3117
1257
1859
2346
12
3509
2906
345
1316
3714
286
3113
3196
18
4039
2550
2981
2436
1290
2408
307
1238
1107
3190
1617
4067
152
2204
475
2841
2299
1117
1632
2625
1007
1648
480
3674
3890
242
460
2581
666
1980
1009
1037
2463
3448
3997
3960
899
1667
2535
7
2124
4059
3447
1689
1362
2716
532
240
2476
3873
2749
2548
2672
2585
3586
3450
1118
147
3018
3892
1928
2300
2543
2780
3845
289
1923
2738
1113
818
206
628
1368
2407
904
169
609
2107
1584
3721
941
3068
1219
570
2016
3443
3519
1455
1506
3065
1688
2183
1380
258
951
1890
3501
2838
2984
1384
1553
3515
3402
2864
3376
3111
250
3544
3716
857
3981
1567
742
1537
3942
3013
3388
271
1561
988
2199
458
474
2786
1896
4096
564
3863
2358
3363
1429
3313
2798
3583
3321
2830
393
658
20
927
3457
101
1858
4079
2592
3497
1497
2079
1735
3266
804
696
954
517
3995
2698
1756
185
296
971
675
3002
751
341
3809
1867
3643
1624
1103
1247
3477
922
3636
748
3272
1901
361
826
816
3090
346
3635
2941
1959
1135
3604
3561
3537
3418
833
3024
3934
715
3866
589
3365
829
2914
1762
3896
726
3507
1469
1240
2049
990
735
3699
3932
261
2842
1287
1909
914
1055
1566
246
3860
3064
1165
3207
3740
3751
432
438
3530
1281
3301
2469
3395
3235
476
2456
335
653
1041
3428
1498
2871
1835
2462
3922
2010
248
1147
1086
1214
3921
126
1142
2470
2536
1845
1727
1029
2356
528
2145
1253
1685
259
3508
2831
1764
213
4082
80
186
1178
2631
2075
687
1058
1169
2262
2938
1531
3114
3096
3172
3228
1614
588
2512
515
1644
441
1532
972
1869
2141
3248
3745
1722
2748
1710
694
429
1568
778
1542
1583
3253
3483
3840
1987
356
2702
992
830
3718
1853
2504
1035
256
48
1842
3179
3007
2370
3323
68
636
497
1953
1569
3130
844
3411
2253
1463
681
1702
1625
662
390
2559
1351
2095
1063
1400
3803
3001
88
3181
807
2169
1718
3305
1635
1720
3546
657
2641
2074
2621
3503
1124
1000
1467
1840
3430
2601
2459
3044
1366
1334
1517
190
1008
3241
3270
610
1938
2848
2066
2426
3080
1640
1131
3060
3440
3342
2680
3969
3160
2398
1536
3763
1318
170
416
3640
2520
194
3722
2883
1765
1305
3455
1182
1271
3797
317
1268
3743
2445
3054
2577
794
526
280
2441
2099
304
3057
1611
2753
138
332
1080
1888
448
1289
2527
76
572
2643
3696
3783
3386
3101
652
1629
4015
549
1809
933
1839
1626
882
3523
3810
449
1381
1109
2485
1091
2652
2390
2774
2282
3708
1983
2815
531
1192
272
3713
1643
1475
2225
1954
2181
2023
4009
204
2675
3907
161
1559
573
447
3259
3807
3180
1904
150
1345
1700
2617
1824
117
1195
1897
2614
909
1233
3046
3100
482
2283
2429
2247
4004
859
2986
1818
219
1887
2487
1574
3091
180
118
901
2186
504
3384
1997
1453
4036
1974
62
3727
1440
819
337
3659
4094
1782
4071
467
3853
3606
2659
2403
3
1593
2881
1992
3885
932
2077
357
746
2229
4064
274
1852
264
2912
995
1297
2150
3612
3380
1177
3004
3768
2561
2664
4022
1144
353
1772
1225
2041
3762
3281
3332
3470
3141
3050
3991
2118
3971
3394
267
1341
3242
2832
189
3049
2195
912
3432
1716
714
3433
3472
1936
2461
1090
1452
1422
1209
919
837
2178
3203
3596
3187
3329
2745
3387
3655
3653
2258
2331
733
1357
1017
1427
2309
2752
3265
1245
782
454
3657
50
2975
3429
3147
3784
2350
3994
2910
2029
1200
2551
409
2953
3185
946
4045
3625
1752
3758
4003
2170
1693
1608
2054
86
4055
2644
1143
1557
3461
287
1208
1470
3289
817
1443
44
708
2281
1338
2829
348
270
812
1769
3431
228
2071
2084
1708
767
769
3856
263
2898
4011
3689
2269
54
3490
513
2430
539
2324
2494
2219
3306
1394
3110
2216
2318
95
198
3336
2050
3661
2597
2410
1905
3571
543
1682
1010
1914
298
3202
1507
2965
3879
2171
2162
120
3534
171
3794
128
3590
3698
1228
693
809
279
3575
1872
1250
3459
784
2861
2824
540
2211
1
3864
1951
4024
547
594
2344
2447
950
2703
2101
1310
792
245
3389
2584
241
4032
2157
2693
1132
1935
977
2828
1404
1789
303
1119
1243
99
1864
699
2529
2242
2967
3800
805
1197
3439
1476
1323
2482
3125
285
4068
3943
452
1763
1590
19
3424
2435
2173
3928
1898
2656
316
1634
2979
122
2498
3959
3584
1230
887
3083
1206
2503
2086
29
3916
3444
1126
2792
1737
1543
3246
3906
3717
1596
2966
1697
2611
1609
1304
1552
3567
3748
2602
3836
1646
2153
590
822
2076
1560
1916
2451
1871
2129
3372
3773
329
1168
487
3806
34
2166
827
1226
1136
201
1127
3200
2030
790
1616
3063
730
3504
1152
3650
1591
3802
1190
1558
3781
4066
1332
1410
3945
1314
1565
3730
362
638
1773
704
2307
3582
3999
276
2288
2192
2901
3184
3438
3405
568
626
1480
1570
2997
3703
865
166
1519
976
392
3352
2357
1456
961
358
1639
2799
975
2091
519
1564
2499
931
3767
2337
911
2014
615
3566
2333
107
2963
175
3925
701
1460
2377
2155
3119
1500
3344
895
3358
2213
2980
496
1346
1150
2807
514
1279
759
2163
2946
3041
3805
3917
3446
1157
3240
3498
222
2868
591
292
2715
2472
1813
3040
1065
2489
3858
418
512
3135
596
3408
254
444
579
3217
1512
3985
2037
4076
611
2128
207
102
3349
1899
1439
2164
534
1076
1248
2453
302
2220
412
3998
2040
196
1360
366
1982
2856
756
4080
949
3823
2658
619
788
2067
3337
3069
2730
2996
3555
459
2764
275
3128
391
2939
1856
464
495
3500
763
3988
886
2707
2241
3739
3169
2610
2339
435
3719
4046
4008
3058
1096
598
555
3258
3194
806
1370
3514
2104
3628
113
1988
2230
437
363
3255
3066
3322
1082
2264
1075
2235
2760
1745
239
1919
208
2200
1730
1220
1163
900
1395
569
97
650
3053
3176
1790
105
2240
3564
979
1354
1457
3382
381
1691
3792
1049
1232
2260
1671
2945
4037
3260
3876
1977
3769
1286
3903
1283
2525
106
4084
2394
82
3755
1508
1155
1426
3732
2061
1386
1264
11
2960
2202
1850
2051
3218
3780
3351
401
1627
373
445
2992
1676
2089
2042
1755
841
2944
1018
2205
3097
14
3600
3552
2806
1406
3868
985
2877
2425
766
244
1631
182
1903
907
3846
1477
2558
2444
1179
2666
1601
561
1754
2886
3770
115
55
3159
2460
906
2188
2739
17
1363
3005
3541
3108
3729
3711
3775
1330
1194
2957
2706
2097
157
585
2888
153
1141
4070
2515
1589
2442
3944
343
3385
758
2837
571
2490
2858
3491
2613
3918
1585
1794
2852
2936
1353
278
3393
1015
612
1579
2712
36
970
1642
1993
2913
2245
2880
2491
3624
606
172
724
1479
2751
3222
608
389
3262
3843
1822
2924
3725
306
2797
1881
683
1865
2857
3061
1911
2137
2341
2870
2001
2961
525
1371
3632
3830
1788
268
2311
665
2351
808
1424
2006
1605
2068
1699
3127
527
1227
1514
1690
132
1171
1991
3353
2817
3364
3348
360
1215
3737
1272
2116
2823
2572
625
4081
2737
1883
3871
2053
956
1349
2926
3230
1256
2105
3191
3977
2328
2609
1030
3274
24
774
2834
3993
352
3229
962
42
3947
1944
1078
3570
3285
2776
3298
2746
3642
1261
2146
2388
1306
3102
1447
4089
852
1433
1285
3436
503
2060
3360
1681
3937
1931
3251
2315
595
2724
523
1265
3496
999
2523
1066
1383
673
43
1468
163
342
3599
2750
1717
3817
640
697
394
580
3249
2710
439
2673
3963
3728
1435
3788
869
981
1379
1878
428
4000
2596
3825
2088
616
136
1361
935
1329
2725
621
191
2165
940
2699
1391
1148
3608
2701
266
3396
2816
1659
2266
835
3540
177
3652
308
1990
1084
58
871
509
3899
3070
3238
3038
212
2973
3434
1798
167
793
2589
2952
1356
1662
637
1446
541
627
3293
2630
1808
2916
1650
1299
1077
2867
3331
740
1246
1364
2149
173
2991
3980
3122
676
2546
1972
3688
3549
3003
1105
1779
2034
2727
2159
3095
2513
1255
544
3525
3226
3529
2661
3045
2575
1504
672
3144
2392
873
3933
1653
2522
1472
1770
3493
351
2368
671
2287
1462
3188
25
1051
3818
1549
2004
4001
2812
1613
1133
4073
902
3522
3855
4010
3051
1721
1344
3416
3084
453
3201
3789
3587
3029
1367
3042
3410
2607
2648
159
1288
78
3665
1538
1045
1474
2808
2294
2330
734
4018
4017
1943
114
3801
4074
2574
3275
197
916
3451
3551
372
3377
3795
442
1236
2405
3025
3734
978
3165
375
3319
3341
647
3137
2176
2059
1183
1251
700
2020
1815
1016
233
2859
1085
1270
3149
1123
3481
2237
1044
1352
71
831
2252
2719
3223
1191
2047
3471
2332
825
2492
1471
1610
2796
2604
3705
684
1490
3886
3264
2740
885
1866
405
3263
4092
1851
1502
1975
1138
2935
3236
469
3120
3811
46
2747
2542
3812
1337
2646
2732
2112
2612
3059
199
3104
820
489
1411
1321
737
2915
2322
2623
211
59
2568
1417
1121
3610
1491
368
2835
1120
3280
1622
2933
1073
1019
145
1413
1001
3171
350
639
1900
3772
1223
3468
1663
668
3197
74
2438
414
559
3279
2414
2446
1875
51
1978
823
1059
380
2110
1079
2133
155
2027
2802
755
910
3620
3602
3822
4041
2785
243
1912
4060
2999
3157
1873
2421
3221
2109
1199
3678
47
344
649
3644
2518
410
1425
3383
1039
1172
861
3286
3379
2122
1275
752
3317
1448
1060
974
707
1784
2102
686
3460
112
4034
1546
1274
1825
1202
1758
3884
2081
537
4023
3369
310
1263
3613
431
379
2468
2406
1509
3648
1280
383
408
920
516
955
712
3023
1002
4062
3403
1164
894
9
934
3548
2943
984
731
2822
225
674
1292
736
1267
3099
722
502
1473
2064
269
1101
839
28
1043
2175
1231
3400
542
2514
174
273
1260
2674
1701
508
2569
3155
929
2790
1464
3126
930
1910
566
2530
21
3056
762
3576
2950
3841
982
1963
2399
3862
2347
3902
3170
2547
2744
2560
1955
2800
3267
3776
3524
705
1296
3247
60
92
3645
2833
664
3150
2766
1414
1237
2296
1162
66
987
945
3211
2654
2019
903
1040
2085
3749
2820
3419
2873
1156
451
2127
252
581
434
3086
2762
2336
1541
1527
1759
1125
1734
3115
2844
3954
1012
2616
65
2619
455
2103
3685
1013
670
2466
436
2978
1153
1027
1530
3563
2473
277
235
545
2663
553
2167
968
1487
3421
969
2070
1654
338
3290
2432
943
1939
137
651
461
2662
2457
3894
3677
1186
1003
1540
3118
2367
1374
3687
3371
2340
1894
3984
641
908
3294
3401
3931
1146
853
168
695
2726
3905
484
2179
3182
2464
1128
1796
1459
3987
1432
1748
1934
738
2352
2005
1376
1167
1326
3757
2688
2505
40
2015
471
3796
2381
2793
2078
2046
1319
2566
1484
347
2031
2686
3889
2094
1945
2279
747
599
2427
2065
3634
247
1783
1390
1597
2228
2905
470
1216
2423
2477
2383
2321
331
4093
2329
1836
2354
783
716
3346
1291
3214
851
3417
374
1802
1207
1741
1317
1776
3901
803
739
602
3651
1174
1884
2073
3861
1488
889
1520
2156
1111
3953
3593
3752
3826
3808
2791
3129
3465
2082
2904
1108
96
1595
698
1181
5
323
1996
4085
1714
336
2272
1968
1154
3535
109
2391
4052
2932
183
2606
2353
4049
2875
1189
238
3607
1606
334
3649
3469
420
1846
1908
3621
879
3850
3819
2246
2959
966
124
3694
3912
404
85
139
3538
1623
3015
2677
2539
2533
1122
3585
3967
1011
3016
2413
2384
3484
3189
1615
2923
3441
2578
2130
2486
2265
1729
3356
2212
2343
1489
3927
867
231
1665
1892
2160
419
719
1563
952
2305
2763
1781
2862
3177
1573
4047
1511
3308
3244
1592
3486
1753
1588
3413
1064
749
1495
2120
3415
3939
813
3216
236
3895
2197
632
2541
1523
3609
3658
203
1831
3143
702
1575
3453
3026
785
1303
2704
779
49
2008
1548
4033
2713
3559
891
200
3956
355
294
801
2691
2474
575
1454
314
1695
1046
2443
1698
2788
563
1388
2781
3106
2013
1405
1664
2930
1034
1550
2290
2638
3872
3554
2925
2420
964
2431
3109
3464
587
3618
1430
4026
4087
4053
723
1703
223
565
2363
3381
2376
1074
2249
3513
2917
3594
2182
4083
2758
1213
479
3764
1276
284
210
333
1578
3936
1725
2637
3161
797
2866
2206
3867
2908
340
1604
2026
1661
221
2452
3409
3378
2121
876
2809
2375
3479
764
1797
791
1234
2385
771
959
1097
3269
780
1535
1638
1158
2922
1918
828
2851
2537
1854
2158
692
3355
1819
2660
3735
2655
2927
426
849
2958
1392
3480
3473
2509
2767
1431
3442
1800
2869
215
3828
397
574
729
3256
1801
1524
2298
3888
3626
1423
3926
2545
607
1838
2416
520
1343
2365
2538
4086
2196
2782
2471
3706
3412
1373
1998
2976
3654
1521
104
1647
3168
262
642
2189
1130
1393
2479
870
492
2775
2900
3347
3506
1795
2415
3870
2488
2787
407
328
1581
3950
3946
2540
2909
1112
2497
1602
2152
3309
1441
2956
493
1533
921
2371
3076
2972
799
1947
2653
2770
843
2507
3667
2313
3239
3343
1761
2090
3951
81
3978
2111
1620
3398
1348
1070
3333
2600
2419
530
3318
3683
3940
1713
3793
2826
1728
2690
3462
3887
1984
1849
1660
2618
578
94
1933
3520
3426
216
297
1674
2450
1857
1242
2684
2480
2455
2717
1655
3929
1269
162
1929
1657
631
3268
3682
868
3691
1966
2711
3558
108
3869
2553
2273
743
387
3206
660
3958
3941
2836
3909
1056
2583
90
551
2962
760
1053
3284
1712
1048
597
3232
2639
3425
1115
536
1023
121
936
288
1829
582
3243
2236
2009
1666
2576
494
2366
3006
3964
2573
52
2549
2125
359
3898
406
2689
402
2970
3842
1298
2670
2556
1915
3052
365
1704
2968
1294
721
957
188
3195
1882
3955
3581
1817
3875
2234
3414
3837
3747
1099
741
3292
1823
3175
3512
646
415
1863
1335
518
1719
560
3310
4044
2635
64
2140
1451
1848
3213
1052
3804
1576
1886
2194
926
1961
1397
3224
3849
3545
1677
2395
3615
192
3662
2448
1161
617
2987
2590
4065
3502
3105
2033
2579
2002
789
3093
1805
2580
2093
3641
3406
93
2571
2440
1889
533
2757
1421
592
3935
2696
1683
3753
2825
4057
4077
2678
3557
1210
535
2303
3454
3261
655
2256
3859
3089
1205
193
3012
2437
1707
1577
3123
3542
2000
2627
3790
1262
2072
2495
13
2271
4028
2955
2919
1339
3881
2885
556
178
4002
2519
1791
1989
1924
3816
4019
1962
2035
3031
2695
3835
3138
2043
1088
1221
3614
4030
3156
993
2045
3968
1020
3531
1670
2640
2224
3193
1778
1940
3314
2819
234
963
3209
1551
1420
1952
3637
3304
3517
1684
3103
1465
986
2657
2058
430
2889
3215
622
2595
226
1278
2161
3081
3204
2892
1235
521
2993
3073
4042
1744
3695
3664
2270
538
1211
3539
2632
2863
3754
119
1985
1927
2428
37
423
1554
2998
4069
1885
300
57
1140
2651
312
2044
1913
1907
866
623
2718
3330
1742
2891
1444
2254
3283
3146
2285
2636
149
2276
3307
3760
2024
257
4005
3036
2100
1964
1941
3495
2605
3791
1956
3891
367
1434
643
378
1069
1618
768
1151
2567
224
463
796
2531
89
1201
4020
2154
2759
3746
1999
2734
3880
2679
1692
3759
456
1450
3518
3521
3821
2681
156
2902
1180
1976
635
1485
2733
3597
3166
1114
127
1358
151
2207
3778
2323
1678
2937
1731
3390
2990
1375
2374
2667
2280
1658
2735
3813
53
3838
1458
1129
511
2215
3420
1482
3334
2017
249
1949
309
3750
2983
1106
160
2849
720
2974
1746
2243
3726
3771
2626
2599
3724
624
2231
1649
2032
3252
781
1222
2278
3829
3897
1876
620
3162
4043
1396
4090
874
1401
3174
2526
3742
2582
3904
2312
3000
3761
3965
1412
1327
129
2069
1738
2108
2052
1483
4075
3851
3116
1902
629
2063
2478
1510
1967
3302
1369
584
83
26
3528
1645
2697
2971
2850
1895
1518
2947
3948
3568
1874
2534
1694
290
2594
1843
2562
202
450
603
61
2608
2484
2784
3741
3088
4095
3692
3300
1545
1093
505
396
1300
897
877
3167
3476
2994
3466
427
2708
305
3328
1503
3827
446
3427
878
4072
846
140
663
2138
2907
1308
2694
301
251
2147
2306
75
376
1942
965
2400
3271
3930
2840
1259
3785
473
2233
3882
562
2977
3121
1137
1212
3183
2325
2931
3392
1021
3350
2874
3966
3675
1026
398
2248
134
3877
1499
1116
2794
991
997
2310
577
1347
1004
718
689
3020
3690
3295
1385
1986
3198
3709
507
558
468
1965
1607
679
2899
3033
1711
15
1389
2404
3237
2969
678
3712
3908
2768
2743
2304
1377
3212
3153
1102
618
3233
893
2872
1005
3857
2843
388
483
3078
3924
371
369
3900
385
1071
2302
2338
3124
2624
2011
688
3374
3833
3019
3276
3499
227
840
2591
187
195
130
295
3647
3136
2036
2742
1757
1572
2894
2810
2297
3619
2934
4029
3874
824
3673
3975
967
3847
881
3970
125
1950
2803
1833
488
1877
3112
3488
321
863
1224
1515
1311
2723
1033
3072
1932
1696
395
3798
761
3782
2201
2493
3021
1930
2275
1786
1777
777
1204
2903
3556
1837
490
1675
181
3475
711
2948
3154
1273
141
3134
2563
1571
669
2500
2709
2814
481
2588
2397
2964
4048
2671
3140
1254
3152
810
554
1767
2174
3920
2267
3577
1028
2208
2439
3345
1636
772
1547
1006
4007
2860
2721
3178
3082
4051
1870
925
2921
3445
3474
433
330
1081
3605
3629
1350
2314
3923
3633
2369
3832
2003
1528
1320
3949
3799
2238
31
802
2516
3553
3035
2603
2645
3756
283
2098
3511
888
2292
3009
3973
586
1188
3151
1387
2773
944
838
1826
3071
3227
41
2593
382
4031
2308
39
3357
872
2393
3592
148
2364
2007
111
1651
1418
1612
1072
1539
253
146
2555
1594
2106
2277
3536
2685
2995
2668
4040
3017
2846
73
3684
2705
3681
854
386
3914
3075
848
1159
27
1893
1740
2326
3339
2080
3573
2291
996
3315
67
217
293
2319
1803
1333
1496
3074
3245
1582
3638
614
2481
2056
265
1827
880
1218
318
2361
3257
3048
3505
1312
1862
1793
1047
3325
1855
2180
3494
465
847
953
45
4014
501
2669
2
2811
2119
1774
732
1416
1408
462
2729
3437
2565
1841
2387
229
325
2226
3646
1241
1244
2286
4021
3028
56
384
1880
1089
3627
1633
3407
989
2251
645
1436
2039
1787
4035
3986
123
703
1407
2378
3011
1258
2587
1486
3139
3957
3291
3373
811
3030
1766
1277
2221
1969
2517
3368
22
918
3087
1739
4058
2396
3399
3992
3611
1799
1621
2239
2424
3578
1971
773
3423
2335
3027
2879
2789
1437
2804
913
3617
2327
2989
744
1493
583
3631
320
2386
299
1302
2433
4078
937
354
2682
16
745
1110
548
3983
923
2801
176
421
3032
23
3094
3449
1834
786
915
3738
1032
1922
1284
472
3952
2250
1403
2126
4038
2284
2761
3158
1481
255
821
403
1087
3579
1534
1359
3668
1160
1340
1995
3338
1680
3878
1315
1544
3422
1672
2692
2148
2783
3979
776
3062
3543
896
2524
775
1166
440
1409
3777
1656
1705
1185
2132
1830
3565
2382
3848
2731
2985
1724
3990
3288
1861
1438
725
3340
1760
795
466
2821
2893
552
135
928
2676
2890
850
2795
3910
983
3277
3173
2348
2876
2554
2728
3560
311
3516
3299
3670
1068
1419
498
2261
3623
3391
3883
883
2217
1301
1679
2570
2928
3630
1293
2779
2650
1031
3034
727
2083
1785
3225
1723
1322
3220
2021
165
3335
72
2022
757
3569
1906
898
892
2096
3297
2135
2114
2218
399
1196
4050
3022
3697
3210
3574
1960
654
2649
322
2633
717
3133
858
2168
6
728
4
3854
1442
1816
87
3142
3852
938
529
1036
2263
2274
3010
1325
3961
209
2449
1193
2769
281
3588
648
1295
1925
3312
3715
3996
3533
1324
327
3595
70
690
349
750
3671
2827
1599
1973
2496
2598
1879
2177
1619
3723
3296
2687
3397
313
2131
1175
2062
1402
2544
3458
3834
3591
3489
2342
2853
1415
2143
110
2754
1860
133
1042
3527
506
1600
2615
998
2412
2373
2293
3092
3047
2409
3039
3192
3580
1398
3098
2771
2878
680
1747
477
1494
2778
3482
2380
1229
524
1970
2210
77
980
1067
2360
2949
2401
550
1811
1282
2151
3639
1586
677
593
3779
2521
2389
2510
815
2203
3844
2048
2115
3733
2295
917
1979
2018
1821
3989
3622
3163
3067
1687
3320
4013
