668
974
535
226
269
273
769
453
581
897
219
41
319
235
64
698
50
316
205
279
177
669
75
662
249
610
591
243
71
569
624
182
320
734
217
148
735
1016
312
615
665
331
65
175
786
555
124
59
805
232
166
723
608
458
506
742
614
540
873
336
774
831
153
286
213
515
813
52
40
736
456
1019
28
654
962
637
643
387
836
893
924
683
582
196
477
882
670
49
651
501
574
766
973
436
867
807
255
586
960
704
414
400
87
956
275
1024
513
744
261
37
928
234
459
934
207
362
457
737
230
294
382
451
539
12
468
429
854
420
1001
348
258
484
633
308
1006
869
603
373
89
282
168
677
852
548
779
250
454
566
801
194
899
629
857
138
4
169
722
815
299
125
920
689
244
55
86
673
607
317
248
466
342
200
584
951
738
22
408
649
858
913
178
979
944
103
642
461
396
455
121
700
750
405
131
332
914
129
902
389
764
7
494
471
1005
293
215
392
96
337
781
410
1013
860
703
245
386
856
423
743
773
523
483
474
719
80
338
359
557
93
123
931
789
844
551
688
479
840
134
500
265
817
627
804
745
810
717
644
426
310
816
497
251
957
530
160
176
682
16
757
36
675
715
208
770
427
30
832
741
402
567
139
556
56
304
850
802
45
986
868
761
180
687
403
830
54
543
650
686
721
447
91
693
772
666
701
1020
1022
927
314
397
190
878
712
622
706
917
925
699
165
411
398
870
932
147
991
340
503
626
833
142
464
509
130
806
416
667
943
911
747
524
996
796
820
159
862
18
95
849
313
898
197
588
793
84
383
3
100
702
202
977
795
157
631
473
430
1017
788
570
267
879
355
970
8
34
227
92
155
942
885
671
826
491
915
646
170
401
768
88
641
636
751
384
290
585
330
370
763
711
163
784
596
385
90
846
929
309
462
184
143
145
315
106
128
756
983
883
782
708
638
728
971
664
11
597
612
592
594
601
14
181
999
758
794
266
156
705
525
76
441
105
640
916
891
78
136
519
135
415
949
538
118
759
716
864
344
976
47
97
577
203
300
800
347
618
424
112
281
560
785
391
923
42
298
681
327
613
236
945
558
841
229
113
172
210
372
388
361
191
406
98
771
231
1023
351
322
15
94
948
339
222
212
1004
498
61
206
487
488
262
221
440
845
353
731
676
890
264
892
209
564
521
798
115
469
825
1010
930
77
114
465
44
975
600
753
433
295
183
679
595
921
201
17
179
561
82
1015
46
696
380
966
872
324
10
256
762
900
906
837
192
853
797
926
792
133
193
512
439
341
352
672
254
132
432
32
285
237
490
835
834
223
122
260
407
987
725
910
623
546
189
68
907
593
62
808
617
333
777
619
778
533
984
888
247
6
476
729
839
126
963
335
990
277
783
323
404
318
57
674
659
48
375
652
691
481
38
749
940
981
733
364
827
775
799
257
211
861
450
438
908
993
946
583
740
496
345
2
918
307
171
334
531
602
843
964
547
989
358
495
246
81
1014
645
173
13
20
442
140
1007
630
998
445
904
276
24
422
950
955
241
349
144
504
1002
656
5
544
884
658
606
522
508
953
947
53
895
727
855
866
58
259
952
66
489
137
625
435
634
576
1003
526
755
343
765
252
367
935
886
475
520
164
110
69
478
537
83
684
151
274
542
268
994
493
505
417
518
117
587
9
685
356
109
297
726
517
534
812
553
284
127
648
460
563
632
549
575
374
968
933
220
724
988
369
288
823
303
448
73
253
580
901
754
680
329
43
529
371
502
562
216
228
692
1009
480
992
678
938
965
565
663
657
325
730
399
350
233
985
842
394
354
1000
150
79
472
499
381
635
270
485
876
790
306
829
146
739
225
26
418
847
35
903
425
568
752
579
23
199
896
819
824
776
859
39
639
366
283
541
787
188
70
161
280
174
104
470
152
527
881
240
185
242
718
101
357
821
599
961
1011
969
119
814
72
346
158
395
997
111
710
292
120
419
376
507
937
278
368
204
271
707
218
767
452
511
865
978
655
545
559
29
195
880
982
598
919
74
980
162
828
748
305
326
437
116
311
108
863
214
449
939
874
272
905
620
224
60
149
528
365
732
421
536
428
328
995
360
609
887
621
760
443
239
1008
628
954
552
444
661
1012
25
21
941
393
909
578
363
709
912
289
877
514
102
377
822
446
390
238
811
463
695
572
482
959
714
167
321
1
492
936
611
99
413
818
19
554
51
809
27
63
302
604
616
697
803
431
889
434
713
291
379
412
67
85
958
510
972
967
467
590
871
573
301
532
141
550
690
780
486
647
875
107
746
605
571
851
198
660
187
720
263
848
922
296
894
287
31
589
516
33
694
838
154
409
1021
186
1018
653
378
791
