283
115
364
88
476
67
30
381
488
39
376
192
93
27
235
347
50
1
169
333
225
128
183
378
268
234
462
90
172
287
161
221
307
68
78
153
239
351
4
196
244
442
331
304
9
401
29
222
469
229
305
48
122
480
456
501
145
500
492
213
92
410
344
96
356
443
136
363
64
276
91
143
5
271
240
237
291
357
101
247
457
129
178
269
466
336
266
325
163
165
467
299
420
448
85
10
390
482
112
471
386
296
431
199
176
100
295
37
14
18
253
123
427
373
447
38
254
81
478
132
205
395
301
323
152
479
406
498
70
189
71
173
45
303
69
216
417
506
380
321
461
25
383
453
278
56
155
332
15
392
236
509
260
53
280
290
105
107
89
245
338
223
11
397
139
370
264
474
285
507
316
318
127
99
2
210
167
273
389
79
371
214
490
361
41
22
166
441
412
460
60
495
175
463
314
34
449
46
217
446
63
228
203
340
423
159
208
154
250
342
233
51
411
54
255
209
418
451
391
149
179
106
270
212
195
61
445
484
86
327
94
174
334
394
224
227
426
428
489
496
421
400
416
201
511
487
372
377
324
3
32
76
465
124
415
346
110
313
151
230
408
17
424
452
300
23
405
388
393
477
330
444
475
26
181
289
497
232
12
197
186
20
252
341
355
16
73
114
358
354
243
310
82
188
286
419
125
404
187
387
317
359
302
369
118
481
204
429
407
298
120
275
131
432
241
194
24
352
422
42
249
211
75
337
402
339
470
97
31
438
505
141
138
272
109
133
309
262
7
292
119
43
502
113
134
320
396
83
366
65
13
329
258
40
202
156
297
485
259
348
473
177
403
33
414
147
439
157
47
425
294
499
409
472
440
80
345
282
8
486
450
288
458
512
215
77
135
437
160
171
21
58
108
49
87
434
491
267
257
168
374
368
126
62
231
335
55
200
350
256
326
379
398
464
193
459
251
140
508
6
52
384
238
308
72
343
84
206
116
413
44
265
454
435
284
367
164
322
74
66
430
103
281
190
328
142
263
510
182
504
353
144
503
102
483
98
198
382
111
279
493
36
436
360
19
349
365
185
28
362
455
150
59
220
399
158
170
137
375
57
146
130
117
95
433
306
319
121
246
219
104
494
293
312
248
277
162
468
191
315
148
385
207
226
261
35
184
242
274
218
311
180
