177
452
382
234
329
496
36
273
426
140
42
206
54
434
252
195
82
250
139
12
223
483
291
15
53
188
430
247
95
353
219
96
149
132
290
3
394
485
123
472
119
360
349
286
334
107
293
71
224
118
228
458
419
5
101
231
92
93
272
38
182
242
115
65
256
338
393
327
459
473
154
103
504
151
106
270
474
278
232
64
443
470
142
66
316
405
369
489
400
116
446
284
162
70
59
455
43
325
463
482
211
428
86
431
410
433
104
308
191
91
328
403
11
205
238
39
200
309
208
491
173
136
61
268
425
90
183
269
157
323
488
145
255
214
159
343
339
365
408
171
281
161
120
98
207
10
113
56
100
359
198
289
222
467
415
213
126
209
14
215
141
122
35
204
345
259
432
487
146
6
163
203
453
439
362
164
466
507
303
260
461
510
280
127
22
178
307
298
37
220
287
216
24
212
76
381
494
197
227
46
251
230
454
125
23
324
25
57
352
296
26
383
471
477
69
317
404
380
427
193
85
385
294
442
28
478
84
138
416
189
495
506
435
72
102
89
375
17
492
310
337
392
424
447
322
445
299
261
346
386
377
481
321
170
389
245
501
74
414
152
497
395
258
391
314
75
388
45
370
315
378
166
301
350
108
1
357
172
79
319
275
469
165
130
117
244
218
271
276
143
333
341
330
503
121
411
217
340
448
336
440
47
493
137
257
105
233
355
63
312
229
401
302
437
499
4
451
83
396
363
50
267
2
320
502
374
34
110
180
175
80
248
292
356
332
19
88
40
18
81
237
480
331
51
358
174
413
27
155
398
282
505
462
236
9
367
418
361
397
266
16
318
368
55
288
111
158
128
7
99
379
402
508
348
366
73
476
49
62
407
500
226
384
264
417
241
484
187
20
186
326
295
144
509
8
475
265
373
67
420
176
409
201
429
249
441
444
371
297
196
422
147
436
490
450
364
112
235
511
202
460
78
246
199
58
347
97
351
194
134
41
13
150
168
181
274
29
412
156
254
31
449
210
498
153
135
190
94
52
344
438
114
479
335
465
263
486
512
240
253
148
179
354
68
192
390
77
464
60
133
32
221
421
169
48
468
30
239
279
33
283
124
306
185
243
21
313
372
376
277
387
304
44
167
131
225
184
262
87
305
129
109
285
457
456
406
399
342
311
423
160
300
