162
193
63
247
160
212
50
61
207
208
142
227
103
91
13
87
211
23
25
156
244
96
84
131
81
243
232
54
165
149
72
86
229
116
220
41
167
66
5
15
168
126
226
22
2
42
201
140
76
157
80
46
4
214
202
174
129
147
158
71
213
133
58
37
107
39
108
196
253
120
183
194
234
256
135
52
111
106
136
102
53
118
112
88
69
250
248
82
154
59
233
164
188
255
221
225
254
51
224
187
109
176
122
92
206
146
175
57
45
18
184
100
97
60
246
235
242
3
223
17
137
38
144
138
90
231
68
217
252
128
209
236
239
189
216
170
150
163
182
47
251
70
192
145
173
198
98
117
199
40
113
228
104
19
89
21
79
24
161
124
78
218
44
16
6
114
85
95
74
178
240
105
172
7
93
43
186
36
12
49
159
139
153
77
34
177
27
121
148
222
205
237
55
197
141
132
75
48
83
249
94
130
204
64
30
67
26
191
8
210
110
99
143
125
230
151
119
35
28
219
20
115
56
238
155
11
29
181
179
180
185
62
171
31
9
10
215
101
169
65
152
195
33
1
203
166
241
134
14
32
245
200
73
127
190
123
