763
390
1652
326
1290
1405
575
740
1794
93
369
1642
2014
190
1367
1785
1280
279
571
299
424
465
1203
1368
744
1982
103
731
141
1189
2034
1101
656
1005
954
1088
629
1585
699
1071
1747
1277
200
1683
319
1431
1599
1568
1901
757
210
1172
1030
1233
5
325
1668
1404
1730
1583
1169
551
222
1308
978
1632
2
1464
317
1474
432
1354
1195
24
1959
300
1481
1200
214
33
1001
1849
328
1080
2024
105
1618
1561
1466
402
1557
1887
490
1505
1607
1644
116
175
1904
203
2039
89
800
897
1910
769
1927
793
1610
1136
1078
760
351
1270
569
931
1688
1529
55
644
98
313
2003
824
1863
1498
555
1008
1691
455
270
694
309
786
320
631
1176
106
1086
1174
1278
1797
189
187
1833
1239
1998
525
1764
255
82
70
205
1028
791
1245
1960
957
433
1026
50
890
1425
276
1019
1929
1151
1069
107
111
284
114
595
2002
1385
1728
1808
797
1577
271
778
1945
1331
913
547
548
1356
121
290
1222
1229
1826
1507
14
1525
1396
1120
405
1025
651
1194
914
1388
459
968
1392
1563
636
1499
78
80
145
71
1707
1219
1003
652
958
1682
97
150
1237
1517
1221
1387
1997
1906
1675
1640
708
1428
934
1672
722
1457
1144
1347
1714
104
1712
1197
1211
1884
774
359
160
590
46
430
1263
1246
829
1573
663
1279
1386
1297
256
1318
1056
324
617
1451
157
604
1432
825
135
165
1409
452
1858
813
484
2016
1720
524
28
1336
1066
1362
115
837
1533
1715
1009
810
1506
1357
995
560
1113
176
772
1470
745
895
437
238
739
542
1947
917
1320
1048
1467
868
1022
1482
407
1343
1739
1406
1160
229
209
1552
1955
1462
207
1744
1299
479
1187
862
53
751
32
1805
341
1677
669
1957
1663
1157
11
1074
218
77
827
1954
508
1175
387
185
1258
244
1523
1843
993
986
885
1395
1695
486
1376
380
835
1373
1212
1198
729
1036
138
3
1091
1608
260
1746
906
1694
1264
1673
1551
867
253
817
1827
1108
808
1541
41
1338
1223
798
624
112
188
1693
1063
1736
231
473
1442
1403
1969
1659
1155
342
461
1731
285
268
599
1497
383
169
1310
1648
220
1609
911
1875
65
2004
136
1755
1569
386
746
1046
1110
1305
1953
1410
1815
1915
1023
1426
1873
262
737
1829
728
40
1692
1013
2045
62
639
1899
446
418
1095
1803
1129
384
230
1073
752
404
1566
1192
1096
648
1823
212
1501
1713
921
1295
76
1244
406
690
471
1473
87
1020
2000
1572
1107
677
941
1061
476
1935
1630
742
664
302
334
64
1792
1439
1039
1567
422
1182
573
191
894
1538
287
1038
662
611
2042
1484
180
1079
675
349
1452
886
1513
1615
1832
1220
1150
259
873
1423
1391
1435
487
23
1127
90
1384
100
206
20
195
1605
451
1100
1333
1616
1130
1574
1732
219
1802
1089
1029
1041
891
1059
1542
1701
1786
823
1799
1204
346
926
1909
265
820
1111
1382
1991
1456
883
1994
43
1981
1892
1152
526
790
1914
1173
1857
841
460
1665
243
37
1796
1762
1040
1759
876
435
727
932
1534
2035
1976
698
2033
1578
398
1372
2023
110
1476
1361
2036
1868
1946
2046
951
875
1851
1536
1938
1705
1209
245
331
703
1298
955
54
634
518
85
167
469
1936
1784
152
1907
1593
81
1810
561
409
915
598
15
1934
419
566
1440
1974
1094
738
288
1889
507
939
1042
439
658
980
1450
1495
1369
734
1126
988
1017
1268
866
1489
1465
554
1638
602
1830
805
516
1828
144
269
178
1620
581
1104
1724
546
767
1793
462
1790
366
412
1140
1281
480
882
814
1121
132
1757
1142
1159
1543
816
1224
1335
142
799
1756
1923
809
1921
1177
783
633
233
659
1307
801
197
618
365
781
1420
679
1207
379
1743
434
450
193
1018
527
161
1196
705
1527
21
683
842
1965
293
1236
792
1401
170
1628
545
1243
1944
1837
1383
1378
1911
1147
1145
445
198
282
1259
1667
838
857
1230
2017
795
241
413
1908
506
902
749
95
1894
1621
1141
530
1225
982
411
1767
481
254
1645
1654
1666
426
1576
603
63
10
1313
181
1377
217
174
568
1011
971
1098
1282
1676
1902
1454
608
2040
1617
1870
630
1315
1389
1272
416
199
308
1882
1514
1700
893
701
689
1321
440
812
1057
350
378
607
1865
2001
1052
1856
743
329
695
1788
179
1814
1831
1032
1547
468
1472
204
306
1292
515
625
1352
850
1779
1123
1171
1226
1524
1441
1942
645
186
140
1012
1535
1430
458
1928
723
1729
1970
704
676
278
1516
1850
1075
1554
1232
1611
500
1584
1252
585
1867
775
519
668
343
736
1754
1085
747
258
1329
784
1537
574
1350
1134
57
654
1751
999
1520
1412
1891
1051
225
372
1717
1581
239
1854
567
1186
1424
1881
987
856
420
42
963
1249
1528
395
594
1753
493
1417
1363
1582
1560
1562
263
577
1453
1972
1346
196
1877
976
619
719
59
9
322
864
1924
447
782
671
953
1117
802
537
997
898
1952
661
712
1156
1178
550
849
399
1740
1992
1112
859
831
929
277
478
1461
1337
777
463
1165
467
224
1925
376
1626
1836
1304
927
1590
1179
1084
1653
504
1434
1948
1276
94
674
1674
1309
673
1090
1949
1235
1963
360
1989
1077
1149
928
1358
1735
847
730
310
666
684
1703
246
1912
865
307
312
482
318
1519
962
1553
294
562
1526
427
1275
1958
1199
1469
510
979
125
1624
762
938
922
687
1660
605
961
400
330
1961
1819
532
332
148
1271
606
1260
721
996
1334
1162
1773
457
120
1937
758
879
1370
149
1903
67
1228
564
1060
1105
716
688
1398
1920
1345
667
1288
1379
1414
529
394
846
830
1521
12
305
1248
1943
1702
221
133
822
621
552
56
600
99
794
1254
1319
1886
970
1158
314
1366
586
2011
159
981
166
164
448
1600
1161
1604
1328
1344
1064
252
1311
1846
2029
1531
1148
1988
870
1317
956
1770
1625
25
1765
1371
1067
680
609
1185
1483
940
52
1968
1493
541
36
735
113
7
657
347
1133
1723
333
280
905
436
177
943
1888
990
128
1595
335
1047
620
401
388
724
2041
370
38
844
643
367
1180
1062
147
1065
1809
1636
1010
1956
1848
597
853
1795
1591
494
505
1006
2013
1964
2012
2031
357
304
1879
766
1082
470
1821
35
1166
1053
1380
151
998
843
1191
1394
804
1876
1265
69
725
102
833
182
1132
1905
966
202
523
1289
1775
967
1494
593
491
1721
363
1054
811
92
1671
1598
1966
511
1400
1780
877
1716
596
192
1601
1686
543
1002
1399
1241
1975
949
1930
1734
1698
321
632
1589
1415
2021
2006
134
1058
84
502
1302
768
358
539
1614
91
1708
1167
1661
1687
1861
1087
1900
488
649
1496
1839
789
989
1515
1913
623
2018
1869
1518
1801
2009
1031
373
2043
522
29
355
1504
720
1855
1
1684
1326
1015
499
531
315
1719
501
391
1922
638
860
353
1402
1154
281
374
2015
558
1748
477
803
1711
1322
1933
415
572
1135
26
1940
2047
1733
101
903
696
408
1859
49
578
1742
1631
1301
1540
1122
264
1043
1044
266
311
267
1978
613
570
1842
1897
686
492
1635
889
840
972
628
1669
1917
1587
1727
1597
1643
1575
937
1330
336
1293
1704
533
1231
591
1193
589
1697
298
1844
1479
1634
785
1512
1205
356
1460
888
900
1238
1679
1153
904
576
1128
352
1181
942
692
901
58
563
126
896
1027
1787
1678
710
717
1375
750
836
1471
1820
1772
741
168
22
1349
946
1213
984
292
2048
1612
2026
261
385
1269
1487
1306
297
1339
765
1508
919
146
1571
1853
559
1509
1866
881
1210
456
1789
1447
1629
854
272
397
68
807
291
1348
16
711
296
1433
1586
248
13
1215
1613
1485
1939
872
1247
172
1919
403
1340
1987
780
1103
818
283
985
991
1977
1118
1188
733
47
910
1510
776
1872
887
983
1168
1102
2030
88
1941
1146
1647
1522
933
646
1055
1419
549
1649
438
235
2044
1427
1871
1407
130
1240
1502
635
1486
1266
1741
1255
761
274
826
1097
1657
1706
540
544
553
45
1550
340
969
1690
1468
1539
1995
1287
1555
1771
1807
1139
1035
425
1898
759
183
1656
454
1776
1397
1303
1163
851
1718
1286
72
1641
428
1206
637
627
796
1183
498
1034
503
2038
642
1883
1798
495
1138
908
920
806
483
1918
1658
1033
1418
60
1530
1458
1980
580
371
1261
410
158
1004
339
1291
1257
1696
295
18
935
223
155
1800
1603
1725
880
1804
66
670
1364
215
614
706
528
1492
226
1564
1049
364
884
1874
1076
1449
855
726
650
201
707
1137
852
1545
184
1170
338
1296
1834
912
61
640
2019
1413
1488
1650
536
960
1037
1227
1093
1811
1651
1862
848
641
1738
1558
1381
249
1840
685
916
1633
615
1818
1099
974
612
173
368
1916
1256
1973
1234
153
250
344
354
1511
977
1766
2005
474
930
1491
1565
1106
732
1208
1323
709
1092
1999
1896
565
75
118
1752
1816
1722
1594
122
1218
2025
337
1556
878
1791
579
965
1847
1360
485
1993
1201
1685
129
1024
1503
464
1967
1355
601
1116
389
582
821
1081
622
1490
1623
1932
1325
1463
31
1812
1709
1750
861
1109
429
1951
1579
936
1990
472
1250
819
131
154
959
1549
647
1996
610
815
431
1477
1544
899
944
1216
557
1445
489
748
964
1143
1817
1845
124
1777
1580
764
1083
1781
1971
1242
1782
1890
521
1860
96
216
34
1000
51
156
1655
19
396
1983
788
123
228
1559
1267
871
1072
512
1070
950
421
1164
74
1184
109
616
534
1774
715
2010
227
947
1421
678
1778
83
1664
1050
301
1710
1622
1813
2008
1262
693
237
1374
1327
1880
257
672
137
1570
713
496
242
1806
1824
517
1436
1825
377
1763
442
1253
2027
1284
6
1283
44
520
86
1300
924
697
443
345
1408
945
1606
27
108
907
73
1985
1202
1588
1007
361
1115
1926
316
4
1737
2032
327
660
289
1131
863
1393
1760
8
240
1768
2028
918
1014
948
1332
1726
1190
17
1068
1429
2020
1353
1119
1761
700
1422
1341
139
1885
1662
1979
1273
583
48
1124
323
973
1841
858
119
171
1548
1314
1217
754
584
348
1294
756
787
1984
1475
1838
535
286
1251
1592
234
665
513
718
1316
1986
303
117
2007
449
771
1895
393
382
952
1864
653
1500
1114
194
213
1045
1546
1478
839
1893
236
1619
375
994
1639
869
1532
1878
1125
1950
925
475
497
556
1637
1448
414
834
1670
1745
1444
1459
1443
909
892
381
975
1455
1596
538
1411
1324
874
208
691
162
1446
1680
417
232
1342
453
773
1646
362
514
1962
251
466
2022
1274
702
1627
275
1602
779
1852
1689
1365
828
2037
1438
1390
1285
923
143
1480
626
1437
30
1769
770
755
1416
1699
1016
1783
1931
753
444
588
681
587
441
1749
1758
163
392
1351
832
1822
1214
1359
1681
39
127
845
992
1021
247
682
655
79
423
1835
592
714
509
211
1312
273
