1405
2
3637
3271
2255
3209
877
2711
1187
363
622
1409
750
898
1950
3972
365
13
3048
2495
2158
3330
195
3622
2669
3941
380
2717
524
2795
1308
1218
1322
559
42
1609
2113
3538
989
3102
3627
940
1230
3926
103
2628
2540
1754
3374
2814
1141
771
1471
2582
75
936
1148
3493
2936
2061
376
2004
2095
2831
3762
2864
2142
2064
1969
2140
2452
3574
2935
62
2898
558
1669
2891
3567
1974
1309
472
1846
196
876
2728
1063
1632
2470
3311
3036
403
1013
19
56
2958
908
2121
3730
636
3653
3061
207
1705
943
469
1736
2543
3951
1152
3964
1025
2392
3463
2260
229
3294
3022
424
2724
724
3231
1836
1238
602
3448
732
872
55
4086
2301
3739
3169
3379
1101
276
3954
4027
1646
3803
3715
335
2104
974
2701
1205
2030
3003
1727
3377
362
845
4040
523
3542
60
515
3635
3578
553
525
1145
3641
946
1118
895
2148
3864
1653
2759
2438
4047
1459
442
1964
3112
2768
215
1803
1423
3430
1158
422
3322
3910
1491
1979
3799
4030
3284
289
4094
1970
2008
302
2882
1313
122
1719
2703
3618
476
815
1833
1507
2769
3082
3843
2009
356
2092
1542
3361
3405
2928
82
1644
3903
512
3320
3886
2040
1279
3325
715
2248
643
1178
1147
1376
1722
3713
2043
1213
3727
4012
2346
730
1199
2673
1674
1941
986
1776
1808
2872
3385
3221
3942
3207
3732
3669
2007
1131
4006
2404
2761
355
3488
804
1306
1227
729
2896
3642
2977
2871
1596
2603
2652
2736
1663
2335
615
1014
4011
2459
3177
2901
2770
2397
1671
23
2252
700
1015
3939
454
177
113
2583
1115
2568
3218
457
1438
579
2774
728
463
2450
3387
3718
3267
3821
3651
2845
720
1198
871
412
3680
136
143
3108
338
3362
3632
1185
2538
3507
1947
1456
3621
1781
3541
165
3004
2132
3424
2005
770
3961
1246
2437
3140
1077
749
3932
2033
2239
637
2580
2419
826
404
3569
154
2908
3895
2287
2100
710
3073
3562
1437
1606
3309
2787
394
3043
3153
2234
3205
3820
1106
1361
1117
539
2541
3859
1982
3386
2415
2488
1604
2963
1160
2476
1889
3473
1929
471
2849
2069
1445
2635
2650
3782
3969
1081
2556
111
502
3596
1994
3059
3417
2276
121
2493
663
3397
2922
145
3286
2737
1102
2929
164
2536
808
3282
2704
2026
2107
396
1566
2658
3085
585
1088
803
3453
557
74
2972
3366
1659
2794
1368
1630
2219
1877
3217
4088
2597
2755
3752
3254
3468
699
1094
2957
98
2552
151
1042
1518
1817
1111
3024
2542
3471
1197
1046
2856
2344
1699
3270
3171
2933
2744
479
2133
2213
3807
381
1463
2513
2277
2820
2257
666
653
3717
2551
186
4004
3050
2644
135
3977
3506
949
326
494
2114
2846
2775
2779
627
1074
2019
606
2481
1809
1691
2253
2622
3536
377
665
748
169
2764
3012
68
566
702
3580
2653
3097
3486
1264
2893
2135
2503
3736
3359
2532
3890
3723
498
3611
2894
127
1799
175
2510
344
3764
125
2080
828
4076
848
11
1183
2618
3079
528
3760
3376
2449
3129
131
2361
314
3798
1986
2946
1890
956
1375
3384
2773
2316
2760
2726
2380
2294
323
1371
3554
391
3317
1804
1304
1474
3587
1575
2145
2996
1537
1937
2916
2899
1858
3346
398
2998
4014
1055
2227
1448
2954
228
2300
3557
3956
2174
4009
3973
1658
1753
2800
393
3147
647
2217
1634
3331
2338
3786
1370
994
2539
2357
1620
2207
1229
2955
3491
1192
3695
1156
3078
1452
3154
527
1130
324
3353
2383
433
281
349
1289
450
846
130
265
2616
3955
1360
124
1182
3333
2853
761
179
2629
2746
2099
1006
1724
3081
3278
279
2264
3916
1567
2861
347
1411
3950
2554
156
3434
2989
1661
2046
968
3749
2930
3660
1742
1532
1602
330
3785
2990
3263
1533
4013
3262
3233
1815
4077
3774
3109
2660
1807
312
1788
1680
3735
3753
240
2824
3181
2944
1568
3990
43
340
2402
2758
3436
1983
3381
480
3302
3458
2343
107
2834
2035
2664
359
475
1949
3228
1879
1793
1237
2566
295
2974
2424
17
1775
1615
554
2137
1823
1425
101
3769
211
3204
2085
3125
3892
3273
847
901
3533
1097
3692
1196
2278
2284
856
4069
328
2520
2607
3287
2734
884
313
2359
1000
3832
3246
108
2575
1179
3836
1844
3845
180
3396
3728
2526
952
3573
241
1273
1861
342
3889
1767
1175
1655
801
2969
1923
1676
1910
1277
983
3588
2596
1281
1995
2399
144
2752
3704
1714
1154
1461
704
358
3195
3257
2693
287
2247
173
765
3863
1043
2385
3631
2058
1992
2765
4022
3076
1686
3781
4057
2842
1356
3305
2909
628
1234
2405
3881
311
3457
913
3137
1399
993
3525
271
545
3378
2585
1265
3904
1800
1325
3497
1391
254
3813
67
112
2434
904
1355
1176
2811
3222
967
2041
648
2409
2447
250
883
2057
1820
3248
996
3998
3809
3058
3839
2937
2675
2803
1545
3349
2027
1939
2823
1109
802
1779
2926
88
3677
976
1446
1323
3033
3793
1825
708
2836
275
2169
3144
508
3240
2780
880
1287
3676
4092
2141
594
1095
1157
625
69
2200
1509
3797
3341
3388
1573
3290
2789
827
2272
711
2330
1165
2106
2865
2454
2306
3740
3314
1211
1382
3842
1976
2024
264
1301
2895
1866
2716
2679
1712
3054
3306
1853
1174
2161
1492
1922
3060
2817
1467
3030
3259
2433
3021
1204
2921
2672
2914
249
174
304
2828
3663
1028
352
395
3568
4078
2427
4042
1819
1352
3477
574
3255
3649
2071
4049
1670
1601
2712
2034
1513
1782
1284
701
2139
3654
225
1099
588
3031
255
858
2615
1334
1049
3251
3183
3920
152
155
961
117
957
1022
1981
896
3051
2308
4046
221
383
3187
2390
7
623
599
1898
4071
2507
2763
2915
3480
542
672
2706
2375
2379
210
2966
3960
1556
1529
1072
2185
1138
2572
34
1768
2048
1110
492
1744
1935
671
2719
1814
783
2244
3122
520
1402
614
1397
2368
3013
954
3995
1499
1505
3922
2352
2550
794
981
277
1826
128
2970
1635
3565
3966
618
1913
3698
3953
2941
3849
1702
4048
2177
3884
2279
90
2809
2876
2733
409
739
937
123
1498
2866
3006
1005
2209
2590
351
925
2285
1401
3847
681
2180
3706
2674
4051
384
3456
3888
2742
1220
3701
3524
1945
2870
763
1488
1612
3069
688
2143
1103
1214
226
1318
2478
2098
2608
658
2302
1040
2535
3425
1215
3189
1155
1340
3605
296
1657
635
269
2980
133
3365
2108
751
3636
1940
843
1217
2854
2592
2125
3438
1582
3449
2333
907
2225
204
4023
2079
2677
2612
310
348
2588
3432
1299
282
341
2731
2130
3364
4017
4043
853
1891
1718
1133
1892
3439
3982
617
1897
899
334
1107
487
1086
690
161
785
15
18
2573
760
3526
1413
3279
2885
2833
1333
3130
2999
3697
2973
3116
3965
1805
668
535
2994
1508
2376
315
2129
626
3783
2011
3202
491
1626
3211
2084
3053
3465
148
568
2964
817
3345
1603
2020
1132
2557
1821
1121
3156
3514
1351
3452
1298
689
2339
1551
2401
1739
3893
1794
1735
2347
1544
1075
1708
914
3846
3595
1450
3482
3057
3175
3575
1885
548
2665
3018
1051
308
1288
1039
2732
3646
1379
2578
859
2205
1414
3882
1830
2801
889
2529
1968
415
361
2072
1433
3913
4052
1477
87
418
1332
3721
2428
745
2422
753
1417
392
3758
2226
464
3666
2920
212
3029
3750
1749
2425
3534
1761
81
3403
868
2094
2985
1047
3152
49
3489
3089
879
2269
1250
1312
2997
2081
3025
237
3113
3411
929
4060
1534
1959
286
816
2835
1239
4065
3716
2670
1980
973
988
2991
138
1636
2981
3947
4090
3667
3466
3329
3767
2097
1683
3010
3119
1240
2059
3789
493
3787
3586
3733
2062
1186
1774
219
2637
3505
2371
3459
510
1385
3826
1319
2917
3409
3772
3634
2047
1928
1703
3321
2502
2793
4019
71
3856
3547
421
3571
2042
3600
2182
2511
2206
1038
576
3883
2111
360
413
513
3485
1269
2187
2740
3751
1484
1073
775
2456
168
317
3900
3549
3348
181
1365
772
3898
2591
2663
3833
1036
583
2614
3343
1233
1993
2429
3196
2210
3918
532
2467
3038
3447
2413
28
2164
227
2869
3298
651
1372
3844
2862
575
3407
735
3141
1418
2398
1869
550
1783
3160
2826
3958
3984
3930
3401
4074
3861
1645
2093
2355
3509
3128
126
716
906
3543
3714
2238
2240
2394
4079
235
1936
2188
971
1329
1543
679
12
1342
1262
3901
964
141
2934
3225
1838
3201
3042
609
1762
3502
1494
1343
1018
1127
3360
1760
1548
2345
331
3702
3808
35
3232
980
3368
923
3655
3513
3235
27
149
1386
1561
2233
3274
345
864
782
1693
3613
3015
2411
2839
3390
39
624
3445
1864
336
2886
1746
80
316
1464
132
1226
686
3876
110
188
1912
698
3999
939
746
2265
1335
2544
1642
496
3819
1547
1389
1480
182
834
3017
1563
3157
2189
1430
1256
2117
2236
875
2193
3435
3393
948
2370
1810
3266
2431
3046
387
684
1232
1330
2420
2334
1206
270
2766
3068
3155
167
1243
3928
1893
1579
3367
965
306
2365
364
869
461
1091
505
3164
1123
242
2821
680
1654
2271
902
667
2387
3700
1258
756
2259
2391
1169
3188
3593
278
1166
3094
139
1297
3934
1374
3369
1747
932
2482
1572
2485
369
4070
1812
3275
1629
1052
854
8
4089
2468
2748
2851
1510
3410
1583
115
2153
1144
3720
2430
955
2751
2096
1527
4059
3640
79
2682
3236
2498
1963
590
2243
2324
796
1523
2492
184
3853
431
818
274
4034
3066
102
3098
1834
2256
676
769
2753
1884
2858
2178
1688
1972
3725
2642
1667
1557
1003
3230
755
1577
3815
2565
631
2477
333
1429
3816
405
3408
5
2888
2995
1122
2469
2465
758
754
3052
185
1878
2879
4029
1171
2638
26
806
799
2571
870
1695
3894
3650
1426
2400
2624
3949
2818
1791
1903
1591
810
1070
3703
1410
3929
2725
191
3392
2558
1236
1618
1184
4020
285
3040
1624
1359
3748
2299
78
386
842
1195
944
2942
2841
2025
201
1519
1520
3198
1681
2396
824
4083
1200
2827
1538
2136
2273
2587
581
2006
425
2873
1380
2714
1482
66
2727
1924
1628
2224
2890
3603
522
571
2720
1867
1666
2602
3802
4080
1874
580
3824
3648
2229
3897
3644
3481
1900
3532
2960
3328
3446
2497
1872
63
2636
1292
2797
3537
172
1098
3835
2089
3074
3135
1613
1953
1957
3645
1512
1400
3925
2563
2028
3398
3028
3182
865
1811
373
2743
272
1574
2407
2784
2522
2464
3810
303
3788
47
3741
2102
4093
246
1394
3101
2684
1641
1585
1344
1291
2892
147
65
2983
1792
3124
3070
2127
2634
2657
438
1578
2646
3933
2530
1212
1851
1600
3994
3494
256
3775
2166
3062
1899
2261
1580
1850
3689
1673
3683
3812
1559
3979
1331
382
1011
3249
1711
682
2595
2160
3492
2066
1586
1120
1801
357
2000
1320
1203
1831
2948
449
612
3197
2328
3301
878
1954
696
2889
301
2036
1873
166
1302
1390
814
1961
764
2956
2131
2951
3935
48
1987
3633
789
2837
832
2479
460
3178
3981
3437
4038
4025
1432
3909
1827
504
1260
2331
738
2805
305
2044
423
2159
1251
3083
4036
3090
2749
867
1479
2500
3020
2979
3647
2186
1134
1045
1100
3464
448
1321
1569
1847
3754
1605
4035
3737
529
257
2171
2083
1741
963
2455
1991
2124
1839
1311
2381
891
1623
3413
927
388
478
1248
1790
1135
2221
1901
10
2767
861
3316
727
2310
1462
307
2863
629
3167
586
752
2910
3292
714
743
2604
329
2785
1466
322
2659
509
3501
526
924
1193
4062
1786
1173
3871
3342
3180
1027
1730
3814
2051
495
6
2152
2594
2055
3974
193
2157
3357
3132
2480
3427
1796
3077
2363
3976
3399
1694
2560
1363
3555
3008
452
836
1706
1388
2798
1271
1428
1420
1647
3479
2508
4068
3260
1242
1625
455
3708
2501
969
844
977
3080
2598
2487
4072
2840
4037
453
3877
630
3237
2609
1443
1784
784
613
1743
2388
1427
1190
1668
3997
3455
3470
1415
3957
1422
1105
517
1050
3529
2661
1614
1504
678
3241
1643
2270
91
2002
2049
1863
1785
239
2491
646
2518
3304
938
1290
920
852
3496
3539
1041
912
3851
1715
1338
2315
561
787
1535
3988
3564
2086
3344
1162
2056
706
2460
3234
214
890
2875
1129
3500
290
3601
757
1888
2483
2408
921
2494
486
838
497
881
3293
1515
2791
1915
3149
726
4041
451
1378
2088
536
2418
2472
3461
2708
691
1828
2458
1085
1326
2473
959
427
1690
3335
2322
2852
2267
2332
3556
390
2567
1444
1276
3719
3806
831
3625
140
163
2718
171
3519
3959
206
3163
1716
3336
2317
2202
2943
1021
3709
3296
597
1453
2275
2326
2562
3975
446
72
2197
434
2884
1066
3383
3503
2781
2378
3870
552
506
2640
231
2384
1876
511
2610
3838
2214
4032
146
1064
911
4031
1124
3467
1843
309
3771
456
319
2023
2149
1857
934
2223
2707
2950
1660
584
3120
2515
3315
1146
2191
375
178
2509
837
3213
3768
2721
3191
556
366
1524
3334
1023
1191
3414
3145
1881
2138
1295
2414
3773
3546
4018
2709
258
3312
99
2461
762
1108
3946
1181
3252
1745
1358
2144
4003
1868
3943
2228
1908
1894
500
2304
83
2249
2527
776
3490
4002
1128
2015
1125
2349
2440
51
1315
2623
1883
1751
3373
2340
1723
1228
3684
217
3848
3585
719
2045
3879
2553
3005
3854
2348
367
1740
1016
3992
1442
3563
3865
1377
641
294
3308
3220
1871
1916
3828
3665
85
2231
1539
866
4064
2600
3996
1286
3968
1907
1470
1588
712
1590
543
731
3696
3936
3088
3822
4082
1832
3394
2463
2374
3630
3087
2286
3134
2962
3285
1855
2611
3670
3166
2122
1677
3681
2490
2913
3705
3874
3674
2337
1835
3400
3110
3827
3905
1678
2561
3126
399
1048
3086
3105
1489
1631
216
2222
3840
1919
3426
3219
3945
2738
488
742
916
1241
2268
3226
1697
353
1921
3289
1989
3442
1789
4063
1500
3545
3339
2987
1177
4096
1259
703
2403
3420
1904
327
1985
1161
3880
3615
2389
3911
2949
218
3967
2976
1272
45
723
3599
31
887
903
2848
2032
1119
2505
3923
2280
1053
1756
1696
995
3395
283
1798
3985
4053
2953
2978
3511
3612
1905
2001
3009
3857
823
2643
1247
2967
1942
3948
825
1503
284
2246
3027
3643
3841
1012
2927
4024
2897
2947
1698
3478
2426
1307
36
2435
1531
3873
3111
3055
659
2453
922
96
1465
2293
620
97
2762
2466
2342
1030
1943
533
2549
2167
3280
3693
2691
3313
2350
129
2296
1280
54
1398
2311
1454
4050
3026
2436
4005
3907
3834
59
1656
432
3589
416
733
1282
644
61
2911
722
3866
1083
273
52
2196
430
1720
1608
1475
1525
2416
2605
2694
2686
1675
443
987
2184
1056
1496
3896
3277
3687
3912
208
1143
2790
3186
1726
1366
2620
3691
3193
346
2017
2619
3422
2220
4073
3757
1084
1902
1285
1151
766
1795
652
3862
661
2902
29
1189
694
3744
840
1441
21
2514
577
3656
2012
2484
2655
3794
2730
1381
2771
2641
3114
1300
3582
198
642
2462
1541
2362
958
3607
2013
3139
3019
1589
2689
841
3530
2421
3761
3518
244
3940
1455
1007
1778
2037
1685
2965
2850
3516
3044
3576
1293
2109
2297
1458
3223
1639
3047
2292
2423
3743
1553
2325
1254
1650
1555
1502
2722
555
873
2512
114
1665
3658
3921
675
3253
1607
2521
3065
709
3107
170
232
1080
2625
2358
941
3638
3176
1296
1092
3319
3227
1034
2067
2757
1752
2115
1061
2054
2254
3415
2878
1652
243
788
693
30
1733
2070
2499
1975
2082
1487
38
953
978
850
489
2091
3610
2486
2633
2194
1938
519
2170
3795
1755
3616
3675
3332
222
437
2860
1412
3104
2843
1037
2074
1253
76
1267
1024
3351
3778
1616
1317
3891
58
3746
2218
3404
3686
2204
4091
1619
2905
288
320
1406
2192
3978
440
1581
1766
1765
621
2984
3451
3295
905
1917
3617
64
2586
1955
1952
4058
2367
2263
1700
3712
1261
3247
1069
1369
1854
4075
3443
1447
2528
3590
1704
1638
1824
1087
238
1687
604
3868
4055
1511
3115
411
3261
3906
3244
2906
3172
2356
563
1393
3755
2932
2621
1944
44
3570
3679
3623
2904
1416
928
1113
379
3281
1112
3450
37
176
2441
354
3370
2867
1263
192
1497
1679
572
3927
402
2750
813
251
3551
567
1314
2063
1058
3276
3731
1860
2918
3045
1153
1562
2162
560
674
2290
595
57
721
2014
4021
203
429
2537
4056
1721
2819
1031
1849
3151
1009
713
3792
2792
1960
2201
2903
3340
2451
9
2211
1067
3729
1932
3323
2369
3523
1930
3770
3558
1593
3148
1316
3067
2584
1478
1207
1079
4095
1617
670
1946
1473
406
266
3983
1275
862
86
2627
503
2506
3624
2406
501
3084
1770
786
245
1530
2745
2321
3338
2680
1159
1737
3817
1093
598
436
2116
2666
3352
2432
2298
3356
1163
2877
3584
1210
339
2778
1004
2366
1493
3256
120
100
2968
3071
2907
2305
2648
77
2696
2806
759
1931
2859
190
3784
16
1777
650
3837
3184
546
2516
3937
3765
3756
2668
3986
3825
3673
2303
2496
4066
2808
1845
3657
2776
3745
2155
2533
2250
611
3063
999
718
725
1150
41
2924
3324
3371
3264
2289
3185
2295
3299
1341
3347
822
3579
3238
2683
1255
3300
809
2524
2195
1116
119
1692
3297
1126
3212
213
975
2251
1345
3722
1517
2632
1104
1896
260
3093
3161
2245
2087
2900
3531
2919
2606
441
2377
1305
3056
660
790
1621
830
2639
3852
1071
3099
791
1978
3429
1339
1560
781
158
2548
3561
1933
2329
3664
1882
2215
2090
1599
3035
3559
1245
1895
1540
3583
3117
997
3460
400
2351
3777
1728
2410
1521
3970
2880
1732
2372
3318
970
2961
3915
3064
2555
3989
2075
109
462
1758
705
593
645
3759
1597
417
800
2688
4039
3391
2868
2931
2448
3419
371
247
537
1142
2052
2579
570
3303
3938
931
805
3268
3158
897
3215
1436
160
1164
3014
3150
24
3899
1357
1348
1019
1472
3475
741
1934
2077
1434
562
587
1958
2029
162
3499
2813
734
414
3690
4016
1763
372
445
2283
4010
685
1925
2128
3375
885
292
835
632
3199
1032
3016
2847
1771
2393
1346
2060
248
990
3577
3520
350
2982
565
3804
1516
343
202
985
1802
3239
2804
2676
573
1485
2457
2662
3560
3628
2442
2190
3919
1837
3801
3462
2320
197
1060
4026
1797
2945
1208
374
3602
2687
3858
3572
1707
397
3032
2038
3136
2810
3023
1327
3326
157
1201
2883
3423
70
1971
2647
2747
3210
1044
851
2173
1076
3738
1506
1167
94
608
3495
1610
1383
1682
3597
2172
2667
3952
3002
1914
900
3100
1431
2912
3504
657
747
318
1476
3444
695
470
3428
2120
3522
2715
592
40
189
2631
2489
25
104
187
4087
3944
2288
1841
1651
1764
2651
137
3269
2119
3553
3682
1870
2671
564
3337
2782
1997
3614
1948
3594
3980
482
1757
811
3742
3710
1564
1813
2319
950
3165
300
3075
134
230
603
2517
1168
1570
2216
1709
407
1926
1440
2735
3372
2022
2959
4067
2887
1780
2993
2417
401
507
2830
744
267
1526
3726
1392
3604
1457
1627
1354
2855
3011
792
3711
1536
473
2702
2156
1367
4033
2471
1020
3747
3206
2519
2739
3963
1350
2645
3515
1364
3830
234
820
33
370
332
3800
389
518
233
1501
1637
3431
259
1966
1235
639
1373
596
1862
767
1595
3885
2656
3350
839
2266
3472
3288
223
779
888
2832
3512
2816
3454
2713
569
3685
2050
2101
2699
669
1816
3517
4
2181
894
3034
1149
1967
2312
793
2235
2844
3146
3412
2815
3162
2068
982
3540
664
1140
2475
3867
2741
917
1404
253
2175
1622
2073
2534
2697
886
3629
368
3608
1188
298
3307
673
662
1546
1984
2309
150
1611
1920
2971
4007
547
2241
1139
2360
2545
2857
3469
1337
3510
1439
3917
1748
439
2242
3170
591
205
4061
1294
2474
220
1222
2772
892
640
3039
2576
252
1886
183
84
3001
3962
777
2336
3355
3548
654
3433
2053
458
780
600
1008
1689
73
444
459
656
2150
3652
1403
882
649
1787
1859
2986
1759
2525
1662
1336
3829
2291
4054
829
3103
3498
280
3609
1059
1137
1407
2039
2307
3592
3606
1349
1880
3049
1460
1734
1486
1495
1347
2559
1057
3203
740
655
1231
2685
2076
2364
2103
863
2952
3855
1750
2439
4015
3776
1552
200
3142
1362
2183
3121
1065
2881
514
1514
945
2412
3118
2678
619
3258
4045
3354
2822
1387
3993
1973
465
4044
3327
3179
3208
2016
3662
1224
2382
1927
1310
692
293
2314
992
1451
1249
1528
1988
1266
2788
3908
3
795
2258
3699
935
2151
1649
1990
1396
2282
1918
3242
297
3229
3440
910
1001
1090
321
1424
1738
3811
2547
2147
1010
142
807
1219
3914
2523
2021
1865
962
474
291
337
2710
2777
1384
2838
933
2003
2925
2281
3619
32
2274
2531
2395
435
3796
855
1068
410
638
3902
819
926
3421
979
2134
261
2323
1717
2923
385
224
3483
2939
1419
2613
2723
909
3250
1840
4000
1558
468
3095
778
2126
534
1773
2353
3734
2593
991
1252
3402
485
3591
774
1875
3214
2807
481
1769
1225
1909
3000
3007
467
2988
378
2146
2230
2110
736
1822
3535
1592
1209
118
3668
1664
1221
2654
521
1571
2681
2577
947
798
2445
2078
2975
1731
2237
3159
483
3092
3487
3831
2176
3291
2729
2796
3224
92
2799
3123
1114
2198
3924
3127
1395
3096
2443
1977
3283
1089
1956
419
3987
3805
20
3194
2318
1576
697
477
951
2179
3887
915
3823
1062
1328
1216
578
95
209
2783
1274
1469
1054
194
634
1017
3192
3991
687
1435
737
2938
3671
2754
1587
1729
3659
1481
3552
918
3106
3476
960
3190
1324
3639
2444
3091
89
2373
2341
3672
466
3763
2874
3678
2212
2065
2812
2756
1911
3661
420
3358
1002
1672
1906
3484
2010
3527
1283
1594
3041
116
2601
3598
1278
2581
2546
1035
1223
860
447
2940
1962
1856
2354
3200
4001
3138
3272
3072
1
3474
2690
1550
1202
2802
2564
540
3971
2232
531
3406
2649
1554
262
3528
2262
516
984
1640
2630
299
1082
268
3581
1449
3521
50
2574
3174
2313
2118
2154
544
2327
1806
1268
3791
1996
3243
263
1713
2992
3779
2504
541
106
3780
3694
1772
3363
2569
1852
1490
1710
1951
2031
849
2825
199
2617
3441
857
1078
153
490
942
1136
2570
3418
582
426
1998
3872
549
3566
797
551
3173
768
601
998
1270
707
3626
633
972
1549
3850
1965
3416
1725
1483
4081
3143
4084
2203
1303
1701
2112
2705
3245
1818
3707
2168
2386
4028
677
1842
3818
2599
428
484
1257
1194
3688
589
1584
607
893
833
3310
3620
717
4085
1598
1244
1848
3133
3550
93
966
1522
2165
2700
3382
683
2626
1033
1180
1999
616
1170
1026
325
1829
2695
1421
930
105
1648
3380
3931
3508
1096
3131
2786
236
3389
874
605
22
2589
3037
1684
3875
3265
2829
1468
1887
3766
538
46
1633
3168
1565
3790
3878
3544
1353
2446
4008
773
3216
1172
610
53
3869
499
821
1408
2163
159
2698
2018
1029
2692
530
2105
3860
2208
408
919
2123
812
2199
14
3724
