411
488
1010
324
105
342
709
938
465
539
157
439
683
585
231
150
652
57
71
23
876
770
112
765
218
992
284
935
118
246
909
437
582
792
670
136
924
468
497
850
717
933
663
888
967
199
645
593
249
308
883
678
914
790
552
759
421
510
667
21
194
387
382
970
399
428
905
161
487
584
185
313
140
247
831
11
962
58
116
138
626
379
183
814
87
413
90
786
879
1017
903
390
760
846
139
966
511
208
38
611
993
783
88
931
323
321
86
54
154
871
968
391
463
156
757
665
812
906
132
961
848
402
633
458
835
19
513
657
371
117
425
288
522
303
60
728
880
523
681
335
771
366
103
314
192
769
567
524
912
257
283
181
144
842
328
96
547
226
41
886
554
350
398
220
414
936
495
632
9
940
621
887
119
477
822
506
75
558
691
128
363
862
604
572
213
178
984
46
356
277
230
768
204
1005
985
623
1007
745
292
788
162
708
588
499
692
433
415
971
917
459
294
171
478
722
556
897
227
210
963
664
106
358
920
295
639
779
430
836
613
376
776
392
943
306
462
267
268
62
662
424
827
752
253
849
1008
733
251
17
646
881
868
355
863
919
360
108
142
446
889
703
443
734
135
579
28
52
802
902
15
1023
763
223
537
240
791
766
42
298
720
418
732
794
560
85
170
767
121
857
236
417
808
609
622
541
653
365
302
651
518
480
393
234
974
388
289
261
37
637
618
859
918
973
777
1006
688
447
625
568
1015
650
186
222
149
592
214
559
345
470
672
258
498
263
952
102
83
82
1024
654
901
799
464
538
904
705
245
278
1000
287
772
677
224
978
334
527
718
453
926
932
280
980
449
915
570
219
481
61
48
422
354
123
701
810
319
507
383
612
301
934
250
756
73
408
450
930
68
811
169
840
203
380
921
908
35
163
452
373
193
873
642
166
272
265
696
712
175
928
731
285
115
913
828
1001
454
50
341
644
318
996
55
237
1009
916
640
184
275
367
636
982
84
279
286
1018
445
436
145
749
33
196
747
384
551
329
370
669
574
578
990
26
695
65
312
956
736
819
40
362
168
212
553
479
817
346
589
576
242
351
206
951
317
357
965
944
496
369
173
29
856
929
698
730
389
781
536
641
262
648
69
997
969
564
795
945
188
740
235
2
404
800
1003
419
146
988
829
864
679
789
326
525
304
983
406
758
601
911
900
195
1022
910
385
949
517
67
189
826
93
89
182
148
1002
348
785
444
628
217
526
682
818
36
979
486
614
605
4
647
729
824
291
673
638
209
937
549
13
674
427
725
151
610
727
259
782
532
660
32
874
260
361
94
676
533
490
274
784
239
546
975
359
957
598
264
847
491
694
386
858
661
738
519
129
571
416
685
482
563
540
252
845
95
655
707
233
981
627
1016
878
562
471
113
884
59
569
426
927
207
504
229
205
801
472
954
330
686
855
865
697
377
948
125
448
607
120
505
972
544
322
590
1011
991
861
634
126
6
420
947
821
469
1019
474
716
649
893
706
515
860
1021
508
762
76
839
557
542
675
281
853
806
833
704
804
723
1004
91
412
555
155
516
440
460
577
899
243
300
713
461
946
143
635
999
53
852
394
364
581
492
232
467
111
434
104
986
333
658
714
796
531
307
100
872
476
599
583
959
843
80
337
63
870
594
374
535
164
711
180
347
442
378
726
755
338
764
109
200
39
12
336
689
907
25
832
297
798
110
775
438
475
869
671
631
201
290
823
778
793
368
141
501
867
130
271
405
7
310
1013
643
339
925
18
22
43
596
47
687
774
30
396
97
81
485
191
773
1
34
955
375
885
616
432
197
976
617
512
753
566
70
896
8
64
1014
942
816
160
198
735
98
397
3
273
742
573
751
340
898
190
528
270
748
922
349
841
473
595
520
600
269
16
441
941
241
172
99
820
624
14
352
401
316
939
221
167
176
153
202
456
545
131
530
606
987
20
877
343
10
502
305
451
693
255
837
254
746
311
744
331
656
844
228
659
715
137
122
680
787
282
960
603
51
797
179
332
494
630
994
395
49
805
866
45
216
699
353
211
74
534
615
244
381
403
803
296
400
107
834
152
710
882
5
500
629
550
372
165
668
739
923
514
690
953
299
890
813
159
724
79
407
429
565
838
147
950
327
484
854
158
276
309
133
293
509
891
561
187
958
780
1020
325
66
410
431
995
493
989
737
466
225
101
92
580
127
807
892
529
602
754
977
455
521
423
587
851
315
248
684
761
666
809
575
489
344
457
830
608
700
964
503
586
177
815
31
238
72
895
543
409
998
114
320
124
743
750
56
174
256
597
24
266
134
1012
591
719
620
741
215
894
548
27
702
483
721
619
77
435
78
825
875
44
