3933
1080
521
2586
503
1296
3575
856
1858
2575
813
819
191
392
2615
2180
2038
1868
2208
3171
2717
265
1648
462
3355
1445
2227
3691
2503
896
2587
1800
1336
2044
2845
1919
303
2102
979
368
3281
2139
1096
285
2438
172
2961
4003
2349
3440
1317
2169
3146
3339
3672
1973
1717
2410
3197
416
2938
3021
1634
155
3148
1430
1342
1059
2295
3306
4048
313
3909
788
675
3006
470
3155
22
293
2668
2513
434
1645
2901
3325
3535
1797
918
1584
346
3136
44
2420
1524
1704
1826
3327
2663
2245
1315
2451
1373
2808
1519
1773
2226
1074
2564
4033
552
1151
3898
2700
1407
2250
800
3340
2778
855
2073
1298
1352
1853
518
1679
3956
3480
1229
1978
3033
3765
1695
2359
2638
3987
2022
2091
1641
3101
457
3568
2205
1196
842
2890
413
2519
3252
2068
1899
1169
697
133
2452
4055
1289
2369
2851
1357
947
4005
3671
694
1248
1650
1972
1388
3199
3373
3829
739
2515
523
2507
2517
3634
1145
1245
2272
3284
460
3930
3419
2337
583
1893
1013
4004
1118
3508
2411
3542
1767
3560
1594
2276
1208
2867
3528
3678
3433
86
3880
2151
558
2647
662
742
1308
532
1833
3251
2093
3548
3800
3511
1538
1420
1276
1726
3346
3578
2547
3777
2374
1236
2970
26
3109
3720
1480
2573
2104
2548
1963
2364
2271
2662
735
1086
2092
3775
1895
2622
2833
591
161
3265
1869
1498
4095
3477
30
3600
671
1021
3593
3966
3130
2646
3660
1239
659
2699
1514
3075
3143
3473
1917
514
1200
2021
2678
3240
3451
2202
1274
2101
3338
2155
228
3746
2847
1941
3082
1183
3464
432
2694
115
783
942
441
2331
791
54
1516
3163
1983
2017
687
2162
2109
3349
677
3272
408
585
2639
2957
2869
577
1290
220
2171
235
1413
1288
309
2529
2428
3944
3852
87
2078
3771
438
39
3702
1771
1174
919
3331
2876
141
3588
1805
3859
1408
747
2925
2402
56
2736
977
2550
3569
639
1349
845
375
1387
1312
682
2191
2341
3509
3728
3001
2779
3175
1842
2224
1780
382
2140
1105
1400
3452
1297
3921
2360
4000
137
1188
2735
2297
1338
3008
131
2487
2688
2159
361
3902
310
4085
2588
870
3855
3755
948
2606
720
527
3151
975
2910
66
174
1817
646
2875
3561
1122
14
923
2323
3205
4017
1801
3516
290
944
3825
407
3486
6
3919
3685
3570
1442
3629
2192
1552
2327
187
372
2704
2366
95
3139
3831
606
1606
2408
1501
3347
672
2107
3788
3559
1656
1283
963
3869
683
3423
1990
1854
2888
628
214
2198
555
2118
1831
3333
186
3917
2817
2189
1063
2403
1304
3091
23
2591
71
1350
4064
393
3317
12
1652
2899
3927
4027
1142
3923
298
1891
2165
2289
1902
1905
3594
1926
3531
3180
1502
1918
614
1675
409
2749
2126
1182
1210
904
1452
2048
57
3395
386
666
777
703
433
3040
2916
3951
620
195
2655
3168
2811
1749
3701
170
3903
3193
3801
3631
2657
2595
2866
1390
541
2825
16
3089
2796
2304
3514
2797
3984
1526
2252
18
3815
3537
2596
916
2960
1031
3742
2313
1544
2132
488
927
1494
807
1988
857
1428
1878
3918
2702
3437
2764
3375
517
138
640
208
449
1497
761
3580
3081
3740
1488
1711
594
3471
3024
1346
3332
3061
1953
548
2792
702
2580
2256
3191
1932
501
1887
1581
1819
2592
1830
2671
2538
634
3421
1667
2482
917
343
809
658
2131
1716
3435
2470
2611
2748
1173
3935
712
4094
1371
440
423
2243
1901
274
2064
2855
997
2412
1664
3399
2354
1275
3083
1265
2414
307
3322
60
1864
4066
2463
912
2158
91
464
2628
765
1821
3267
3011
1045
2087
2332
3900
3504
175
2653
2476
3624
3681
1454
3892
2777
261
1306
778
2949
995
205
1834
2027
62
3291
1896
1331
2554
182
540
1697
3680
3606
1037
520
1577
717
2096
1856
111
4001
3467
1789
1685
2737
411
764
3743
3879
2377
2134
974
1998
3392
2612
2634
1705
260
2310
1564
381
3612
3037
858
564
2345
3536
3161
2994
2000
1493
3015
2249
127
1681
863
2923
1603
954
3696
1921
1175
421
120
2494
3595
2541
1658
499
2747
1313
4013
770
2852
1857
790
267
3526
2521
3345
2036
52
3884
1300
3418
3294
602
2618
743
1965
3640
3550
2148
1439
2940
1087
229
2001
1434
1879
2352
1768
1770
3152
2043
2566
868
1053
3073
867
1621
2739
1574
622
414
1241
3304
758
331
181
2006
4079
13
2895
2376
3679
2322
4009
571
125
1609
2710
1979
2787
573
2434
1126
2934
1748
579
2041
3759
2772
2502
3717
1255
2765
1522
940
1512
1189
1984
3851
1073
730
3059
378
3840
3532
3307
1295
2168
81
2278
1791
2493
4060
4018
2680
281
129
3890
1684
1811
3186
2357
891
3311
3066
1822
2839
2987
2793
2815
2881
542
2605
2648
3562
3296
1433
955
1132
2259
2818
2697
475
1506
2813
3505
3820
2838
2509
2516
580
3257
2195
560
239
1673
3752
805
3014
4059
3638
478
3002
1124
3647
1070
2804
1194
3503
3005
3780
649
3025
3769
2413
196
990
796
1422
2012
827
785
3134
188
681
2941
3110
1286
1222
2004
1368
3196
2473
399
4050
3047
1243
2602
3894
1
2130
2025
184
366
2395
1968
698
3098
3725
887
3115
2985
3303
3153
474
1311
1881
255
253
1345
1955
3145
2807
756
1199
1692
1725
767
3844
1810
1549
70
3520
422
862
4006
992
3269
1624
435
3745
1320
3410
3834
1412
952
538
510
1425
3220
1545
2015
740
3354
2173
2894
3816
389
3616
1696
1950
4067
2321
3810
2976
1326
2291
2095
3832
2614
1125
3386
2599
1693
1172
3726
1944
2666
2458
2467
1943
3052
2016
2726
3032
2630
1226
686
2733
3078
3448
2011
2333
451
3202
1216
3253
398
1211
872
459
2254
3444
395
3004
999
2320
991
2568
2511
3895
248
1186
287
401
213
1007
126
2267
2962
1438
3976
3907
1683
664
3044
3545
2900
3018
679
3457
3990
2526
2893
2090
2052
2419
655
2993
3328
3020
1316
731
3544
3912
2221
1999
2427
2939
1499
801
2670
3571
4058
1592
2384
194
1160
3607
624
4078
1623
1303
907
3242
816
4047
815
4038
4016
3522
2578
1146
1982
482
1458
2819
2520
2835
908
822
72
487
3424
1106
1995
3099
835
3847
1156
1036
3385
794
3118
2722
895
1922
124
3041
745
1224
613
627
1231
3729
2908
2436
2859
3675
3703
1201
192
1678
2872
1443
3706
3874
336
612
1741
31
3845
631
2842
2569
1233
893
811
1002
2523
1322
3507
595
3926
1348
846
1872
2626
3227
727
1576
1738
2065
2727
1069
3864
2123
1130
3839
1915
519
3863
3482
568
3739
1993
2495
1378
2556
2024
3434
1958
3261
49
2581
1503
1382
3350
618
3792
762
890
2480
1625
2837
3585
7
2571
3324
2262
3255
2864
1108
167
3722
3226
1081
3318
2042
2824
3543
2810
1178
1187
1636
396
1954
2119
3138
1351
3080
1057
473
3641
4053
224
2214
828
2956
1457
318
1536
476
2544
2459
2106
1555
738
3812
534
2060
644
1305
1923
484
987
1318
412
837
3206
1653
2387
2110
3838
3160
3525
3216
2978
3453
1976
160
483
3179
584
4007
347
2111
1876
1355
2286
3632
1566
3772
536
2433
2114
547
374
3277
2990
3127
2288
1111
216
576
314
3415
1706
3007
4022
1637
1597
257
2447
34
3581
3288
2512
1931
1449
878
1787
203
90
1155
3343
2794
1092
2921
1845
3738
959
65
1605
2144
2791
1562
230
1197
704
2687
663
1591
430
1164
713
3356
3396
1824
1595
2880
1814
1602
353
3705
3567
1376
2010
1835
1904
262
3164
1038
3443
3510
384
2780
1184
2973
1043
1042
2534
332
2964
1102
3841
2339
968
1260
1945
4077
1112
1766
377
1649
1261
592
3026
2057
164
1468
844
4019
2325
3397
3970
2294
2300
3149
1472
2929
2108
3167
2453
3857
3122
3670
200
199
445
2083
946
3105
3248
40
3065
1782
2050
850
3805
1870
3487
1790
2572
468
3512
2658
1633
733
1372
2577
4062
723
1314
522
3445
1165
2775
2530
3232
3656
980
752
2239
3409
294
2063
2251
1011
4081
2217
2149
112
2762
2277
2047
3342
1202
1292
967
3403
1365
3602
1176
864
1850
1268
2475
2033
2213
1097
2531
3054
3604
689
3256
2
1424
2222
212
2546
2448
1571
3733
2497
3664
759
630
2686
2105
3663
1635
1848
3120
1006
984
1409
1490
1816
73
2600
4061
135
431
1691
953
2138
3260
2375
2305
2812
3986
1384
2616
1012
1381
1757
4075
3973
795
153
865
78
621
3692
2633
3461
1583
1120
786
1804
2002
3950
876
4011
2759
2849
3515
1024
3669
1139
2220
3633
3920
1742
4012
3655
1994
3106
3554
3028
1974
1127
2924
2035
600
1557
3495
209
326
2207
3129
1654
2720
1849
3823
1397
2235
1798
68
142
3408
4076
4090
3286
3189
771
575
2986
2724
2443
2031
1843
1398
3796
1568
3352
3305
2522
3498
241
2844
829
1307
3360
853
76
2524
342
42
3803
3266
4084
852
2308
3564
1009
1089
3027
3
958
1004
2684
3497
3611
817
1616
2743
134
1284
1903
943
3891
3406
1777
629
1391
3711
3102
3299
2046
1882
1547
2203
3949
1471
1163
436
3017
1622
3658
1871
218
909
2257
3135
1909
1377
860
1162
2030
2005
3492
79
913
1440
1394
3223
2800
3238
2326
2007
1496
2955
1359
2431
84
3351
2179
2789
328
3758
2753
417
648
504
2186
3871
2385
1985
1593
3791
3427
1396
3653
1340
1054
1280
3744
3316
1707
888
2977
3088
3975
656
2145
1395
2528
3132
2947
1170
3095
1528
1034
3062
306
1709
2346
1144
2199
1341
3479
2393
3184
2624
949
2176
1655
3446
1631
507
3661
3549
3646
3610
1573
1072
410
2223
766
1435
1585
2937
2785
1764
2416
996
1460
1760
1589
3597
2350
443
2873
2930
623
2905
2211
2342
2518
3384
3222
1470
3534
1091
2902
1119
2488
3946
2698
1546
114
325
1256
288
939
3030
481
317
3577
2241
204
277
406
1014
3388
1393
3364
2802
3348
3262
3797
2952
993
108
1429
3420
302
1861
841
2570
1079
2296
1447
1254
3533
3365
1148
2543
1487
48
1744
453
1416
1661
2539
3708
2464
989
1206
3447
802
3436
3583
1694
211
3979
1279
2292
574
119
1588
2150
1085
3009
2729
1533
3809
123
3683
3359
2334
1058
1385
273
3860
1161
3046
2903
2982
2299
424
823
2584
3280
403
1100
3750
3556
2716
1812
2555
2679
249
106
1383
3049
2629
77
565
2922
4065
3460
2094
104
695
1115
3131
2768
604
2834
3798
2437
1281
3856
2039
3439
838
2856
2324
3877
531
466
308
2714
3053
2951
1209
966
1783
3210
1776
734
1967
92
2574
1055
586
1237
2640
3819
3974
1247
1310
3221
3172
2603
1380
2927
728
839
851
2490
511
3885
2232
171
3092
3828
2188
226
1171
3055
626
1134
539
701
1131
1569
2247
3620
1109
3224
2627
1402
1559
3230
833
2194
282
3219
85
1446
1204
1961
222
2953
3321
3112
2335
3282
3684
3376
1456
3943
3807
3605
1960
3412
1722
3878
3888
1166
2432
3589
3417
3587
2206
2157
3310
3278
1840
254
3038
201
3761
588
1898
147
289
1411
3782
1617
2456
2426
2072
96
3449
1888
4002
2013
3249
3335
4028
3808
1217
390
3989
2879
1062
2968
2959
3140
578
3931
3400
3363
3774
2823
1492
3263
2400
2836
590
1815
2814
2868
3737
4093
4052
3157
1257
2870
3250
2303
1630
894
3462
2965
3283
1521
2382
873
3988
3056
3637
1731
810
3057
2631
652
240
1715
615
1259
1530
900
544
420
2293
1761
1669
2045
661
3334
1666
1010
3942
1890
3111
3441
1662
1779
2756
2795
2184
2998
3141
964
1389
2070
3773
3203
2274
1267
925
1813
2563
3484
1703
1632
1235
1473
2141
3524
1785
4057
3814
1966
546
3411
2635
2583
373
4023
3016
1179
2462
1353
2097
985
1700
3276
1486
814
607
2613
4021
3337
3401
2776
207
2390
3159
2809
1098
1185
88
3485
67
58
3194
3330
3361
938
2264
456
2632
156
2992
1643
3928
4069
3592
1016
3336
557
3693
674
1721
3977
2439
3635
3911
2984
442
425
1886
2846
2918
1946
737
1959
1431
950
1214
3218
2767
1971
2760
1582
2328
1600
419
1620
3181
1763
4082
1980
3192
930
3811
1121
3644
2355
1867
3051
2307
1688
107
3614
883
1495
3732
757
1936
2932
157
1563
3922
3212
162
3124
1432
3458
935
1565
3523
3353
920
905
3938
3371
1628
2806
165
2177
321
1682
2552
3204
1047
163
1104
3709
610
2280
4073
2667
1448
297
1598
2121
20
1147
4034
2681
2551
3239
2137
2338
3659
2423
3790
1778
97
2966
1750
2026
1093
3100
834
189
825
3566
344
498
3795
1611
63
3716
118
2129
80
3320
2904
2347
2936
333
2379
3983
1418
1759
341
3665
3329
4035
3609
2117
2763
362
3247
3142
642
75
3967
2484
3362
1302
2820
2721
1025
2163
2185
2738
715
3694
1604
335
1419
3156
3425
5
98
3853
1925
3478
2826
874
3391
787
3754
3948
3518
2933
2848
798
3150
650
2424
2287
3389
154
1794
2365
567
2719
3954
1426
2284
2706
3768
3519
3642
3643
2392
2659
1252
884
1996
450
3285
831
2784
2370
1714
1020
117
3207
821
3757
3960
836
247
1747
2197
1258
2843
3235
2664
2479
1084
2559
3599
1788
3274
1334
4071
3268
394
2761
1529
367
772
3326
2582
3654
3128
871
232
969
3022
2348
2468
861
2950
1578
1360
3727
2266
1015
1554
2889
2218
892
3824
2979
1825
706
3003
3244
3897
793
3058
933
3070
2643
2167
3502
2560
3941
506
3432
103
256
1113
562
223
2673
3799
469
2501
2783
2701
690
3466
1040
354
2187
1969
721
2418
3215
122
2685
2850
2788
3952
1579
264
2742
2018
1056
2336
1052
1724
3934
1916
1321
217
998
1143
2878
1030
3442
4030
2240
471
2712
4043
2677
1517
2774
3590
4056
1094
364
4042
1935
843
1846
1728
4063
446
1083
1883
1325
1082
849
1560
2535
53
3521
779
637
360
657
1701
149
716
1461
3985
753
529
3287
3980
2708
2312
3882
3652
1618
3833
1851
1539
3539
921
1195
1644
4087
3254
266
2380
2911
2656
941
1356
1924
1128
2608
1735
491
973
776
2935
3751
2255
1333
799
2154
2707
3756
4046
3854
2912
2896
2481
647
1670
3407
1509
330
3313
1992
349
901
312
4014
136
3906
915
2397
2751
3501
2283
2660
2444
3719
965
2113
2725
3662
789
9
17
2142
808
2620
1739
931
1772
3107
1894
2703
3753
3416
2281
263
3636
33
3622
1590
1567
2405
1712
244
3270
388
2882
2358
3961
28
2268
902
3133
198
215
2675
130
1370
1543
1181
3090
882
100
1686
3781
619
2865
3459
3767
3093
1293
2089
3676
1948
371
3121
2734
537
180
2744
270
3596
2391
2356
2125
1937
2290
2983
550
1273
276
2621
387
2499
2693
2115
3613
3915
143
1745
1046
25
3682
3700
2196
1469
2654
1933
722
94
304
3188
1981
1832
1168
2510
1066
1510
3813
3177
3639
2975
899
404
2100
1287
3147
2750
2996
1855
2318
242
278
2388
961
1465
1374
2425
237
945
3158
2404
1242
572
3830
929
43
2931
3067
2715
2210
4037
1940
2409
428
2260
41
1740
3381
3455
1051
379
3297
2200
2906
150
116
3246
1225
2771
2160
1364
3301
148
3735
2028
2378
1028
3237
597
359
1713
3169
3886
1534
983
1358
3369
502
351
3546
3483
3783
2999
1556
105
1232
1508
1792
2067
246
2579
3558
1324
611
3236
1527
2683
3023
3489
1753
128
2112
46
2371
3034
1441
2871
3456
1379
1228
3481
1362
1710
525
1570
2944
1008
1000
4026
3842
2316
2023
3368
775
3802
61
840
3899
645
2389
1198
2253
2730
3470
1018
1367
3039
2746
429
1141
2731
1240
2225
1702
3289
1807
1793
2492
3382
2080
1482
1138
1862
2915
2830
3822
1732
231
922
2728
3185
2585
3474
3932
1414
152
2454
986
1671
1029
345
64
3866
2178
1459
3380
1660
2190
337
4051
818
1149
754
110
1957
140
1665
185
19
1913
1152
3872
324
635
928
570
665
3843
2386
2489
3170
2840
806
2265
3794
633
3657
2381
243
1238
3627
1436
755
323
109
1500
4020
1335
2958
3603
2498
709
2472
89
2116
3865
1912
3540
1078
3228
2536
32
1875
2898
3710
1285
252
2500
2069
1865
3084
2261
3913
4044
3273
2234
2469
3060
880
2055
3010
2193
3957
3697
3475
29
283
2636
1101
1464
495
688
1553
832
2215
545
1663
3741
1077
2576
295
1483
2133
1859
3572
2562
3848
1874
3861
3804
315
2897
3374
291
3972
1049
3617
4049
258
563
1282
3370
2147
179
1266
3896
1107
352
494
397
1099
3086
169
678
1718
2275
1733
1386
259
1934
1301
2883
1752
2056
2314
2709
797
680
2478
1619
21
2343
1803
2862
1914
2593
2298
47
1076
1323
4
3959
4088
269
1989
1427
472
1736
3530
305
1550
3867
2317
2485
869
3584
866
732
3817
2557
3506
2690
3821
3787
1444
3862
1219
3668
2422
3258
1067
1820
4036
3377
3211
2816
2166
1262
2755
1535
3674
51
3651
2828
2514
3064
496
1885
225
1223
1587
744
1837
1586
2610
3963
3547
3072
4091
1026
820
3293
1818
1659
3323
2995
1646
35
316
1263
1061
1023
2415
3126
1537
2209
1065
1027
1343
2273
3413
3887
4039
1212
1123
233
3429
1900
2561
2914
1575
1708
4054
2650
3426
1157
2642
3910
2805
3279
2124
1719
1485
250
2674
1129
2074
1866
3465
3630
3916
669
1513
3837
1218
3195
781
726
708
1938
710
1580
4070
190
1518
3969
1221
3213
561
1829
3463
3045
2143
1203
1952
3043
500
3271
3981
1956
725
221
2351
3031
875
3776
1614
2440
1309
3050
2989
2136
981
2567
3615
1095
581
3686
3069
724
2394
463
3645
2449
3858
1751
271
530
3454
3275
1699
1404
653
673
2799
400
3036
2601
3225
3779
2545
2972
670
1347
889
3344
365
1191
751
3187
2669
2122
3190
1270
1375
632
2406
1192
461
458
2752
1975
2465
1970
2228
3715
299
59
3029
2079
3137
2450
1251
3971
516
972
3490
2790
1860
2886
3994
27
1410
1090
3762
2661
2270
1520
3962
3736
2619
2034
2421
2361
1474
1071
1949
3591
2913
3789
38
2258
3315
3358
554
660
2401
1511
1781
641
1475
3945
3068
3965
3818
1344
1997
877
2049
4086
3940
1033
906
1680
3229
1920
3309
3302
3405
2676
2429
970
2460
2219
1114
497
2946
2120
3908
1088
3113
3763
608
603
2417
3312
2430
3936
1687
3718
3939
2135
4045
1927
3491
1041
3394
3778
898
3870
854
1910
3295
151
2758
329
971
2077
2857
2061
2399
1328
272
2723
485
1399
486
636
1762
319
549
1205
3173
3414
3450
3094
3243
3955
1743
3245
1758
748
3690
2860
2353
2172
2263
2948
2786
3114
2340
358
691
1729
1986
1802
556
2754
3806
2302
2542
340
3119
93
3713
3846
3673
339
2885
4040
2988
3704
705
3793
1629
2053
2773
3201
1150
2020
3108
454
2040
3209
1799
1437
146
3968
385
2565
3529
286
1158
2058
3125
2127
2175
334
3608
1354
3889
292
3667
3764
1332
2651
4015
1369
2474
227
320
2919
300
2607
1329
1136
3579
350
582
3430
2477
1330
2974
897
3714
3598
1657
1515
490
1638
2099
3357
773
3905
3929
1491
3176
2682
477
2153
1060
1159
2909
609
74
50
1730
3836
3995
1153
83
982
589
296
3154
936
1455
2003
1116
3404
1401
2306
1154
1272
2491
4083
1366
2770
1068
3517
956
426
2907
4080
159
2942
960
596
2745
1734
729
1841
2861
2062
3731
2874
2170
3687
3924
2398
355
3625
3198
2822
2128
2827
1939
2549
2098
2483
37
879
15
1207
1417
1363
2309
1615
1478
553
3827
2014
3730
2282
356
2884
3231
910
2672
2441
824
55
3042
1689
3881
3123
760
2609
3298
2757
3233
1227
509
2625
1561
4074
376
3573
513
2244
275
2368
1769
3628
2637
1863
1479
3826
2689
741
1019
2237
1339
1674
978
2181
625
3553
3724
101
1064
1177
736
1572
268
2174
3264
1048
3978
1612
3574
617
2075
3097
3085
3499
1642
3096
427
2164
3496
2969
4029
4024
3875
1880
1906
121
2553
437
369
3341
3117
1677
1672
3784
3035
348
692
1050
1551
1647
1294
3626
1541
962
1626
3494
236
3144
2248
3077
492
1532
1844
3982
3259
3019
782
1415
2769
3234
676
2236
2435
4025
99
2085
2086
1977
2504
370
926
2088
643
2396
1291
1481
2967
1690
1737
3649
774
1795
859
3087
1167
2008
3079
1755
2532
2051
1193
512
2604
2059
2445
1558
3469
1005
605
2496
2926
1361
3557
1786
2991
934
1877
535
1489
3648
1596
2407
2285
447
2367
1003
2506
2594
3387
903
1022
3991
598
3993
3565
2540
2279
1001
2891
1930
3393
1873
3576
2917
2455
914
3012
327
3300
1540
3997
638
1809
2330
2741
3953
11
3513
3721
699
505
3383
4089
166
3074
2029
493
1839
3876
4096
452
812
3214
3076
2740
3379
1405
885
1250
3707
177
1137
3712
2525
238
1523
1421
158
1249
1133
1246
3178
1253
667
2076
2597
219
3217
1676
24
467
4041
3402
3182
1951
8
1911
1548
311
1774
405
3958
1462
3538
768
1190
924
3438
1746
193
391
4068
3695
769
234
3666
1044
132
3925
2373
1269
3766
988
2362
2084
10
1244
746
2853
480
2645
1884
1838
2446
719
3468
533
1039
1727
711
3698
1450
251
3319
4008
1110
489
1531
1754
2692
1264
415
3555
1035
1601
357
3947
1991
380
881
2831
3996
1651
508
1075
2920
3835
2705
830
2082
2457
543
1947
1987
1299
2691
551
1463
886
1234
1640
1103
2537
3904
3786
2161
113
2863
2782
3688
780
3200
2461
1720
1928
3601
2589
2617
3618
937
3048
2363
2971
1908
2963
2858
82
1213
2652
1698
693
3290
2466
3493
448
804
2009
528
338
3699
566
439
1180
2892
3689
2945
3734
696
2212
1337
1423
3677
2315
2623
2558
911
4072
455
803
3850
1392
1723
2081
1451
3166
2319
1607
3964
3650
3873
322
3541
2505
3901
707
526
1828
1032
139
3208
2695
3770
301
2980
1892
1278
2019
3748
2216
144
749
3367
654
3398
3999
145
1467
3372
245
3527
3883
1929
714
3785
601
2665
3551
3992
1017
1852
2037
994
3621
3563
1453
1599
1668
2649
1271
1476
2644
2803
2246
2471
1525
1806
2832
932
616
792
197
210
3914
2301
3165
465
1889
1613
4032
1610
2954
3366
2183
1784
559
1504
718
69
2269
3104
593
1140
1403
3000
1542
2887
2152
3760
3103
1608
1507
1836
2711
2841
3723
4092
2066
3174
3619
1775
1942
1964
1639
1627
651
2696
168
2233
284
1505
784
2766
418
178
2231
668
1220
363
2981
444
2156
4031
3378
826
685
3390
957
1484
3292
763
45
102
3314
2527
515
4010
3937
1406
951
684
1466
3422
2486
3747
3868
2229
2311
2182
2829
3116
1847
3476
402
2598
1477
3623
2533
3488
2943
1765
2781
1897
1135
3472
202
2329
3308
2201
1230
847
3183
2732
2821
2801
2344
2242
2997
183
3241
36
1117
2877
3749
1319
3586
1215
976
280
1277
279
2718
1327
1907
2854
2442
1808
2713
2054
2103
3552
569
700
2798
3071
3013
2372
2641
2071
383
750
2590
3849
2508
1823
206
3063
587
2204
3162
3998
2146
848
2032
3893
173
3500
3428
1796
1827
599
2383
1756
524
2230
176
3431
1962
2928
479
3582
2238
