467
405
1850
964
794
1205
735
389
167
1486
1302
1208
553
667
1338
1712
1058
34
472
967
848
464
1317
680
968
346
146
1397
821
209
619
1174
724
1124
1324
356
220
2017
1423
744
1877
260
1627
470
1249
359
500
867
1555
1618
1446
246
1548
1088
1775
2004
1270
1344
32
1257
738
590
280
567
2042
1800
1802
957
383
912
642
1131
1465
977
740
307
1847
1990
1357
1541
889
1029
28
1824
1693
50
1542
1182
1754
708
315
1480
1999
715
1821
659
1433
930
1872
337
731
1454
151
535
933
924
128
955
1659
250
692
16
1453
1479
1995
2011
1748
1998
21
1391
1932
1342
51
651
1386
1452
1353
1730
1667
1073
865
693
1989
1219
645
630
113
263
822
869
819
737
627
449
956
911
414
1275
1161
1272
554
1783
2043
1476
1020
351
276
961
621
53
1928
658
959
707
288
915
851
428
922
937
376
1864
1017
1070
946
591
1178
741
142
1945
870
1988
1947
1549
166
1318
1613
596
229
1085
1868
1235
1474
971
423
259
237
828
417
1650
1057
330
42
1437
660
1520
529
1603
919
649
1964
1498
290
369
1299
1291
641
463
393
1382
1660
920
1946
1006
332
1123
1615
131
1439
1336
1428
2021
1478
882
410
1611
716
1918
824
906
1102
373
1488
1379
770
749
325
1806
712
1633
1279
700
1330
683
172
546
558
1607
1676
1252
579
1943
1263
1900
1930
1830
1371
1886
1609
210
736
183
812
881
177
127
1700
1160
996
185
921
1125
321
1055
116
238
1126
1186
669
788
135
285
1144
1557
1276
502
1867
441
1351
1490
934
1938
836
545
180
757
1790
1220
1362
1925
1878
63
1661
801
218
1004
533
1740
282
1570
1760
138
603
453
1378
126
1455
1311
109
119
1589
486
805
989
1313
1366
322
523
926
635
1796
726
1482
910
820
1268
1929
903
1825
1456
1710
1021
1444
1913
2027
1381
1911
1732
1089
1540
750
1530
1003
816
1818
105
1940
382
1739
1882
813
1703
1842
314
706
1445
1534
226
620
1305
1655
1794
1958
755
1853
1143
318
406
1146
2024
516
1282
1044
415
1535
1894
1199
1859
1442
1625
231
72
1506
710
1665
1780
244
431
2044
1544
893
41
96
1637
475
1690
1805
854
1657
1060
344
252
1574
611
1889
1096
489
241
818
748
292
427
958
1065
203
681
104
416
1950
1288
251
1142
646
1822
1582
1012
2010
95
1034
184
1707
349
676
1227
806
766
1849
1260
1852
688
73
1122
68
1584
279
141
1813
1147
1654
1595
1035
993
74
309
1247
992
751
809
1906
1899
215
787
909
1183
115
1326
266
960
1749
6
644
1501
1152
684
200
1359
1562
855
576
609
1723
975
1485
1841
1287
1986
785
584
495
1229
524
866
519
784
1511
1319
101
965
1198
1339
1573
338
1072
1784
1471
44
442
1674
674
1566
1898
1564
1937
1812
1763
367
1994
1996
939
1243
2046
763
1979
340
1181
159
1191
1572
887
1469
541
2016
758
1944
617
362
1414
728
1173
1278
1680
800
18
1177
331
839
1087
25
962
1376
860
399
90
1799
478
1863
29
1866
1038
657
538
118
493
1745
1756
219
1384
1083
581
299
1844
1388
84
1230
233
823
2029
896
334
1328
568
631
1267
1187
283
1050
1971
673
1905
551
526
702
1461
2037
1897
782
2047
277
1163
1984
492
2033
35
923
397
513
1977
1013
1207
400
1232
1053
577
270
639
254
248
178
1643
1510
991
1323
539
1992
2008
1436
1970
640
534
446
1425
499
1014
329
1714
202
512
1361
1699
354
1169
1024
1692
653
1
1919
532
510
1789
1664
845
509
528
1356
70
1354
1870
1430
767
552
721
1505
995
501
525
2036
1248
518
1512
725
656
682
355
1285
1957
1959
1438
615
1941
864
987
302
163
43
2031
1404
1201
1489
796
938
814
876
295
2012
391
953
1910
1935
490
22
1810
1717
1139
698
267
1883
1334
1309
264
885
776
1246
1536
592
1648
137
1528
1963
775
1495
176
1171
665
46
1138
1955
207
381
1233
1976
974
477
2026
780
1244
1686
555
1036
120
110
1153
1277
935
747
230
599
1298
1949
614
261
572
1758
286
1705
1226
1704
187
1981
479
1245
1522
790
1039
265
1880
2048
1516
873
1616
1508
1594
1593
1795
914
94
1901
1499
1209
58
480
1458
23
804
1523
1061
1281
394
589
1158
886
633
998
858
1770
2040
425
7
608
48
1629
811
91
1155
2000
1315
311
33
211
1466
1777
8
1100
1601
1747
1731
520
1908
1907
1815
1576
287
198
1236
1197
1082
1274
1831
1392
1688
225
1658
610
1322
10
1666
1372
1972
1005
474
1114
1568
762
1939
1646
1926
2006
1588
129
1393
966
154
612
503
462
604
662
1855
638
2009
227
420
1606
1231
448
461
1167
696
1858
1596
1190
1449
347
1628
89
1484
1206
1757
1049
1832
297
1752
1011
1612
768
452
1885
1610
1820
1677
1708
1475
932
1993
587
1531
618
1860
2002
1105
97
1924
997
872
1030
1451
345
194
1861
1468
1327
1848
542
561
1808
19
531
1902
844
235
1332
842
1517
1764
494
258
863
548
398
1503
468
1467
583
271
543
745
181
350
456
908
1426
772
300
1154
1422
1953
1759
550
508
1157
55
1726
158
1271
1656
588
1224
1196
1519
466
275
485
1195
1966
1262
817
224
426
1269
1204
1264
1398
281
317
83
522
1300
1068
488
1753
1127
1786
978
1148
1481
1718
936
969
189
1980
360
1904
92
82
1554
954
1159
2001
643
2034
268
27
45
1552
85
1184
984
304
1031
1762
1150
537
1132
1788
1080
562
1787
1470
1069
1685
1891
88
56
1550
387
458
1415
711
328
15
249
1876
1804
1140
52
695
1084
1164
831
1583
175
1954
549
628
504
1396
1669
1407
1335
511
1462
951
943
1046
208
1333
66
93
1778
830
988
1254
1771
2039
1043
147
1733
678
1304
1875
411
1581
1094
77
169
1854
1364
1325
1280
320
690
384
2019
81
1663
316
1743
1416
2025
629
647
1420
1874
1375
1561
949
305
709
1809
484
1395
162
1101
798
1037
1624
1261
1706
60
563
1133
421
1828
1028
1617
1591
1546
1951
764
1909
1539
469
1000
1203
1811
1149
1834
1931
1459
1632
713
1033
1383
1734
699
1048
797
931
1118
1738
339
196
114
569
1107
570
890
746
491
192
240
301
580
413
1286
1518
1578
1346
1504
1720
1492
1565
1477
857
1042
1284
1701
994
1912
54
861
186
1349
1725
1360
761
1585
1387
1496
204
1765
1331
1721
278
1884
1408
1696
613
1767
1441
61
49
1367
296
942
1755
1698
1645
1092
1716
1027
206
1621
343
815
1002
245
685
5
2
2032
205
571
950
986
752
1427
888
1567
1728
1417
1240
1761
197
600
897
1681
190
335
150
1008
1347
1217
573
378
1845
928
103
47
507
1447
433
1513
1493
945
1078
597
1019
242
1697
439
1642
1803
1040
769
1225
595
1553
36
1018
1538
1817
810
223
1983
1329
781
1507
1424
799
1079
1965
284
9
1500
1211
686
1742
2003
1460
760
754
1502
1590
1835
1097
585
1377
396
742
838
1307
1727
652
1218
826
578
310
602
1683
636
868
654
1792
1045
1651
1312
361
1091
1228
980
694
847
1289
941
1358
999
1975
222
982
1210
727
1103
272
834
424
1394
1888
432
913
753
859
1016
717
1689
972
1443
1026
1370
1301
12
117
2028
565
1273
1119
675
236
1056
1222
1641
1041
1090
1215
1343
1620
733
606
1851
1193
1110
560
1062
718
1032
348
1464
843
123
1363
201
1434
1580
1640
1826
1109
1797
1614
808
217
1741
1774
460
437
327
1819
1563
1586
582
1431
1141
1772
1623
407
981
1856
783
482
1251
140
1400
559
1840
1639
212
1099
1112
1769
506
1081
1857
2038
720
670
454
623
1673
833
1869
1294
1600
1130
672
1306
1532
1129
1978
650
380
1933
1801
1239
1779
1729
418
1179
792
1630
1071
634
476
900
862
664
556
1967
319
1644
1672
161
79
1974
1188
1472
1619
1212
1015
883
1521
1463
139
952
1551
616
422
171
57
1483
1827
132
436
1076
372
1406
153
1768
2020
1137
107
336
1314
601
1095
443
1440
1405
2041
232
756
164
1751
228
778
366
40
130
133
1781
375
100
765
1807
358
1936
1216
637
1724
2014
1736
557
323
894
1916
1679
193
774
1259
1410
108
1814
306
521
1067
216
544
1694
701
1605
1214
1399
1293
1093
69
1636
1893
837
1514
1054
1653
1001
390
871
481
326
136
1711
1798
1839
704
1785
371
71
30
517
1221
1321
1369
1652
1558
734
687
663
368
1116
793
497
729
1962
160
1668
156
786
269
1401
255
1791
1010
1529
487
626
1526
1202
1283
907
1237
586
291
1987
1064
2007
1098
878
1296
689
445
374
11
884
1682
1921
1348
143
927
1823
625
877
1865
1597
106
98
1942
1074
308
739
1487
144
451
1537
904
1242
929
1106
1833
1766
2015
1923
1598
677
24
1290
1896
17
1968
1168
852
1165
530
1631
496
892
947
1448
948
1556
593
917
722
1051
4
880
1491
1075
514
87
536
1638
505
173
879
1066
605
3
1350
1687
1047
352
59
1234
353
1025
213
124
985
312
1352
125
388
1111
1961
850
1086
333
791
1295
1180
564
1255
111
363
1782
624
122
1413
444
829
1695
1175
1545
386
1622
944
1241
273
1120
1340
80
1104
357
370
973
1634
1969
703
1927
1403
841
691
1059
64
902
1170
1887
401
1973
1773
899
364
408
447
379
1793
1746
168
243
1917
1715
719
730
1022
1185
795
2022
365
925
1297
1635
773
234
598
1419
566
666
1579
1920
1308
289
1166
483
1525
901
1389
1846
1719
918
1890
875
148
668
1997
434
1176
1457
253
898
473
1156
2045
2013
771
1881
1223
39
179
1189
1649
1722
1952
874
1194
1604
313
247
430
1337
102
1368
1713
1412
13
1390
2035
697
1662
1121
457
1934
1533
1838
1320
76
856
38
1599
1571
1737
2030
1671
221
1776
78
274
849
157
1816
1750
134
1355
37
1678
62
1115
1702
802
471
905
1113
2023
540
1292
112
1192
840
1985
1843
1341
622
450
419
149
779
298
1543
1432
1895
1429
1960
31
1435
412
547
377
1915
1108
1744
803
155
723
341
1509
303
705
1873
188
459
294
404
1310
777
1253
438
853
1684
385
1135
429
983
655
14
121
1411
1836
679
1473
392
67
1385
1691
515
26
1587
1450
324
789
2018
1265
1316
1380
970
1077
455
1862
891
1592
342
257
743
1837
916
256
1982
671
1577
1345
465
1250
1560
1200
191
498
435
195
99
1709
174
976
832
1007
1922
1547
214
403
170
1608
1162
1303
1256
632
1879
1409
963
1023
1948
714
1213
1602
1134
1956
409
1117
594
1258
1128
1494
1515
1063
1675
1136
1914
607
1374
759
575
1647
440
732
1569
402
1871
86
1626
1402
152
1145
20
846
1151
1575
65
1903
1172
2005
990
199
165
1418
1559
835
1238
1266
262
825
145
1892
827
895
75
940
1735
395
1497
574
1365
661
807
1373
648
527
1829
1009
1991
1052
239
1527
1524
182
293
1421
1670
979
