9
843
1071
883
1048
42
28
1560
1405
881
656
1508
1188
787
1749
1948
536
418
1702
514
23
1450
366
721
313
1518
1411
1135
765
75
1413
1191
675
1931
1817
2
1768
714
1378
596
1804
1368
2037
1426
770
287
542
494
1648
1443
576
1377
167
228
1790
594
1601
1698
504
445
456
17
1432
1542
372
687
198
323
978
1521
2044
1036
561
1582
358
948
1919
332
1271
1013
483
2031
831
690
1111
44
940
1004
1451
1765
22
1103
861
2034
902
68
126
1170
1256
265
528
1576
717
2010
920
559
1520
1952
1684
1966
169
1395
677
400
1074
2045
555
1813
93
1006
668
428
1159
427
766
850
1342
1225
750
1356
365
553
967
525
476
1677
1699
357
2047
301
989
775
77
1892
1745
1134
1416
898
1753
1101
870
1935
588
1232
1564
458
1566
916
389
1304
272
214
1998
1094
1995
468
706
1571
857
1373
462
52
1786
1497
1671
96
914
261
387
1841
1857
153
402
395
163
361
1236
1751
142
1472
1126
1222
1237
791
653
1824
1658
1465
2035
94
164
1555
469
678
1730
693
1300
194
1330
2043
222
1512
1359
209
1119
1689
1921
1010
1399
196
568
1483
768
1412
299
1621
378
567
1086
896
1660
780
1939
487
58
1778
1771
1303
185
748
1528
1172
1310
1439
70
1425
1534
868
1575
1455
1109
1475
83
1787
997
1740
478
1147
330
1673
655
1509
518
1682
1240
890
1218
170
985
1686
1962
1234
1794
133
1120
1221
1415
2041
12
1031
879
1124
251
1634
1199
219
1166
731
680
1444
820
88
1292
980
162
1644
1876
1105
1536
1314
1874
102
288
947
417
848
901
1296
1127
1867
1272
1295
2004
405
1662
99
1744
1548
1402
2017
709
1834
1540
1238
1056
1930
1735
1663
1337
1114
1996
229
1107
742
513
535
172
1944
1200
1573
739
1737
1897
1408
1096
1731
616
208
1020
1266
1608
1213
1481
1820
1305
1448
1797
921
828
1906
1558
1385
2038
97
73
1752
1398
1388
1884
237
424
1203
1557
1927
1097
450
1692
1113
200
795
1565
519
1189
971
1886
1007
403
205
590
769
558
1544
25
1788
672
1872
410
437
657
1785
269
207
381
1051
912
593
479
371
1050
1264
2007
1344
128
705
800
884
186
1895
1668
230
1035
611
1932
1951
235
2001
1674
1241
540
617
1657
582
539
772
1858
1486
1866
998
396
654
905
1934
1515
1980
1291
1209
397
1725
1281
701
1852
441
391
14
1353
659
442
21
63
778
1579
1912
244
1531
1916
715
1748
1623
1550
1530
255
1351
824
256
670
1605
928
1977
1153
1286
532
1696
54
1764
1223
1206
1590
966
1461
1999
1333
1552
1772
734
1538
1320
1614
1034
1559
435
85
206
604
1162
1878
547
184
56
388
60
637
1727
1038
581
950
356
1733
1688
781
1433
1252
698
1890
300
869
809
1821
109
844
1478
560
1174
291
1592
2029
926
2027
406
1708
897
1835
683
639
959
583
1632
894
1187
210
1665
774
1631
1350
1776
481
1940
2042
240
1496
1964
1393
161
1633
612
648
1818
1115
314
1235
1612
125
1039
292
891
1527
1767
1645
10
1809
1254
1244
1471
51
74
783
151
1196
1080
1728
115
137
543
1716
1711
254
213
1027
1643
521
893
1922
1887
165
1543
1615
572
1842
78
899
1217
679
1650
909
1847
342
1129
293
312
2009
1268
1734
523
425
652
197
1505
1721
359
889
863
1441
217
1800
757
777
1681
1302
199
1769
799
1
1258
1840
1879
1981
1819
1365
1653
1055
1811
1529
1243
1348
1066
1553
546
1284
1319
681
1352
1816
259
1622
1898
415
31
270
175
331
463
941
1150
226
48
449
2026
520
1923
826
297
1338
407
1556
470
429
1392
248
225
503
1941
1828
1798
218
910
1661
2025
87
615
1026
1070
1654
1984
2014
1495
1459
790
949
1151
1860
1616
1871
996
451
1845
1849
471
1992
1533
113
1421
1899
495
664
1363
1078
1230
1812
1029
1249
227
699
61
527
642
1106
1865
3
1585
384
1568
1773
2036
1128
1104
1042
740
453
619
426
1173
1487
882
1709
1090
1656
880
1002
1163
1340
1979
337
11
1257
1275
452
692
1341
1301
811
440
1613
515
660
930
1636
1974
1547
195
761
7
1504
1270
965
283
8
1854
1958
591
401
1112
1943
1945
1961
231
1670
233
1870
1347
1814
420
673
651
325
1239
957
507
931
257
1758
298
290
439
2015
1967
212
1953
667
103
728
202
1625
1142
1229
1655
1833
516
1280
1901
1983
36
813
89
1920
2006
1390
872
1327
1526
1261
1102
1589
1715
1309
1695
19
1598
1676
1417
336
584
1001
114
975
1803
1577
1329
589
448
754
1407
1806
1262
2022
1322
1853
2019
1780
1195
1057
1202
1428
817
1372
749
1406
601
719
763
95
1647
802
684
472
1003
649
86
2013
579
1988
329
64
1339
1130
988
793
1499
823
1523
962
1535
613
1617
842
586
1546
1346
46
1073
1539
1064
1792
1986
1075
156
1242
1282
232
1015
1714
1133
1030
953
467
1183
873
150
1511
688
1973
632
484
1401
834
1588
238
1382
379
1278
134
346
351
1517
1855
1562
745
368
935
112
308
352
90
324
1326
1926
482
203
743
234
814
1679
447
1954
223
1316
1825
263
626
432
1724
1861
973
1313
333
943
1201
851
55
1079
1449
1591
762
320
1175
1468
80
1294
984
937
1484
1997
1690
1233
286
759
727
1736
955
1068
480
110
67
1859
1427
1507
608
1085
118
1917
1083
785
1982
1627
141
969
1950
1856
733
1975
1194
990
321
1799
1400
624
220
1761
773
856
933
277
1810
49
991
587
1136
1808
1110
421
585
2018
549
1061
1503
609
682
1789
1169
647
1937
517
98
666
347
1431
1829
1260
724
1323
1889
1453
1928
1470
1397
1525
305
1164
1971
473
1044
2046
180
661
841
631
242
610
979
747
1293
1436
334
1473
266
179
919
380
2000
1738
360
554
1807
1942
976
171
1155
1915
987
729
1500
1815
1693
837
945
691
1493
674
530
1123
1877
605
569
963
1651
942
1116
1796
726
1680
1822
1324
1584
1072
1171
725
1259
262
1666
1376
43
1959
1145
132
1328
1603
1140
1494
815
1474
929
782
1976
832
1082
531
268
1052
1211
76
501
574
1185
1843
1831
1099
40
999
1197
1059
1510
412
923
477
597
767
1936
416
1705
798
1143
1739
135
69
700
1987
1718
1905
273
246
697
895
47
188
1360
306
285
806
341
1848
1909
1168
117
860
622
1524
1312
1014
771
1801
1896
807
1069
1325
1498
18
606
1358
24
1864
689
250
545
506
533
633
620
1265
2002
1047
57
1703
319
512
1149
636
1639
1755
15
1418
71
340
105
1620
1501
111
645
1186
1838
925
1458
1283
796
143
1369
575
1619
271
1404
662
1207
460
100
510
239
776
720
1760
345
1746
1599
1022
182
2039
311
825
1869
1574
1618
82
27
704
1193
1208
876
858
864
455
1267
392
1933
1273
155
874
669
1707
1602
1918
730
1180
1762
349
1081
635
1742
1759
1177
1793
1784
1994
1139
1092
744
1210
1732
335
1881
638
278
911
1914
1596
1089
970
1410
986
2003
1513
571
854
1669
315
106
1642
1561
1532
1756
2024
454
176
1009
491
1675
797
885
33
404
764
1387
1635
900
1041
1885
326
38
121
1345
1386
183
157
1469
430
1298
1549
322
1638
1713
577
154
1279
789
646
367
1216
1454
192
2040
939
1719
1712
1710
295
1685
1904
178
1016
703
459
1888
1371
253
1882
1227
129
2012
934
1704
1084
737
1220
138
1519
711
1774
1318
1040
650
1290
917
760
983
1595
2005
1285
1361
708
1228
160
1604
350
1630
1554
741
1491
944
859
1641
385
630
938
1477
59
1969
735
1991
1626
431
1850
1672
1021
875
924
643
665
166
53
1253
190
338
307
1394
627
2016
551
1190
502
836
1141
1989
1355
362
41
982
1502
411
140
149
243
1463
130
193
1664
977
1990
4
534
1706
564
958
1946
887
139
91
946
116
373
1381
189
562
2030
1594
1924
1095
538
408
573
1578
1204
376
658
548
216
499
713
1354
566
1263
877
1875
1037
204
1165
1178
1908
1476
865
2011
1659
927
1446
419
145
621
1391
1033
1331
1795
1929
1205
686
1775
1287
355
1224
550
1045
348
922
968
2028
634
390
438
1978
496
398
211
444
147
1435
433
413
1581
173
972
1482
13
1245
84
1593
1697
461
1247
1146
146
722
369
1108
1701
1414
1011
1611
280
1334
92
1723
1783
1226
414
1580
592
490
215
393
1362
1839
122
1049
1053
936
66
758
981
1077
318
644
2021
913
1161
310
552
821
363
1779
245
753
2008
1442
628
252
529
45
108
1251
1384
177
803
994
1467
148
1970
1720
1678
671
1522
676
786
1091
522
906
618
221
1017
224
954
908
1246
640
6
144
2048
1883
578
1148
1375
1583
1160
267
32
755
1065
1747
119
1466
498
1429
1430
353
339
1158
1637
1586
1925
822
694
1137
732
1025
1479
1144
1311
1862
1181
123
434
1743
598
710
1093
446
1652
1968
1750
1456
282
838
39
1250
174
855
1624
1763
1488
1308
810
1434
751
840
663
1963
1288
1563
1023
1490
1541
1409
159
1012
1851
1863
1088
62
1297
1972
486
915
696
1537
1118
1569
862
1321
1122
296
1741
599
1274
1903
485
168
386
1694
1125
1827
723
344
871
1370
394
1726
1960
1219
1100
383
1317
1419
274
1299
1437
1667
1024
131
1452
136
422
1403
511
956
1212
1215
1192
26
443
1907
537
1054
275
364
1570
1231
964
1506
101
794
1032
1913
1826
712
436
1214
752
1005
784
1955
1367
191
849
1424
120
1902
1366
1380
1067
1364
375
1893
1687
1722
1000
1894
1460
801
236
1396
124
1440
805
1777
294
629
595
1087
327
276
1349
1567
960
602
249
756
952
830
181
1600
903
835
1028
466
81
302
1277
1782
20
423
464
1058
1117
509
1844
1649
1156
1098
1464
1018
570
1154
343
1629
457
1830
399
1873
1489
878
1691
1289
508
1846
819
812
625
2032
284
1315
1043
1008
1389
1420
961
50
1683
846
1121
641
1545
1438
1791
600
695
779
1597
1781
685
839
377
1640
1255
614
746
488
309
718
808
37
1152
907
201
382
1610
1062
738
1176
1462
867
1823
932
603
1993
317
1911
816
1947
1836
1423
716
847
1445
1938
524
1880
241
557
1138
1198
1182
544
5
281
1379
556
1965
30
804
1184
1248
1770
1335
541
1607
1957
1157
702
492
187
316
866
580
489
886
818
1046
833
497
260
1551
992
1383
1757
792
474
1307
247
1646
1306
72
475
493
845
465
1949
788
1572
79
904
264
607
1343
152
1868
29
1374
2023
1729
1492
707
1332
1805
993
736
289
1060
1754
1606
1480
304
951
1956
995
1357
409
370
1422
1457
1891
852
279
1717
1179
892
1609
918
1485
1802
258
1019
1063
35
158
1900
1587
1514
34
623
500
1336
563
1985
2033
65
505
1447
104
1076
829
127
565
1837
1131
888
328
1516
1167
1132
526
853
1276
2020
1766
303
1910
827
974
1628
1269
1832
1700
107
354
374
16
