3988
1808
6239
6547
4126
3423
5605
1079
7953
6711
1073
34
4863
3045
4362
378
1054
7955
1333
4563
6259
21
7281
147
3195
6766
7744
3102
16
4933
999
3827
2649
6998
64
6670
5943
6719
75
1658
82
7247
5793
3221
7933
3169
7808
2954
6627
6406
5880
647
1535
127
3434
6265
5856
3804
4305
3987
5720
3556
2001
4493
5393
6598
5890
4892
1067
5798
8100
2600
5642
212
2417
5332
6269
8039
1616
6034
5690
1876
1792
4642
1
3602
5786
4437
4653
2098
4439
3540
4388
422
5254
3843
6013
3520
2177
162
7363
6902
1656
8094
1134
988
3025
5723
5033
370
931
1601
3709
4469
3609
5490
1323
1995
4249
6939
7934
4514
6704
6973
2696
485
1448
1986
5258
2398
3970
4917
5509
6231
3867
3041
2044
1754
4562
769
5922
5608
3233
4285
7022
4138
5986
5761
5581
3214
7012
3894
1917
1804
6625
1572
3152
4654
6851
6937
712
7118
5066
7684
3959
6090
1926
4561
7690
1276
7741
3740
4415
8054
2106
7946
4799
1376
4568
77
5219
7220
1114
6801
1027
3941
3615
5119
3940
5386
3178
4292
6257
747
254
6654
6651
3732
3201
1327
1270
149
3543
2389
1957
7292
3100
213
6512
7303
5662
506
5653
4833
7323
8035
8146
3872
7094
1578
5043
328
7872
4229
3971
2841
273
989
6641
1143
2483
590
4245
5687
6690
7416
895
7539
427
7813
6722
7369
1163
5411
6885
4386
5433
4175
1717
1302
1358
860
5930
842
1911
3266
1886
224
4352
5901
3245
2072
2969
2208
8126
7620
1210
4208
6088
4486
3746
7471
5253
3358
2753
5864
817
3774
2725
8121
1912
5865
4947
3361
2930
821
4190
6629
4956
2810
6523
7084
5383
3534
2077
5269
8103
2512
7308
5346
453
1119
5832
4207
1519
3949
4077
2055
5047
7846
5976
4442
6891
2016
5034
5505
6298
8026
1556
7564
3200
7109
1202
4987
3562
5465
2108
6934
1379
7965
1803
7666
2883
4282
3544
6367
7592
7825
2151
2970
47
4866
2852
4768
4267
4349
2830
6275
4945
2259
3385
474
3040
5625
8134
4107
3680
5511
7195
7297
1891
4120
1981
4586
4106
4315
759
6979
5259
2858
3398
7256
1175
262
7644
1587
1520
1725
5789
5602
5934
4993
2465
6931
2777
4774
5746
4487
519
3427
5667
660
5909
5617
6182
1961
1798
4537
1424
4607
2164
4782
2122
6238
3260
7042
7560
1065
669
991
3895
3720
3394
7146
6868
4690
4554
5404
836
4858
1828
8047
1173
1048
2102
6271
2916
591
3460
7192
3366
2668
74
3345
4498
1935
5718
6987
567
3216
2118
6119
2500
522
3056
415
452
1296
1303
5626
3011
1112
6368
3350
1020
1567
3013
3370
1597
780
4015
4483
4376
2335
2554
3185
2868
5113
1643
5830
376
2293
3464
7608
5308
6764
2390
3324
3408
5071
2119
3412
6174
3635
755
6121
5532
55
7002
51
429
348
7562
4761
3597
3131
6957
3834
7649
5381
3599
1651
1813
674
1357
4061
5836
2629
1086
5691
6290
5722
7367
123
3469
3451
3127
6729
3973
3865
8152
3943
6309
1943
7691
1187
5747
7563
1929
8080
4473
2268
3749
6596
2919
1423
6846
5664
1757
351
3251
7625
2662
1973
553
5775
1497
10
4898
694
1192
2244
6518
122
177
2410
1125
5899
6006
3381
5194
1481
4307
687
761
6961
909
6675
1383
5472
7857
1036
4167
5759
2634
4048
4592
6295
4413
434
7231
375
4452
3808
7141
1745
4131
6089
5305
331
2989
4335
4792
4031
5423
4261
7859
2521
3235
6725
4308
3137
4830
1824
5603
7138
1055
3302
3546
5686
4784
7145
3631
4196
6344
4236
2546
8057
5888
4461
5153
5271
6144
3837
3187
6253
5149
6944
7425
3114
5096
3161
5807
992
3190
2921
2896
4320
3802
1245
5048
1261
2877
1394
6394
1362
5029
1811
4612
7167
1288
7514
5771
3044
6283
6872
2243
3690
3063
5649
7376
690
3672
7791
1110
7829
6805
68
2090
4268
1516
3181
3978
2674
5954
6112
5635
1093
6516
8118
4651
3103
410
5321
3670
1117
5748
4721
7586
7340
2945
1835
6296
3076
1126
7482
4127
4118
7752
2656
7575
1640
619
3776
4829
4969
436
3498
310
3879
3317
4921
7730
5712
1457
4623
6025
7101
5637
3696
6080
6693
641
7228
732
2573
8019
2179
6769
1434
5531
2323
467
586
6333
5216
5416
3565
7653
8176
7204
5000
5834
2434
5445
4399
5936
4741
4029
5380
6788
7533
3496
5552
4740
6103
782
1455
1058
5131
476
808
3300
4324
3555
6386
6303
5083
4661
2509
7546
5168
3976
7861
760
2890
1429
5507
7003
441
1963
3376
5838
1874
4965
3500
3642
2282
95
5448
5814
2955
4637
5166
1501
5753
7711
3780
6251
558
7284
2052
7949
4677
6137
1922
5085
7972
6339
7054
4558
7307
5325
5099
4685
6138
3228
2277
7341
1098
5730
1944
6110
1699
6578
859
3270
6258
7366
5900
4374
1435
7473
6062
1350
552
2609
698
4924
4328
932
985
5668
4776
565
5774
4032
132
6941
6532
1286
4221
1188
517
5631
7790
4751
785
852
1664
4096
8018
4463
6211
3513
4805
3174
6624
3212
7169
2273
2362
7554
4135
5768
2082
7517
3420
7820
7452
6123
702
7060
6639
4281
6149
1690
1322
807
6741
7162
1492
534
4159
7787
1532
3997
2902
4116
7538
7706
2204
7102
2425
6762
2651
7733
4953
4157
2257
4884
2543
6066
2438
6245
157
1780
5811
5487
7149
5917
6169
1419
7876
7161
4383
5624
3141
2003
3147
5312
3907
8052
6620
7415
1514
8023
4497
306
5264
890
3685
1711
2816
828
7212
2067
6022
2023
6217
4010
7621
2795
3571
4523
5242
6442
7059
3982
8068
7007
3611
5693
886
3239
7490
1287
8079
1370
1634
396
1610
2923
1094
2481
2078
6681
7448
825
1910
4095
5760
1681
2507
6551
967
2884
8163
5616
6948
7438
4170
5694
5628
4495
1901
2731
1401
994
7685
5592
5403
1181
2700
4818
369
5678
387
6480
4342
4920
282
4757
7719
5183
1630
4390
4144
896
6129
7553
4678
4578
1190
42
6020
3120
3448
3321
15
4974
4417
435
1952
301
2043
6345
685
2215
8172
5318
4202
6989
5676
2557
2654
1948
5389
7286
885
6484
6677
568
3754
3887
7269
1147
120
4146
8029
7892
3908
2462
2924
5412
4797
2494
7930
4078
3673
3935
1189
2503
2798
928
3539
581
7714
1176
7929
8034
6203
293
8093
7830
4943
4368
5528
2502
4520
3443
6533
4595
7347
729
505
2623
6389
954
794
87
3793
1988
6229
5300
7697
665
432
7154
4246
4228
248
706
5301
7815
6731
487
233
7505
5407
4793
7863
5586
2226
2331
5993
3332
5378
7005
554
2980
2069
337
2901
924
2539
5578
2694
2200
4426
4939
4534
4989
7199
3248
6517
642
7573
7667
7978
4325
610
2342
5751
6491
2301
1220
1625
5494
5062
1095
5126
5229
3303
538
6645
158
2551
5820
4139
3262
6302
4631
4922
1389
2030
2998
7707
8082
3948
1566
3138
36
4760
2845
5772
3658
4272
5998
2843
6678
5246
6054
4393
3157
5613
3698
1006
3811
4154
4364
1723
6808
1706
495
234
3684
5243
6680
6755
1898
6812
2136
1990
4652
5876
2242
5476
1660
1018
2576
899
3027
1604
7623
2339
6240
630
6898
6456
5670
4371
3074
8043
5902
6338
6667
4304
225
8090
1623
5058
5750
347
3258
1026
355
1591
5200
7360
1378
6706
5086
5842
3874
3407
4038
3962
7152
3706
6527
169
3926
6427
4747
4601
527
6130
7136
798
661
6249
2928
2328
2541
6730
1248
4481
7355
6701
5120
5087
841
4099
5776
4458
5559
3281
3330
6918
4141
5889
644
2192
1522
6097
2127
3889
6418
5666
2628
7139
1552
1324
1306
2099
7536
7043
6982
4018
1373
4259
7850
3659
3502
3447
408
1177
7013
6139
7019
5248
90
7551
7851
6230
1976
107
3409
7565
7334
4419
7280
215
1089
6908
6771
6723
5190
6919
4531
6594
2727
3510
7319
3101
4433
2028
1676
3005
3485
5479
4684
8170
831
6717
5647
6734
7932
5421
526
3217
5741
1810
5752
4775
343
6695
5334
4263
1749
2867
814
6795
3144
4097
4968
4112
1012
3901
4990
6824
7439
7128
5872
795
2227
1069
3329
86
5111
5295
1645
3113
7784
3470
528
7632
2897
7483
7807
171
2842
5593
3458
53
4296
802
3697
3512
5363
5221
5382
4795
5533
7033
1164
4377
2171
4187
431
4122
7761
7643
1705
4132
3393
6606
5508
7029
4934
7852
5447
3737
4617
6437
2369
3231
4713
4565
4321
2898
1694
1403
3525
2368
3449
4198
4719
6932
703
465
357
8113
2230
4544
3476
3692
800
1399
4928
7166
1140
3627
2128
1696
7875
3966
5439
2252
4744
4834
3531
5109
7455
5130
241
7571
7349
7021
4844
3553
3391
2197
1710
4194
2022
5576
6978
7650
2824
7276
448
5339
1598
3492
4046
3039
5191
7289
6903
5263
5677
3179
2847
2836
537
8142
595
3983
5827
2409
109
7288
2724
3915
5477
7358
5543
5274
3271
404
5623
6366
4841
5201
2131
7234
4828
1062
1551
5931
276
2405
533
5108
5821
6428
7445
4912
3870
1314
1938
4079
2143
4817
2703
4013
5123
682
1902
3487
7112
849
7636
1040
3384
4239
7688
1763
5188
6164
7580
2236
2167
2377
5646
1223
3797
445
5110
2374
1816
7305
1150
3438
1675
3077
5320
4264
1032
7384
5918
3477
416
3274
8133
8097
2535
2292
6405
4705
137
3904
1599
3886
2419
7713
6508
2952
6451
3821
2800
3648
2934
7267
144
600
8067
6457
3422
3570
7385
5556
1649
5217
5957
423
1928
562
6235
4012
5213
258
1569
678
1633
7283
4566
8087
7528
4277
2538
3085
2026
7743
3653
5185
2145
4441
4044
2781
5172
969
4931
4083
4350
3170
7390
2907
41
551
1465
5167
5779
7780
3474
6440
3782
1000
6806
2450
6543
3265
963
735
7346
4786
5214
4405
2964
7793
1104
2684
3536
7762
2316
6409
4084
304
3835
6215
4111
1074
6800
1796
1432
2616
3312
3237
7837
5904
3068
3769
7129
3567
6327
7959
6141
7123
1760
342
6634
5790
6499
1628
2467
5057
7225
2665
6031
2911
2515
3559
3964
2414
1985
5641
7245
3752
5630
3390
7987
4318
2995
8137
7028
4966
7661
7208
3920
653
4967
5548
6207
4341
2619
5828
6838
5716
6774
2966
1770
4142
3914
3824
7513
2291
5355
112
4050
2974
1512
4766
94
7223
5025
6322
789
7489
2224
154
4696
6482
1420
5825
1246
2449
5276
4649
146
1750
5205
7816
6587
2577
1152
3263
4785
363
3098
2604
2053
1674
1809
7401
4748
7259
6786
5645
4022
8083
6053
1277
3122
2115
7777
3610
2383
6707
6326
1178
4129
3105
6393
1252
1969
6557
4224
7590
7202
7119
6157
6844
1047
6588
2376
797
8084
7638
7391
1701
8154
5503
413
8049
5534
1391
6928
2181
2811
2846
3206
4522
439
2124
3630
2121
4738
6746
5169
3130
7835
1668
3535
1264
2152
3118
6793
3490
125
1647
6852
6539
3108
5627
1553
8169
6489
4082
2395
5689
1881
5703
5197
4152
2835
6855
922
5095
1186
767
6015
1580
8124
6065
6859
930
83
178
7449
7801
6728
6422
6071
6360
1742
2478
374
4699
164
2347
1001
894
4688
5859
5122
7578
5680
6486
3295
6664
3909
7196
4125
2953
2166
5021
2591
4404
2633
6425
7980
5336
6980
2137
502
1308
7466
6450
6454
4057
740
5863
6562
5855
5797
4358
3816
3167
4900
500
5997
5679
6107
529
5606
5557
2480
1693
3416
7589
5186
1118
5384
6751
6349
2416
5881
5549
2712
4049
3704
3515
6073
3527
4387
5506
4299
5352
5566
4822
3119
1471
2255
4710
4643
2605
3888
5429
3938
1528
1428
1498
7188
7916
325
1046
2403
4978
4970
5014
1352
2524
4824
4994
786
5165
2957
1667
5151
7811
4505
5886
1573
1233
3851
3929
5964
6452
7070
4893
4590
1071
227
3024
6018
6115
4647
4907
7610
5787
2632
2103
4809
3002
1508
3767
6580
3891
113
5171
6225
7428
7392
8178
979
5924
7251
1982
4952
1746
2622
5674
7789
863
5826
2264
6630
3518
7561
704
6113
6488
3453
7061
2876
4446
6845
8011
2809
1077
4587
6656
3294
5375
6892
7947
3703
7895
2479
4062
1281
1762
5906
4946
6619
5794
3801
5652
4507
2859
7335
6391
7244
6292
2982
6930
1313
7559
2517
4189
2144
1550
98
1100
7389
4932
7572
3790
3365
7182
3963
4043
1987
1904
756
1472
5926
3374
6476
6049
6954
2947
5591
389
1691
4110
1240
4502
6376
7943
1371
4868
1372
5953
3182
4904
5621
6775
5619
31
4681
5464
4213
3768
1230
275
4230
6743
3956
187
8148
7570
2232
7597
7541
3411
5228
2575
4163
6536
612
4001
7611
6571
2008
2061
3944
6745
101
1203
6392
2472
6117
846
3693
5139
7869
3426
1726
6761
5307
1837
217
923
3021
4724
3096
718
7375
7827
1329
5093
3386
571
5707
438
6402
8149
7732
5883
4796
5251
509
4518
4113
1387
772
7726
6081
3923
7986
3017
2225
7708
60
2555
3307
4985
7493
4156
2935
3738
6962
2112
6350
6180
3050
6976
299
5782
7786
6233
1847
2384
1921
6131
4972
5385
6814
7072
1080
7485
5962
1398
7429
3579
1621
5184
7004
2643
3264
854
1082
3761
3688
8112
3725
3153
7395
6933
7858
4808
7957
3884
1061
1576
1521
1185
2587
4017
983
2135
7893
3662
5202
7371
2655
5359
4414
1024
7751
5598
4411
4856
5857
6003
296
4355
1259
2888
5164
5372
1683
2794
313
6264
939
6436
1142
2822
2933
7519
3184
5053
4896
1687
5161
2212
8040
4543
5032
2563
6441
69
7434
161
7356
1575
5368
4105
7983
6649
2180
7659
5644
6387
7701
7888
384
5601
6281
5444
6949
3433
7501
4323
2741
6646
6700
1436
3852
6966
2932
1678
3479
7103
927
4981
2978
3832
3308
8166
4777
7742
1227
2844
2537
5496
7426
1249
2113
1369
84
5358
4423
5081
2688
7915
2785
5804
8155
7764
7511
4571
3528
2677
3699
946
6692
3003
2886
5989
4726
4408
3742
5846
1282
4278
5544
2191
7186
5446
6990
3628
361
1275
6960
4384
4026
3863
4123
5456
2950
2318
3882
2241
6385
3379
240
3869
835
6362
3049
6185
7336
3654
1600
6613
6010
3004
4484
1734
1697
8180
6446
3883
2985
2956
6642
6463
7722
3227
4802
2351
6256
6299
1968
878
3148
437
6477
1070
3844
6323
6633
7867
4391
6901
6359
1109
2388
5908
2258
4867
1096
2024
7187
6438
81
320
341
6086
2091
6192
2080
6278
6658
2984
5469
480
7373
6582
5290
481
4602
901
1030
2012
3296
7025
7173
1462
165
126
4540
3861
1351
6864
833
6063
8010
2146
3645
898
6694
7796
8048
5013
3762
2406
5929
4450
7344
717
560
6710
4941
260
6740
1563
2624
3166
329
7994
2027
1663
4638
1107
6286
5705
2590
3621
5932
2111
2097
266
2508
3506
1454
1039
1407
5562
1602
6668
5770
6628
2784
6324
2971
5430
5563
1571
5971
2786
156
5148
191
6186
736
5524
2501
315
555
5654
483
163
3638
2095
5240
4432
1712
3289
5803
4
5273
456
6404
2064
2037
1853
4869
5224
373
959
7550
5018
6799
5406
4380
197
7948
3087
2528
2399
5088
333
620
6273
7921
5379
1120
4373
5030
5160
7710
2076
4485
3341
3965
7159
6835
7658
20
5945
4813
8116
5492
5672
226
7854
6421
7993
8086
3463
3089
6074
3903
4569
2148
4669
3061
5015
7558
5545
1447
6147
2960
4209
7634
4232
974
2808
6092
3306
2034
4489
2788
7607
7950
2427
7406
2813
7062
3288
460
2125
3995
1433
1821
3346
6439
5280
5985
4589
1427
4193
4717
7613
1196
6914
583
3669
5400
6317
4322
6109
421
3189
935
1507
2187
2065
1231
618
5260
4955
857
2783
1050
2531
5051
2355
5529
463
5860
1868
5255
2402
1008
980
2032
5808
5719
811
2413
5812
7317
7641
3242
1477
196
763
231
3186
1418
1832
5360
711
7411
1273
3466
5463
5816
7157
2157
4072
6398
7919
680
4101
1154
1795
2552
44
2062
4220
7134
2000
2445
4074
4476
2011
5671
4555
3467
4215
6975
2597
1871
6272
5391
3389
3435
4145
1440
3165
5835
3581
5207
7523
4891
7387
6689
2311
6607
3083
3584
5695
1500
5016
3817
4428
3564
3314
6703
7814
3876
7063
1767
3213
2522
4621
284
3927
3757
3795
4995
1689
7848
493
7034
6377
2889
3279
1183
2920
4875
412
3644
5133
6890
1059
2039
104
2646
2699
136
4336
3099
2636
7518
5966
3378
5925
2565
1479
1105
3015
4295
6757
4080
1400
6433
2736
2833
7727
6116
708
8002
8051
2484
114
6379
559
5894
6413
2302
6135
8191
6971
3310
3388
6763
3226
2542
689
1920
7441
6857
691
4672
2447
884
5710
777
936
7116
7843
3572
7557
887
5208
3850
611
7798
2642
7717
4219
5727
926
7150
813
358
6346
7170
5972
2314
4902
4976
7480
174
6336
1755
1458
8187
7853
3922
8110
458
4472
1854
3230
5696
1003
3805
2084
5839
7484
3921
3866
572
4435
5193
1460
4894
4312
5212
2325
4455
4573
3067
7555
7973
3578
1620
2428
1388
4532
99
6744
7382
7087
3560
5150
6856
5144
3057
7758
5348
1615
7258
5282
7058
5937
2357
7242
6803
4852
4625
2940
4842
61
7454
268
3568
3402
7031
3419
4500
2908
7598
826
7495
1132
726
2263
1091
7576
2885
4195
986
2154
7944
1702
4957
4149
2525
5577
3794
6361
6561
7995
6531
6108
2927
8162
1487
6412
655
6319
5514
8156
6773
7680
6866
4317
1280
2495
5178
2222
1619
5425
3779
5685
48
3919
6495
2126
913
1390
4271
287
7844
2324
7582
743
43
2451
3124
6218
6242
520
1585
4547
4356
5991
2142
957
5854
7418
7082
1682
6247
7001
6504
5981
2299
6497
2704
6270
1236
1221
2707
758
218
5102
3745
1776
3800
2482
7665
2586
6958
5436
7856
3561
2860
2354
4429
2880
3714
3873
5079
3721
3495
350
2056
1885
6526
5632
7447
5434
2336
135
7724
7928
6353
597
138
1942
588
7184
2300
6878
4576
1895
1738
1605
6171
2006
6568
7885
151
4732
592
5162
3465
2702
281
1684
6102
464
5388
3823
2380
7794
995
5520
3533
4551
8188
327
3483
5038
4655
876
7209
4058
971
7272
2093
5982
6032
1890
7961
386
2322
1727
5127
7785
498
888
4668
6355
3468
1878
5633
1531
4288
7236
1430
3196
5470
2973
6407
5450
7749
598
6370
4160
4639
5596
2917
4102
3977
3607
5231
4223
7896
3267
2514
63
4354
6447
5745
5296
2871
2250
152
4143
7264
650
1468
1013
2375
1490
8062
2444
3250
4314
7836
1787
8078
2430
3440
7877
8059
1215
7093
1527
670
2047
1618
7662
8102
7142
6008
4516
677
1116
4889
624
2606
3600
4903
4676
663
1049
6445
511
5134
7378
2652
7773
531
6227
5270
1724
6822
2350
2457
7253
626
5203
2611
4600
6315
879
5401
1144
5785
4843
521
4117
7268
2010
2231
6950
7673
7739
4890
4657
941
2280
805
6726
3864
4385
6825
2540
7174
3134
2866
7377
5042
3104
4053
4718
1162
5590
1793
6241
4301
492
6098
5656
7066
8053
891
1924
1265
7380
3529
5460
6340
5116
2109
3511
1318
6591
8032
6291
5896
4069
6698
8088
4345
3323
3550
1375
5020
2759
251
4509
5977
6724
5222
3405
5850
4134
1170
6713
3751
4874
4781
5780
3197
2744
7327
6727
2749
1766
2914
3855
2203
7050
2669
4983
1340
7321
1291
8108
1791
7500
5634
7181
3471
2718
7238
7781
3334
3424
5070
1771
4327
1781
7860
602
3462
5518
1815
4130
8101
1411
261
6260
7180
7577
2394
639
2411
5182
7279
2992
2598
4370
5969
7769
8012
91
1200
7164
8174
1446
5941
2968
916
1212
5137
6509
5236
8076
1784
6342
1331
1797
3608
198
3397
7954
195
2267
7175
7679
3791
6358
5281
3121
5065
4977
1075
6618
4059
7457
7265
7626
3930
2367
4791
3847
5568
8107
3016
6965
4723
7126
3573
1485
6124
6818
6016
7222
5443
2506
7233
4854
489
8141
2116
7275
4438
4071
5905
6
6002
5399
1504
1366
182
6563
3503
3743
4648
1814
1409
6816
4147
6208
1730
5181
7076
4392
5813
1666
1056
318
3880
2393
5209
5309
4538
4184
907
4591
7472
7918
4302
3781
4237
7664
5984
2638
1315
1716
3012
455
6926
272
6372
968
5483
7214
3058
7197
2400
1222
6206
7695
2186
3974
1108
4333
684
1148
6331
2045
3084
1234
1570
4583
8008
929
1735
5353
6420
4293
3603
1217
2745
5330
2589
2161
3549
6925
2207
5697
3604
5990
89
1278
5923
6684
479
3425
2900
7942
7515
1184
3
2002
79
1838
2765
319
1661
5783
6922
2408
3038
8183
7750
4359
1632
4695
5612
7839
6007
4864
7840
405
7198
8004
7361
943
3143
6784
709
228
681
5895
6956
7104
5367
335
3812
7224
4176
2676
3037
3504
3444
2499
1612
1937
1328
118
7941
3097
4494
6040
539
311
1546
3203
7240
7583
6861
3156
4459
8143
7926
1111
2341
8131
2583
1153
7935
3497
5583
2133
1541
5778
3668
4614
6104
4206
6899
8077
2426
6055
2534
2466
1555
3634
393
388
753
6865
1931
5921
5862
6305
746
382
5614
7450
7053
2717
6528
2418
2219
781
7330
7179
7729
446
1608
906
5665
8098
2601
5426
7065
7969
2942
6038
6847
5420
4068
2313
8139
2346
1672
3205
5758
6287
8106
3885
4087
7718
7566
4093
4598
1219
6712
7615
5898
3877
7422
3671
1304
2442
1884
5817
7521
7095
1946
4556
1685
7342
4778
2364
5142
7210
4025
3484
1751
3798
7435
1951
1452
3913
2740
1474
3772
3247
2220
4027
5026
78
4217
6201
1834
2596
3252
1197
6936
4054
4347
3023
6614
2170
3618
6569
4666
2456
7962
4616
7255
5683
6663
6996
3290
3647
7810
1980
1392
6597
7099
4572
3871
5658
5468
185
1335
4007
7498
5435
2661
4181
2075
5118
3898
2274
2660
3006
911
6030
7486
676
751
7522
3726
3415
3652
3897
1680
2657
7999
6160
7343
4722
1894
548
6300
4140
4188
5473
7413
5452
2739
4787
892
242
5337
6204
4168
6024
6026
6145
3032
524
1483
7261
8020
1543
3588
5959
793
4731
7747
4330
3708
3753
4944
2160
2294
5558
4088
2469
7881
7569
7958
5453
766
4640
6828
741
4203
4036
5297
2247
6072
5573
8164
7964
3421
6232
4704
1768
4584
4658
7312
4216
4465
2083
2262
1083
7027
4594
6638
8058
4274
4998
6236
1542
3994
864
2756
3488
1123
5498
996
3906
7148
693
1445
6356
1947
6511
7009
1294
5422
3342
6152
7298
4788
5704
6843
4847
3400
2766
2983
7040
3789
4812
1989
1218
3316
6263
648
1513
4020
1011
6947
1442
2912
181
2315
4557
6341
7329
7766
303
2887
3710
4109
3585
1128
7818
4008
955
6792
5784
7775
7045
940
1764
5561
5604
4716
6848
658
749
2936
2359
2194
2033
8136
5068
6469
948
3667
5112
966
2228
1283
6140
2544
6070
4365
3278
28
6328
7772
1915
6243
792
2941
3975
2584
2673
2664
3053
2733
1414
3750
8109
1782
3333
7901
3925
2017
4888
7207
2096
6783
1238
6224
6867
1478
2627
4755
5698
6662
4443
121
4739
1214
1422
461
5440
4440
6709
3953
7771
7098
5933
4958
5960
4501
1325
662
1843
1456
3019
451
38
5347
1416
3741
3255
945
390
7800
6832
7855
5461
5409
1655
8161
3287
508
2776
7870
1038
1016
2195
1377
2801
3763
4466
1484
599
312
7035
1538
6860
3702
3617
3133
1840
6099
2158
7754
5173
3486
3845
4764
5961
6354
5459
7723
7241
4310
399
6999
6546
2697
4660
1825
2117
1826
8071
3473
6522
2834
6279
4436
4671
2429
1622
7712
903
2361
5438
613
7617
6637
5331
8055
1867
7431
5660
3833
7651
5044
1453
5892
4870
5987
6760
6151
8145
2915
3730
541
4923
6993
2199
7936
5092
7217
7383
4418
133
398
3967
7782
7542
2412
6910
1714
7409
984
2567
3764
102
1820
2281
4257
1747
5328
1338
1088
1785
6776
7420
470
7309
7216
5796
3225
1385
6332
1579
1201
7905
2041
5147
2198
203
2752
7427
3494
516
4076
2489
6423
4606
7111
4400
1955
1204
7260
7654
3489
2807
1165
7193
7894
2851
882
3526
5304
4936
7410
564
6374
5084
563
206
3092
5504
1905
2287
3292
5266
1549
5515
6782
7821
5174
4226
2396
6759
5198
4326
5791
4873
96
2392
7135
7670
2549
5482
1023
4821
4165
380
3285
5024
1857
4280
6017
379
6736
3224
1271
7496
1298
3034
834
5010
4832
5773
6347
3542
1211
2344
5499
540
3128
3125
7828
2594
4343
4673
1589
7318
867
6994
1907
8189
4762
5663
1965
5039
4929
8150
7504
7032
252
5076
2332
2663
5867
4691
1879
580
5734
3373
7981
5819
3202
4535
6661
3008
7453
525
5361
4372
1307
7316
2004
1765
1166
4434
2054
4250
664
4270
1974
5988
7581
3954
6747
601
6529
7270
4332
576
3315
824
707
2513
3283
1019
4971
7293
4706
6909
2771
383
5739
5277
2488
4737
1312
801
6942
2527
771
6544
5170
3091
4670
6935
6091
6900
7189
2283
5475
3256
2141
4490
4979
621
6000
6411
7648
8072
5684
3211
3838
2967
2296
6559
6538
5893
7584
5769
2817
3955
5874
1382
4360
3723
5239
1509
3736
6874
872
4729
3593
5938
2709
7056
4421
748
6467
7956
4885
3401
977
1413
2734
838
368
6853
3158
395
7728
2791
27
193
1722
615
1648
7237
4804
6158
4266
6383
8185
1084
1841
3371
3320
5877
5891
2768
7907
5657
1149
2617
1232
2793
7172
377
4665
4474
1139
1936
2820
7090
3830
6082
7464
6004
6688
2343
7282
7017
3598
6556
5245
7049
4011
3222
3858
4028
2365
4682
7130
5211
3297
469
1301
2505
2221
346
3980
6617
8060
4256
1262
6127
5570
1408
883
167
7338
6503
4379
1966
1836
3619
5844
3896
490
1756
6228
638
2819
5012
477
5267
128
7833
2035
3701
4758
6096
188
3150
1677
738
110
5441
5589
6959
3223
4453
4876
2562
6313
6875
6635
8119
1503
3522
3009
3755
70
6490
2455
1524
4100
1626
919
2254
4982
6653
3480
8036
1761
7593
915
5310
192
2742
7153
7442
4839
1451
4545
2814
5537
975
4104
2730
4925
2862
1888
4619
4151
6297
3275
4810
3508
6590
2827
1805
7048
1344
4815
981
6829
3705
3892
5767
7891
7832
1960
288
3086
141
3747
2329
2063
3694
2558
2631
773
115
1743
2873
5661
8038
7924
92
365
962
1311
960
3164
4656
7898
1064
1034
1343
3950
5788
6479
2548
6382
7235
6665
2018
5458
6403
7348
3199
7470
4381
139
904
724
1827
3640
4279
1627
1290
2373
6632
6938
3284
345
5948
2626
7046
5052
5179
4712
5481
7083
2630
290
2382
4492
7096
3253
7248
6478
2379
7458
5474
1441
1092
1028
7599
119
4511
3417
3499
1469
4496
220
6754
5298
7077
336
3606
3783
6156
5950
1129
4861
1642
1258
7127
3357
400
6175
4620
5737
2391
4743
737
847
2831
950
255
3001
7988
1889
1865
4552
3254
3984
6586
8186
1919
2996
5725
5869
7823
4836
1014
715
938
2178
4512
3537
3996
1253
3657
659
6222
3219
5189
5485
116
457
2265
4243
59
3395
2588
3806
8105
316
7737
8024
414
7532
6492
3457
484
1679
7663
1790
3683
3048
5009
7882
1887
5037
4629
2120
1004
4300
2772
2779
6166
5732
822
3430
6056
4136
4471
2937
514
5955
1719
6363
1035
1866
4880
2248
775
1732
3554
4055
37
2110
4042
76
3382
4780
219
1673
3259
6896
1536
2276
627
7674
1194
221
7372
2581
3649
6047
486
6739
309
2925
7587
4633
7838
6510
855
3246
5809
6465
1977
1964
1799
7158
4039
2863
6094
3939
6920
6052
5176
4002
784
3719
5002
5054
2726
253
5513
6410
2578
4166
1085
2959
5283
5517
7699
2217
7567
6599
2372
4094
6626
783
5765
7131
5669
4560
1707
6601
7774
4273
2735
5717
7086
2874
5595
6520
4763
7757
1721
6718
7081
1758
4997
340
5327
774
3622
6886
1779
1900
4508
1051
6173
4644
1870
4915
6738
5232
4454
2615
7696
3682
5413
609
2473
1244
4609
2641
3431
862
837
2073
2184
4765
1363
7975
5851
7912
4174
3428
972
2338
6493
7047
2532
6036
93
349
52
6380
2159
4338
947
30
5564
7067
8085
6679
1122
7088
1971
1829
1044
8129
5115
3372
3367
5878
530
6191
3961
1402
6434
3686
4396
2806
4205
7351
6285
6535
1686
7399
3343
7968
1657
1213
5823
7314
4916
2172
3765
4603
7746
5091
2165
249
7120
2556
3748
1208
5963
2579
3238
830
6193
6033
2239
3932
6334
6831
1909
3722
4851
7847
2818
54
5098
247
4564
7000
5117
2861
5488
2645
7612
7069
1480
8096
6001
7873
5949
2918
4225
3075
4477
4853
6789
5249
1467
5847
3191
4394
267
6683
447
5019
2550
4909
4398
8013
5074
6282
5742
7734
2569
7897
4628
5466
7432
952
2319
1877
649
4073
5007
5152
1637
3678
2963
3551
3666
3810
5341
6779
243
7509
2850
6401
4283
1588
6101
4550
4081
7147
7350
5141
7092
1715
7693
7531
2612
270
4258
5003
5046
3900
3311
85
354
2206
4183
7889
5735
7491
2760
35
1151
6765
2666
4121
3090
8158
8006
5571
5163
5094
3819
7543
3778
2441
4051
7030
6608
7386
3042
2378
4574
933
3151
5101
3840
3931
3140
6716
3576
3999
1823
3072
6304
7412
1704
5132
6545
153
3356
2433
3482
542
5187
3616
7886
734
543
2511
3744
5530
504
6430
2856
2385
2647
6655
1967
5699
1115
6521
3160
2040
1285
4730
4137
2613
5286
3062
236
3639
1292
7362
6161
7645
4114
7105
2659
2468
6388
4041
5402
1778
6087
671
1669
861
1700
7678
4460
7736
5082
6815
1499
3493
918
5535
3675
5442
8003
7502
4133
5979
5650
4753
1845
4244
7311
2566
6429
1670
3596
4819
66
2211
39
6167
5428
7709
3347
6534
1906
5965
1043
2475
5326
4693
5354
5939
6146
1916
246
3563
2169
5064
7687
953
1425
194
3620
5947
7085
3286
143
2460
8027
6513
1386
5618
5956
2680
2308
6836
1081
1007
2653
827
199
956
57
7433
3340
2334
2245
1336
6777
5215
2104
1830
2397
1135
7125
7619
2789
5766
6863
6802
25
6426
5125
4287
3856
4630
134
4115
6280
6997
7868
7911
5028
2070
6672
4887
614
2832
6458
8007
3095
2987
6035
1529
2223
869
7908
1880
7552
6666
440
6276
3304
2775
4837
965
1269
1124
925
2240
744
4581
1002
1709
4901
4424
7436
472
7878
1525
7465
2498
257
917
4845
7291
5754
2235
5075
2761
5011
6708
7862
56
6911
1515
2218
2686
2729
1736
2750
6483
4697
3799
1266
8117
577
4329
1068
1646
7909
18
6952
4269
7683
2804
3651
5158
7985
3674
818
6884
4086
1254
1493
2981
2732
2743
7078
7512
7938
466
6781
7008
4814
815
6895
6195
2948
7639
2168
2976
5001
8066
7951
5701
3410
2298
7763
4475
2879
5345
2290
5311
6400
5574
1381
2436
3081
7579
2767
1639
4800
1568
26
2593
2621
2107
7430
2015
1558
1869
5519
4457
6308
6804
716
6075
1029
3676
7675
4212
3142
1554
3276
5105
4846
3814
7824
17
4734
7913
7516
6312
2929
6696
2352
6610
645
1319
97
2687
3215
4582
6046
4357
2829
2906
2085
4153
7642
1883
1950
6995
5512
2025
7079
6542
237
5467
4707
561
1855
1607
6985
7137
1169
2046
3969
6076
507
3352
1488
3029
7887
4529
5974
1983
731
4803
6190
6602
4233
4260
5706
3436
8089
7036
65
259
7591
5294
3575
1933
201
5292
768
4954
1594
1356
1609
845
4848
4963
3325
754
1606
2453
7524
4499
6067
7681
7365
2990
8009
2949
5848
779
3655
1180
4319
5555
4733
2519
32
5565
4536
222
5942
176
4089
5395
3000
186
2755
6841
2071
442
976
7108
5831
997
6266
2728
6659
1157
6813
3989
6083
3305
902
5757
5983
4580
1817
6178
7115
7940
7910
3505
512
5795
1102
3991
8114
3204
1005
3359
4807
6306
6114
608
7902
3363
1614
5873
7756
1695
1354
6951
2358
727
5287
557
1156
2975
4575
4063
6897
3348
3362
117
3626
4530
6849
6735
5521
1665
1903
4613
667
2625
2261
2476
5824
4431
1731
3441
4445
7508
4664
7804
5575
1939
5333
6494
2559
8005
6314
3054
8171
993
4367
7023
6530
1777
4169
279
5121
6823
7201
2523
7622
4067
3890
5640
170
2285
2962
6986
6519
6721
322
7627
3355
829
491
430
6162
5815
637
6648
1842
2682
8181
2997
4337
1603
326
7879
3637
868
6621
4826
2580
4627
6143
297
1364
1494
3786
6807
6826
3106
46
3437
7262
7239
3192
4593
3010
6732
3198
2432
7923
2353
4806
7817
6325
2913
7720
5303
4679
7588
5582
3322
5579
7753
2081
5609
3947
844
7185
7295
7510
5597
67
2304
3514
5369
130
5629
7400
3193
5390
3878
2855
5967
4618
790
4023
622
19
7339
5106
1611
6798
2790
742
5875
8104
2708
2183
6673
4178
7071
7299
3117
7600
7507
2060
6906
2706
7884
866
1332
2038
6810
2173
2092
5495
2439
1822
6132
1431
3773
1396
2757
6953
4515
3439
5437
5843
7778
1653
1145
3785
1037
5801
4070
2553
6566
6964
1856
3159
4879
2821
7294
6850
1353
3839
7368
4608
1072
6616
8135
7694
7721
7506
2770
3711
3177
1752
3339
7320
4003
314
5357
880
6555
3069
7194
1972
7074
7310
6165
4331
629
3558
7206
7931
5525
2349
5928
7914
2720
6419
6126
360
6118
3569
8122
8132
4526
6791
1365
1739
3936
3583
2695
6921
1309
3318
5275
1557
6472
3613
2088
1243
4711
3875
7379
6179
6037
8147
12
5405
2269
2190
5045
4798
4577
5322
7945
6209
584
990
582
1289
5351
1155
8130
4675
6307
7015
7996
7759
725
3257
6842
1136
683
4382
5970
605
1042
6496
632
7252
7394
501
5711
515
1713
2961
6321
1852
7692
7494
148
970
7113
3360
8125
4444
3770
7487
323
1031
2289
426
4521
2249
6974
7596
289
3735
6416
3530
5061
5688
6248
3707
2474
45
1216
8115
1819
7556
3521
5069
5005
1897
4182
7144
88
362
672
765
6525
3660
5648
776
6078
263
2156
183
5136
1225
317
5792
5257
496
6216
2485
3905
6250
2493
7703
3848
634
6198
7602
6887
1788
6043
5541
473
155
8
7900
1193
973
8091
5620
4877
6128
5114
6267
7826
3180
2458
4291
5323
5818
4091
2150
1171
3414
3712
3946
762
3951
3911
2407
291
3232
4938
4727
8025
7549
6042
2013
2423
5455
8042
3429
6881
2260
2778
7404
5920
7604
631
4567
4214
1991
5235
2719
6553
334
6589
11
910
4238
7792
3043
535
791
4306
1958
6390
3335
3229
3183
848
2787
6048
207
5036
7960
6991
3047
7156
3173
6605
2356
858
3758
3364
3509
4218
7477
5135
6095
6809
5493
2561
6443
7183
5681
7545
1404
1168
3273
6399
3524
7461
2837
7525
2899
809
5709
1491
4422
1247
510
7917
7864
2533
7568
877
4241
5035
5726
4914
7548
4467
3132
1263
5702
7657
1844
6576
2345
7041
3082
6715
1174
2747
2288
7705
2477
7874
6839
5764
7227
7503
202
1949
6575
3605
4366
1662
2470
1740
2471
1349
7748
5370
4897
4334
6214
6163
4588
2972
6187
4742
5692
2670
874
728
643
1617
8046
8070
4773
951
7871
6381
2769
3139
7476
4769
3853
4700
392
3115
6329
2246
6742
1182
5457
1850
6502
3162
3868
5822
1562
3111
208
3942
6189
6468
454
7601
8044
1158
4255
1737
3383
1299
1559
4251
7331
5192
593
4286
4200
6992
1010
7574
686
4045
6064
2560
3272
6470
6733
7783
2238
6357
3328
803
5159
5417
3731
3945
6246
1564
1305
532
5607
3336
6981
6753
7492
2504
4949
3396
1583
7866
1502
4403
4491
1412
5293
444
3815
2185
425
3577
6972
1229
5853
5364
1861
3432
2910
2693
2895
6573
4482
3392
518
1087
364
6337
6142
2570
6051
6311
6220
2939
7446
2762
3452
7797
2266
4397
1045
3523
3912
2209
5316
2838
6041
6564
4878
7451
1025
7037
7332
4014
7526
229
1772
5317
4539
4951
3070
5643
4456
6988
4533
7190
4009
6375
7215
4548
5584
2780
1789
7151
3862
5542
4835
7440
2213
853
8037
4162
238
7605
893
1310
2526
2637
8075
7301
5128
105
2134
2086
2036
4988
2763
1540
7124
934
1159
1321
7547
2094
5031
4363
3326
131
6255
3700
3269
4290
4103
654
1459
4883
4860
2764
5268
5129
7963
6592
3917
1954
2875
7922
5050
1326
6352
7263
7974
4085
2422
5560
2233
4735
3369
4542
7671
1526
5638
5056
4427
1146
4276
5740
2826
2270
7051
5237
5097
3924
1860
7055
5008
6475
6685
6676
5841
7333
6100
6221
8014
321
4746
4783
6870
6584
7883
1384
6541
1241
7831
7668
339
2746
3403
2188
7585
1141
6019
482
6862
5958
3587
573
5615
8165
3756
5143
5233
1962
7052
4210
6660
5449
6507
7359
6854
5250
1548
3854
4510
1239
2530
6749
6869
3176
5252
5392
6819
5538
2448
2272
6466
4005
8022
657
7637
3268
424
1317
3175
3380
7229
235
4622
4525
4714
920
652
2599
394
7618
4597
3979
6197
2155
603
6955
5651
2667
8123
1956
3574
2271
6514
7460
1537
2363
523
6883
7249
6549
2497
3724
6780
2129
3313
7322
5882
5067
2574
998
1415
2529
4527
2721
2309
7345
6172
6057
3661
3209
7106
5154
3992
3059
870
4686
7967
2869
2773
6277
1927
5523
4420
1517
7647
3902
6977
6552
6330
2421
1806
8127
3826
6060
308
7689
2714
2340
5471
7302
3331
100
7880
4297
295
7809
1773
1577
5743
5124
2882
1801
13
7998
714
3456
6021
3547
5145
7646
5868
633
4663
3126
1255
3601
1359
3716
4409
1934
244
4745
2303
5526
6481
5910
2823
4240
4911
1160
4715
4973
5903
7403
6364
6622
4579
406
8179
2988
6226
6705
5762
417
4191
6453
2014
1864
1953
4000
391
7745
250
3918
7443
3135
7274
7122
3586
1489
409
6643
3501
3375
3194
3018
3958
594
7143
4910
4410
6301
3986
2672
8111
7937
1998
7075
278
5887
6014
2216
3280
5247
5278
750
651
1256
7353
710
2678
5100
7097
536
5594
1449
6604
4992
4124
6170
5599
2705
2031
7849
5394
2333
4865
7768
4227
7121
2977
2486
5975
5502
6348
5715
6548
2100
4694
7370
705
4872
2234
338
8138
3809
796
799
5284
679
332
62
4035
5204
1209
6039
723
7997
5319
1859
7669
6254
3026
1443
1131
462
5806
4128
6395
4720
1361
585
7168
1505
4351
1923
2894
6200
7812
3116
305
566
3646
6459
5551
628
3760
3829
7160
2306
4164
850
4905
8128
6940
7630
3860
4064
4919
2857
2149
545
881
1544
4662
4395
8184
58
6234
3123
2132
8045
949
4895
3679
2387
1355
3351
3663
2905
1461
5805
7656
5410
7398
5911
1849
2435
3968
3446
6210
2074
4478
4991
5285
2440
2366
6415
3208
2722
7989
1133
6917
2210
1759
5550
7927
5897
7655
3078
4313
3643
5376
7080
3990
5210
3234
5374
3154
2774
6414
5195
6365
4303
4294
5569
6882
14
4197
6181
2671
816
721
3993
3327
3377
4849
5721
7246
6485
3065
4645
2490
7419
1021
3172
7992
3928
5059
2799
7537
3060
1205
823
2891
4248
5675
3461
2153
1337
1235
5951
6515
2965
5451
1293
7010
6188
6159
4108
6077
1978
7834
1729
7110
7971
2870
1638
4636
344
3859
3020
7405
5491
699
942
2042
701
205
3240
2568
7100
7845
5738
4430
6697
5799
40
7803
7417
2582
7795
7221
5299
4524
5510
1882
1410
4066
7200
4479
6027
5829
2176
2105
5261
6505
8157
695
1130
6558
269
3952
2130
5408
1242
7841
5713
2079
5041
2305
3073
7421
1316
4155
7540
4344
5362
7952
5427
7456
5708
7776
4247
1097
3933
4771
2229
5073
7213
7633
2326
1872
5225
6880
6790
7020
5022
497
6011
4021
7770
6343
3406
4871
5907
5180
1671
2492
1703
6770
168
4899
6150
656
4235
1800
2797
1914
6408
4037
2792
3580
3404
7990
475
5833
7325
2446
210
7631
6768
1207
1066
5072
4468
200
7725
5501
6797
4918
5714
2782
184
1237
150
8061
6893
7278
5155
7609
3035
1833
3759
4840
7865
8168
2101
4823
3594
6540
937
6834
7616
3729
2903
6767
4960
987
140
8030
6351
4789
5885
223
2051
7354
8099
7715
3516
106
6916
2337
1783
6498
1644
3399
2312
1807
4850
4065
1191
1992
402
6550
1473
6682
3820
6603
6061
4211
6827
1775
356
7211
7760
1380
1295
7497
8144
3629
179
2828
7535
7176
635
8069
6471
1941
6858
908
1063
4369
4546
5196
1052
5049
4289
2602
1629
245
3612
921
3715
5366
1753
6262
1495
3803
8190
2545
2991
359
4770
2585
142
6554
1650
7475
4192
2068
1892
2437
5338
3734
4950
2571
3893
7979
8050
7328
1506
722
3784
1101
4024
2147
3481
7117
3517
1993
50
7520
5870
2050
1581
6293
4959
3636
1172
166
7767
3051
145
1057
5241
6888
1466
6028
4825
3210
700
6572
2459
2802
6397
3149
3590
3788
4339
2005
1121
6737
5802
4451
8177
2701
5659
666
4375
4754
5861
1635
2737
6050
6431
6133
2848
4158
1053
2943
3055
1368
1718
4406
550
6023
764
1161
478
2275
2496
4559
3071
2893
6631
7738
172
6574
6879
3033
4750
3094
513
4827
5810
1692
7700
1345
7073
1224
8016
3739
286
2029
5700
5238
7499
3031
6196
6105
2162
1475
6501
5554
6687
5350
7315
1339
5027
4425
2279
5340
5866
5377
4692
4262
1875
5852
6136
1367
2610
1631
1438
7407
7629
3818
2214
1698
843
1015
982
8031
2650
3112
2371
7469
6125
3188
6093
7740
4680
1393
6699
6168
1496
3241
2979
4503
7414
2443
5279
6464
2849
2938
6424
5306
2057
4346
6983
6184
3777
6585
3831
6833
5884
6044
1198
4999
6268
4199
5478
3387
4033
6615
4634
6772
499
4838
1405
1896
2286
4040
6963
4513
5744
7991
73
5728
851
4857
3171
3787
4402
3717
575
2711
6671
8073
1744
2679
640
5387
1899
2614
2516
419
1848
964
4725
6577
7232
1257
204
7939
900
2840
8120
1167
4201
4060
6821
3846
3110
211
5673
6913
2138
1862
3766
1654
2048
6058
1794
4407
2487
6787
6904
7676
5396
3220
6611
6636
2713
2327
6644
3934
1199
5497
5484
7140
6289
7132
4659
5157
2139
5462
6894
6600
5580
6593
1406
7799
6012
2087
556
5858
7423
6106
889
271
7529
7177
2993
1300
6288
5927
7402
7976
2692
7652
3881
6371
7788
4790
1659
3541
7133
4862
6320
300
6924
1539
1179
7534
1863
5329
3916
3445
2878
4185
3349
4150
1099
7474
4298
4517
675
1060
4635
3656
7614
2049
4615
5349
4172
4984
1930
5343
4646
8063
4148
1908
5063
2748
1279
2510
1733
5314
3813
1839
1284
3519
2618
2205
7044
1945
494
4605
5262
5996
3109
2536
6817
7038
264
2951
1347
4756
298
6820
5454
5004
1260
4449
4667
5335
1959
1984
2931
352
688
8017
7765
1127
2201
7024
108
6691
4882
4940
124
6657
4930
5935
2926
3981
2253
4253
4820
3972
720
1547
6316
7819
4090
6560
1586
2415
4177
1450
6652
7191
5539
1510
80
6647
5973
2999
7
5600
6830
1076
7388
6085
7039
856
1268
5291
4626
1395
1439
5077
5371
7290
2386
5234
4964
7716
4016
1786
7243
3088
6500
4378
4736
6674
3064
6455
1341
3836
1374
2370
5398
547
905
175
7273
8065
4767
7704
7595
6907
7488
7006
3718
2639
7408
2675
4464
6945
1464
4416
607
302
5994
1979
2864
5731
7899
1873
7393
5218
189
757
6537
24
7635
3080
8092
4701
4913
1320
1206
875
5288
232
1592
5912
2872
7925
713
5227
4047
5849
8160
5223
5919
5373
190
8153
2020
5777
6968
5682
2089
3491
3641
7203
4650
1893
6905
6449
6506
6750
6570
7257
6720
587
4683
7057
5365
111
4641
1596
3632
5104
216
2592
2284
5199
4772
5639
2330
6009
5017
3552
2796
5540
3677
7672
2463
5611
4242
6840
4604
3450
292
159
372
2
3291
4975
5980
617
7906
1652
6873
7089
2922
549
4689
6612
3475
2123
788
2431
3614
6758
4506
2685
3681
5107
2189
5781
5489
7014
2572
5226
5146
2958
3998
3828
625
7890
6335
5265
7802
5256
1017
4056
646
5302
7463
1348
3591
2812
6752
1033
4859
5397
8074
787
2317
4179
6609
5516
5915
2381
5156
6923
4019
5999
2648
1297
3689
2237
6794
7026
6122
468
1613
5913
4180
1774
330
3822
616
3910
4908
1999
7296
7287
381
5424
839
1482
6462
7155
4709
2690
2452
8001
4962
6487
7966
6640
3244
277
4234
7304
832
8056
6432
6205
3282
7842
450
6984
3459
5944
2564
6702
6581
6202
4119
8000
4389
3052
7396
7628
8192
912
3899
428
2853
7903
3093
5553
6796
7364
4752
7326
4886
5140
3079
2058
578
5995
7731
2689
9
4624
5572
2307
636
4309
8140
2464
2297
3236
1720
1812
6714
978
7806
230
5418
1346
4935
1582
4171
5636
6194
2182
7478
4030
2751
6244
873
6967
5040
6417
2881
7018
6369
4519
6134
6219
1624
4488
7702
1228
3301
2825
6318
2691
2278
6876
3168
3261
1925
6068
2854
4961
5419
4728
6565
1009
397
2404
2815
4794
3454
1090
1593
7977
3146
2994
3771
3145
8081
8175
6284
1688
3633
733
5587
6223
5344
6435
3728
5177
2140
3857
7306
1970
1846
668
3665
6177
239
5749
471
6969
4541
5736
3691
3163
5916
3478
5940
865
1251
7606
4265
4204
2009
6567
3664
1913
4906
2710
2320
6686
745
7660
3014
6943
7374
804
4222
3841
3957
3825
4549
3368
4316
7165
7381
2174
739
4553
5840
4528
696
3155
5800
173
8041
5315
294
6294
1741
371
3353
4480
2658
2059
6310
4986
4470
4275
546
2640
3455
3337
2520
6912
4811
5244
7755
5546
5272
1137
6120
4937
5536
3243
5978
4759
407
1940
4779
3107
285
6261
4703
2193
6045
7324
307
6084
5006
5023
897
6473
3687
1250
2681
3792
8021
6669
420
3960
160
3727
5060
7459
503
2518
1641
4674
443
3418
1748
1996
1975
4447
5080
5522
265
433
4702
7467
6927
5313
367
180
7300
6448
6373
570
280
1769
6176
4942
819
418
4570
6252
6199
8095
2175
3937
6444
5879
6213
3022
1426
4708
2683
7114
4361
7064
6029
4816
4687
4831
7266
4098
5414
806
1997
6148
7437
6778
129
3557
6474
1342
1932
1584
1267
2754
3796
2715
1851
4611
5845
7171
7271
6212
7904
4448
2608
812
3650
3030
6595
2420
7468
606
8167
4348
3507
7230
4412
7544
6929
2401
2360
7285
871
3985
5055
283
3338
5527
7397
2635
604
5914
958
4161
7686
3532
8182
6748
72
5
22
3036
3249
7677
2595
8173
6946
589
7178
2454
2805
4284
2944
5567
5206
4596
3775
6079
5968
7226
3218
3624
6623
6524
7527
1534
5655
2163
730
2607
1818
256
1574
3595
5755
8033
6384
2698
7970
1360
544
4186
2256
692
623
5610
778
7603
1728
7352
1530
2909
23
5622
2986
7594
7091
2019
5733
5500
6461
2738
2892
2461
4980
366
7640
7250
5078
1708
7920
6111
5480
2547
579
2007
3293
3733
401
6650
4749
7254
6871
6579
1858
673
7682
1437
4698
4340
6378
5585
1560
6059
5432
3299
2196
7479
574
3538
5220
3713
1533
2251
5342
449
3309
4996
2603
4881
2321
5952
1041
1590
3066
1274
3592
1470
1195
2202
4926
103
5756
5992
459
2424
719
4252
2803
3472
810
4254
274
3046
7424
7205
4632
3623
2904
3319
4401
770
2723
3842
1518
2758
7481
4004
2946
5431
4231
4948
6153
2839
1802
411
840
7530
4075
3548
5415
4092
5837
6154
7822
6785
5103
1486
6756
29
7984
1636
6837
1113
4052
3207
488
209
1595
5175
4173
6970
71
7444
1022
7735
6005
6877
7779
7068
1226
1476
4855
2348
5486
7357
3129
3566
3589
3849
8064
5356
4585
1545
7219
5588
6183
1272
7218
49
6811
5230
1138
2021
3442
7163
1523
569
2491
4462
4353
7462
1511
7982
385
3807
752
2295
4504
6460
1421
403
4599
6889
1330
3695
1463
2644
2114
4610
5324
3028
3277
6915
5729
5547
6069
4006
4927
3413
5724
5138
7337
1103
7011
944
5090
7277
8151
8028
4311
3344
214
7805
3625
1918
7016
1565
1994
1831
8015
1106
3007
5289
5946
2310
6396
3545
5871
697
7107
7624
6274
7313
820
961
8159
3298
1397
1561
2066
1078
2865
4034
596
3354
33
353
7698
1417
6155
3582
6583
4801
5763
914
2716
3136
6237
2620
5089
1444
1334
324
