143
144
228
119
114
155
34
194
223
232
104
9
191
53
111
80
41
221
117
5
98
175
86
196
87
46
121
39
36
251
225
35
151
90
215
178
102
38
179
101
238
113
67
12
32
166
4
147
74
92
171
123
89
122
219
239
81
59
25
37
14
69
57
136
8
164
47
132
51
125
100
40
56
116
135
19
85
54
185
236
190
134
76
15
195
131
248
129
187
52
73
188
78
173
124
146
220
230
218
28
88
165
249
43
79
168
66
64
109
26
72
233
31
62
172
252
246
159
94
212
107
199
177
91
3
256
127
169
253
254
55
112
82
152
183
160
50
139
206
6
48
108
126
77
17
214
245
70
224
71
193
105
197
10
163
226
241
184
133
222
60
137
198
68
103
142
140
161
29
61
229
216
182
141
217
16
162
11
49
201
176
63
2
189
13
138
202
22
118
234
207
30
1
128
208
157
243
99
181
244
186
200
150
205
209
148
237
21
120
110
204
211
242
247
96
45
24
20
158
167
93
84
250
149
174
27
65
156
33
42
180
130
240
227
23
58
203
106
115
213
7
97
75
95
231
18
145
210
255
170
192
154
83
44
235
153
