702
514
484
58
148
258
273
467
187
4
374
252
574
889
82
686
208
186
616
147
779
176
133
89
213
177
667
140
128
42
416
584
600
951
153
244
442
679
613
16
365
865
1
249
412
491
940
214
425
41
344
894
817
895
444
397
54
433
51
983
831
245
961
482
680
771
628
841
861
937
503
786
557
855
746
223
86
462
973
2
455
735
917
276
1014
63
933
987
529
380
579
271
257
908
37
722
554
496
362
647
256
371
710
729
243
5
10
988
229
173
656
290
34
990
598
619
468
440
823
203
662
971
693
310
457
713
85
631
623
436
920
934
87
794
319
535
191
233
542
556
856
160
36
524
391
297
610
378
1002
241
135
714
921
377
169
549
422
226
466
272
225
79
385
96
369
577
234
919
596
526
560
335
606
8
358
892
660
528
1024
21
448
740
981
980
901
137
94
300
189
522
547
294
893
805
539
215
684
655
833
936
275
632
194
550
331
231
944
977
228
124
248
453
282
1010
965
12
373
941
434
130
931
164
956
390
77
18
49
20
568
603
848
752
1001
604
723
716
784
421
605
464
210
3
665
126
617
869
537
819
768
288
219
84
260
843
218
47
182
327
227
175
67
776
383
500
572
916
954
643
474
649
681
853
239
657
99
798
150
415
875
388
261
11
134
677
976
115
759
39
95
1016
569
254
370
749
400
700
879
742
62
414
810
850
27
78
802
830
685
70
640
14
438
792
91
968
172
897
98
540
312
612
826
862
445
773
703
279
477
851
809
1020
366
634
309
299
536
7
131
384
1006
357
478
995
317
816
880
48
224
30
882
113
601
661
947
698
143
747
53
630
575
419
480
806
694
340
111
90
766
112
767
399
561
162
505
912
998
1019
76
473
758
353
993
481
872
942
765
103
181
463
382
571
736
320
867
471
443
470
487
486
431
329
863
316
488
925
808
292
127
435
413
633
825
123
972
615
541
351
456
349
884
924
727
999
638
994
834
818
978
690
144
174
782
992
967
60
277
308
673
887
196
315
337
359
499
733
868
984
801
32
885
737
926
664
586
429
781
757
411
246
594
521
923
906
775
188
392
803
13
509
589
697
866
451
209
306
200
839
458
1000
129
565
813
507
991
146
83
88
240
313
678
891
783
592
92
800
236
81
614
348
250
465
330
635
1013
508
285
104
896
845
644
167
985
152
59
1004
928
964
286
52
97
55
179
101
815
712
945
408
811
26
325
950
791
475
1021
821
19
206
705
495
242
394
511
449
6
611
171
846
741
220
626
588
80
417
71
516
707
197
504
139
217
323
25
389
567
379
515
501
641
546
730
562
734
386
627
590
674
259
957
602
844
738
355
591
157
608
706
625
66
595
552
952
454
832
204
178
763
295
93
532
138
573
760
658
311
756
57
597
899
939
170
772
969
263
22
363
671
56
441
778
40
109
338
761
158
232
728
165
654
360
1005
33
407
675
255
659
719
247
754
68
651
264
9
837
29
929
918
911
142
185
364
955
1009
322
64
666
345
787
962
838
202
38
709
982
953
669
342
298
398
141
65
543
195
280
74
793
582
914
118
930
585
110
341
284
525
307
790
485
629
432
555
648
599
695
840
450
268
45
963
447
966
814
281
193
909
192
943
267
159
405
302
699
870
958
235
168
156
401
789
857
523
512
513
836
852
253
269
900
117
849
406
314
795
637
975
748
493
222
704
452
566
502
266
797
333
979
877
31
959
403
24
676
102
207
974
888
459
287
720
278
905
755
858
396
692
221
161
469
551
796
324
180
336
199
125
149
827
583
774
1011
402
328
548
645
724
437
799
393
996
593
472
609
409
762
163
533
361
420
913
205
151
701
639
842
949
107
864
105
687
835
446
553
960
506
50
922
498
519
326
646
100
650
274
251
581
828
822
777
948
28
688
878
927
725
190
883
184
970
61
395
576
73
538
807
114
293
769
683
497
155
1008
339
318
198
270
136
262
15
886
1007
303
563
682
201
620
907
304
404
785
23
75
997
410
334
871
715
1003
580
903
636
873
820
946
847
1012
121
854
518
829
672
212
145
751
718
935
368
642
492
296
354
479
708
653
44
1023
989
494
291
668
578
356
902
859
346
986
154
301
375
216
618
780
904
876
607
788
343
183
122
689
230
132
376
731
721
764
426
1018
544
428
69
890
753
120
932
289
770
460
881
321
1017
711
381
812
17
910
517
106
116
483
587
527
804
265
726
624
717
372
510
622
570
423
332
35
743
350
1015
427
745
531
652
439
534
119
530
739
564
367
938
490
744
915
387
424
1022
211
663
166
237
489
305
46
347
750
283
418
72
476
43
874
520
352
461
696
558
559
670
860
108
824
898
621
732
238
430
545
691
