261
44
353
151
361
304
360
256
205
94
288
400
379
318
155
184
96
28
407
133
179
35
451
147
368
274
40
352
170
416
357
42
297
426
227
452
31
326
134
273
302
471
501
3
413
292
503
8
474
342
291
21
493
115
404
187
219
230
72
397
480
201
1
438
394
62
495
278
463
267
305
181
375
19
484
403
437
262
186
127
7
507
282
225
161
324
392
180
22
265
294
362
371
128
53
287
188
85
112
331
300
460
81
36
369
319
173
114
386
429
206
478
313
333
345
336
335
144
224
58
509
405
448
123
350
92
343
338
55
141
306
150
11
330
4
6
189
228
48
103
32
412
417
113
238
137
149
264
317
316
246
77
105
116
414
266
483
399
268
341
464
248
395
157
10
15
136
129
505
329
69
281
135
310
24
374
251
215
95
323
449
442
164
67
174
496
143
377
453
415
117
348
441
104
132
158
454
476
190
204
247
177
221
156
472
385
380
41
207
325
119
38
142
430
491
354
231
65
57
470
355
367
87
296
252
322
12
277
97
196
239
210
18
83
370
93
339
78
153
216
249
346
439
494
512
160
61
192
130
229
456
165
232
23
168
198
389
222
334
488
166
139
49
16
269
311
489
286
254
258
250
409
440
424
90
492
99
418
479
241
191
482
455
154
185
89
293
459
176
421
431
234
290
498
423
220
363
71
223
443
213
172
490
80
236
211
372
20
64
131
435
485
240
244
88
194
26
54
366
171
408
314
299
388
98
17
402
510
259
279
481
193
125
34
466
60
169
469
356
235
473
13
425
401
163
242
289
444
508
33
511
432
358
46
209
214
195
5
106
253
175
178
383
393
260
56
91
255
233
39
2
328
337
298
396
340
148
86
303
285
121
37
422
109
445
434
182
202
208
433
428
138
420
486
378
502
51
146
66
376
140
100
197
212
295
74
320
436
499
217
122
14
200
497
450
84
411
43
275
9
457
391
272
52
118
332
487
465
29
283
315
349
82
167
351
468
75
162
50
30
199
344
145
107
47
111
419
263
390
410
27
427
321
467
387
70
183
381
475
500
270
447
276
477
124
203
307
110
257
25
243
506
364
347
245
73
226
120
384
301
398
280
271
63
218
102
309
76
461
462
365
108
68
406
59
446
458
152
79
159
359
45
327
373
308
126
284
101
312
237
382
504
