507
3295
1829
1898
2807
2662
1924
3491
789
1679
124
549
3564
2920
592
1304
917
3761
1873
65
3656
1142
884
1416
163
201
2938
3666
2537
3907
1475
1540
1577
3762
1965
944
1500
3042
3202
3205
3641
3239
2960
3578
1502
2883
3705
2154
3047
3717
2209
3557
1332
3650
763
4004
4042
3642
1717
45
3425
1575
3938
3346
3895
2732
2415
3932
2249
1346
3160
1799
2245
3127
598
2343
1762
82
2560
866
3969
3255
1852
3359
475
1321
174
235
3362
374
3662
3365
2568
3442
2914
2081
2824
2380
2462
2090
2307
2948
1266
1006
2179
2340
1751
1700
392
2062
935
1369
731
4067
4026
2693
2534
102
2968
2847
902
2378
4023
487
423
1076
3159
681
2561
1348
914
3000
1779
129
3397
3845
3917
3437
3682
3811
3940
1868
1471
1539
2576
846
2454
2901
3360
2265
3800
841
3784
2767
716
1945
556
3584
3718
2602
2552
3006
3857
446
2227
2788
1866
4074
2432
1382
3356
1758
1357
2644
4070
355
3107
2738
2669
807
725
2441
1106
435
2281
2129
1097
839
3447
3508
988
1341
971
3102
2881
2471
977
1816
1993
1408
451
1666
253
4009
1396
2022
3797
436
3132
3941
1787
736
57
88
2500
3949
1619
1002
2083
3389
3195
3077
1197
366
90
2046
1859
1620
1151
1527
2428
1424
965
660
3780
2023
2590
1398
2395
1378
2768
2804
2034
2986
819
1090
12
2666
3479
429
2749
3873
3695
3495
3251
3598
1581
781
2053
5
3306
886
3456
2524
1969
1318
284
2502
2819
3111
2282
329
2291
3775
546
2435
3327
872
2196
3430
2496
568
2643
3779
1641
2049
2834
3544
2633
3901
1936
3217
2327
2012
2324
3815
2656
836
508
1032
1608
2480
2354
2302
2667
309
2796
2988
1929
1825
25
751
3008
204
3733
2977
463
416
2781
1386
3897
2592
3804
1136
3868
1480
2197
3260
3962
2827
2272
2583
2672
3807
2935
2789
158
53
3916
3529
2860
1186
710
3801
2798
1326
3793
3467
2754
75
748
3601
3219
109
698
2161
2607
2421
167
2468
3843
2409
1055
455
3908
1949
1510
2286
3735
3384
1888
1872
587
1681
1451
1279
3576
2687
2033
461
1537
481
1381
4013
1690
1154
1671
2488
1933
486
3736
426
1923
241
2170
2134
3176
3143
395
3618
199
2734
1845
2283
1407
3840
239
3383
2222
3372
3561
3588
3622
1244
1046
1079
3619
3747
1460
2025
378
2817
1553
217
3644
547
3038
1792
3420
2940
2192
1069
796
1182
113
1718
947
1040
2437
3514
3912
122
3220
3444
3525
2630
723
1044
3341
2303
2088
287
4095
1755
2094
1549
2335
1695
2766
3411
3343
849
2700
3489
3242
3602
3518
2970
2532
2199
3549
3737
3943
3174
3925
2472
180
669
966
802
931
3391
1669
1145
697
1269
2430
1419
3708
2362
636
2174
879
3439
2405
505
1939
3153
1358
2407
3265
887
480
2519
3381
3230
3651
1166
2489
3162
2707
164
3208
1172
762
2759
1099
1889
3506
14
2138
3182
746
1807
1314
1609
1420
3055
558
2460
3364
678
44
1793
1827
3274
623
3748
87
2913
2446
1647
2863
2479
3681
3133
3712
618
2969
1029
525
2740
1018
1295
3218
323
3945
756
1190
1633
111
2264
3640
2116
2348
368
3130
1152
2657
134
405
1131
3044
1626
3756
2501
688
785
3478
221
2467
3985
1719
1930
465
3731
3103
2371
3226
305
1935
67
2962
2943
1854
3777
3847
2484
3011
859
1232
782
3675
1028
2393
3215
1752
1081
2153
934
3126
2580
40
581
3475
3206
2924
1687
1840
205
2742
1824
1659
626
2408
614
928
133
3165
3842
1668
274
1730
146
1880
2473
360
704
1061
963
1399
1031
1646
3978
106
1774
194
319
345
225
575
2250
3936
2892
2221
335
2627
482
3982
3728
2093
76
3121
1013
2872
105
2842
3664
3563
2795
2178
1033
3726
136
3210
3972
2525
2136
214
3271
3605
3894
1574
2691
381
3464
2386
189
2925
3026
1039
1994
627
1652
1550
3148
3996
2936
3290
4000
1593
1528
94
3504
28
1684
3795
853
2433
943
168
3551
779
2816
913
3092
1661
1983
276
1506
1421
1710
1602
473
3710
2813
1585
3841
4089
2671
449
1589
1209
2884
2230
747
3880
2675
3803
3789
2452
2028
2476
3299
267
3566
2956
1934
2527
2290
222
1440
2922
3494
3505
236
3832
250
3024
1120
322
1092
3575
3668
1541
363
2547
2010
2701
1105
854
1226
1915
2653
251
470
21
4062
139
2655
2322
2077
2128
1746
3412
3971
3449
3178
490
3433
980
3885
1941
2
2952
1176
2080
1216
1493
774
3872
2122
3005
1902
2996
1455
3408
2729
2831
2670
1160
2885
929
3488
3169
22
252
2239
2228
615
2695
1128
1584
881
3680
2069
2719
1415
3354
621
3587
1062
4030
985
1764
4084
1246
4002
2157
1617
228
3896
519
2544
759
3144
1397
1853
1113
2120
2202
1937
472
1837
81
4001
1728
2517
2168
2511
165
1713
2269
3887
3167
203
3003
1871
2251
84
3387
3552
3920
1073
2342
2937
3660
3071
3944
2379
2728
1240
1798
3989
3639
1606
289
348
341
3673
1559
1171
1731
1042
1051
2493
3311
1225
2008
942
2140
4078
1623
2464
1277
3367
1979
332
1115
1236
191
208
628
3820
882
3661
297
2787
2991
1688
260
2575
1257
3246
784
1023
513
1066
1482
3560
898
693
1901
1519
1199
3058
1095
3654
3766
2198
2951
885
3882
238
2292
3599
2317
2711
3223
385
2256
1464
3114
2679
1238
551
310
1628
2000
68
3403
2727
650
3645
3659
2649
2573
2530
3438
4028
1196
3498
259
2258
2313
741
3689
2724
135
1952
582
3918
1766
31
2331
3886
2786
460
2237
998
2900
2273
811
813
642
1129
1757
3862
2397
596
1144
2588
3749
2364
1001
3416
1255
2019
196
2890
2966
325
1400
229
645
1547
735
2323
3315
2461
181
3902
2814
2681
3548
350
3476
975
2848
2953
3707
1521
2507
2047
3459
3909
2365
3615
1325
3772
3546
818
3048
1716
476
1047
3699
611
599
2347
3471
3164
1111
739
2612
1202
2126
1149
1498
1472
2277
2074
2806
3431
2782
1631
4061
777
631
2114
2204
2778
1704
1198
1446
1218
206
49
3358
671
2862
1306
952
1188
3614
3904
3740
3785
847
3739
254
2529
2029
2823
1760
1820
1164
2639
3390
1411
3573
1536
3353
1508
3410
483
1931
1043
2730
3145
2060
2356
2731
3419
4003
188
422
2674
2026
3294
3259
83
415
132
2694
1477
708
3436
3776
2802
1436
1336
987
262
3037
256
1431
43
4038
3263
2485
3790
3266
1804
891
994
1920
3931
1733
500
510
3999
1150
1427
2455
2531
3942
3453
969
2492
3991
3846
962
3472
1543
2614
1642
3108
2699
1780
1290
2360
3496
3487
265
3624
3609
1975
3829
2973
613
3
2751
2160
2838
3040
2394
2172
1705
4075
2830
304
3923
373
38
60
1243
2512
2422
993
3417
2137
118
1770
2578
1844
1822
2289
1629
1094
1441
2151
941
2306
1
3484
2367
2235
123
171
535
2299
970
1554
606
814
1230
521
583
2451
1208
456
3631
1205
2603
3770
1192
1268
286
850
1795
3998
3119
3177
3319
1030
1693
1484
2562
1925
3679
2556
667
3254
3763
3366
3866
2584
3253
3337
1532
1614
1181
1422
3286
1912
3470
889
3928
603
4082
1260
2582
2646
3783
98
3819
1038
2770
246
2333
1253
2647
644
3138
923
2797
1034
394
311
845
2465
2873
2574
3702
2300
1569
3056
3435
2994
3839
3066
3612
1207
1405
365
3974
719
2155
2390
2423
3388
1576
2163
3722
7
1773
2714
3348
1946
2720
384
2509
2483
13
4068
326
2844
2686
742
1531
1454
526
600
2189
550
3746
641
1672
3421
2085
3110
3534
883
1849
733
900
1339
2159
3189
2135
3579
3688
1143
1529
4083
3237
3685
651
753
3448
981
1794
1985
3693
1167
328
579
4072
749
406
3556
1291
2436
1578
3583
3742
4086
2958
3282
3771
192
1010
142
3984
2055
2434
364
3853
687
775
2957
1273
269
3157
2859
539
2233
2495
3454
1955
2870
2635
2206
1107
1970
848
488
1174
520
2491
398
3914
1361
1086
3502
793
212
315
4036
3330
2850
1637
2301
2642
263
2032
4051
2535
275
2857
3281
1724
3293
303
3709
79
3268
734
468
80
1957
2018
720
1024
2587
1995
324
444
4079
1998
705
637
89
4019
2164
3252
1392
3469
3004
2003
1950
3288
397
3322
301
454
197
2690
2381
597
1309
728
856
3086
1861
3657
2132
1114
3877
294
3753
1234
2801
1892
3115
441
318
1507
3817
3935
984
1220
1978
71
2443
1680
3340
479
3867
3480
1749
97
2457
3335
1391
2374
320
3593
1203
990
1285
1125
93
2567
2319
3670
3706
1911
3637
3716
2648
2735
1052
2628
3067
3924
3781
3812
234
3620
1685
1604
47
3694
2100
625
347
1741
3648
1847
2763
3303
1788
1280
3072
3875
42
2339
3876
2808
624
2474
2897
3211
851
2684
668
786
1504
830
3079
2141
880
726
3510
1515
3117
3350
1992
3503
452
2608
3863
2194
2314
1110
516
2438
2336
1748
564
359
576
1782
409
3511
4041
3752
709
200
1224
2600
2617
1444
151
2505
1045
2504
3173
1928
3083
2009
661
170
2510
1056
2341
3930
691
1607
3059
1640
291
1776
1003
2344
3571
3181
3370
417
63
607
2404
2076
2193
1821
2260
2545
945
3477
1112
4053
2967
143
1445
1328
1004
2177
1035
3838
3161
1922
3725
2835
2229
2640
1041
3374
2829
3750
2248
738
2392
1132
1808
448
2091
2064
892
3799
3091
3482
283
1960
2680
2370
1596
2410
404
3976
161
3915
3238
2792
1627
3523
2521
401
4022
1183
4017
1019
3994
3547
2255
2188
863
2079
1179
2109
3769
2263
2309
867
2601
1009
2703
1221
3816
996
1100
4012
1698
50
112
773
3142
2972
3633
3608
3312
938
3980
4057
1059
2775
2240
2932
3035
177
3027
1338
1612
3958
3533
2207
1017
3558
2425
1622
3515
2171
3441
2096
4015
2211
588
2279
491
684
503
3893
3216
744
157
3751
3090
29
689
933
921
648
907
377
2158
982
1458
870
1453
1516
2285
1262
769
715
771
817
695
2809
2169
932
1287
1561
2631
3054
2466
2262
3073
3782
536
2399
3905
104
1122
2481
2990
2623
231
1067
1988
2057
3321
2541
545
3805
1801
3019
2097
509
390
3837
4085
3810
2330
3304
1729
2148
1989
2089
3106
788
227
2447
1490
1857
557
186
3081
2553
3884
3179
3625
2130
3634
3626
1944
1511
1293
140
2929
1423
3256
3647
1557
4033
3085
852
571
1707
1572
2123
296
834
2234
1814
2268
1372
2825
1098
1217
3451
2487
2668
2005
1595
3536
3336
383
3249
2186
179
1874
2696
3663
91
2311
591
1153
918
3020
3302
1869
2663
906
1803
2715
78
1352
2518
1254
1558
3080
2609
815
62
2031
3808
2716
630
410
3082
930
2224
823
414
1011
2082
1505
1587
672
2737
433
4029
548
1927
2992
1736
3455
3203
2622
1973
3913
908
2658
956
1555
1104
3554
2453
1656
1971
3318
187
3146
3965
4073
4016
103
1363
2223
1542
1727
3033
3104
3519
635
3568
1835
1981
4047
247
3113
2854
3243
346
3953
3674
2231
1485
1777
99
865
2660
358
333
1678
1616
3555
2117
953
2400
4050
730
643
3046
261
3235
3122
2982
3607
2350
955
3197
115
821
2909
685
3156
160
1368
3773
2706
4
1263
1513
3016
827
2065
1650
3600
561
3892
4049
3865
264
1940
2383
2536
640
3308
114
792
1412
1237
3247
175
1116
1347
3543
565
2836
375
1121
399
3225
1769
1075
3955
215
2036
2498
1349
2006
2246
3149
3485
154
33
2125
2092
844
471
195
1697
3987
1133
2183
1147
2708
2665
2964
904
2146
32
2145
2266
3076
1818
3537
604
3267
3017
51
144
1429
1657
3422
2058
692
2764
2984
3900
2927
2253
2812
2320
100
4024
2773
2651
805
983
3124
3363
2142
362
2748
3919
3338
3393
2124
2902
2429
1077
776
1823
4052
646
3669
3275
1783
3093
3678
3434
555
317
589
3409
3074
3371
3948
2961
3407
1063
46
35
1159
3686
4094
1706
1732
3687
2652
2826
2416
2014
1834
2099
2762
2942
1371
1284
64
3786
3123
2218
3180
795
2636
2594
300
1478
4054
656
2903
3053
939
655
316
1523
2595
893
2369
3025
2144
3394
3493
567
2908
760
3095
1568
772
3014
1951
1071
1404
1999
594
3328
3628
3068
1826
659
1570
2458
3284
2894
1008
3665
2611
1756
2539
2542
1272
515
3993
2880
126
1899
593
2597
1271
1499
131
1130
3745
2843
2654
3105
840
639
1582
1524
2845
1811
3352
1986
3227
498
2048
2899
2765
20
2722
1864
3881
2326
56
1138
1806
3658
2403
2118
649
1026
1235
3297
3305
1373
2934
4063
1742
464
2810
1331
1119
3034
3541
2891
1418
4048
1677
1375
876
1962
3355
2828
290
1355
166
1843
3184
3428
1281
1443
1819
2581
1442
3951
3278
528
3031
172
1592
2893
1370
255
1233
936
2037
1881
1711
1312
1078
2372
34
3768
3968
4007
4069
855
2596
2852
2543
4031
425
1862
2414
511
2190
424
306
973
2377
1649
620
4010
2514
2241
2753
258
1838
2420
59
344
1058
3396
874
1648
1725
1683
3667
3581
3424
1406
1832
3903
1450
3764
1242
1708
2296
30
3831
3036
1694
3711
497
3729
1948
2610
1463
673
1605
432
3947
1117
3347
3317
2887
711
812
1634
3400
871
3542
1972
1185
679
2746
2875
1663
803
3774
3610
4020
1456
209
3326
2546
2101
219
2478
570
1750
1141
1380
1091
514
2071
2571
2284
1319
543
74
2070
3406
1275
3402
2678
1425
816
3075
2325
2780
1433
3828
3836
787
3283
634
1222
1990
1791
3041
3307
1778
560
1839
1517
3934
825
1753
3414
2618
150
696
3320
3155
3466
3426
1323
1598
1564
1223
1201
330
1714
52
2056
1155
3147
718
2620
2084
3910
1737
1252
833
2520
1896
2075
2280
3022
3621
3859
3906
3222
2401
2865
3507
3757
2156
343
1015
2565
288
1887
1509
3530
278
2523
1195
1525
3100
1085
339
2800
682
1194
1763
806
2777
780
2001
3572
1603
3228
2061
3788
1926
995
1021
2946
3166
1126
1387
647
843
2449
2068
3531
700
798
1394
2252
899
1494
3398
501
1665
280
3833
387
3696
3632
767
1300
1089
2745
1191
2271
1830
3975
1434
3861
2358
2042
1987
2621
2391
3591
2846
3333
1161
2704
2187
2930
2566
1367
1624
3234
367
2779
1350
3382
3001
2103
1535
675
2039
3405
1351
3997
1720
3966
1276
752
3240
226
3911
2051
1905
2486
652
380
2713
3399
453
530
1734
1895
2205
2983
4045
3168
2916
382
2771
351
1383
1579
2448
1469
1027
3314
740
3094
3649
3375
1882
3186
3329
2054
2861
3834
2976
986
1691
127
2162
2328
1476
1437
2755
822
3060
3553
663
2563
714
3279
1914
2506
1817
4055
3285
285
3323
2853
3874
2127
2242
69
119
1189
2793
1848
2866
3499
2332
1610
3065
72
2298
2413
3369
3691
2987
517
3292
1813
2878
3483
2112
2898
724
1177
1522
3310
3191
1875
3809
4034
1241
152
790
1938
1636
3570
2629
24
2384
1379
1583
3269
3185
3248
3112
223
1022
1850
842
2442
3136
3379
794
457
1580
3970
1884
729
1932
3765
2799
1342
1638
701
1388
2215
764
2947
2944
1053
2426
3851
295
1739
1334
3860
3957
1211
2013
2105
1514
877
10
1103
754
2113
574
162
73
3559
1635
1897
3257
376
137
873
3298
2591
707
1377
2503
3152
3814
232
824
1908
2683
523
3613
622
3960
70
3207
2741
3151
249
2577
16
961
2554
926
1288
2388
391
552
2166
1452
130
2419
1158
2841
184
3715
3821
1503
2110
3698
4025
1228
3701
2791
1049
3950
3063
1563
1644
467
670
974
4058
1250
2689
370
388
2919
619
1858
940
2999
924
216
2756
2876
3565
338
1855
3163
2165
3192
1014
273
706
121
3043
2959
1545
3743
831
1080
1586
148
4006
2107
1841
279
2361
17
3139
270
3638
1393
3277
1805
1282
524
3264
2559
3287
542
4091
1790
3368
4046
445
2102
3721
3012
676
257
1414
948
37
1187
1102
2664
951
1473
690
1215
178
4081
1286
2619
2995
3296
2676
1865
3150
2418
3963
2445
1530
1655
3589
2889
3462
1767
244
1156
2059
402
2469
2613
3236
2208
3855
2682
2052
1956
911
2456
185
826
3361
875
1890
2869
1643
1459
1135
2185
2526
3959
1675
2624
770
1726
220
484
2912
3977
2815
4008
95
1054
1632
1403
1658
2551
2856
1064
1137
3890
3481
307
1712
1389
2254
2721
946
1968
2318
313
2351
778
1743
2837
1565
458
1919
766
1900
3423
3028
1775
2811
1362
1781
2886
1977
3703
2139
968
3744
2726
1270
3099
485
2182
4056
2744
674
2733
428
722
2864
829
19
292
1146
1249
1903
2180
3524
2882
4066
3983
2513
3349
2470
2072
1976
3655
1699
3889
308
3567
553
999
1140
2821
903
3057
2297
2329
1261
1876
3700
3018
3713
791
1533
3376
438
496
997
2275
616
1759
2931
2027
1449
1308
2030
1219
3522
2926
1943
342
2981
1913
1953
2569
2858
3636
3342
612
1600
1904
915
3190
2820
3007
901
2312
2349
890
869
2585
1488
1618
2304
1501
2697
577
745
1552
3118
3692
1954
1551
2586
3170
271
2236
3501
1831
3468
1344
85
1364
240
3825
1315
3520
1165
495
1625
2641
1292
3224
450
2921
3233
1313
1828
431
396
1430
2975
3967
159
1497
2494
1428
39
3540
3727
3023
3844
1070
3954
1842
2677
1566
1738
3404
502
578
2011
3988
1491
2717
2346
896
3261
3331
3134
1674
3378
861
732
1248
3532
992
293
3458
3120
537
1744
1833
897
2710
2634
2338
443
2259
3474
101
2411
478
2444
3064
1709
2589
2294
2840
2431
1447
403
3357
1974
3258
602
2508
3418
888
1395
3010
2625
1907
447
361
2702
462
1212
439
120
3497
895
15
2406
4018
3929
2475
2041
1310
1087
2558
128
3569
499
3443
1860
2650
544
2949
2692
1686
976
1544
2833
1163
182
3835
2195
1210
1802
949
331
3891
242
2598
2375
610
442
3719
3734
3720
268
3643
2424
3630
354
1385
3754
1851
1264
909
3128
3450
1231
1670
1170
421
3704
4039
2832
386
3730
3232
2219
2974
3792
608
801
727
2150
638
1322
1815
633
3413
298
1810
1118
3440
1036
156
569
1000
1068
1466
3262
2213
1376
3052
2783
1599
3848
1997
1630
190
213
3313
1653
1961
4044
1311
2989
562
3199
3172
1184
2757
3961
1518
1836
4064
193
2616
2911
3276
48
3377
2287
3992
1278
412
2606
2910
534
3585
585
2175
1692
248
713
2557
2761
1438
1259
584
1214
3244
590
1072
2004
3039
972
2980
2108
3516
2131
282
1947
2918
1265
1701
1673
3109
1134
1667
2725
809
3301
3879
3826
2440
2363
1765
1299
337
3852
3013
1206
3830
3463
3500
1573
1335
2723
2121
1082
145
3883
2016
2895
2712
1601
356
1384
1301
1060
3101
2928
1785
2357
2570
518
27
1745
1467
1520
427
2355
2638
2528
1294
2490
3856
18
3697
3087
2661
334
4027
1168
1786
3427
3395
1703
3616
905
1879
1329
978
2907
1247
3270
2877
141
2604
2516
1660
2133
3194
2497
198
2176
237
3604
1124
1906
1991
1096
916
3241
4040
2021
712
1307
3096
92
2915
2709
2147
605
1337
3316
2184
1664
572
3051
2417
1359
3899
1462
2073
3827
1256
1891
281
1863
108
494
2066
1654
2979
371
3646
230
1258
1621
110
2923
838
950
2373
919
3871
2247
2743
960
2078
2044
2463
2736
680
2427
629
1921
1481
155
3870
3187
4011
4090
207
694
1213
4071
2794
1409
2673
211
1571
686
3002
3824
2978
1330
1980
3758
2308
2718
2459
1883
3245
1200
3952
3088
3822
3995
3309
3597
2888
1846
3671
3869
1303
1173
272
2238
1560
3979
2705
1966
2752
2939
2533
2688
437
2382
1771
1317
1088
54
868
3849
3050
3351
958
3595
3596
36
1356
1333
1867
1012
2772
653
538
3212
2035
3577
2998
1123
601
2305
512
1967
492
11
1366
1789
3513
2963
1302
2750
23
2579
2201
1996
1353
1101
3386
1546
149
2278
3796
2191
3617
4037
3937
1964
1048
1910
3611
1365
1065
2482
808
1057
797
299
683
2522
3229
3850
2106
3078
1645
799
2368
55
1812
2214
1735
3767
2220
563
3392
699
1108
721
3898
2244
920
41
3760
3200
2232
522
2321
3344
3623
2087
3732
1639
2173
2217
566
3864
4092
3927
2119
1594
617
2038
3956
1613
3273
4043
3334
3538
9
3171
1556
3528
2851
665
3858
1468
1886
755
493
820
573
2203
1894
2896
927
1193
1267
2450
3029
3429
967
2210
3452
937
1148
666
1885
586
2867
3854
2477
1324
1918
1435
183
1772
3922
2104
1768
2412
4032
3791
116
2758
835
8
2274
4096
3129
3723
369
1963
3787
1157
1305
2149
964
3032
2965
632
1496
3193
3213
860
957
2822
3289
1588
3526
922
1740
2874
662
1139
3946
1465
3201
1958
2950
2905
2599
3818
3550
3385
1402
1289
810
243
312
3521
1354
3291
1492
3794
1702
3888
1809
2784
2316
1227
4021
1296
2955
489
1893
1461
2359
3196
147
2632
372
1870
2389
3141
1916
580
894
1982
86
2593
4014
2293
3486
3652
2143
3939
1548
878
3204
1175
1526
1489
1426
3214
1676
3250
2564
702
2868
66
202
2212
3209
3778
1715
3465
3415
173
533
3339
430
469
4076
302
1162
2063
3460
3724
1448
6
3690
1251
3759
3490
3802
609
3539
1439
1074
2879
531
3062
2017
3380
3741
1297
2538
1567
2540
314
2295
1611
3738
3653
3324
3986
559
2572
1597
3933
2760
77
1050
3461
3798
2376
3373
2257
418
2515
349
1298
954
434
3755
419
804
3446
153
3683
1909
336
3535
379
4088
1417
3280
3926
768
989
26
3921
2007
3135
420
3158
2769
2550
757
1591
2243
2345
1360
3878
2267
3030
658
3183
1320
2043
1959
3198
2045
1432
1534
529
2499
3045
1856
2270
2933
411
758
3137
3672
224
1877
245
466
532
2261
3627
3964
761
3492
138
3131
832
2549
1345
717
2366
2605
750
3562
1109
58
2020
2226
3545
4065
1020
1800
1025
1180
2002
2181
991
1662
1457
595
408
979
2385
477
2941
1093
540
2839
1984
4060
800
654
2803
2637
3635
2167
3154
1784
2945
1005
3580
2954
504
2790
1723
2067
3432
1721
459
1797
413
864
2685
1761
3098
554
2200
4087
3325
3089
3473
2993
1754
664
1696
2115
352
1878
1682
783
3069
1274
210
703
1487
862
2805
2050
4005
4093
2971
1474
743
2698
389
2785
1796
1239
3592
3231
2288
2555
3981
2849
2337
4059
1127
1083
3594
1340
61
2871
677
3603
3175
1007
4077
3606
3345
1486
2352
2774
2086
96
1037
393
3401
2095
3512
3990
3582
1479
3140
1204
858
1169
2315
1689
1410
117
3049
3188
1942
2387
910
3813
3586
1747
3332
2645
1590
3527
1615
3300
340
2906
857
506
1316
1401
2225
2615
3457
474
440
407
912
1722
321
2276
765
1178
1283
2152
3221
3021
3676
1084
125
3806
218
1343
3973
1413
107
3509
959
3070
3097
2776
925
2216
1374
527
3823
2626
3590
2111
327
1229
3714
2334
2659
1538
357
828
2310
2985
2402
3272
2024
233
2398
169
3629
541
2997
277
2739
2098
3574
353
2396
3125
657
3015
1016
2353
1562
737
1651
3677
2040
2548
1917
2855
400
2015
1483
1327
3684
3061
2818
1512
1390
3084
266
4035
1495
2439
1470
1245
2917
2904
4080
3009
3445
2747
176
3116
3517
837
