100000 2000
9491 30190
27461 22166
23748 8160
37764 9018
39019 42055
13694 19654
18919 39485
13851 10092
10890 41341
15947 7662
12719 624
13186 41044
29577 41420
20372 41433
36764 35949
46269 34620
3572 47147
41147 42988
4694 38977
42840 16717
47737 19549
3041 16852
12399 10308
38123 28138
31502 747
7178 37911
38226 16764
1976 12927
49916 31695
8259 41288
24004 4984
36596 17163
30845 8123
38267 25351
5718 11012
35117 1577
28757 18289
41267 23158
17284 8367
31200 9276
11735 48774
22517 12917
14891 40832
5212 28160
22769 22555
2007 38717
34747 10699
22098 38172
20738 12352
41715 12741
23293 44579
38418 13460
39223 40181
46993 36414
47138 20716
32245 49673
6915 36565
6033 22284
29321 34294
30984 26387
21824 6291
11377 3826
19195 36461
44043 24748
24944 40463
22643 32303
32448 3045
38672 48373
27317 10849
13190 8658
5255 25400
32815 28882
36555 36688
20352 40278
16676 17566
25447 2330
28913 37093
24227 7734
5140 3049
18654 28155
33450 20441
15811 39072
33933 9714
27675 9978
47471 28224
7128 32402
28939 15249
2191 13874
18578 44461
44761 37090
44019 2272
33638 30957
43124 41276
34505 3405
1682 5451
31772 25419
23247 721
32535 34028
46426 25570
2802 49554
48941 28338
4466 29028
45443 9702
20826 24899
24776 22571
25630 6666
49805 31153
23792 39811
3862 42004
10560 35149
2178 10658
46250 1721
36964 46585
34618 11533
32356 11828
10232 47912
41182 7139
23038 24713
29925 32156
48258 28095
24620 14814
31371 30202
2411 38773
39482 31670
35806 14852
45210 42923
30875 4964
41019 9854
20779 8015
5135 42824
8414 12467
21025 26580
30372 39603
14241 19250
1255 28896
24637 37790
42003 30793
16381 27844
27241 26522
41637 11350
39310 10806
22543 31512
15082 8422
38020 10578
20261 48219
43954 38661
47507 40049
32202 44952
18504 41119
43582 33174
7278 23143
41568 10924
15642 22967
26729 32881
27717 1029
46089 206
35232 40984
33633 9694
16098 9631
13767 4868
20758 32877
10457 8028
4121 15341
32619 10022
45160 30996
28043 16624
3507 21091
11222 46351
18062 20690
3315 44451
30837 6189
14364 7869
48097 8688
26653 49100
49556 40048
21867 23044
3514 14954
38001 31159
4799 25798
18261 4760
20329 24199
21843 38320
26680 19945
19451 31777
21336 27324
39748 43974
26644 14948
28756 18969
28358 42105
28077 32355
23627 44302
8486 37392
46229 4778
13023 44676
44410 38568
4737 4111
13654 35801
25703 26578
6720 1963
41586 44576
17627 17995
41116 13465
4066 9423
30489 30406
11982 44319
35231 38835
26633 47013
17164 37619
41391 16082
24447 35436
4139 49678
37179 43998
48726 40814
8728 3461
24730 40054
27201 26809
32716 41011
31696 9849
19398 46509
17180 9632
15983 17807
49109 45573
26426 16181
10241 12188
32626 42326
42469 9930
41213 40644
48494 9999
6282 2337
2321 29757
22206 1815
45721 45371
48959 11059
44518 49014
44446 683
37405 28849
37123 35293
45025 22930
391 41324
9709 6993
34465 18231
47309 39195
42040 11449
42533 37275
39454 23541
46869 30680
46996 1390
7910 27857
24476 29500
42668 30506
6749 10328
20251 6342
33012 1028
28843 42032
27792 22319
15746 31401
46374 10827
21252 5417
7204 18602
1040 47023
34603 27777
49597 22273
36853 31564
48466 26285
24481 23191
14582 42042
16651 11577
47379 14442
47088 4108
13804 11468
34591 49542
36072 5996
32168 16764
4503 48492
36323 27598
40836 27113
43517 22831
23239 4178
41478 4581
35275 5739
4338 42150
2319 47693
40924 12382
21769 38278
6605 11930
17389 34286
13316 29868
12464 40753
21084 44770
14866 1316
47907 3851
40372 11102
28977 47249
45053 14280
18367 12535
12422 35604
17126 20951
618 44439
27181 47395
19960 29135
176 47032
6480 18150
40576 41791
33575 22073
8333 6729
9996 39515
14200 44386
18698 37714
42513 13624
32697 6767
46231 17154
47799 27771
10378 4914
29243 14153
10632 8612
16000 40804
40966 42719
16847 46969
28990 44667
6727 32770
42982 3940
49647 36682
49047 45809
31333 20791
20968 10562
30324 46098
1503 49307
10310 13199
20410 30814
28413 4127
45872 48014
41916 19155
33342 32585
19168 2028
19924 42559
19580 45571
8561 7135
46860 39857
41437 43633
26340 18667
26228 26384
11271 21956
27317 46802
1359 15937
15113 39193
48156 39293
27806 12930
18415 31231
39873 44507
26835 21095
8749 23330
36091 31144
39209 25810
27226 40316
2246 48485
4160 4606
32028 7097
24111 30692
26086 534
25743 26441
42673 46277
49965 45217
18128 31429
48286 29686
28159 28606
3184 25201
18489 20471
37315 48004
7039 16173
24704 17867
36484 27622
35985 38522
2233 42363
10666 36365
38409 14944
8839 40363
39475 20065
40897 13438
10909 32560
32577 5145
28686 4383
7252 24777
3951 28156
36466 7496
26248 6122
21914 42054
10727 14695
15558 16278
36478 41739
5739 17006
30924 36273
28849 18652
9010 13100
23108 39161
32801 36749
26241 38863
5094 42286
22627 41422
46032 28181
8922 19740
26066 28984
37326 13903
26187 48152
4098 2795
7135 43135
26993 43002
17168 2905
12132 3971
38245 22346
5842 36425
36353 16203
48220 16945
43344 8311
3516 6368
15583 8482
18829 42878
46747 26634
4889 42168
40682 22620
47435 43579
20728 27789
8487 2625
36234 38346
25297 23923
8012 45404
26679 20426
28249 5944
33936 1295
42587 33010
20349 43925
28139 11240
21796 519
44473 25066
41431 4028
40683 42329
3222 43293
47461 12148
35865 37769
47477 21614
36571 22259
4582 48966
28408 43117
49979 31807
26598 14848
16989 34124
9913 10100
29000 42563
37655 12730
48933 26952
5138 42122
49746 47581
35469 45394
3032 32156
41384 32637
36810 7166
5520 37903
8127 47016
18873 37050
574 40093
47991 44707
21777 23385
11240 29823
24467 12129
15101 5846
16572 38682
8279 2746
22657 10222
3284 42003
22673 11253
26914 30314
36095 14516
7386 41469
49055 49331
16371 49725
18365 29474
42513 46310
48237 7553
16762 19403
30542 3584
37935 3170
48836 23570
47751 6120
14342 38669
36505 47541
24913 48447
23931 35747
45645 18821
24216 5487
10223 24725
33772 6895
47453 14184
39692 8676
42591 46365
8649 41729
47320 44485
7661 16004
27098 9911
47892 24711
40583 27349
37346 19545
31776 3744
10878 18151
10567 10020
9699 45986
19479 40906
43917 11644
30553 13958
24388 17880
18336 34242
47471 34306
25424 5509
18284 5863
43505 30048
1625 9121
8408 43876
19753 12488
18941 19319
22679 9149
44565 12355
20487 46406
1984 36627
26094 46339
30608 26941
40423 32587
46512 27283
34477 9534
43615 34071
40994 46997
29243 899
4774 11769
14530 14774
44102 46580
41955 35061
8143 23475
7597 28661
15853 12692
40034 34842
36140 32030
22881 2009
32062 45927
39194 16779
6968 20529
23357 47010
22095 35408
48848 23644
40471 1446
13242 19034
43899 26859
47905 47763
27185 37471
611 7834
16954 490
48730 18820
35655 15534
36412 32515
6706 12366
32199 14765
22100 36392
5648 40462
14464 15728
7232 39780
2289 122
45466 2802
5632 31858
7263 29126
43079 14812
31054 16225
10038 11223
2197 39187
10900 33873
10573 30075
15997 41459
47344 9076
16309 37109
6358 45454
12503 30048
37255 24292
21402 33524
36908 44971
38837 40924
19151 35110
210 20802
49318 21624
19154 2186
10399 12042
22069 22220
8824 36993
14475 45710
33844 23178
20042 14424
17924 5914
32988 30722
35815 32600
36446 48266
37674 34991
15771 43899
33250 18958
34413 46583
33109 23512
43397 13966
9530 4709
24986 14548
24848 43763
38692 9636
44382 31858
16482 37119
19983 14335
4339 12817
11133 36905
35590 13424
42638 37272
360 24139
30024 4852
20879 22550
18443 40048
23901 46232
32871 13351
41920 34865
26544 28177
47314 22083
23802 45177
17234 27104
36375 34007
32347 34698
14306 34360
39077 25009
9174 49735
11460 11115
49756 15151
27968 36948
15092 32703
28648 26340
32415 33659
23714 17572
15856 4353
48429 29346
39188 9339
35545 41007
33523 15351
3531 8822
8434 40731
41070 19821
22436 48176
39588 21428
39216 42533
16513 1110
7118 46566
7303 42848
19204 41264
5335 35233
43786 26566
29117 24795
2613 4376
4925 14530
37398 22843
12631 28492
38478 37520
12061 19020
23029 5542
15416 26337
42493 18890
4651 20156
25905 46752
41777 3769
18654 16924
6484 26834
22624 47299
15463 7177
42803 12446
2067 42850
7237 14045
9015 27898
4483 20809
49499 23817
15102 9138
13413 35217
914 13434
36783 2031
22793 31635
16926 18951
11536 21460
29097 18217
34649 13764
47091 31045
45107 10593
18401 45854
48171 1676
38485 38481
47015 22656
49794 22641
5594 34176
30994 42946
20423 47691
46271 7387
37617 20508
25721 4733
28350 43790
44116 11317
33916 9837
14200 41818
49257 8524
27699 48132
26376 29192
28480 20762
46302 32944
36705 24013
25776 22906
41318 11788
40884 9161
46424 17536
621 28586
21693 41049
28793 29043
2764 17422
8904 7559
6619 26960
29564 13724
27690 34456
30446 47410
24332 10187
14048 11292
4533 881
36713 2362
40630 38865
26654 5626
14136 44247
34633 4423
36458 7751
39016 20276
20928 27896
43449 30159
45003 13529
32871 19050
28472 903
27508 36662
1009 34608
44392 633
5317 44278
11975 7373
45176 45503
47509 30091
8412 28602
19158 7627
1460 8413
30009 23615
26722 1043
25820 12497
48119 12285
16096 23540
5210 99
29338 20708
26351 12014
6568 10929
25671 6478
2720 39968
2527 29486
40231 33284
2609 26976
878 14278
23211 19419
48464 13923
49106 38417
35010 30535
40025 45293
10505 3249
10705 18674
31628 42653
37708 12789
43229 43824
238 17983
42119 29550
38349 31792
38358 25285
26047 33935
20629 39942
21760 9187
35132 34182
46498 2674
28117 21975
3719 22934
18335 45508
27709 6386
21560 22125
28901 25109
38464 29386
49001 13407
5219 24448
11973 18958
26304 9885
27399 1362
9836 47712
15669 16307
43432 14347
27861 28046
28473 483
23953 40474
38066 24270
35552 33548
33183 48591
11394 43885
24977 27893
38550 1209
20010 15350
49484 42454
27703 30848
9619 45115
49572 23660
5483 24931
26350 7654
35903 9469
17590 30792
43150 49925
40795 21473
15997 43476
41613 10980
18439 32428
12645 20022
35975 42964
22200 39086
43330 3007
30880 42067
12121 19432
20815 27557
26932 48958
40064 21510
30669 24703
44471 25095
39863 36137
14872 5907
12626 35825
5811 31737
18589 17001
31765 22596
12080 13331
20133 1344
36989 18633
30248 35644
22878 31913
22399 37459
9913 27756
17969 11182
14982 12006
22618 13749
9363 6147
2473 35951
2719 43628
2411 38704
17716 3260
28665 6470
176 3219
43223 6451
24973 32951
43369 41585
16097 10285
46723 36573
31684 33108
41759 12733
21288 39
47019 12835
44648 30679
10733 127
41470 917
28550 21077
49315 35143
36964 42303
14094 10485
9433 18192
4845 49071
8892 14905
45207 47416
25510 1805
28979 7711
1545 14541
2319 11306
23967 4783
13034 9022
8407 5266
36779 47739
10662 29443
12271 35739
9733 7350
15778 29898
29729 21034
31259 22512
10501 40328
721 23558
40636 29967
37161 46377
28832 49504
40860 18850
15647 17367
36849 16645
6653 13366
4540 21425
16078 47156
13811 25480
44861 39703
1242 33040
31118 29007
9458 40686
10629 779
29198 29094
24532 13426
16311 27079
11432 32609
19782 20144
29019 8722
18548 26895
34979 404
37923 6589
5589 42722
2812 40727
33934 38400
39138 19545
2190 10266
24807 35739
19462 32460
5510 36090
28200 21510
45489 10718
38187 29509
26969 24326
35157 25951
23740 43521
33454 46758
28506 25694
21859 13014
24840 12582
16876 11843
29905 19448
9167 7696
49814 10254
31168 11131
19601 22577
489 33529
30906 2686
38155 20681
25451 26433
26502 23882
1966 13187
39793 44734
43964 2596
36394 11005
41121 35407
8388 41623
20666 35144
2796 40652
5046 32645
31436 11100
41790 17002
21993 17672
46310 3388
13446 37542
33527 13888
30115 26641
48622 20200
7342 47136
740 32923
22411 9208
42775 42885
10652 31514
19256 21210
31820 6207
47268 14613
27908 32694
25620 8528
31125 11939
284 39542
23483 36364
47913 11721
9488 9824
9107 12802
32049 145
39517 11385
1241 9694
28017 43352
2832 49514
41484 4719
40788 29543
24577 13262
41734 19215
33668 45843
40860 8893
34835 38704
21568 18926
949 32991
24066 10910
26757 26330
42675 44867
13423 36466
12608 44225
2673 19406
16604 28697
7361 46866
41244 4078
40173 41736
26466 19515
7120 1630
34071 24779
13885 23870
2937 20895
42970 9621
46957 27789
11736 29943
27189 21024
352 42574
41703 31774
26518 40521
5677 8666
39638 28323
24471 40783
6826 32660
5501 5787
36615 802
39795 42367
6800 17758
11456 10564
9764 7305
35522 37886
13624 31483
45520 44780
12049 24278
18039 34608
3135 42657
38305 8365
22685 27500
25226 40989
16408 43358
17172 12537
36077 17157
17066 11519
27670 48875
33559 45317
31641 18231
47327 30674
47129 25738
19007 35536
32158 34342
34334 40721
47616 39093
48906 21900
48676 45593
34878 21546
14485 16167
15763 2640
2246 17290
4452 23771
44138 32923
10912 14975
34923 30624
42192 30830
24335 30717
45471 38713
7375 1910
20506 38897
15226 45095
28897 2443
1834 37038
21574 31414
49756 47802
14022 7037
18815 4156
23583 28423
6024 1183
9955 35458
43637 11708
30336 18668
25028 19191
23494 30590
10646 38943
34066 41475
25176 34283
25719 9028
21171 23134
22579 34914
16839 31192
34329 29846
33195 30825
31012 11587
46222 11368
8877 19410
40337 35929
30719 43121
49886 5990
21756 33145
36240 4130
30803 15810
17799 14538
36544 763
36380 34182
22851 41911
11705 22294
1067 29418
46447 24677
14640 19083
30713 36783
38603 48476
9108 8437
30758 10359
2543 4435
33699 1459
7004 21476
16241 10145
16140 9995
990 16198
28574 47673
30934 34216
30627 21570
3515 20437
16469 7304
19811 15522
30627 35012
14873 45441
25855 29557
6519 176
15571 42824
10663 5636
13675 23242
1065 46770
30082 4802
32300 4887
45295 7413
43134 28728
29873 26256
40979 47421
17237 23026
13734 43117
8169 22302
34877 9667
21846 22352
8888 37730
15290 15439
11134 28966
14242 21767
17837 48552
6646 9421
24580 35570
27440 49202
39940 29472
35514 22476
8715 383
28685 23926
43145 47371
47710 21771
45336 1570
27537 43490
3281 45980
15281 5194
27542 25684
25489 17835
40872 21810
13706 22524
11466 28399
19683 48606
40040 21642
43719 859
7343 36584
21184 46915
49586 8030
6857 39958
1299 12236
10557 45978
45737 17866
49317 42719
33670 48582
3327 44642
12621 3924
10269 23452
15845 29524
16935 1903
18873 28754
208 27797
18390 38690
28887 29978
21387 42414
18107 22597
20832 38121
12440 12225
22623 32818
192 38576
10959 9491
42002 19192
24742 36850
18982 22102
10787 45830
48397 19914
38062 19828
24035 13648
16953 3685
14139 29843
10620 33277
44535 40886
36496 31170
4998 37007
43899 31641
43472 11951
12860 12237
10459 45387
8680 27898
19508 21056
45811 13927
11996 49481
43125 43034
369 39440
30970 4202
12936 13447
34157 24957
16231 35555
37684 10634
8554 15887
21109 23590
4233 22487
33250 11522
48059 30621
34719 19333
22570 4804
29110 44381
39040 39393
4498 23366
22667 17828
45174 18451
7797 16728
34630 2943
17916 41073
10132 37559
30222 35582
10884 9890
24862 27356
3983 38487
40236 26204
37184 14304
36867 7424
40912 380
15199 24828
24823 20591
7502 41623
41955 5977
31789 45686
1844 16019
28244 11617
35793 47427
18574 22638
26406 45693
44891 36808
48303 36072
17066 41373
25001 26999
34046 18677
38233 47888
44526 13693
36522 33781
19467 3894
2987 42699
28799 35484
24898 33779
49428 37349
37861 38510
24867 38645
46823 24838
18589 49146
46775 36424
24831 34893
21248 48320
30955 13480
16771 8813
18358 10117
14099 5367
39466 39154
29481 425
1182 291
18831 10238
11857 8430
45973 14837
39154 8532
28953 88
1623 34477
1593 40063
21633 6419
27475 6111
40707 46895
24365 37470
13852 7740
6186 42845
4120 47938
27067 13057
49416 40211
13500 8112
23471 43088
34323 10844
17552 37751
27323 34657
12873 48888
7761 41711
25441 37062
21970 47536
47041 48368
3006 18860
22186 32930
4088 28627
41828 10763
41870 40110
42350 18116
29280 49593
32376 25972
43843 28191
3499 26806
35588 37192
46739 37206
26723 25642
41555 49141
32220 28457
23809 5079
38631 28944
38326 36999
2951 42025
2465 4191
40302 3719
19570 39467
11019 26858
3112 13802
9447 37659
46597 49961
44912 43276
46617 1131
38758 11231
2750 26051
39475 48526
49282 7233
48400 31461
49381 33547
9078 23200
771 19524
45633 23376
25249 12231
38004 8613
24842 14580
42583 37808
1143 30347
1773 20078
24574 32651
27773 24983
11572 23788
43423 48997
45408 982
44657 13192
35988 36162
40030 15169
42334 28649
1956 36369
8918 36201
34305 25387
18215 29368
6257 28512
12731 38045
37399 13387
7639 23857
28080 29040
12705 47040
43042 23381
35320 29720
4208 25971
33968 17872
49943 11922
25777 42958
49469 6577
42263 15066
35680 46110
31151 26840
25160 37405
48909 15006
14398 32834
48462 962
27578 29850
21012 10258
36902 43037
13579 41164
31859 7949
10975 35552
38671 13382
8064 5079
6996 7619
3711 30105
47511 35576
6647 12455
2605 4112
41511 24067
23011 10285
36329 30643
49986 30100
12549 20846
35081 28172
30838 1949
14006 46100
1229 20609
22551 45199
22918 27918
33959 49154
21499 23135
11455 13862
42495 25969
18634 37865
24251 15332
34998 19856
36836 6247
23336 15244
16980 22845
27917 12819
12451 46345
37301 26718
24006 28801
39385 21761
30725 18066
11994 16437
12706 17096
33189 23137
8390 6748
43145 2730
15578 26143
2476 43048
41809 43289
35911 44709
3551 47762
12988 46030
10531 31238
33765 43130
28605 32467
40578 20872
23348 42693
3829 11421
29914 29495
1755 13040
3960 13685
18433 24942
4329 45157
39107 49940
45958 14562
12528 21861
40563 16025
13611 17893
27290 14696
4676 19540
10333 1548
23585 33834
11439 395
6953 35632
34174 15467
49139 29446
13423 40479
21688 6734
44464 6033
12464 19871
10650 1043
47130 17454
14793 19238
36426 1729
43717 7834
45297 21436
7006 42027
18132 14250
27108 20665
17345 36026
1684 9578
10705 12084
10874 31798
46039 2768
14864 25581
18362 38431
23079 9640
36215 31220
13329 23702
48102 5016
48014 10362
44427 36203
24095 20595
26917 38924
9689 9168
24270 20400
11890 30655
42905 47427
30832 418
27149 18644
29834 31141
20925 26005
7747 16385
4954 16649
2845 48141
7022 37066
44332 2909
16386 34224
24172 13622
17690 7510
8351 11275
898 26320
28848 44300
22229 47804
3968 31866
26893 40027
45077 29151
32877 26352
18251 48322
49866 13498
7210 16366
3635 30763
35824 16998
24138 43537
48519 23417
37559 29987
44178 10989
24507 1873
42114 26741
49693 8061
29427 25909
32298 29624
19518 27451
47947 36918
47822 36357
15341 26895
12895 18195
37528 37500
2042 13838
40378 9069
18938 48454
47935 19243
44375 13252
8425 17971
6711 1033
11689 22322
26866 6268
32683 13367
114 30558
18475 48464
21678 24023
44903 23470
16068 8558
18259 9048
38399 3855
6881 29644
30253 42171
15108 36753
11327 8901
29897 34895
10641 31807
24802 35246
1830 45606
6028 26827
71 15431
49959 39683
39600 49784
26940 21398
48325 13760
39848 34343
43956 47054
43111 26299
839 24316
44053 43385
25529 40827
34964 48171
38224 37802
29764 45295
32469 38127
34959 10124
39549 40691
3225 19796
16553 11574
43190 44519
10039 31722
14098 14777
18009 45685
39965 10820
13965 40015
16034 6744
5283 11297
18222 45275
30692 8626
33969 21783
36545 8890
27729 24789
2389 43284
35259 28363
22935 40115
3974 7270
29467 17478
49299 36968
34247 37588
22989 44375
3051 17746
21547 30614
6225 37671
17296 13396
22966 11298
21967 21512
4072 16187
8488 21589
14228 9815
10257 3913
11074 35663
22617 26113
27950 39278
44446 31447
37802 14277
34144 41086
20622 24322
25931 47268
9721 27703
26913 27478
17154 46686
45282 960
32958 14661
19024 11914
41374 24564
17924 22876
1777 32937
24592 21796
43154 17789
49215 12840
33634 49504
20539 13031
24831 46252
42120 38304
13076 17370
14122 924
267 34244
41597 15658
45517 2636
46503 35444
30109 48155
4891 13803
30402 34475
14258 29033
22287 45114
13914 36464
13019 12788
34161 36705
29640 44709
48738 11594
20120 43463
15229 15498
32536 903
17024 15516
30775 4103
15416 2921
42266 15143
24764 22089
13360 35956
18414 18889
20228 42127
24652 44258
38997 28400
7644 48055
49511 39010
5372 19078
20859 48978
33434 11518
13222 8617
20870 48282
14709 27076
11987 41447
8732 90
45587 19698
35658 18139
21355 32964
6153 31693
25846 3985
14787 2458
23201 38874
3106 36347
35045 15886
47843 38037
44173 5193
10698 14214
35147 43799
24509 14754
18322 12123
22740 26549
24768 27404
42288 1382
16273 35128
48966 36532
4845 49622
13566 28939
48922 1821
36270 33708
43025 19614
30707 36101
9365 41620
28261 38087
30026 26684
44206 18522
40954 35501
44754 37661
20378 31288
43396 9614
30917 18568
26050 19828
42214 15027
43137 7673
15772 37379
43904 13662
13833 9566
37393 34316
49928 35041
6432 4987
20532 22945
12972 1
6145 28294
1199 46714
49369 34921
40194 14290
22837 11600
25985 22868
3759 28336
32325 4911
23477 37689
45188 42441
5617 35047
39455 33273
21843 3791
20626 3958
17456 24348
12462 27753
44363 7936
17764 9051
8737 2426
16546 22231
40707 3380
3788 39112
31899 10546
18802 30447
39843 33567
38045 8163
24753 2516
49377 25706
11988 39586
5730 22337
34348 34820
4945 20047
41022 14612
23442 26360
15684 20323
39694 30
2303 628
16577 29210
27876 25560
9908 46490
10747 29316
8387 41853
25535 6460
24833 1074
47203 7164
47423 44660
4385 13719
39858 1759
22999 27520
34622 10368
11420 21852
27569 44797
31493 36734
5192 45159
27144 45024
43146 26246
43838 39705
49806 27049
47301 48340
35950 31178
9165 33802
207 34393
23201 20080
21204 31734
20849 48622
20429 41720
16796 45105
5241 34295
22430 39712
16693 11021
11699 46757
43730 4088
49483 46409
5059 45917
44895 30316
2773 34545
33841 9190
46282 17136
24290 14521
1748 6390
31280 4700
28318 35032
23459 14054
5494 19957
36515 23802
6561 7422
34419 20342
22439 16839
14787 11360
46341 6741
46468 17426
22905 38985
10416 37777
12638 22534
1293 31840
21820 4877
4085 4631
10918 46819
16478 4587
42514 1056
28504 28749
23570 4576
36961 5938
47954 30142
37861 486
36636 4192
34279 45605
11540 2204
6599 33731
20807 29718
9025 25094
40259 39884
2625 69
10387 22108
22145 27654
10732 24414
32193 9663
8287 26067
43144 39283
36082 20105
33051 21619
42671 39719
42236 22991
37639 23243
48491 38929
27808 49737
8834 42756
29038 13619
23355 37333
21806 8225
34109 17289
39992 1594
33668 583
8344 4545
30542 15690
3157 22411
3393 39292
3764 7358
15773 36548
6574 40713
14865 12960
25975 42594
40703 20139
28873 34973
2529 40066
39083 13429
39953 17227
22801 35525
19264 17223
7457 23892
30688 34147
5020 33443
23917 44219
3331 29191
11341 44584
14833 40803
32281 12916
43685 15258
24528 38450
42130 32516
44532 40678
22641 20469
8627 40106
36704 13837
8746 44997
80 39735
6402 40966
8736 28627
25627 25808
35501 16295
47842 1697
12220 14103
21092 41614
16622 3078
3171 46967
41376 31037
12443 33786
5763 29324
3186 23220
21668 44528
49944 11860
22885 41417
20802 7063
32576 44805
12723 35031
42260 30010
11956 44070
23310 12328
23582 11509
35716 49029
31826 38098
8828 38602
27841 36688
20559 31261
14672 18127
41140 18416
1631 43321
20735 45565
19828 25492
32834 24559
30194 39557
14460 38252
6236 46746
30879 1111
41118 45035
9828 32460
49788 9765
10253 18649
36730 37146
43791 25267
4162 7354
17505 13925
46379 4609
39891 46799
4050 39082
38694 20557
47244 23281
6164 15061
20352 19222
26758 45597
5606 23476
15412 49277
47626 8094
17869 1322
27860 46998
22286 13613
18676 6345
21484 45387
14783 17796
18656 48710
46900 24974
15329 34169
39601 1593
25337 8177
37715 45109
48956 40321
27074 41049
8638 15386
40326 28491
9236 45626
41434 30215
16118 16958
11407 23185
30434 1354
18206 15883
15567 24479
33972 24128
15888 4092
36734 3748
31617 38375
2223 13698
31612 30882
23238 12402
45916 6321
44935 39947
36544 8095
9246 2991
5291 45787
27012 2461
28702 36781
25055 27415
18474 7506
25382 48761
30886 15146
47329 3788
48537 20550
20339 23942
19161 23614
34090 40236
24221 40907
11939 8617
22508 4076
18608 25522
38277 46352
31616 41069
19632 9727
41577 31735
15026 19209
42677 160
6322 31888
14799 47864
5197 4740
38648 49650
11609 8984
5254 30988
8714 7268
27742 32266
47764 42368
49602 18760
44044 26977
16780 36671
17019 17682
13901 44679
15994 17301
11512 36818
31483 41282
