2000000 2000
641965 641010
819327 974160
646103 71311
811101 883053
586837 196176
279451 575348
95201 315655
472822 269164
712562 703150
726765 807027
424747 789989
436823 400227
964262 383522
721496 463586
793125 285425
782195 163505
185083 507891
371365 848538
535639 712262
876328 394252
146242 427208
774956 656688
848960 758159
803950 259208
774678 821729
464750 840319
943473 443343
895724 161798
650214 371240
249071 559485
75099 736644
470966 364437
292833 889758
16348 389560
688690 573715
778957 515502
40366 927357
555315 653034
54792 762563
135023 619439
748639 829659
63334 113153
952365 153251
532342 989546
454671 681603
869509 201855
916163 343816
870258 658034
819694 997242
494846 28014
95025 606472
220324 462810
648584 983533
401507 146986
858119 10015
602121 39096
516850 945636
24660 614162
876248 804132
5753 821053
940226 863112
430483 7047
974781 759540
431986 854429
970949 797571
739127 827622
614734 276960
941601 407007
443411 820175
838090 446596
775269 792356
496024 635849
603900 836612
469732 533911
612970 646209
497352 116358
454744 440947
470194 731314
935764 731309
714374 865101
371377 556333
803805 521892
925817 188170
632528 838808
600301 488230
892133 816604
355919 677314
672825 600509
337351 406430
815778 853348
667379 853307
52810 733634
924046 587163
703689 635542
84460 480531
945118 559387
982950 478470
937154 373344
634182 558424
801206 827532
824553 621244
870737 507468
205889 213128
78003 702399
237784 140840
703124 658675
936874 9262
943148 752424
244876 917127
395913 744032
687505 586284
847680 180433
12722 306634
992930 668694
217150 333044
12817 389086
273349 918670
652312 536396
526159 763500
794081 973576
800762 141713
222226 792144
455273 427805
971774 819507
832981 321690
204636 848210
458154 634259
644043 571535
938100 11849
379136 18393
11673 656715
403547 800256
421147 343111
494103 697293
821206 177348
826971 122969
392470 5499
380357 838745
820033 418337
165139 394617
505447 899948
524522 946693
593489 852294
639052 50118
798438 230166
703715 815452
169303 788318
771263 145398
629961 740084
560204 533636
665828 6004
385152 825913
147010 760076
863409 255699
684517 535281
434799 475117
160074 141239
83157 842687
680084 983148
632592 278677
974515 100584
364315 83964
452646 234408
149350 59250
585237 935013
624629 925313
875232 708812
241666 678598
349663 643056
815808 781770
148609 625186
828834 610859
55658 940586
200921 162558
869223 406262
52231 960366
207698 218789
610018 444226
507269 827136
593645 552014
23085 480868
345994 953273
967339 549051
267188 726032
549198 910648
796468 347469
565508 472187
415177 209411
829065 452046
446039 820966
620184 161922
951222 750077
796270 733477
974190 903409
804746 362703
583883 461017
598614 893110
479601 699959
54302 291255
761664 337254
686730 933294
652779 444540
41937 287847
346060 950698
48807 573130
949472 340036
721696 317459
336521 300207
399876 79635
754792 761803
710847 260009
806417 279601
283856 502032
396407 647888
88473 447008
565200 502987
168868 814777
133730 224972
105319 309191
280257 973434
188450 421033
568211 523137
687536 148391
18367 233392
865106 917271
145317 77959
852017 658833
564863 205506
340432 469378
93152 197318
368123 385074
505140 341781
565925 692960
159892 160692
326692 628164
676349 876994
184105 80458
285480 240373
29240 925592
104092 699546
752155 652314
922382 436999
967921 687397
250688 693713
931642 15586
225638 782391
202458 809089
358079 15317
731466 23004
961417 204297
833072 361187
529363 61137
8051 845808
184811 646355
917772 576166
689808 45845
945287 775452
467428 302015
466939 775708
400782 992754
547466 195538
753737 158599
736437 986466
779189 62802
687835 134896
329505 604816
208771 227484
471782 250840
321431 122053
968404 719248
313543 150357
831945 781371
814892 149725
865002 479013
438989 318307
785899 621485
926184 930884
780483 217605
516778 222562
998934 308589
533456 458427
191614 482265
176897 101164
560022 149109
886306 209205
385392 445149
879655 947353
194944 759520
773789 55226
816542 239484
617927 668026
390199 297942
781420 149929
203093 506613
918132 885447
974748 742002
315452 281533
521238 250607
386927 762923
174406 828982
476231 155221
18215 634321
682523 610334
966734 854231
495292 881672
996236 807460
414367 284698
734665 336090
146499 546929
197866 600226
395287 181114
832080 849937
423850 470247
948153 686465
987661 131529
180071 320437
67339 914776
440039 294535
973029 89449
783363 62243
628256 1189
951413 11369
904214 14292
736896 895545
64472 114592
382514 803238
145893 636943
116270 804927
294396 744613
15552 933769
376080 704942
27502 706007
947789 956314
751524 685278
821562 695564
458247 564589
335288 443556
149816 208944
193276 509469
29571 408006
187942 809353
666278 858645
857403 209512
989465 67812
108104 670817
508386 724399
860922 261455
22943 636347
898979 415539
138794 11673
584639 597332
537345 49580
199120 800288
446092 899511
583747 10122
648276 174723
94622 772347
910253 651253
657721 254274
733359 460431
10102 424868
962970 993602
99093 356569
989069 432974
638324 567834
384422 788135
67277 273418
172191 561196
614069 721177
18703 464429
379344 249195
344844 496714
182556 688341
878856 65847
452446 904117
752925 933643
45984 272662
706484 914684
285264 206242
266037 394915
442294 495307
866714 444698
728433 434752
938289 926817
632998 887696
146505 416784
582693 401999
26703 372305
923746 42941
847472 386961
193778 435722
597974 164555
251275 163584
620959 130085
142880 575548
195613 715302
962485 17619
362701 161739
60916 652990
620014 253079
799409 939421
968590 397227
470246 261325
718123 200278
738115 994320
138451 278291
591794 27246
460902 836524
386943 215916
757974 585830
183863 409904
518751 187770
219896 334467
725064 184190
782324 260391
489155 115411
427294 297904
872559 457648
178285 343434
184073 234598
788371 211360
41110 111594
634014 948242
675886 632999
849376 353896
61291 202146
774077 304538
723341 347194
964459 794072
265823 749219
52897 569824
642393 499884
705977 31983
964761 331726
45903 327031
254313 502960
215524 975723
945069 196160
45136 129989
227383 345230
492804 876904
958761 340256
351752 818217
710261 320083
355154 617863
940381 308809
984572 315801
264358 938216
457925 174939
920799 604847
62585 730423
342210 265350
551966 704680
312625 366472
999182 429839
121123 429285
398085 387541
824535 105181
879432 691912
512689 220015
591174 706227
72303 66295
542575 442996
565262 385360
761899 494219
801209 258500
853011 735469
284717 949725
237658 199041
343619 434863
291779 993915
996261 720699
969318 39999
24274 197502
576195 489442
845767 424648
851740 335080
820115 274630
991072 12276
153680 786409
904449 936690
638319 335052
642395 195699
908843 912165
158178 903943
807537 714411
135130 822712
144584 328761
281565 261498
262043 151658
876803 351172
389489 148541
617196 610680
492556 591459
650813 554873
408146 450435
460817 520282
556029 24626
656744 821087
934228 733124
300256 380610
600452 831366
40606 524189
318362 54426
276581 876653
36067 348694
594428 285100
133018 145027
129564 504939
737614 934899
625136 679143
705522 983863
385111 881888
460518 916747
3588 321731
919234 488574
865308 601257
442370 886169
686617 98560
55053 278939
499938 551586
100026 131242
939616 917722
667606 685301
812444 663889
416970 537829
717675 734031
38837 367509
276997 376996
787983 361629
857002 732637
611790 608728
64022 319021
262647 502060
345667 990581
795136 139079
810691 532293
559099 205643
816039 163560
779422 410293
328538 448413
841710 306549
626037 370388
533290 824796
680256 265578
34628 707932
793608 460781
8586 616879
250805 799916
939781 223292
78668 847415
650728 207187
373679 185437
173924 272323
9757 176237
84421 98712
237482 272703
436055 471863
381812 249059
780187 205390
407784 502879
447514 793274
248789 372261
268128 257262
87156 71791
116182 452797
884270 513906
391936 74845
287505 976250
189864 398583
679804 8729
814605 186635
920197 994020
807458 395970
579974 477926
131793 155305
57699 25162
384817 907278
937377 397237
591669 620068
716599 355554
794040 544326
770104 452693
603220 998612
501747 276031
886066 225375
17626 412217
160404 513908
322729 512370
915785 994053
62120 467402
372682 563519
763187 37067
270292 40141
717648 13907
537764 287865
244005 988736
814906 836424
328123 60905
121839 656105
780705 234187
251815 257225
76178 182034
461720 620667
431744 633295
958943 605040
568969 138794
282111 703020
477136 616341
160707 149327
311576 135358
362186 462071
883431 631952
542992 763533
811161 937124
943119 278632
817357 340832
788211 776033
275057 977019
581731 797214
636402 181988
875713 953035
733365 433042
617728 52745
574601 589997
418664 314221
70904 519586
324004 308483
952137 519918
572622 86902
633207 336647
384322 36452
21697 386523
244200 775719
730028 973601
566744 38579
226216 334989
723878 790756
832564 83726
244770 742677
37819 168504
821886 340579
746837 195597
168558 11960
610561 978459
509563 96117
617113 166104
342920 142633
559607 505103
203993 272770
741893 268766
874730 721326
42108 175864
926700 222919
428039 390044
713932 282017
571100 5829
418278 167932
515155 527912
819888 666461
665929 436165
436546 334985
736059 300663
6277 367261
893462 231955
150283 287832
407587 851596
727886 67629
971133 962347
411196 107897
357812 373743
457445 310830
909226 424472
784737 562847
554697 401758
864132 186040
377505 452089
44910 195498
447818 853539
493877 590547
80896 72467
822870 450731
945715 865885
867434 271819
679444 758226
250677 324013
98266 574098
477158 333716
988225 252216
40594 640737
415706 664220
610089 277646
512956 443615
855080 117389
659256 568407
697328 888378
760596 739756
354796 895787
542632 832249
176226 765351
667643 281989
59816 884856
892003 594892
670305 798640
974312 238933
432546 473131
801024 185360
19218 524176
726562 390252
116118 733803
30191 189961
793962 393459
46090 917717
862670 479870
118140 349677
443296 93261
747794 421874
356918 468005
61759 465001
334328 719196
837092 57114
645436 149951
403363 636230
562527 267148
791903 577537
671340 324783
594501 411898
208461 359966
32351 666558
100062 972765
78037 733026
900395 278696
660625 337862
171553 545057
686937 731456
569342 990227
492835 921119
398873 712771
149630 947947
451635 984497
388468 64071
135876 725669
484599 450474
557757 910284
615946 695401
834512 573035
677096 55514
244470 142252
900388 196826
576495 695478
542451 539124
627836 525127
335538 4250
749349 630986
662178 34397
680785 574082
614568 865145
342819 235401
256364 135563
452203 96987
525497 214673
739762 270350
225458 238722
431862 505063
315460 396570
115160 53400
902117 289522
526602 53458
327370 795488
383369 891759
353722 630020
502937 682591
796733 575859
496640 895984
696727 852966
754155 231238
963368 715861
501386 144599
153938 503645
868694 933149
207410 914532
166387 192945
26348 817417
156233 500981
296394 461084
879859 808514
564587 757302
218001 21773
390470 902174
304706 465987
400247 807488
190253 485938
76675 793014
987287 345157
18000 202448
376922 609707
566432 679399
966428 682110
721999 757182
102411 681097
25789 78731
1219 124039
431437 556265
779337 647533
736867 562301
840069 305131
871618 921920
31584 575654
722929 60334
756219 115495
915002 970734
242981 697612
308482 662807
586464 65050
837162 270481
463538 477397
563706 539499
688179 199559
75852 837159
929214 687443
278589 211938
113994 550950
390361 323445
399422 709809
121967 332390
135291 20088
662090 754104
466019 499828
174482 513480
578441 200251
747985 993658
649818 768323
908698 918112
961941 182093
322964 304362
215438 298294
955077 89208
694823 25439
749818 963602
911225 860800
347181 861231
9376 449644
621772 765873
135191 918820
721270 17234
396511 624102
950160 135778
825989 208979
757968 917837
507861 506095
554636 494009
451534 601096
188264 716139
93282 319330
786116 12348
802396 967877
235481 882462
73820 871480
141080 409958
23868 297753
30463 937789
576113 489174
87896 262035
350094 852956
891545 257470
870640 442768
624317 564366
729246 642627
793506 107518
749776 643926
808398 73592
86901 728051
952226 299279
266041 271983
223655 476137
118161 441744
204629 515899
531126 767447
157161 915022
194876 756586
498230 340369
12760 93804
722336 66369
578591 515115
779071 878200
511761 756435
408947 145934
315015 538587
426849 801573
318245 494956
655665 933963
108476 82616
236558 59704
75800 48737
654409 230744
205427 322300
124764 888988
223750 980622
928780 350655
606432 8014
898549 993952
510677 389823
48876 591808
435092 127521
927639 791602
254361 22463
7388 478371
98594 154441
209943 626037
25999 143423
100369 179335
569459 655422
431953 534567
884048 930482
356206 432034
576911 900511
935442 578600
719738 539074
852817 500641
712079 817871
382132 903384
75001 182972
953084 144322
68517 225028
427211 170012
631103 577261
186951 289955
597080 948953
410278 659416
830232 481739
83613 993835
645572 218615
913338 574570
949273 199354
433722 837582
499897 748282
704998 746445
637197 31816
807335 677581
141723 10569
171629 83132
38743 379693
340459 502346
995539 989036
761806 682206
258412 253291
482428 558619
955239 330619
715310 674714
275515 353222
694808 575117
265492 44473
834766 860579
119181 519991
861112 238674
162244 736495
49051 416714
960842 506570
139425 200433
633307 113508
504733 201800
16206 932444
900074 448710
897694 926384
782689 539629
204411 720231
556959 550170
431919 192388
15581 225233
253818 782253
737568 955295
456755 603398
714697 889803
702534 329075
301108 62788
860470 596717
637894 40094
584242 987312
75413 521708
741261 849794
786809 908458
396669 242893
624323 553501
216566 575480
605679 117248
158264 22105
686530 893936
719050 333748
305112 129086
926570 296736
254020 513636
105587 928791
924276 421350
744724 741597
501873 286092
334985 779417
809429 971175
175592 909107
278444 348563
438436 616270
828576 821081
381857 288017
643957 763281
274853 694478
872048 528110
659088 438679
594892 778699
98694 582325
799363 914759
993884 268774
839540 574531
611803 629290
567499 532522
960983 311893
963853 40600
269338 713535
129806 281814
737736 160024
632492 913018
552812 46129
713775 484792
427366 45240
340946 987067
817097 377291
223907 302321
678159 195246
276742 153488
149937 228947
12561 923441
980792 16554
66604 940094
613505 814995
671842 873620
797920 524157
598478 121461
968364 246709
599823 44696
544148 218810
445027 709488
68822 819600
259435 416643
693962 169666
374922 148541
372066 442246
227207 875038
856512 48819
567563 631505
954505 311352
800420 522068
510984 362832
948076 807871
16296 218455
638439 87040
341006 773693
229336 356843
63951 50627
803127 74261
471750 664591
749998 184968
383685 972146
602238 939015
945355 507756
133892 569696
857313 999847
23938 693168
696105 317395
902385 4729
363812 921852
818854 882949
780785 361863
370524 264183
193205 97654
823678 856463
492400 719313
94603 856484
400169 108055
152166 225438
210212 868543
179906 181088
304275 145707
731607 729876
274025 605954
136890 75364
88300 604292
807714 933132
343199 482234
990833 722837
293041 727781
50484 65825
839398 808542
900715 351792
150369 82662
642267 730168
727827 6888
877435 98887
546454 993992
687073 725179
362849 670051
494539 389582
254125 280645
462303 303452
465523 809705
870764 620541
321854 143307
957588 509899
213692 688196
209943 905750
267864 31903
753095 237796
476515 257115
27430 605395
236124 625081
234830 636655
519338 966550
595211 593455
360339 438499
662686 628884
666209 642262
801336 911919
793078 609419
253070 262548
659264 39524
712206 290851
113108 927950
915388 738946
294011 167232
660853 681340
52582 912619
747748 938265
402200 190862
818682 435662
910619 270572
979463 404172
586877 763646
296061 593334
824267 252891
677335 576170
2235 296670
165994 692379
609089 212970
151814 606400
899144 604860
852662 634686
18616 31331
991881 415472
75362 177771
35217 65532
214344 348253
942122 568181
172463 12829
777330 834174
632773 667196
792000 870011
313776 92544
168757 750264
839495 874291
350745 313405
917590 35510
37158 300072
399789 187155
704209 499523
163713 496546
586852 687047
896549 557199
329738 528077
263624 236610
495892 925172
594518 829235
461129 525098
935692 937050
965834 49213
580093 187539
177795 574868
302997 333285
46784 796706
583697 513369
661605 914599
521543 710579
285235 948485
269070 909436
549289 159631
641680 187127
881927 999603
183892 283781
896916 473723
692716 654811
359247 49897
821642 68231
671063 503146
825857 118153
832768 554846
618752 300062
355458 631915
564757 869155
711616 64576
33791 250846
724626 157789
118141 339896
741482 184634
711413 459509
33773 153496
373537 370887
896073 104483
723104 826752
511138 183066
878276 555921
586062 834264
715778 276771
723600 723481
787010 930517
714409 666457
735587 373531
720699 310405
321766 672487
989047 377210
472468 24848
175937 565142
877550 560484
679849 806225
382269 405769
621035 161535
829412 124346
909423 333911
869521 566544
374972 203409
874132 737682
646186 57896
737643 670685
865193 241746
10684 300789
220775 303518
423047 780356
704161 853010
751978 216139
727545 743394
485262 761080
735533 218464
508412 681755
515722 451805
447976 122069
647236 632844
391514 983568
814350 540957
861919 724942
295385 439031
741738 72972
907331 803293
581902 444461
652028 828754
891988 847483
304484 513908
227511 414337
590787 605589
934494 522977
779851 689389
762690 196626
77236 843381
19480 231665
379474 249295
713350 417899
626940 398129
34503 101298
503447 122954
528043 177287
369857 579196
406117 596740
604014 984026
534593 184714
88003 638613
301113 392341
28390 984983
430239 5249
764246 973331
748798 256489
459849 942105
249633 929745
721238 948637
494343 796657
851117 361208
740145 956640
14537 323995
329858 106942
597143 409130
620277 358812
243426 667346
836978 994295
659747 546762
117039 526431
825578 629084
601435 78781
660356 557071
958635 618176
639193 943353
95441 678160
121827 594451
394621 766928
464536 465558
352969 337576
20345 683120
384848 896917
93451 248837
932569 510707
571855 57454
756579 136473
588071 550648
312414 738232
609576 751282
550858 960150
874570 570301
339461 260964
781004 785761
18544 992861
841788 754133
330771 23922
627765 986186
881197 481265
177483 623253
967490 389485
412422 187659
824779 162963
586181 47856
381345 104513
557972 267034
793899 818228
270009 757530
345745 998702
281718 456133
4454 194027
117105 270017
777509 381736
18147 754467
970490 375192
581166 627256
290375 336087
377245 899359
88863 243650
78134 339940
696845 702250
456160 368662
758444 23488
31860 578488
325102 124550
522963 329825
854793 500883
485518 461894
435307 192007
461572 443393
676352 516640
875377 614433
503434 79823
908663 792253
786660 979310
321134 815216
540604 530801
707890 819820
476539 869441
840631 310062
997869 178059
800770 691307
393419 675305
833786 319268
385592 248688
255304 555614
536052 524776
433865 351985
177753 333050
142252 989185
931157 221912
98250 185580
350507 758170
338982 94015
69353 115876
790679 528731
882800 905838
914143 805666
166614 408288
534374 982588
313672 418347
131975 744596
1147 444810
203672 528785
376343 434882
251812 740660
458950 181891
736764 462111
468898 873596
428758 856761
483787 148741
131087 669061
534254 917127
927804 109419
446120 910875
312682 261196
437459 25711
608050 918488
993997 607006
157202 753926
223420 29019
552030 843356
810005 999789
193257 876921
695259 81343
387773 226054
650826 653018
573660 380650
322035 909483
47872 708113
306690 878350
534134 657954
754148 991027
192895 773509
637957 764828
31835 398271
911508 607892
36208 313285
264346 283413
60169 552349
74416 819338
497828 357610
421303 857879
162360 20804
334361 189405
470373 705485
945215 270748
462674 971970
952750 696163
601330 450272
541013 365164
930604 537535
470436 900061
196984 42462
76315 248881
708566 186212
68307 523272
522687 47934
976233 329851
665114 528192
191128 724499
55365 139918
775809 187267
652542 666635
472215 837633
359396 986304
606432 977720
104925 616398
193141 966480
711389 82873
503627 351553
593640 758088
934079 816313
640919 152351
970534 154360
201109 304518
953948 752676
921943 214642
792395 540316
783690 58690
544114 277632
717989 593491
193861 776325
598081 859092
286888 636660
373532 501923
908933 743766
250227 171214
593990 719248
758940 259556
774030 649779
856034 874529
917449 184771
93871 797167
707817 748394
309064 463913
93036 149026
772850 886288
55479 657368
171490 138303
813607 249403
356986 417127
948164 174518
61990 410270
853271 837184
330640 217076
309564 943490
818631 200622
182291 665502
992088 523323
737780 319072
132565 711601
76319 178512
63974 479400
67490 770714
432408 354836
483729 680714
414704 96619
319415 319970
542368 163302
190996 915689
467065 101567
947903 947702
90264 945522
561293 161602
466957 210325
469102 702091
680096 640311
226609 777148
532183 271355
947612 705006
301280 351158
988587 605846
966891 129016
311258 216784
164900 377586
480245 653115
307188 42325
468775 684092
874152 590832
616139 976624
583134 18193
637316 407828
820493 625383
457686 83260
371558 825644
498379 534893
343665 234730
422007 776183
189099 983550
536680 867907
529409 502738
958492 18340
342978 987212
965384 270646
716142 647225
44438 629552
309869 729312
451931 577380
838299 532364
442194 762372
944929 612835
770169 191006
811507 776549
33802 450922
321538 51481
924972 619331
717326 609039
740921 221484
850020 242929
119459 175356
200908 477262
996909 536228
945196 357434
731189 239273
13103 752682
736380 800811
817191 121331
176738 544051
601243 54168
220875 229324
159444 57865
71835 872665
485674 993758
712485 833516
209401 476599
699378 84984
167760 350327
736319 458649
663207 927689
277161 558621
112286 779558
566223 247850
489436 325364
993383 946024
167404 79435
428856 381912
102010 35899
681708 885414
963020 24482
623499 203458
335431 993420
530974 388039
229426 997948
744278 126798
722228 57060
37132 362200
21274 667571
284149 536683
202043 521017
646129 312785
812571 758708
281817 418523
413545 527504
129680 542587
269964 219024
578299 735105
248248 489233
145222 732563
294368 879340
397557 775631
214026 769657
720330 326054
594710 78368
706262 591137
618247 681608
375013 842334
745963 661203
726702 386982
268900 149230
925605 453110
608752 892938
727915 236716
931609 876677
578524 589508
142401 87863
358262 270526
534844 95360
723047 43315
942916 304854
175979 234463
152672 685028
704831 550328
241215 420630
909610 856955
90443 530777
151879 40089
898003 64076
57628 371846
419516 761484
64510 918777
958765 5153
745623 602965
577926 539953
255568 529098
893699 253966
76897 14715
967498 859077
538693 312287
428292 368673
720755 505159
476088 448860
26774 446502
228460 906466
304678 624500
52834 40983
795930 300013
258386 308693
101964 383278
825967 494746
36311 420132
236290 548646
737550 362176
956020 4573
53824 753784
395771 441545
401061 50989
186486 400766
546223 809516
39754 531864
770356 35817
466065 298323
411502 518364
457674 680508
932379 57322
225406 483647
929949 559571
436397 59535
851889 448271
915724 796696
94744 47212
196632 931756
626788 470708
306944 752752
304744 27785
865976 11579
946996 978339
291345 28490
725607 510101
293308 512460
908368 520545
795738 473226
746032 841792
370590 276864
790649 888006
632931 580969
888507 454948
479949 971658
937322 649367
785441 597655
974985 551113
510567 542520
446692 153658
603178 696305
217680 194002
972335 118822
724946 84635
786638 296148
876366 467843
923827 600974
375118 177627
907107 429238
54195 991852
257091 738508
197547 111437
667168 353097
963411 530267
895682 933517
232789 388596
814577 508608
731145 339206
422013 767401
504047 960228
201110 47128
483394 523292
572836 909436
964813 927037
307398 332528
434763 895879
330835 272649
448105 127249
313560 765457
38998 282873
841930 129306
690986 359552
792221 224224
83515 216101
562308 792986
702020 946453
863233 247720
911074 910944
863656 309582
642016 216422
663548 204070
100604 52839
471655 198976
374991 70790
586731 45142
678771 577697
703045 566053
1337 330853
980837 897933
392796 183504
236598 300147
115108 767298
734237 790832
297683 520428
439684 471475
530233 830806
421362 570276
834459 946823
95072 260588
573093 858875
615964 696443
389870 796955
152344 57746
652424 329219
914382 505809
896778 521791
118332 291443
41736 392912
968931 959791
311431 947878
410815 733743
654798 366343
306241 174575
999614 139540
297946 24238
317650 661757
668312 461630
710603 38385
140494 852158
308730 842281
282543 113079
330086 297533
607419 712316
777566 963955
223665 335560
465663 797183
846639 879077
268783 698640
608057 317761
462149 56821
806633 992033
908059 676978
56904 598215
849471 962808
828672 166294
734402 820972
384667 413652
54415 436135
780186 647873
864163 837476
80524 7072
152365 312700
379184 998974
520310 842333
882948 670813
300314 530901
443691 102415
128596 683433
708755 890421
920799 783981
496119 530813
554469 54983
309814 44270
709338 745512
572325 484118
191572 222829
996170 281425
741398 265751
77936 414316
658668 209769
217694 424685
787111 754650
417424 825420
307903 100315
259908 400182
352577 317047
73992 898031
358000 727254
852425 668710
239640 927280
913639 746046
633259 770753
842637 380528
236317 651807
329526 960260
398020 39907
227142 42273
270378 895991
228750 407483
383874 687655
202042 374338
119199 685395
683133 820306
557037 274220
795270 911192
233804 225480
94935 304711
225362 923998
723050 493099
192102 350871
631589 609392
188431 397967
99147 489570
489455 221551
149821 720912
943359 328827
143853 232238
347373 968164
177893 164112
899456 344549
170415 667459
628416 617975
407400 739759
104651 287198
976971 426014
98189 77027
920590 218233
769111 2851
871468 298341
415973 639090
104666 287476
769832 756234
674027 498920
53634 315320
61754 767587
419592 487330
124027 583042
412082 23425
665459 66811
848093 712520
336161 387043
845231 613426
789547 989877
920135 360096
892708 521105
618355 87538
295528 311458
685155 393396
627432 533416
777592 789293
726536 804636
743679 77155
807600 396732
228680 947206
147439 434526
106710 853825
786639 162004
500462 919925
528139 255264
579267 774318
789656 180780
596148 805399
756239 53467
830073 911940
376017 152238
670881 743531
563642 272402
36360 265653
735162 419279
663248 842331
620638 601739
277215 292837
114209 542166
580755 838115
599448 970660
213901 203029
833208 92679
470737 360265
36764 98130
74224 864053
236321 394812
897906 409870
485379 427552
379697 116516
414883 563783
777865 562425
579695 472142
543163 713177
932398 1515
993484 321666
62231 666693
949080 115098
96267 309986
784585 428257
47999 319008
260896 339997
45783 546148
531215 628971
581462 975525
361512 893668
492894 285361
679290 572105
714427 903874
92965 981988
352385 690530
838935 225785
146412 942059
586144 271195
940625 121248
737664 365757
468696 659139
848340 416337
750491 704253
809433 929657
546476 219199
615875 734557
932815 606234
809483 317166
535028 856275
994557 994417
685672 571141
665587 570330
878794 147837
374002 66656
854689 207631
996979 261286
940383 644819
55546 79362
983129 64614
546222 702948
942532 983025
262925 709694
361129 803559
150404 537223
956661 954378
277776 62886
557676 350648
580540 39307
962117 698932
480566 173275
359466 158343
743414 879765
152829 480395
851329 90471
713724 454581
846030 675887
371345 357664
905148 826094
760168 31968
575844 695367
997231 141871
95587 882056
270785 351887
95566 223187
150657 101926
479626 960941
286331 943416
651422 520974
758364 969465
626463 978268
373373 912422
619164 331374
109119 719491
550810 241481
96280 418593
911587 633674
671399 517134
994917 259067
17704 38504
384346 461597
