10000 1000
2653 1331
617 3107
420 1959
1418 3547
898 4178
360 660
1206 3595
2309 427
4377 1366
2378 1620
4503 3979
2983 3128
4293 3857
4836 2720
4830 2436
3060 1313
561 2593
1534 468
3710 894
1316 719
93 3759
1141 4081
1839 4252
2041 2069
2467 1803
4426 1481
3819 1140
98 4836
4188 3291
3862 4616
3965 2289
513 4670
3374 4618
1744 1248
3909 4718
2711 3680
3190 1876
827 602
2800 2063
106 2703
267 3237
4835 3560
4337 2558
2783 2920
1811 1959
3283 4302
3636 2823
489 4239
1362 3832
2885 2202
4716 1238
3774 4455
2022 1734
2204 2599
4202 1331
4415 3806
3448 3304
3667 4061
3366 1185
963 3327
1611 674
4715 4236
3815 1192
2521 4393
2861 2285
4601 2251
4169 1152
4480 3909
4442 598
2168 788
3900 2133
1047 1731
4281 3415
932 4667
3331 2068
875 1261
423 1212
339 528
1763 785
1932 24
530 2189
2160 4684
2572 1812
392 4669
4583 4175
1285 3185
1801 1033
744 1236
3768 4808
4626 2242
762 560
4031 1833
3102 3029
3398 2851
3453 1097
1289 117
2704 2504
1736 2556
2440 2600
4399 2650
2104 2368
376 1023
6 1599
109 1901
2311 1670
1419 1428
3679 1627
3779 2441
4379 3308
4382 1865
1657 4155
4918 2667
623 4965
3525 4711
2812 2365
4328 4842
3388 1312
1800 2799
3652 779
1256 4620
845 4142
4765 1565
2980 629
2678 3209
4578 4576
471 2129
946 3947
595 3224
691 3482
827 1237
2970 2773
189 4928
3404 4347
1362 2715
4114 4003
557 3075
4060 221
3790 4710
1385 3516
1207 4087
4633 1012
2311 2981
1681 3762
2918 3435
3387 2196
1903 1986
149 393
3200 522
4298 2311
4293 3780
2786 4945
3377 1516
1042 4114
3486 2334
211 70
3985 2076
2536 2732
4385 3381
4662 4853
3981 876
3777 3851
2116 2589
1139 1757
3153 2920
1991 1228
1601 4372
2693 1458
1657 2454
1221 3850
4379 1876
2738 3947
751 573
3868 3994
4572 2062
4937 2051
4369 2505
3318 2167
254 428
2771 893
2694 3707
373 4832
2475 598
790 4195
4690 3338
310 3670
585 3401
1220 4829
2078 1203
65 883
787 3816
3019 3570
3336 1882
4357 500
2804 3919
3685 3960
4905 2737
2509 1979
2073 1195
3302 2674
1050 3703
3919 2536
4348 4028
2515 2720
1345 1057
1680 1074
3780 4804
1190 739
2208 1476
1103 745
1381 3938
4607 3501
1857 2549
4822 2037
1130 4491
86 4927
574 2149
2406 4405
2251 2201
4044 2557
3808 1803
1322 1100
3728 2272
60 1413
3719 4581
2043 3475
4000 4266
1315 2498
589 1946
2464 290
3248 4556
3752 2413
2756 3485
1968 4098
698 2645
393 2921
2275 1040
2099 3602
642 1415
2573 4835
0 4153
4361 1840
3104 2312
4058 2147
3854 687
783 266
759 2955
526 1911
3692 1108
2291 4841
941 262
4150 2734
3435 545
2014 2221
3576 2847
1511 2323
2580 2468
2467 1376
1793 1063
3833 4816
2303 4917
1289 479
1761 3604
2325 2308
4911 4040
2023 1187
1217 3944
2737 2595
2868 2491
2413 2000
2768 2146
4348 4310
4103 4713
3038 4281
1710 4923
4635 1109
809 4442
3798 1542
4734 4851
3969 2777
3801 2262
1615 3577
1275 2852
238 1837
3516 1654
2555 1150
1302 1764
4950 4876
2064 394
2931 2662
3959 4180
3644 2744
4149 4997
4664 2689
4347 495
1924 1904
3934 2159
2247 2211
4452 378
1754 1710
424 3392
539 450
2313 2194
3076 1960
2399 4608
4283 3970
1558 1113
4680 2902
4325 3653
1992 1814
1842 3817
4771 1308
2161 1725
3617 80
2672 160
4455 4075
4938 3470
2711 1592
1556 398
2287 4252
2146 1610
1684 4065
2285 1071
4289 2401
3537 4730
4876 2900
1563 2885
1418 2069
1202 3179
2516 4438
3291 4090
2810 4825
779 479
2039 2134
2018 3564
3978 690
4028 367
1232 3973
1393 3249
1579 3048
4484 2177
4830 2776
4380 4028
4007 2052
2889 4871
840 3611
1026 4147
3809 4004
1998 2106
3844 4672
611 572
194 2818
1958 246
1099 2753
765 423
1622 2904
2669 4759
3272 4619
1351 3700
2180 4661
1897 3307
3375 3122
2160 994
1604 1994
4234 3198
367 4516
4412 1544
3466 3972
3152 994
201 2077
4752 4139
664 2700
2784 4723
1022 3515
3440 2091
2605 4119
1018 3000
2521 1957
2008 4985
3825 480
3526 4747
2918 408
3657 3426
2243 3403
338 2759
1503 1406
4178 4366
2575 4335
556 3276
1810 4924
4286 2371
3214 1140
3347 604
1720 1445
3656 744
2334 3555
4730 4656
3901 3871
3770 2653
2196 4774
2290 791
495 19
1902 3893
3732 2236
275 3715
643 3436
850 4866
3229 4757
2600 1088
4174 4331
2052 2524
1156 3833
3096 1922
3567 3697
2515 2671
319 365
4135 3783
1340 27
4042 1304
423 4887
1663 711
316 3577
45 2061
1014 4399
3315 3994
3294 3630
1167 822
1043 1756
1503 589
1639 1445
2488 59
3714 2089
1711 4508
4757 1651
919 627
4236 3083
451 3156
3035 2702
2504 2255
2935 941
4309 3538
2705 4542
3830 4998
1168 3705
179 3499
2654 1325
2298 3213
4509 3047
909 872
2216 1289
419 1649
4750 32
2877 3986
3350 1124
2482 3613
4809 3094
177 1046
4553 2408
3982 1614
1469 4489
2759 3663
4308 2618
1523 1451
189 4488
3553 3241
65 4640
4227 1966
4973 1825
1641 2987
3738 926
906 4953
1745 4663
972 4137
3877 927
3772 3314
1137 194
156 2420
362 1953
1683 3014
533 993
982 1087
2527 948
3147 3084
1558 2524
3858 2303
3374 1407
1313 4764
3782 3681
679 280
556 2277
4330 1054
3294 3053
3865 161
1347 1889
120 1251
4854 4049
2317 4208
176 4731
1210 3463
3078 72
1689 3738
3482 1500
3370 946
4471 2215
2348 553
1541 1299
3403 1395
3329 1471
2182 2081
47 2584
2058 194
3706 564
1181 1851
4447 160
3826 4090
4483 2884
813 859
3169 3490
2625 1228
3659 4835
1160 1009
1217 1515
2543 3860
190 3953
3312 1836
324 1873
2703 1082
538 3797
2030 4266
2369 1660
2369 973
2521 4927
655 4762
1474 3761
3293 3080
3596 4002
853 111
771 3867
1476 255
4611 4412
2763 2071
2186 4953
3747 50
695 1602
2158 3108
1571 1918
3653 1301
2191 155
773 2496
3195 3393
2927 1616
2164 4819
1749 3047
2948 509
3729 1311
2333 926
359 1797
2770 3131
589 2720
2323 153
4973 4875
3165 2052
3841 4661
1848 602
3898 2810
1661 3855
3095 1311
1571 62
1360 3301
57 3113
2227 3985
1578 4039
277 1114
4104 4841
3445 3387
4313 3737
2020 2387
4446 2346
2116 2731
3612 1057
172 439
3658 2835
1667 4176
1769 1019
3990 2201
1830 165
3797 2688
3518 3142
4273 1909
1289 3332
2413 4135
1451 366
396 3679
4221 3566
2106 1673
2106 3288
3122 1441
230 1473
4943 2883
4122 579
4108 1009
3542 343
2556 1791
4842 1443
2200 1330
3075 1267
1838 275
2300 105
1816 806
3054 3627
4683 2643
84 1751
4222 171
3992 4787
2317 4742
3150 1530
609 4333
116 1301
421 4381
2059 4544
4521 147
4423 1301
695 4209
1118 4432
4570 3745
4220 3985
3843 125
2428 1077
4173 1767
735 2245
956 4631
184 2889
3074 1621
91 4358
4390 185
4966 1107
4501 779
797 1827
3794 1511
2909 3152
1219 1305
3510 3152
294 3113
667 4857
1607 4057
2860 1914
3566 2130
1243 1366
2292 623
346 2763
171 1414
4270 1275
2908 109
4884 4921
4971 17
4031 4113
4898 2846
528 882
4273 2130
3807 4913
3273 2149
2257 2164
1538 3978
3084 4189
4757 2469
4809 3304
2005 531
3769 2843
4011 213
241 2090
1388 4399
1982 3271
4926 2881
284 4812
1304 1362
1356 2393
4290 2972
3944 4182
3058 1708
4433 739
2593 1660
4781 1207
4301 3914
3090 65
2668 4827
865 373
4796 165
2738 3941
3835 2752
3766 3449
4786 3617
781 487
715 3486
4748 3400
3660 236
821 4143
1944 1296
2225 4096
2968 120
4795 3069
609 445
4777 428
2997 86
289 974
3792 4155
1152 3322
2592 1303
3475 894
3389 877
2461 3370
111 1094
441 1509
2722 3133
135 110
3096 2179
1109 3603
3474 3380
516 3597
3335 3078
2982 2481
1622 4621
3891 915
4964 3018
1578 2141
3988 1007
423 507
3728 4159
1971 4959
3562 1342
1479 2141
56 3566
4676 3615
4846 304
4304 860
1487 2660
4998 3859
1415 4482
1169 4313
3204 1950
1302 751
3061 2415
4647 1705
2612 2491
942 1815
896 2346
2653 2389
4403 2206
4516 3147
1741 2519
2238 1802
1684 1989
1755 4582
4536 328
4748 2830
193 441
1095 3952
2033 4446
3272 615
4258 153
4183 3859
4274 1418
1678 847
1354 466
2401 45
704 576
4272 746
456 142
1298 1778
2813 4030
2832 735
2424 4158
2022 4068
2156 1641
2925 4196
1604 2121
1294 2052
1209 329
1845 568
2587 1198
257 106
1590 2538
4429 4571
3891 534
1277 729
4978 4968
960 1061
2235 3888
3623 1168
4484 2117
832 700
3053 4668
774 1527
464 909
1606 2270
1608 3589
4361 2595
4852 4163
103 2453
598 876
3866 3265
978 1524
4773 4454
4983 1105
4056 1595
1643 2386
3692 86
3783 1950
1793 2677
1334 3127
1945 1253
4371 1312
1941 4759
868 4301
4988 2868
1218 3199
4211 3268
3731 370
2834 765
3445 2600
1402 2697
2079 1874
4551 1393
2305 865
3413 2879
2477 1434
4694 2750
4973 1571
4550 4374
2959 66
2925 3929
2093 3576
3106 3763
4122 4402
3067 3289
2449 4795
463 3866
1148 1420
959 476
1333 1236
655 2372
2539 2842
4111 29
175 248
501 213
1033 4009
2672 3709
4547 2001
4863 4374
2566 2141
2025 1507
4003 608
1691 1236
2198 2458
94 2651
3231 801
1049 4347
3648 1021
2539 3989
1524 3900
4945 4320
2795 2810
2570 4941
2344 1293
297 3483
3799 4562
1588 1237
1867 4079
1782 3167
3367 3204
1006 1255
734 4395
62 594
2757 4968
2469 4344
3368 1181
3772 1807
4996 3156
565 1577
3179 4128
4099 783
2674 3426
897 1681
4984 2506
2703 533
4423 2559
2403 1064
1247 3694
962 2480
1695 4300
1926 2064
2896 2263
876 3932
1907 1652
2765 1209
3801 4847
4155 2385
666 3387
2776 2961
703 3144
2176 1007
1434 2451
1527 850
3442 180
2797 152
2503 2323
2449 175
3783 2598
1184 2529
3503 4785
3865 1632
4134 3961
16 1846
100 501
4924 3599
3584 610
2643 2053
4827 2932
2188 994
3094 3967
4739 1898
98 4590
4926 2122
3574 4972
1234 800
3040 4682
4444 658
2532 2156
2378 356
2715 3418
2573 1448
3292 4724
3967 1110
106 1126
1759 2604
2623 3245
746 3894
3206 2923
4583 4018
3877 3874
946 3293
1211 1703
3651 2198
4990 4873
2731 1081
2569 4336
1199 3184
3982 1899
3966 3072
2713 4698
3971 2523
4590 1253
4940 4215
1129 4696
3357 3961
3516 3981
1369 3489
1345 3094
1064 267
3564 155
4439 1355
4276 1799
3186 3056
2977 1494
2447 1808
98 4731
1930 161
4772 1551
3216 3639
3847 1037
808 2572
424 2581
3026 3086
1519 3262
1501 2332
4754 537
2281 500
4712 4217
1457 918
2920 3840
4669 305
3050 3123
4192 2836
3490 409
2186 4158
4752 2696
681 2793
4776 4038
233 4492
942 4940
1186 496
1715 1270
1694 4155
519 4797
1458 507
422 3443
2742 3905
1400 3526
323 4085
3911 2998
2553 881
39 981
