1000 1000
374 462
306 263
82 203
482 252
439 88
19 338
407 421
337 139
72 218
135 260
354 166
34 69
495 395
25 280
372 127
76 113
19 114
164 4
361 412
284 53
211 241
92 125
65 316
280 455
378 436
412 374
197 163
142 94
443 415
20 344
469 422
427 220
32 254
57 310
167 428
180 142
253 310
76 467
97 425
362 226
222 332
140 461
286 494
244 37
332 299
67 343
362 126
220 417
93 319
355 441
179 58
121 223
299 381
181 136
44 391
384 166
311 79
161 432
48 11
472 182
101 452
260 233
329 57
198 296
97 383
182 432
151 466
21 104
411 427
465 447
202 116
73 137
189 350
103 497
223 339
185 461
33 77
108 436
167 321
266 31
479 454
278 460
406 158
301 290
409 150
481 499
338 310
432 378
204 139
86 451
448 245
370 408
432 390
80 317
245 95
291 220
295 215
192 342
254 398
35 31
187 140
210 21
497 33
496 181
486 128
276 479
3 366
478 200
483 118
187 121
277 455
322 333
416 455
103 212
466 427
245 466
60 350
295 222
224 103
230 144
173 18
256 167
286 50
309 469
195 184
201 369
35 325
39 117
78 452
94 373
363 247
47 163
15 72
332 37
341 59
93 495
160 491
487 340
96 49
301 435
445 199
22 210
121 7
10 235
453 18
162 429
156 41
498 127
112 342
64 202
11 137
25 221
221 159
265 13
288 22
28 400
364 41
152 98
466 203
320 70
440 278
194 319
347 47
39 267
120 209
129 271
373 190
397 131
235 272
43 217
4 188
459 453
264 186
71 149
271 340
168 255
397 85
243 387
433 480
408 276
420 216
340 79
279 333
203 140
474 423
253 42
140 495
128 407
100 38
103 253
104 166
402 100
317 175
315 493
473 409
325 192
142 228
102 79
300 418
212 229
28 417
324 332
257 155
265 198
233 208
431 435
176 151
491 257
464 147
217 433
272 110
76 406
88 121
329 270
316 448
26 457
190 26
432 241
327 488
443 134
404 108
92 312
364 144
223 112
401 18
371 51
84 188
25 61
207 378
355 243
367 444
500 132
380 253
311 351
219 358
199 150
327 426
151 196
72 306
454 402
314 326
194 342
202 273
47 24
315 152
323 307
458 172
155 318
226 126
368 278
201 430
450 4
389 277
164 360
273 300
405 357
184 182
64 113
218 16
336 23
390 459
67 161
477 359
394 192
370 299
256 4
273 4
82 255
381 395
484 293
171 253
469 445
76 308
174 190
57 481
375 394
14 420
407 409
392 26
330 444
402 3
127 108
146 168
56 11
465 470
15 115
371 468
289 173
37 109
458 238
200 157
480 479
320 257
46 364
285 333
146 369
93 143
87 297
409 25
488 368
66 234
354 402
439 147
87 382
225 394
175 242
117 453
141 49
220 140
238 434
85 408
319 403
84 158
204 328
65 335
109 34
66 88
446 413
333 198
271 321
122 1
234 131
428 229
493 66
5 495
58 113
446 191
429 178
481 460
198 3
34 147
223 425
497 412
418 216
48 477
172 95
66 48
405 318
24 171
422 142
395 347
145 224
33 49
400 299
169 319
189 22
189 286
421 490
179 411
219 433
275 338
387 482
80 270
381 277
318 286
489 109
268 120
70 191
476 23
262 143
22 360
272 80
499 16
60 470
139 374
401 361
127 357
291 448
77 97
489 110
225 209
437 312
242 270
410 291
235 79
388 93
133 122
267 393
87 220
384 472
178 68
31 23
92 422
473 208
342 213
470 323
343 318
232 136
234 429
360 422
227 412
220 16
135 77
321 207
179 120
200 9
284 265
495 9
228 476
306 423
275 90
467 130
5 400
192 320
69 189
492 389
255 235
343 259
445 420
402 262
442 292
459 419
446 252
273 296
124 489
426 246
179 228
486 54
239 243
200 267
322 227
35 459
43 231
473 206
306 233
349 366
357 474
450 51
320 199
3 167
21 256
203 135
273 252
218 319
479 75
213 323
142 216
143 192
461 67
374 178
26 315
130 184
311 312
181 102
386 119
101 83
149 105
61 19
10 433
159 7
8 267
476 47
137 29
399 373
256 156
95 236
208 89
71 319
469 291
153 385
138 349
277 70
323 48
92 487
225 106
25 32
127 214
139 289
124 426
322 335
254 438
263 167
325 402
68 228
400 257
154 106
391 424
316 413
152 150
351 382
327 376
89 69
297 110
290 473
215 49
194 261
15 211
403 491
402 418
499 94
174 144
418 97
111 393
395 256
403 92
280 295
138 116
312 171
328 114
163 445
119 30
392 366
207 65
60 335
109 77
245 373
231 288
165 306
340 345
147 33
246 95
363 459
242 442
119 355
92 27
361 434
342 335
258 130
297 432
126 165
375 4
114 52
225 255
144 370
133 17
439 170
45 244
219 154
458 279
353 424
427 373
259 304
391 17
409 386
83 404
242 425
411 11
44 55
221 156
23 473
84 206
367 54
139 50
225 257
466 375
386 125
419 391
454 9
466 309
428 234
88 419
169 230
188 114
270 181
172 499
320 257
250 406
368 282
423 246
13 68
133 26
499 41
392 268
86 237
342 375
37 285
240 239
4 200
30 76
354 465
141 390
137 9
326 10
59 450
169 66
276 494
194 271
38 162
78 431
380 215
306 237
62 7
79 459
346 127
61 65
366 20
397 30
36 100
319 266
313 440
116 386
186 297
152 291
324 142
368 156
338 118
488 461
83 344
313 156
223 336
379 403
493 33
442 12
396 327
301 437
393 208
366 200
466 29
16 355
52 430
142 351
431 250
143 179
475 48
467 398
47 134
117 381
31 77
412 467
14 178
357 290
491 218
326 364
420 9
161 340
345 84
328 145
181 19
57 6
178 309
214 29
30 356
365 444
424 4
75 453
270 115
96 467
463 297
275 170
243 133
452 392
295 359
301 94
471 124
183 483
13 299
333 160
63 56
166 301
167 274
84 263
415 241
37 145
235 437
252 484
336 429
218 180
56 177
80 39
206 108
168 102
51 214
31 427
467 352
167 291
60 142
340 137
19 345
493 147
496 494
122 157
247 67
245 224
170 249
482 147
185 27
143 383
493 291
258 464
8 145
333 186
148 111
415 484
82 239
335 440
325 333
207 137
154 27
379 386
241 134
105 220
357 107
416 57
67 279
14 338
330 30
251 96
410 313
282 281
64 286
380 370
94 202
113 455
377 209
220 497
258 447
213 251
107 308
414 16
423 312
47 187
440 382
206 87
133 70
96 3
314 399
500 90
438 326
80 145
388 477
157 73
22 68
481 468
168 488
321 203
54 372
36 184
70 4
98 16
465 206
231 290
237 403
69 126
179 227
266 216
481 25
310 376
176 104
369 393
41 139
495 450
81 127
495 396
341 484
246 381
303 19
268 245
187 250
155 37
353 1
112 262
330 90
119 478
142 334
124 118
468 361
24 455
278 146
7 307
183 245
231 422
246 347
404 273
289 73
283 211
253 252
97 141
130 57
137 116
320 78
267 468
123 452
158 260
77 52
71 36
18 448
300 377
473 241
20 207
215 366
267 445
473 482
201 144
33 256
60 193
422 132
191 472
462 168
378 385
173 55
56 235
438 6
320 205
216 428
404 221
3 295
436 384
497 170
139 201
12 413
402 483
150 464
37 426
102 98
467 29
491 68
179 251
188 184
412 310
354 342
232 431
109 155
66 281
142 141
273 463
174 492
84 489
416 88
98 24
130 308
134 478
162 333
346 119
159 453
154 148
95 275
497 201
127 253
327 50
130 293
58 500
173 1
327 498
140 295
58 18
194 243
73 162
458 75
278 233
237 13
172 364
8 296
345 391
444 458
296 151
388 448
16 450
107 112
180 170
283 339
285 435
477 146
387 397
135 285
427 126
461 429
336 290
290 106
437 277
149 102
52 137
321 85
213 68
141 255
47 125
54 485
157 197
361 264
39 164
58 475
358 500
197 299
322 287
238 146
96 53
167 138
433 213
470 102
153 255
421 405
206 108
121 188
106 453
148 274
323 489
288 201
187 40
105 319
262 74
92 155
490 3
6 133
174 328
202 320
390 496
39 282
266 324
428 352
34 472
111 34
237 443
24 123
309 293
142 179
474 244
61 337
5 471
403 123
86 200
499 208
210 236
448 346
111 370
228 498
441 317
362 268
72 144
471 397
487 117
444 387
60 9
326 342
315 324
70 441
114 367
493 226
199 145
156 372
73 94
122 196
109 287
75 390
288 115
310 454
351 213
225 43
216 389
443 463
314 58
328 371
234 417
464 118
262 379
230 220
317 388
438 292
131 157
436 269
428 387
405 461
204 115
28 472
325 447
422 226
388 238
480 430
185 176
265 204
51 266
67 298
304 27
376 310
422 246
43 362
344 246
360 431
452 9
340 178
461 17
408 40
388 343
44 227
434 205
106 46
73 492
424 71
75 34
334 251
495 23
144 278
394 46
48 11
353 62
45 113
319 330
287 333
61 434
416 54
231 162
177 371
20 18
454 42
237 199
366 457
479 363
456 120
426 93
130 102
343 483
311 426
