2000000 2000
529391 406683
985444 629787
696689 46430
90633 656781
750830 791883
200926 629227
473160 92398
643413 763493
965396 373283
57006 594229
439681 823472
310111 888992
314554 428861
394561 141078
449416 891319
689182 112058
861120 304694
234327 962933
23075 426767
246099 14480
654380 950054
889872 45284
550008 680397
190745 777112
702159 964541
241902 451097
337386 363934
271286 696048
483611 769375
788167 677550
845045 862020
166152 735843
32370 869980
694140 749190
543192 893741
877798 241599
404285 405283
59058 332494
24696 298885
744382 551012
137635 257635
980531 255891
904501 103879
151815 22064
584716 716450
583189 956559
580617 615076
90673 685108
163346 254128
903333 984217
816200 52466
744825 515746
112783 133123
900935 191665
602036 511525
58785 653221
219221 165626
263659 911
477712 107553
856892 582641
928328 176011
939800 348074
413564 873113
626676 331001
167350 769454
590428 209143
735394 540957
922721 691360
969692 469726
416128 887614
516768 200246
329313 316146
740717 830342
539984 254323
33895 359442
563988 506133
506289 397589
710250 537287
571880 609691
727076 266879
1074 270971
649873 510554
263208 168897
323396 344387
687590 827142
267284 632027
2260 46800
121393 599836
115399 67797
942898 359194
36458 153963
81272 77259
564168 683575
381175 709811
91574 149580
51139 612677
665110 707437
917343 435994
955531 222576
40602 525569
2563 584144
171098 440880
209448 767200
780342 4928
520879 628674
606491 114393
621966 113113
644563 328004
724993 89242
895903 698076
288462 971403
229358 938409
886234 138245
199316 134058
270511 171793
561327 69071
224188 417974
318806 445494
713325 32739
6583 250483
415363 702815
595454 246373
38393 792505
592017 701887
537287 566462
177854 528071
68049 584893
155120 670240
277198 975922
42346 804306
498957 739012
821692 104765
183092 389830
452478 38650
861554 146444
975865 115010
309275 950451
329528 637218
911784 114494
112698 463964
623021 562791
972063 403066
617289 483885
701614 706376
168406 930173
577084 197227
135087 652344
855227 391512
712222 341560
892831 54508
14454 577390
751932 490680
28706 877531
191436 675370
701736 666538
871109 39625
837356 638809
532391 146715
198039 461918
990267 471920
60358 51356
839141 866854
740609 521423
227490 682267
93198 676556
896825 251448
834634 958003
102592 461258
621671 176936
223131 476052
686347 714796
375208 291557
109233 474471
120256 742566
789504 527994
739347 852083
90874 133782
511317 5554
12827 612948
496480 672572
234872 104381
696336 758869
379553 188915
563352 995341
113421 339911
117950 589775
526226 312739
541391 799021
137374 254528
928847 598508
837460 117316
243262 933607
124958 604576
751833 759682
439735 971288
85978 733685
599631 272328
896914 220276
517161 662791
695923 236309
48530 454477
279649 771321
594556 642171
525873 28237
283240 69166
711857 626294
523722 407715
816094 624030
647300 178634
527349 938163
993650 272967
972703 882214
879234 576823
211608 725450
964865 718017
181691 311250
163326 412051
407986 534568
692907 214825
774923 609164
75869 638512
753871 261922
657999 156989
810854 383290
849713 705268
963279 41834
722586 434521
960073 281447
834406 909744
56793 174448
590336 869383
473857 744194
112486 462565
962762 775876
564120 730564
937319 73264
909657 164004
718160 637429
278106 663689
84670 207248
435249 121308
713765 215365
122155 465121
309569 364887
806004 491797
733943 593245
629402 943399
387881 679284
709330 915704
629858 507958
106954 516120
533223 643757
531864 573515
51528 202542
118370 468041
437069 255728
838809 83229
966803 641444
595925 957756
973912 990715
827245 195157
674458 368401
998380 362628
209972 522873
114142 979041
440540 973614
797723 548367
266279 216431
177171 462980
590531 982445
297656 218233
989030 771886
472642 433003
576749 745719
24888 876089
85572 48680
340248 617712
965904 243004
610600 736520
64093 654402
43835 635795
153666 77039
206775 806369
39461 634422
886389 572461
717555 486962
356251 707027
790264 766369
911514 611034
199092 624151
386597 495706
351818 665663
68203 518549
691916 784341
62793 105484
86815 497349
636771 903163
377212 470786
751647 751590
698789 34595
860067 587881
774449 525371
783363 639469
156381 648583
874526 111436
41291 420125
293408 324333
171697 524364
519622 71614
90803 327661
965899 925658
203133 69551
249145 941145
912656 365252
725886 508276
770955 95646
837108 309359
904523 374679
578222 181698
21852 384634
882284 90919
947508 263337
370497 87492
5599 447609
711535 971748
250839 280856
860927 483965
823240 434647
58694 5560
544186 226691
453910 263375
890526 165573
567332 158553
422405 163149
91711 746290
947281 153823
290584 213730
851275 553555
37717 803329
70762 503505
240963 85206
185810 87187
616377 12893
985688 725398
830969 101271
465417 186036
403974 846869
334972 495882
605485 447748
759650 290787
908856 186416
679917 361074
748021 284159
995595 456233
427100 756852
322378 906651
585277 951927
43173 995005
662314 484175
647255 79890
98687 98958
284278 844436
221824 244595
6599 20579
57360 143467
636691 259057
540263 755236
491856 459625
330843 42638
632202 213863
817270 752401
972010 540614
196055 434911
980354 96408
183707 566292
328874 34077
275200 811923
951962 664922
113474 11604
435999 474196
142167 447947
164013 41334
974759 758519
182067 879070
234910 96334
199676 390868
650986 906248
566665 352777
732065 55964
385730 735578
639309 349802
437825 648155
301977 843707
49606 121857
407055 333785
985968 157133
213253 242953
784319 180332
490832 245234
163949 152326
316497 913417
829300 103408
239353 793070
406025 630860
956026 446827
520640 492994
878402 57146
858217 449924
480647 844087
313268 843491
96870 809848
748870 731692
600550 338539
139757 67872
555521 731448
804398 574509
419954 353410
663669 734970
924582 827859
81128 483082
482377 770860
670434 580386
957595 498815
532922 837639
203173 882258
232514 187843
769141 973269
380461 136448
621293 927400
306863 967562
615204 792972
448232 609784
311330 611518
36026 908254
232265 295602
662440 5438
585979 873827
606661 998797
64605 547252
519539 55876
281037 246022
929236 805326
6080 975059
973605 711082
404793 962696
661087 928858
764648 202964
646848 248475
239343 463158
73949 791475
331370 46171
96208 964864
565824 956138
786173 295421
521109 92799
81758 370981
417538 255955
316287 787931
896961 688527
45791 731351
575982 351873
437740 916901
77582 309193
318356 603556
59074 32946
471128 435284
808883 579545
608998 733231
532686 66463
189875 536924
743802 945007
844568 280211
520320 278156
367021 23673
986106 729583
784108 879649
61592 382454
715852 63386
366355 439917
978666 24161
261741 524480
144881 461028
991796 743251
61058 3860
199514 942941
296712 691979
645283 338001
748269 190840
434794 782120
918414 106858
579895 994662
231454 439505
492787 345198
412293 211949
644265 371786
90252 373339
362813 199017
515088 579740
590115 681329
754058 509694
955665 115932
243911 830360
948791 579243
901475 948521
380683 987331
998140 307091
730832 404827
365344 126120
719594 267710
739140 177060
9711 245632
34889 591166
888009 950021
340167 75665
369870 906156
899811 306563
870235 677392
5663 723841
785509 616324
247406 291484
324384 866860
322745 472356
534207 79672
431977 291902
257554 115449
634586 905855
637441 223734
640112 65793
969568 563085
982543 581440
287472 939602
91922 585324
134915 284087
607481 87864
614126 890430
409607 973850
491577 666657
942211 606464
900197 810961
535377 393252
635096 913689
827356 963206
501439 834723
777032 69350
502626 893675
25477 522275
191958 295744
498321 591352
666230 555519
374469 189518
767196 922894
340957 383426
956503 311255
599811 992700
122822 53372
890835 308807
599256 56963
873291 786506
702433 395641
764483 787654
743067 134955
234729 983009
511136 651403
318962 440782
908240 314327
120878 121134
736062 203720
199019 545153
46233 220669
471814 539870
335086 682755
851193 755935
241233 327776
676238 339474
599589 689375
54433 370690
605393 591853
446023 366450
810971 609728
968092 900894
259257 971877
818502 652368
297048 327999
849418 140671
936134 23722
882437 570076
792921 516251
878577 66727
965922 754991
777067 297547
727952 540809
127553 442432
489626 390334
285276 134679
218699 571495
600883 856449
727622 5546
865487 249829
770581 599022
604435 597828
828307 739645
735572 365880
297704 808753
599739 385242
73356 480052
149098 819188
281605 498013
514184 110832
750567 982485
141313 519929
396635 589374
799463 829184
987236 955953
783684 389951
635834 924163
294185 781670
629629 855131
690557 466381
279575 521579
168414 488978
675909 706538
126596 465871
417970 602676
734318 617324
573340 107570
708082 73185
596597 336132
4690 582685
734592 591913
706853 949619
299723 769486
383565 712501
230185 10950
544510 327626
461918 405719
161112 195782
959528 445831
891831 114200
540930 953211
742058 240507
644915 208836
266115 290022
410333 993564
425771 660093
858876 639070
168953 387235
155641 675170
141783 128549
145810 332150
687598 152261
846595 138999
113006 854102
404315 387731
540685 479165
504918 59262
985064 283714
583382 629114
896567 891277
844716 135328
709348 505063
746317 835573
336755 402124
76480 940749
823383 858346
112526 603026
16620 495506
555484 512999
469743 990879
814972 5190
830005 456389
727702 748855
433875 495017
864564 280873
970677 786925
695103 112878
113227 556485
492607 623953
356569 62905
740787 448219
7094 679154
754977 898122
190902 440914
286003 781093
519678 29887
767408 156658
660056 568597
407827 749058
214229 873617
249967 330512
246595 464595
627375 760130
762798 475689
17420 92475
30707 97873
185226 146171
445093 614198
887563 360321
570433 847279
236510 349068
986773 712011
391759 126511
601371 975549
27014 97472
986506 230612
221302 654515
540391 75290
938880 220336
132441 923126
792757 593024
730134 818201
806153 523757
309245 694991
754050 21394
56342 996929
395306 664928
664035 519916
15152 434484
423106 527445
592418 973559
320891 967931
879993 619526
423233 91997
733054 263558
560778 602309
367817 259685
542174 719200
99268 142161
265019 218044
485108 193267
238343 289840
538616 637504
250936 857809
268245 102178
427505 617361
412541 141658
697221 691977
741381 742120
108007 491617
729301 122382
170166 420802
631015 519516
28909 519882
185504 608324
371699 724927
893920 248151
351207 654670
97966 211461
133726 361433
712186 643780
621967 3713
878370 318733
641466 93191
916127 39274
852001 566285
578072 382360
224034 343496
412629 997923
690944 667542
262307 322329
524230 484269
474822 855906
149436 457289
752200 262527
350030 503114
597789 586641
783309 412472
567323 556071
218977 985965
286216 405274
717123 11921
301311 961333
853696 413960
871558 449775
932743 351569
362743 847047
383232 631465
949918 863745
547610 528482
518200 363512
726607 877724
391731 466317
450071 14350
81792 884497
930022 719293
358184 349240
910437 35653
132114 230939
363802 510742
159423 928229
967694 50254
699197 824906
114232 689177
728798 18859
584132 285106
513555 567138
260476 909454
180933 606537
875184 100394
201841 650252
260529 447495
134267 966107
954771 858210
150671 927641
742604 699657
257101 940765
261952 87448
734127 717805
583160 429222
311304 265746
356963 161824
877003 21593
718536 672549
521773 990273
582592 278342
644508 535924
111432 689354
827291 972658
55174 274180
940989 826621
60824 936642
160582 55273
15303 318466
547687 697501
677344 99694
467331 127887
557199 849744
721179 138916
681820 283816
490967 360308
872256 141826
23483 5203
3098 928810
675595 714865
91185 852966
51350 896264
576700 884102
985882 729320
543066 937723
637522 139740
128835 606150
253370 527945
479990 234922
217865 924768
505076 805740
336002 419108
122630 127712
361718 270258
879503 678625
921997 206911
857685 527515
143826 397269
744618 119169
10878 434835
232601 461801
268079 73404
586796 933740
5880 493585
694499 339762
153263 287339
632060 73579
153531 508225
316583 353541
626060 752586
146728 576124
212160 530552
235247 389752
539674 409776
765290 862442
41067 112650
302948 763288
930735 189704
719327 167109
840772 566533
644021 752068
279989 618936
782129 114357
543250 394162
136282 958283
588963 451704
971816 977412
95560 288532
837437 823185
282635 311136
713683 265627
842126 361735
508485 836880
233810 688725
770878 983831
282230 788332
367500 578077
52749 276283
254992 578747
469851 624194
575228 105036
139797 897018
904603 356886
949347 559843
781532 883622
493754 165896
286125 290038
330367 909953
135722 586521
41734 140289
769753 131726
460036 310678
391303 644571
986238 716556
471661 225073
858538 248252
125675 821422
470637 894407
237970 701952
853801 369605
465284 13517
216200 75902
294998 774818
234465 822321
887293 832378
752866 771154
576744 830818
906702 156281
982580 377806
595933 843993
298855 701058
506965 533220
699816 50483
403766 411839
440986 93113
90380 99714
373421 350387
386038 618268
21563 447198
237195 138554
281539 553226
451803 549481
687046 175273
756358 723359
636368 54339
208630 596144
945928 727898
987121 250767
386706 851947
671861 452961
158233 406818
754996 465373
605420 707037
633537 311622
265931 814838
729947 138818
753852 869255
849845 282908
453652 727409
682210 156890
314483 455139
504441 956415
133512 366545
425570 902003
867894 762869
179772 670873
475239 923825
141480 997796
253317 47594
33431 669269
4682 292544
24359 281081
396237 646462
257270 145059
613880 33161
974986 502229
141983 472379
828543 315587
201316 835280
448441 304491
547425 964370
392185 588680
493655 366239
88728 484498
321834 722588
258600 446408
593796 750738
224113 769105
160914 528854
598310 606624
873776 835936
308049 317549
414423 924480
314099 917592
318966 522783
458362 397107
646844 172977
964505 443579
757048 497357
397032 379868
159196 306298
675986 106364
202322 948942
611357 135031
547378 934156
943984 799480
321085 855292
181299 452433
243859 780382
433082 961975
180480 281949
970294 882138
202102 414069
264434 764174
307607 937971
406766 713771
135842 5739
800159 237593
157219 193331
146152 917614
290660 796219
315870 518272
741252 824422
113239 758907
192689 430281
705074 875160
54450 308774
583660 410764
132447 710089
305246 59817
107573 940659
748770 916534
85253 418487
951860 544235
633003 784466
200755 1502
802607 360058
4862 732292
193308 181545
449350 980532
651514 992211
432923 118160
627261 430366
511738 559833
168061 45010
876676 916289
851277 722611
404449 494645
461366 572048
766243 50934
482518 215951
184413 446162
96079 460112
852690 226132
721819 684251
997561 804550
221295 399740
496289 794851
967884 657216
735377 245384
714369 908854
604354 873490
866664 732282
954678 634575
283125 538255
940520 819952
520337 163199
70159 456866
83781 279757
449461 269584
150057 116322
278946 57197
986015 824553
999839 662759
693785 222208
659168 32856
439920 295104
772083 417162
433397 588714
257295 855131
183732 902503
443030 528803
485861 78685
131862 51327
227299 537052
660943 492253
327939 271461
29613 420776
78129 741078
609581 608990
6679 958826
509527 824362
116008 225451
908304 814716
972805 38775
232323 772998
885971 635704
203439 800275
335756 300315
137810 672022
698722 351739
474700 577725
629527 233148
603289 980095
902503 758320
589530 169901
902809 556796
205720 539441
32638 382555
484022 168769
277092 153879
953664 737480
321137 842191
441210 509228
834452 901182
893471 145889
314194 886813
695893 278002
132002 318797
587887 651923
354146 699828
262145 439264
356956 512829
88193 969958
669591 615018
61902 923517
984714 539482
249257 146663
701766 553559
379219 769757
323619 846667
310293 136002
639462 605398
956958 189899
846957 87717
300322 127222
32439 497344
289327 349105
331441 136966
193280 380853
583475 206919
819474 174318
69315 462371
9447 94929
452894 966157
97410 285737
63381 719932
573309 326648
798952 794899
133305 136273
667851 374062
900247 835828
328690 954142
648061 871509
729432 6237
292946 471233
587838 28393
761314 562223
263505 82386
953695 346374
252542 514514
892991 426645
893953 715137
495502 609943
216673 281583
656926 400655
323341 326842
777639 589999
292378 387286
699226 359555
433108 314470
921530 420256
367148 852550
648425 546304
566030 181929
329930 561759
784378 86529
881048 940350
37630 432466
252290 400656
894748 856991
613511 712785
121343 901676
56057 198021
170402 406874
190730 670989
73438 356729
896844 770303
726051 836086
103269 76662
155568 368678
351313 469445
812799 868480
395267 765701
19283 468767
827857 150927
543799 800971
635204 595059
913195 650076
596130 528492
238472 316832
103473 477137
182370 300096
971636 251992
903992 925796
746360 484175
379697 692792
451890 896602
347123 114957
344545 668256
357968 18932
994277 661874
809977 722371
983009 653014
924841 151464
116613 642104
394779 589073
153935 417131
817606 353116
622926 590036
982532 998970
925464 575884
476713 373473
469480 956492
370409 399401
817128 731951
487252 714599
883729 916435
110407 49544
960614 809761
582349 303274
887663 224145
399026 716434
496923 435297
135339 675514
213065 741324
745833 770166
302872 680687
436610 95687
321141 747382
714446 890238
15474 757627
871758 652331
772048 873347
938612 930534
852287 232681
687452 108974
984964 162590
551040 422222
431734 116491
120632 217876
97094 851839
20677 558675
994861 411641
283922 861266
369217 438015
629565 902812
915325 334041
579127 300431
834174 608994
861225 352409
399680 794896
491852 583133
107404 677170
241420 793575
656543 772733
733627 849942
183240 799556
561788 580025
721241 149054
412111 513670
901586 621923
734492 208723
613103 516109
967710 328376
77787 646536
45962 895619
351530 760047
692414 27760
622446 496821
784368 365198
287286 374165
515537 9431
779764 544165
565276 476556
693841 973444
609727 891569
925033 175417
459723 334342
923644 558651
321795 586386
23371 692977
85132 883038
89569 780450
513221 861433
281018 615688
521063 593199
799848 131522
289543 605968
827097 497518
572592 553844
727747 81237
220897 171680
109650 452854
948731 252066
708892 971952
761212 467669
29049 228286
535970 119403
131159 550977
963548 451727
993767 589353
607776 279841
443115 989185
581250 634685
458093 299649
45024 262628
829198 197886
342966 89738
675214 244798
131451 337457
13262 343012
161969 192472
275062 977869
843125 668101
737788 355889
434360 10377
322007 733869
777933 676667
747385 47564
34453 76913
886271 769177
910075 46478
218540 476357
427796 209749
841222 413325
438798 306868
974582 234557
525936 161226
483375 414881
304809 731735
823549 482888
468748 933156
279266 812479
849649 761654
24619 635787
568239 557819
566046 773179
1535 948622
22747 107487
405332 370707
804731 65219
790185 782968
318620 829459
689305 820206
187348 479501
332279 705953
293680 541427
114203 968595
495375 326240
886612 22151
812468 748267
839411 831533
444496 616757
937796 297121
768902 337466
213445 20409
267379 125858
296118 665928
581470 564893
418451 863683
715593 416437
514547 337919
417876 543589
27218 390421
925179 744120
658242 257826
880215 748900
352357 64370
986988 545525
115545 837187
772381 662365
155218 216777
294100 647110
184082 359033
560385 280182
289241 356438
433868 507623
594909 267630
511127 259338
421841 513307
194897 342283
594556 696
240112 336693
571945 114395
798658 842477
142042 173225
773507 939886
890726 454562
413823 426120
655877 318202
404937 859737
958006 635960
790382 407036
219468 79948
318080 737654
630193 259041
16223 732131
727580 731207
169997 354585
655431 648532
39354 252569
846780 46669
486218 712757
385021 573034
586862 953967
338333 6386
486381 369497
818217 883507
841515 332090
561463 77285
475229 828856
223081 667049
829205 763167
490125 21405
482338 105000
328409 310305
727145 453558
592124 165527
367690 457951
120785 387914
416122 526124
2745 942249
824456 48744
833620 116635
510581 167247
48415 299895
91691 433763
580832 206687
186103 106077
13761 524721
671875 205223
537623 330528
459974 751060
914135 210275
218288 116807
914768 451150
391762 568030
460602 751825
170615 934747
270137 498554
749292 851999
591241 420182
719422 503163
785123 407187
976630 387541
440885 895626
37094 807810
931696 985281
576640 340826
647792 484171
863781 417763
418734 164764
248543 311815
654778 153551
287449 24791
248658 702269
393964 551400
736701 548782
160455 471724
41222 59539
608504 350082
412447 277362
348546 722378
48885 961202
565508 653088
701169 512073
115249 649666
163982 430107
157874 710796
230228 437909
452090 424957
14147 263648
14708 123835
30941 106193
181996 735408
216867 260051
492979 92321
222823 149344
810642 531140
963037 293994
887136 173134
103866 386031
73390 537497
955155 7017
645685 980125
992091 519848
300585 509906
495626 160315
561649 590103
650629 874589
647307 437746
59037 884545
666561 511084
660846 276332
922217 232278
543573 123009
14195 153393
534724 76781
140421 432816
491287 676210
666852 723210
8092 387759
281237 123389
221581 774973
161433 419728
589401 701069
818988 131451
919881 503972
287907 120394
815531 99444
861019 688741
120882 139708
133932 303241
701668 657595
469038 254420
715660 887243
613990 848652
194200 252824
496592 568322
864172 125133
611547 93811
901228 919735
385524 5227
435464 454909
50113 762305
640365 276328
283189 553183
613261 113211
237902 63224
86190 194359
173081 841471
176654 480020
175169 454590
904053 594083
649278 340700
949468 537113
218949 891406
482171 669474
939869 983639
576717 106159
255481 734540
317705 296082
38870 163520
375701 684388
565477 367363
242561 880206
91550 676131
695688 125694
929220 78655
438478 790897
723989 857299
780640 894664
317753 194301
996085 254682
49703 917956
442737 683046
474753 393654
748623 750223
661335 922288
377602 732815
740704 341514
553207 800819
900013 81246
120931 239189
92762 710172
787991 875800
103821 546566
706778 566597
261360 653074
931550 118264
300553 124804
450019 561550
836252 3307
225736 820955
319295 391313
353100 246130
142579 203359
805044 38057
94845 760822
105493 411726
31754 768396
917516 859475
372061 822170
27094 866377
616941 238437
58712 175218
292893 337505
900793 525682
423141 580275
565808 330958
16675 61525
941379 904351
933793 46063
933507 261544
611463 662685
316794 474960
214575 422111
199406 426110
784111 962972
416032 205124
349561 220111
506206 480192
430930 733326
348663 320783
963602 246234
590422 522099
845062 85552
880686 699556
291283 533959
38613 518536
835396 901750
393978 714497
234104 953804
773220 54265
533811 284686
836008 74457
65632 256317
679173 130170
578861 902978
260004 955482
454500 911605
923891 176943
916420 50910
651905 534434
27920 371708
432495 912270
516291 734332
72150 504337
120625 272364
754422 513243
83253 932744
412948 230032
607027 580348
386194 799306
165128 204052
691162 621136
612204 573527
922578 667351
424595 259961
772033 939675
856475 76692
134855 472305
16189 495441
385387 626009
214848 374632
55448 478815
241137 889340
652389 451735
62255 106021
489516 107953
834159 683776
579435 644454
249656 187064
959685 489042
46674 53729
935466 241502
468768 495116
630280 887207
71582 967858
577742 639739
668986 30093
539639 52476
298688 654791
981786 501410
151938 236509
329120 281331
434190 270326
848271 884156
519706 377563
643603 235933
477131 802060
815058 675366
342056 967221
76455 479682
961878 694371
929571 369247
827260 192743
552631 849600
930484 29134
960438 358073
232476 717651
675194 4129
158524 652591
598425 783226
291365 474533
589549 305870
61520 968940
388843 250569
486636 477623
575001 447315
415070 232489
690748 174552
726265 93926
798097 426217
157026 197095
433129 892571
936501 848548
477321 999869
964260 92651
917353 622745
28844 68811
398962 996145
400223 739340
471365 873352
356045 988065
592149 250412
623382 551359
548896 261230
936633 70801
632362 163066
772935 949457
708387 867913
278769 831908
732902 88120
692149 259038
663476 977118
814588 997787
965522 528755
587876 745453
584119 892950
393982 831841
533335 796193
909253 751966
672404 970062
710251 79706
889987 164804
402971 854696
280636 445478
629815 127217
188814 162300
493196 270803
547600 68385
736976 402742
835652 650538
743123 174033
781816 813531
547682 905860
196104 715164
407168 880867
966642 443490
341272 779739
590013 923500
493854 939688
387002 704814
596616 478746
28096 202303
690674 756305
876013 931564
340749 718003
603184 335383
336214 141501
203602 546472
345255 275921
123000 923097
641204 195831
17762 577004
510673 798990
940751 225108
201660 38483
336566 840272
93326 893711
36571 597117
972629 288999
788010 456748
528150 936753
478916 905850
675376 241231
10750 72731
972009 172795
253540 38461
711337 150026
284523 208534
18051 310939
221976 819361
697840 539718
825846 439809
631330 496582
956164 593384
579555 436254
449730 105546
357667 821118
935138 205839
185190 843018
650110 412490
395858 64349
903180 93594
308283 141856
808020 379592
363038 895783
858001 394741
999622 585238
593124 643624
759926 139269
961159 448766
704712 13865
887210 363881
709157 815871
380659 6500
824493 932149
554665 986681
196094 8918
495227 283419
351778 520309
985049 178626
361549 967567
135964 591016
452054 772747
714254 367083
786926 790786
354722 704769
365847 877099
715538 223358
25345 563927
825441 769103
135752 192860
846092 446199
687953 230179
296302 962303
8166 150049
808980 582984
263957 522691
438839 726388
209862 863494
344441 996957
35485 388118
748251 596374
780229 933432
506099 585245
645749 478836
715478 296071
589332 639825
560472 395590
918528 831303
71827 35470
54936 948428
706312 352112
636482 618419
433351 867911
224961 281786
961388 799157
825806 277250
962402 812397
330688 393991
758960 883223
768690 576375
929288 993647
579645 618251
423283 489576
815790 317294
427172 859710
59331 819277
749748 663422
281387 379945
968189 591477
722259 917220
601566 176078
363756 677718
686510 24092
433306 361172
615262 285702
832595 675959
835875 249234
765726 23620
834711 870206
812861 340561
516069 53323
256839 489204
189024 716091
969133 705145
171716 45820
639734 532393
16096 562009
150132 802455
910395 979218
585299 899709
165353 29623
623707 859511
856534 797876
222335 195923
819132 139256
310495 353419
717102 230410
502384 869271
40635 862908
702188 553071
528327 156696
745859 187877
43302 740493
841186 481123
424247 434980
934648 420003
161034 293092
38853 851400
50602 586373
938807 523189
985850 289424
172212 649077
637687 292740
608164 668217
647925 760358
182586 470633
311121 688216
348699 314359
291542 323004
615958 465933
403736 357472
403373 615490
229303 733700
131879 174441
313427 983578
829966 547568
676143 632186
999365 724769
5473 722185
677107 188864
602303 424298
956190 490400
518228 102950
993247 651376
791189 729117
37075 669756
870202 143110
688103 985900
915237 893307
550289 372292
991593 717794
540378 204121
453267 89858
44783 580425
494509 310510
21991 362607
623144 342206
892987 613412
113437 851057
940150 353695
714825 581482
507615 956349
446787 863513
939946 254550
63850 973877
141036 137622
742628 159946
989887 887897
584792 884994
116501 30402
725899 526019
225467 582579
997081 855193
418541 913964
549757 506236
481445 266766
578299 806305
662902 256124
857551 531967
811989 351931
472380 15667
133619 426656
722473 217564
563141 802382
456775 266043
958166 580349
317736 374769
438306 106829
689934 935976
882066 613332
213823 740119
984744 627736
145300 133169
52732 146654
805097 254451
903015 576515
530153 538534
724009 385717
444564 149908
295525 941182
805426 56405
528315 997629
856233 478458
415344 847558
759758 415663
592949 584574
287486 250744
608083 375685
519987 842014
547004 357678
61134 508270
135347 594148
836257 69890
468392 472876
739945 743161
175524 619922
970482 782320
776296 70137
50811 361777
510081 827119
495758 974401
