100000 2000
17809 44237
34867 33415
6326 37943
36468 21790
9515 9549
10168 14069
1655 6287
6464 38938
12624 2276
29071 23524
17505 46779
11318 18973
25147 35688
2791 38390
21083 6008
22767 25324
32476 25299
13557 43443
28214 6723
1763 30712
21432 24762
32183 16934
6248 15774
45864 47932
15389 12650
23393 34604
36080 38814
49947 26330
44769 23396
46388 17255
47092 46688
47290 11097
27890 12698
14127 33148
31437 14069
35400 4667
37270 10681
46996 24876
29985 1598
39639 12985
29594 42157
16405 28779
29664 18851
45939 34562
4635 18002
24508 6034
10228 28309
32049 11393
25596 46849
46922 47700
10511 35345
36265 33304
7952 28919
10442 12592
3837 28661
18525 135
11672 28344
37176 18808
46472 3107
39907 28436
6327 18397
21984 3852
31145 10981
11418 21356
27454 42715
37290 32125
45539 18674
13546 11434
26193 10004
29525 43925
35716 29396
8355 43684
38458 14394
6620 10598
41233 16735
18761 23294
49392 5030
42901 21293
27484 33301
29840 35030
39285 24600
42481 34144
40534 44569
10451 16752
16721 43670
27937 43179
13728 49644
46360 42340
31255 39342
20957 34557
42330 21198
15076 29982
21356 37921
49821 41117
9784 28301
20876 44530
7834 11192
8398 36445
14260 97
27506 27785
29499 3943
47854 19817
15360 10311
13761 12102
23975 45180
36040 32426
13293 31166
47427 12240
39471 13357
9675 16227
33874 13309
38580 44463
30519 9730
22002 26452
8912 42478
48493 17806
13336 6513
35549 42320
19450 39370
29794 36825
6435 23984
5677 46679
10687 41137
18092 15665
35593 14315
8040 297
32896 9970
3337 20131
35506 32289
21905 15424
19244 20077
17409 38625
17262 44671
16810 31111
47651 34882
3158 22936
21856 40948
25457 1430
30573 46522
37924 47574
17721 21672
30929 11455
40726 41938
32156 17310
12355 18636
18375 5402
7673 25467
23106 4636
34058 1909
48802 47323
7234 9511
18878 39265
6381 14276
16246 39454
34439 18075
32669 26233
37166 13659
18606 45301
37854 36233
47161 10346
26288 22673
28389 3530
16635 15812
26999 4487
41236 48656
24665 41659
21161 3017
22251 20155
20608 1161
19836 49099
39540 39657
3439 15930
36858 24711
44397 18638
36034 10203
7507 42734
28805 38788
20304 4572
43254 27520
23685 9580
44309 38248
46787 27964
8104 5520
24394 18449
9704 21889
43460 25408
49749 8446
27262 11521
2453 22657
39575 18142
18018 35786
9945 20544
4301 4360
28134 26464
25926 10607
43548 38585
34443 7310
13472 2520
28205 16174
11347 45715
44288 28519
1391 40391
16527 40991
23714 48622
38117 35646
22908 9871
22279 24174
14218 30442
37691 37025
9949 33943
44600 8862
2585 8622
23995 17742
44304 28639
31932 48772
28165 37416
23430 34992
39615 36965
40025 21191
3987 13965
8194 32965
21177 157
8975 48703
22424 45164
23823 48975
38139 9755
31540 10150
21598 34707
45286 245
33185 33256
14617 28782
32793 37431
17682 42871
36593 30253
17189 22590
47221 17537
28373 27779
49020 30134
3124 30763
9197 14534
8815 37864
46048 3566
26122 45924
19896 1505
10696 9795
10024 7878
17298 20913
6585 30852
20486 48261
14523 29659
34045 37734
46062 7240
18104 37906
21205 6502
35711 10714
31051 17741
45010 21034
47652 14141
24825 12830
10685 33066
8713 9049
46460 33221
9501 185
4 25181
37610 40491
26235 5451
36030 30561
43010 36283
42299 21178
49005 2772
949 20493
43542 31394
46907 8487
22474 28780
4261 42141
34873 44136
23004 17307
15683 21771
25528 18832
1735 49001
45196 13495
11435 43285
48626 48554
33612 22990
28988 35651
19054 2538
18179 17291
7414 2726
19566 48665
13159 16576
11341 23018
21884 32195
23694 29259
8802 47956
6646 46782
39765 46938
8204 8894
43818 18234
2785 43992
951 1888
32705 48027
43176 3122
30525 16581
24879 24065
1333 38459
40633 10285
31246 21730
9944 15174
13448 11361
32553 1263
19993 43886
35844 35569
10578 36162
28534 42578
14473 34411
29351 48159
45459 48826
8519 45316
4012 45529
9381 36153
27951 28849
47227 19927
22607 22906
30307 40860
28235 5765
37388 39130
27574 10108
30897 26149
12671 49764
14668 46587
25115 14567
15923 4190
5232 42483
46978 3125
2547 47174
34321 8613
39513 47937
148 12684
4497 65
31108 33578
45949 11052
34786 15247
49400 12823
24339 7866
46862 30634
23283 49967
36571 17990
34231 6533
14094 48032
48925 39302
33980 11998
17868 28654
22795 13769
16193 17251
27931 30191
41773 37145
38390 39879
14694 22268
21618 30510
44945 49742
47842 14058
20773 23111
36158 34554
21822 4053
13451 8814
107 25819
10285 22806
37578 6137
26073 43482
245 13593
34868 17265
26503 15782
14086 17866
2806 21190
27201 27330
18844 3409
28443 1962
40423 17438
26804 12871
17592 30262
41363 38419
40681 9011
1297 17361
39018 8363
4897 9030
14639 41045
36206 29755
40562 32857
30035 16520
11758 39591
2704 26461
25667 22184
23792 28085
35917 39142
41522 20339
16885 25578
28303 29754
48680 34412
11948 45273
47811 9728
23363 18694
33322 18492
35263 38991
37227 25918
48813 22617
12711 15156
11818 17441
16684 8020
10267 17756
22160 25783
24914 46210
48197 49409
5217 41876
40077 24553
23803 45806
27807 39706
12020 36327
42541 5126
16690 1276
16834 42640
694 2066
46747 35598
1226 32026
20609 29041
33142 45666
21786 46983
37133 26811
25113 18652
38156 47075
30177 23169
34395 30628
6396 44572
17383 38572
9066 38391
9070 7042
1353 49043
42013 13492
32485 31861
34608 23718
28132 39977
4301 40531
36563 2167
7664 38378
46213 13431
35480 9015
5848 44748
6239 20156
6452 2222
30380 1305
4011 13564
14012 13617
7115 30761
17324 2406
10962 39253
8018 29777
14091 3988
23844 3802
35721 38534
35261 32069
41239 26358
36041 17421
18338 29027
30918 5281
43125 17331
2172 32119
4849 11688
5075 5541
26538 24200
27795 18746
19940 2908
23563 35784
35464 16163
21883 11036
37476 48605
23960 26160
47591 5942
2494 18872
3453 37723
24263 561
19229 18210
32068 44710
30672 486
41011 18503
33222 43872
27666 6958
34926 19858
16716 37851
40584 33695
17778 44223
5522 20762
13732 33611
3906 11707
49335 39428
31521 18564
37421 25461
38098 48723
20673 46422
47055 35952
1198 14505
44882 46305
18771 26399
37733 26342
25832 17256
24673 3292
7622 41492
29847 38680
48092 12109
43826 37809
22267 21283
44655 45116
48227 41938
2736 44989
12049 45349
6591 16379
11660 27561
23379 5062
13107 30317
26242 46407
15094 43365
936 22330
119 27090
36295 1811
32090 35128
44240 4532
42547 619
16072 21076
37608 45507
17098 46091
1117 30478
11510 28958
29881 1653
12325 48876
42409 40712
13571 9986
27185 44935
10716 29176
26823 39191
20353 32948
31022 20063
47257 42343
37317 43598
22371 15047
49593 12021
45499 16927
12138 24118
16106 16714
46374 40442
37139 22582
9771 795
28602 49652
24381 38512
48275 40586
29702 49937
7790 44162
31294 44547
18863 22289
32278 31221
36145 16338
391 1433
18191 3427
45686 14200
40178 18678
10450 34051
13479 36520
25980 14385
36488 41307
48880 48840
41706 1764
4936 13747
28035 37733
35707 13955
29528 44991
12581 6844
12087 11266
26428 48375
49211 43069
30139 21770
45711 37588
4267 21564
44671 12633
29945 13876
20027 26836
4117 1346
18293 10366
34593 13119
879 22360
15542 43948
45507 5910
18525 22278
48306 31253
35923 1913
14201 37339
42610 32229
25287 19572
20160 6494
30545 28624
5676 36460
25201 512
861 25139
47952 40794
41266 10109
14430 47512
35380 42611
33321 12907
13985 47210
31924 35408
23787 22680
14703 41521
11835 40672
15965 48438
17644 3361
48056 22230
12805 11837
32729 39894
48719 10197
6606 7515
14423 26989
43444 5790
591 28458
133 31647
8821 31827
43306 22495
34305 4110
17421 44202
27212 43080
10780 1853
46635 48909
6097 6063
5954 9526
22224 39769
26244 46006
2856 35113
40992 25204
11724 11514
10392 23576
26743 7911
4571 25050
34371 8296
5814 34051
44713 38129
39272 40817
25291 31569
41500 30890
31019 42098
30790 27342
49741 27231
40811 49079
19633 48320
48985 21312
21080 12278
43106 38253
37482 45932
38723 4518
25365 10324
5601 20492
14692 17991
41150 40327
21568 26602
46098 40382
45713 17547
7866 6793
37200 41091
14786 3488
39709 14136
28493 40657
34505 45636
19657 37179
4209 30813
44334 25228
3423 16194
31987 44391
32823 44327
16388 19178
45909 33118
24899 47439
48314 10595
13098 17639
21986 750
36820 49153
5402 24859
45919 14985
48736 8729
22595 3957
2208 15666
47936 24028
30938 11201
33333 38108
36399 13357
14588 41473
20271 37496
82 49104
11539 25865
44271 19696
3217 31109
6408 49212
1287 7743
12633 23096
36293 6508
49439 14973
7242 47308
20646 29288
1035 15010
16277 21444
25007 28948
45443 46826
36778 46056
3655 22336
718 39748
46666 45341
1694 29591
16159 4253
33603 3757
5141 27633
18136 21845
40847 41953
20120 13939
20651 38191
30619 47097
26790 22374
24495 22194
18643 17405
44975 31287
38687 21302
49513 31432
13506 20746
16497 19085
34995 42883
17993 46882
41041 20882
31167 6593
638 6840
32405 32761
35977 5683
31756 24474
45903 10603
38053 7370
3715 36969
49066 41920
40259 26848
21692 2813
30208 49048
1604 381
11685 42328
42661 49240
5698 45118
44584 20252
26915 4710
31451 38085
45920 28278
14129 21777
5261 46094
15963 38262
31123 27620
42125 13780
7210 43232
25691 5374
12405 5247
11373 2212
43979 34731
40301 9503
47097 16048
6519 10092
24679 13469
27043 12452
37498 35991
8458 16899
14520 21079
19894 32477
37872 33087
4186 24453
18553 14069
39221 5409
1377 6397
10461 31844
17995 39078
36969 14922
44934 39884
2205 48173
9616 13756
45998 5496
46334 7111
15272 7419
21295 16221
8351 3043
36183 21017
39165 45891
10497 2323
12589 3179
38843 46663
40724 5960
19716 727
32003 40016
28772 35643
3084 37688
3037 11188
27318 39686
15054 30703
37114 40781
16462 1418
9382 33515
47972 45489
12595 8399
23245 27276
4088 34031
47333 25562
37510 30246
15526 11161
42599 4240
19983 8521
42183 43510
34939 2439
45381 24192
30860 11901
10876 19485
48728 34069
44346 23464
12579 2266
44973 48643
16272 36830
31899 35331
37961 19083
15215 18043
21569 38177
41425 43808
889 9603
47868 29077
33235 25775
34126 35312
2099 18900
29629 29672
23982 27753
9217 29943
10632 3262
1088 14771
6984 26157
33607 16212
47988 1074
18780 24359
10364 45896
29645 11308
45862 49875
13485 17818
15735 6861
33504 29996
42906 18625
20983 16076
27554 49706
32787 17969
27164 10010
49623 34819
27033 2455
39673 35547
25498 17256
16036 33519
10916 30788
25302 20060
16499 24644
24503 12627
31900 38463
19690 17073
20218 32451
43829 5852
34355 4873
22338 33151
27630 39004
46509 7868
39673 7310
18305 15721
9484 3720
18086 36851
49632 49157
32855 23345
34905 7602
11908 12536
35337 16813
13574 49248
26318 42744
30373 49246
34626 32395
6862 30334
30718 4886
13937 18961
38207 36843
23418 36166
10771 8893
22247 43318
17026 20034
8611 34259
20794 37924
36055 2051
45481 24341
24472 592
27886 39322
27955 7039
44908 29887
18365 755
47577 19026
12331 31157
47000 18409
16448 20068
35274 20095
15564 27425
7910 49349
39595 15561
38907 45159
28129 2153
37374 28665
6351 41278
15836 14100
12685 11674
38513 26149
43062 4586
40970 10456
28731 10022
11121 35694
795 49109
7617 8417
9010 33404
42367 35866
2467 49924
7626 48654
35218 22101
2227 11927
14602 49943
31532 4930
46164 20267
44415 48939
36479 46208
31085 26377
44053 35329
38290 19809
7217 7634
36607 30435
18379 4801
9926 2608
27257 29835
4204 865
5032 47970
38240 37226
14277 35910
33939 6721
43877 37019
47111 38835
35072 7849
17999 44812
14788 7761
1324 40975
49637 6338
24892 32036
28544 33836
44105 40346
2331 43620
43103 26432
45201 25139
49945 33992
26315 26001
33712 11946
21020 31202
10433 23867
3615 20622
31474 20417
1079 37492
7319 36972
42976 33544
38655 14217
4342 47536
23786 22443
49528 11295
27602 47460
13274 32978
9858 12487
42262 2313
17851 17072
11568 25027
21978 6305
38772 36561
42881 29973
41112 24722
19060 16764
8338 4723
39828 34202
3256 21108
5276 27952
13073 20630
36372 18384
17017 32297
11586 3456
14417 49564
41122 11945
20649 39161
13587 45315
40164 48893
48595 13323
5367 42779
14445 31736
48734 48283
33019 47768
28594 5730
45381 17286
4668 22846
21847 12453
35129 26325
9492 8779
38123 1165
28546 17139
30689 16419
20837 42508
44075 1037
32616 5347
2506 5442
45294 10298
8099 41327
26572 16203
38531 38862
6829 36384
37427 3320
6104 32825
41447 20910
3979 17525
4334 30945
11101 9837
28946 43733
23306 29949
22649 4548
17887 31267
8993 8687
14294 2680
5518 3752
17832 26000
4591 2099
14824 3359
30036 8825
49298 29060
1992 4806
143 23207
19285 49229
39405 40741
23544 33884
3111 11585
21190 31672
18788 16830
47348 16805
8053 17958
4611 16934
39964 32859
41470 28270
21075 9309
23966 11526
18657 13184
47251 10099
45756 42526
18614 32152
16757 46522
39726 8656
18959 43445
41280 40665
30862 1445
26243 19557
38489 34035
41950 37190
17963 29925
2841 5875
35005 9967
24052 37616
44144 20142
46598 36940
7863 31125
45382 30952
37674 46019
3091 19283
23683 8672
958 29993
37478 19665
2044 12000
5568 30433
11036 43768
49849 10169
21088 26396
32990 39654
31999 19641
20082 35823
13728 32620
5738 857
30685 7435
6371 43945
4807 4723
2324 42130
46735 29394
12321 44270
46344 37372
2531 6495
41547 7843
39800 21306
49988 7948
19428 13708
1897 43564
6151 2325
9883 24637
43071 43206
17816 3563
36878 29350
1797 26691
11695 7190
41911 38757
16048 11620
48310 8192
9092 46149
37799 8682
737 26041
16572 43226
26687 45703
48695 36851
15456 23475
12796 12607
22920 4807
26714 4604
31170 17730
3666 3742
39296 3975
4279 2625
46503 5502
16744 30416
46790 3729
47278 1192
40277 2421
19711 39457
6998 31633
39609 24611
6504 456
39542 5562
39793 45200
8352 24527
452 23168
11973 11096
46988 26705
15434 38302
25086 25170
45408 31228
42973 33264
29 24039
49793 34404
46945 43014
30470 19707
12350 2717
15220 21914
26438 38292
40294 45512
5584 40641
44294 37963
30839 28415
24666 16163
42397 39798
48728 37690
24648 25715
7469 24123
33644 31804
49797 15580
34106 755
18367 37025
9613 36681
30089 30144
10706 13065
4225 42248
38284 2433
45172 31245
41846 21472
31078 24018
42114 11483
48554 34088
28774 266
14088 12777
7677 44632
31122 3808
13283 3150
42972 34285
16795 18546
23553 38576
6944 43020
46085 42032
20984 21505
26462 20713
39510 8514
2843 4751
4787 12854
22861 5909
27918 46219
25676 36035
10330 23522
43752 17515
37732 11356
38654 37205
20899 6620
11668 33716
11769 8997
47542 45180
8330 25059
13155 19758
44321 40546
1646 32192
48804 24189
2201 5081
1656 40076
20767 9096
11745 33246
49487 29196
21667 16687
7802 44040
5998 28777
4115 7024
21804 46017
28268 14598
1783 46600
27734 35820
49381 9712
42974 41722
18504 44851
22911 46071
42907 41133
21123 13410
9335 40610
10545 10581
30316 23003
35347 13056
13769 43870
22056 22219
31295 19922
32402 41947
36406 10863
22308 11857
37161 21885
35511 9249
5169 9208
24565 47326
45466 28934
41664 29272
26984 41980
33183 9555
27376 33307
45126 23502
32058 25955
44687 14132
22052 10563
8434 5428
28842 35507
25595 28718
30158 15853
22776 12698
45943 43193
28361 28871
36492 39257
39721 5209
46392 28042
25931 16401
33943 29319
40415 16253
4900 39210
42809 25000
48500 20867
49791 15827
38981 30068
38922 47838
951 32971
41902 32700
27004 35298
2077 34800
22607 41466
47475 34087
19851 38179
14404 40338
16510 20470
6791 9379
25135 41838
44818 6190
42628 27705
25651 44203
39503 26230
6294 28713
20755 29881
45878 33624
15582 3272
36242 23592
13992 48310
30742 40057
17518 11269
12012 6794
25517 16271
12314 49552
41746 2500
28836 7612
7368 19701
41381 20426
48025 28415
44073 42878
33428 45585
15514 30024
9477 6279
31360 13267
23789 49532
2414 11013
14295 35015
34793 21095
2726 38260
38468 3060
7365 18937
30202 12957
44956 24302
2742 16034
22361 45632
14283 5850
19511 48900
42083 19993
45650 1824
22758 31049
49628 23422
24909 45344
12502 23954
47143 16444
40567 11389
46644 8629
29235 26479
47157 47633
2630 11289
11379 31844
6091 4933
11778 47137
4118 18651
28884 14668
37339 18707
18983 45248
1562 37044
4462 2487
46633 24438
7680 31238
18470 47133
19712 3462
18648 36433
36562 33833
37168 11300
44723 905
11263 24161
31885 26577
33020 38539
45954 37300
34486 46051
9342 242
12934 30086
26592 6096
14178 11282
40617 49092
39484 45188
39485 47088
16266 44768
21492 4277
32193 18931
9166 39346
49371 32703
30100 20944
28279 45343
31312 35935
29797 42383
15257 21482
6765 32439
39555 37420
25644 25694
26618 16121
24573 30405
23917 19454
17994 32365
8879 3115
45311 22078
41548 7919
4470 40166
26752 103
39280 33695
3286 37617
34278 9311
7953 20313
47368 23124
12717 10397
14268 48514
45617 46832
34944 48963
49797 3065
20050 19802
49722 48293
31333 39640
36472 20100
46122 546
10877 29820
16360 49947
13078 22309
27236 5448
2203 14350
44569 41107
35501 23028
723 19466
15915 23694
24779 39017
32201 7018
20597 9521
37307 40341
23496 3194
38222 29826
41392 48836
4720 8549
11130 3438
17171 11738
29794 47269
39718 38576
10144 25521
23782 27839
2264 35386
25938 15531
14835 25614
6354 3280
12327 49713
12694 25947
7857 13988
35312 32637
8985 45905
38321 25757
47318 7456
34171 26458
46454 7498
2291 43142
23278 920
25069 1765
38068 23858
36296 15578
9088 36167
47928 5976
40608 16725
22800 24142
45207 37849
2145 36858
17574 6972
43921 43399
20860 16325
30662 44010
41057 15836
35938 41861
401 36517
14145 35783
25376 9951
16697 6273
13366 46953
18711 319
28366 4079
28247 40943
14834 32911
3149 36389
10174 18851
3639 23145
33088 29082
10939 7462
33484 3931
33520 20057
37340 29314
26113 23534
30820 41906
964 11542
39436 39427
4991 6228
45450 15012
49949 34180
38042 32706
14848 23661
8212 36209
37372 33851
34549 46450
20993 4489
49958 31305
33652 1268
24222 42280
4230 34376
8233 47921
29812 12102
10471 37488
13043 17789
4819 19754
24547 39368
36964 19984
39493 12486
18103 31651
15531 17983
25048 47424
31535 494
11611 6624
46680 44515
14821 42939
16349 42730
43952 44103
1473 5338
19086 42669
27030 15356
5606 15113
43320 47864
22272 18057
32280 35239
23172 35914
28474 21033
10869 34989
311 47942
11494 10940
26362 12734
32406 16947
3281 48762
18463 32351
48320 13713
49626 22680
31428 4100
24831 34498
37268 27157
6159 14039
36948 47311
33502 38187
1563 33500
35060 1066
41524 12804
3179 41890
14112 38452
44035 13589
32738 14602
16799 35952
7081 36140
24261 9301
38853 48181
24951 26858
2485 31114
11335 18933
10459 46197
9118 33091
3690 16215
40469 19268
8323 28342
23092 48780
40360 12660
45271 11543
45835 49791
14991 31519
14151 6884
41646 35636
38466 28678
34477 41380
4767 16072
10629 37069
36337 16877
21938 6777
41860 35289
27293 26126
46148 45257
45635 48367
29098 9664
12354 12953
23762 10527
44087 9369
18291 22477
24433 24402
15344 1659
19177 13725
9136 9107
131 45807
13342 1796
26732 8508
28571 46644
9462 19290
31696 3356
25803 1835
3047 23899
2123 14120
22088 37483
23074 40746
17107 6502
14902 23668
38296 7719
27877 15582
5142 31774
6934 27936
31310 33886
11677 12711
29057 41116
43675 7613
37762 44526
25112 45468
6589 34821
31185 14574
26824 2702
21052 9929
925 525
30590 41385
22385 38316
23729 33710
6614 19023
30615 7447
29882 43638
27431 43432
1518 9786
20042 22847
21566 19586
25416 5791
11267 11000
15088 48794
47714 33393
11607 43849
41373 22910
41500 2860
846 42806
12186 15340
28559 22785
13132 40023
24554 28571
10671 42207
33975 3864
1474 21800
42588 16340
28075 23833
27895 39102
46148 49594
27030 23410
29684 37228
226 32830
41557 41246
11861 15766
26895 19642
38591 36352
32663 1554
43800 32302
48832 40092
12975 44478
31274 22559
9712 26573
26607 24293
45041 6561
4147 20159
4587 2735
11040 44905
13032 43531
36688 22101
8521 28065
14967 46148
35754 3959
47519 2206
41822 44386
1537 23547
31256 28506
37193 11168
46402 43041
16562 48132
23267 39542
24292 34993
725 18118
37976 25109
43069 7536
10824 29844
330 15577
27864 40073
42075 41850
42448 42042
2412 11293
1456 17149
33169 43512
44083 34688
47352 17822
44451 38371
10929 25388
28232 40601
14400 20297
35605 40114
5051 2859
43222 22639
18941 19694
13498 1045
8844 7268
40194 22751
39283 6510
49275 48501
32751 29148
32120 16634
42427 20812
25383 29275
29840 31349
10689 37958
40355 5308
35833 39220
9144 24830
34793 32648
48361 14310
35026 14693
20656 48447
9166 42596
17043 6082
6292 33542
1322 34541
22180 31786
31613 23542
33495 19168
3854 3756
32276 44652
11751 45516
24346 3627
12 17423
7351 28262
38411 299
42207 25020
18349 28894
25395 18430
8136 3426
41905 19395
40487 31850
27119 45346
42750 36528
37149 24541
29134 3460
49221 31406
23569 23224
44710 29832
49604 30830
14963 41483
27027 39848
43069 14778
38757 37682
28757 26097
16552 30470
10366 277
28655 40519
49487 26449
19308 33815
48237 42557
22680 7160
13367 7353
42071 46974
17529 29742
25388 36058
49923 1813
44337 47253
1277 25367
36889 35924
16445 46906
24063 30675
9568 77
29077 36055
41416 32231
35802 13640
12800 10108
27122 26298
48668 40493
20209 4585
24001 6413
9330 25298
42641 20344
15723 14316
22814 24336
43744 6799
30289 5623
5474 15313
4306 37246
7506 3344
13620 20085
14854 20093
2709 9948
10860 3584
30596 45725
135 43951
28090 36914
6903 47267
5036 1476
4548 3166
41794 43979
45516 6883
29973 41585
34682 12229
33251 1676
15875 34179
1256 12352
25585 28816
3437 32638
17764 42905
7568 38112
33646 7787
36806 19919
10111 33741
46839 26695
18585 18921
8571 44350
22797 34314
29815 4052
38734 44860
967 31561
26432 13983
36829 9845
47013 37696
46504 33963
16340 1617
31161 41965
26181 26506
30217 42375
48293 14449
46362 30608
36454 48453
43559 20173
46557 22093
27782 6175
21612 39311
40882 33352
36008 38155
47194 369
33475 32736
47622 34223
44996 10101
10802 16886
419 16681
23631 20535
23000 71
31542 39487
23993 32418
14842 24879
44143 41937
41811 38849
10097 24378
27811 35116
39551 20525
12052 20059
12672 22369
37553 35679
700 12481
35843 46549
27951 37144
12349 15627
10434 26415
24794 49350
7665 15016
7001 26419
11044 33719
3411 12584
6779 3682
4587 14967
1025 44897
20543 8953
3534 23414
19869 27241
47674 44451
17751 21598
38410 9791
42515 17090
976 28841
47286 48322
21774 35256
44629 43277
14683 36851
38554 6028
14396 6553
26435 580
22541 7390
41537 25941
27662 14842
31498 8019
5487 19781
39173 10666
22629 21124
49833 13110
2560 44646
533 25029
1768 33634
46055 49143
25829 16822
25869 48084
38633 33240
22220 12833
42196 30657
1465 49794
35418 19424
13005 37259
8609 38262
26377 26093
9941 18806
17083 39239
11337 10268
37491 8587
37919 6978
27045 8894
39932 36299
14459 12624
2907 33921
49353 30068
14495 11272
37050 21992
18345 38348
48397 2776
26984 31825
1395 19095
1800 8851
2754 1568
44363 10884
896 42192
25021 5223
12175 1336
26804 44483
46889 8342
28300 16419
18989 15440
36365 40323
23107 15672
49485 36291
42061 15265
41401 19802
31246 38916
16829 15785
277 48970
48089 45690
15052 13012
28964 44353
45108 27817
23840 35642
23585 39838
38988 40914
46426 22755
27403 27453
23715 25590
39979 35518
1806 13652
49413 16340
5325 23156
40668 14158
1972 48278
39390 11721
22069 48567
5732 26833
20237 6670
9220 31630
11217 14989
5448 27103
5786 20511
2739 37063
5551 38522
34901 41330
21518 27832
38850 23242
3307 12140
21223 38041
21893 48119
3709 25102
39088 43418
49314 34537
20333 16186
45719 41708
9346 838
6692 11667
45546 6747
19913 15451
44827 44794
25836 12853
16143 21748
28281 1069
22429 29077
21191 29541
40286 49739
31915 8138
36171 38996
601 26268
26771 34688
13396 49902
22050 35164
44380 18016
49548 41867
33020 49716
175 9881
4881 38813
13253 1024
16804 46048
18120 23304
44912 9361
40982 27590
27005 502
30597 40863
5957 45760
5128 20197
29276 11341
5241 39827
45616 27228
32083 23951
44966 15989
32062 7509
42348 26454
25414 13462
3497 39128
5441 38536
22346 11321
31379 38881
20411 6784
161 28834
42555 2405
32793 25794
12891 42871
36908 33254
2656 42255
28115 10573
44543 10194
39068 3082
32402 17868
11162 49368
