100000 2000
16031 20305
43906 19868
32241 42185
27570 49671
13412 5602
27875 3237
20518 48827
11798 26361
29747 9825
92 42137
11299 5738
48873 10671
2836 47010
26204 20716
41322 46753
15691 42408
49110 7024
20740 37950
17138 25043
25765 21944
45048 32604
49528 41966
10721 1862
8529 27886
335 3187
13104 35095
39135 48562
13931 42018
33404 20384
8594 14830
1051 17385
25205 49907
44520 21824
20732 32609
9955 5248
15594 31544
48599 43416
659 43442
18123 45037
998 21888
5711 48152
8470 35176
14520 3086
44959 42397
4322 22847
16575 40678
48781 7574
25326 5780
7042 10921
12834 47577
5684 48835
39613 48442
30017 3565
22536 39800
20634 34357
42885 13587
23229 31952
32544 591
46307 2062
34586 48540
9234 22299
11370 23429
20734 31999
26306 5132
18238 9833
33183 5917
43229 46243
47503 5987
29137 20886
14930 34146
45501 45957
32025 28659
10255 16162
30981 44376
30946 5509
34292 17727
28324 2009
10365 1278
45737 27614
49370 35403
17064 17350
34555 32229
27904 37552
4507 31475
25714 30033
30512 506
23078 2347
26126 19330
1164 4462
43588 13754
45569 36086
5364 7020
42646 38123
47408 20418
41087 2301
45227 44609
151 39345
4551 12907
21255 12749
3017 14010
13410 18517
5734 32732
39412 17644
12 34593
24827 28896
1889 6040
21151 13838
40581 9999
37027 38569
18 13340
49495 7467
46026 7168
2226 1294
23550 22764
40188 29453
11065 39777
43503 21651
17824 32737
3547 16377
36732 27081
120 3351
25487 40622
16530 9161
27286 42199
20385 27539
21115 46501
48912 25627
16953 23316
46680 20693
4529 38445
8389 19685
26215 39103
16000 34634
32449 39828
25043 22886
23015 28630
32602 33052
14294 31725
36179 47736
39630 24943
12225 16710
22492 18717
27129 42277
1840 951
38221 37617
41254 39695
20863 17406
48124 4300
5129 45055
15509 25407
6777 44984
36498 22420
16033 42690
15700 15908
3908 891
8576 25056
47454 24373
30673 39203
11316 26959
27651 23189
13486 14717
17265 29104
5870 25574
33368 25716
33230 44133
42428 48189
44721 10073
8659 24699
44992 24032
25628 17236
15952 21894
38757 24775
6162 17988
43566 9760
46797 31427
35455 35192
19247 2285
5336 16325
45603 21214
12510 38237
28585 45094
12115 14540
30101 36254
42911 31267
21755 35854
9838 30547
49983 8984
42612 10221
6416 47064
8415 27083
48940 40572
21984 39164
2586 40209
494 13459
1779 36602
16773 35107
9442 43589
20187 16032
44861 21437
8442 31675
24018 4283
49498 1903
2334 27714
19510 33290
12964 11321
48840 25595
33680 16815
9089 49346
27654 312
1802 45211
5675 948
18107 20285
49343 24104
19351 15202
47816 15423
16578 34367
34513 32001
47084 49983
47685 4200
47825 15103
38737 27820
48661 40868
21032 27306
48608 29476
19488 40754
37890 64
47361 1778
17609 3734
256 8187
39709 27671
36935 24023
17647 44622
43203 48608
23869 13873
17843 28219
34889 18451
2011 21732
45708 3790
2004 12408
3800 8782
4622 44942
37260 33362
39287 18540
16670 559
15225 42811
13696 425
31883 34124
34202 21909
40669 28218
124 36018
27256 41285
24865 43898
39953 44326
14753 48811
19262 43871
27095 19632
35774 47516
26440 34264
10706 41465
31043 19273
43898 34837
38569 24206
15486 6912
29935 48799
42147 47101
16012 3390
38449 3513
17892 3596
30134 41507
17345 2711
34429 43844
35230 23396
4898 31188
15911 33487
17135 48588
30877 22882
12685 33322
45413 38158
30976 47717
18902 42124
21884 10861
42342 7121
48829 48819
44213 18794
40138 19028
28865 36586
22766 2710
37945 31809
11075 18326
942 14753
23157 5636
19147 27016
34771 2768
30652 9095
40386 38
26079 1600
1264 28355
31654 34770
47487 8118
10597 49625
12548 47478
37645 16642
19520 4992
35197 44517
39851 10617
49754 16203
20908 29203
14429 41299
41766 36392
3684 20848
21531 18789
27865 2531
36016 39783
30106 27841
46543 26586
7900 32545
44002 17135
852 20118
8709 46681
9105 7580
4385 19094
46430 4805
35476 39622
5154 6995
26716 18367
3015 46507
14975 31224
26013 40489
31411 22825
8340 49853
98 44942
49923 30590
44481 38940
28962 49742
43395 48253
16026 24654
1431 39792
5890 16614
17528 32985
10996 16118
35985 39545
43699 48457
36702 28848
1246 10773
16007 29866
23222 22419
41110 108
8240 43857
7513 34999
20032 15977
48279 25971
29274 20077
2275 47402
37764 38124
22789 46828
3408 11125
34370 11402
49373 45102
49635 25720
32453 21982
19507 19558
201 48390
7449 23974
28367 28457
17508 24153
46564 24000
38208 6317
18087 27720
16593 15228
27260 26657
41153 11488
23208 12046
35763 15688
8694 38131
19080 47015
42148 11059
8056 5973
14428 10331
12816 14434
9632 15749
23493 41285
37012 46772
16827 17662
28607 38067
42442 10648
47134 6112
44033 41653
15673 41253
35267 46259
7505 24266
22100 10479
38888 48478
11915 38117
2314 22602
27939 7014
10844 43937
41442 2491
33024 38224
2372 35622
14799 32661
10482 23024
40864 46190
19750 16627
33670 23989
31507 40611
2090 9255
29982 39506
37915 77
12111 8304
44430 19797
7450 31543
31537 2634
3208 40780
7980 13895
45412 33685
4172 3042
38129 42818
39200 13023
36927 35834
22112 34739
156 32998
13677 13860
31345 39519
8924 12901
37790 17476
28641 27059
18774 17507
2272 41194
12711 44577
27206 39745
14853 19856
44292 10223
3010 14984
32945 31989
47762 31689
39022 44564
26282 18027
11108 29753
10592 11422
12658 30573
8866 21490
35292 14650
34732 43360
3619 32862
13975 26751
27466 12299
1957 42195
37078 34527
1405 9582
23698 32980
11565 4187
2119 4979
2360 27061
14499 6398
8206 17487
13022 49871
13251 45678
18087 36935
17983 13196
20354 21413
24080 33000
26233 44285
4908 41945
42429 46534
29653 14554
39659 40858
11554 44081
48569 24289
7079 39018
3820 42656
16294 31524
43130 10850
4828 21286
45214 42066
7671 41574
25059 8742
35897 38536
33260 35177
30356 43858
42699 36684
38230 34890
34439 31664
23075 7394
35017 108
21854 29002
11716 37714
36199 24187
47143 22527
18548 40296
30915 1125
38890 29390
86 26392
30708 32842
7518 19438
3987 13534
39737 27559
41958 19995
49928 7911
9143 24084
46302 26917
35452 44315
4840 2660
42465 37290
16617 34812
39673 22745
45975 47131
33796 12152
24539 18214
20519 26925
44369 44103
49662 31951
2072 5233
25071 10903
30085 26656
49378 5796
6312 10439
34884 19495
46348 41911
5416 19817
38667 37554
32252 8124
38935 19027
20481 11422
44618 34750
44226 36545
23205 10750
9347 11801
11133 19054
293 19438
49566 45301
25137 25258
40076 41790
29493 34654
12003 45454
14280 34682
47090 22175
49547 1904
47266 8443
45772 4550
24158 37284
19187 31155
34222 10155
47704 49780
10206 26912
6435 48677
8723 39218
28182 40587
20424 30806
38758 45616
24808 22070
29190 26909
45138 36358
33802 34561
43193 40873
46964 4006
28294 10092
40640 4008
34220 4626
47832 27891
17983 43591
35188 19910
48566 11694
14082 9311
46773 49558
34260 3274
2475 4454
34147 40521
34102 35963
38976 33663
33660 18400
11391 12221
8646 26275
12538 37441
11633 15257
1252 28535
6575 38977
45562 18004
44750 25736
30466 9672
27369 23457
43040 13693
31536 4970
444 18068
1960 46443
8775 18638
30208 30879
40809 31902
43975 20264
5026 4793
10968 23470
29239 45031
12271 35697
31601 45767
36029 26645
35143 47763
33354 4877
36255 4261
43593 687
45783 37965
9864 22233
20328 7360
31058 23523
49056 16228
26372 45276
10855 16661
40940 14046
29774 31658
7254 3764
9581 40241
28756 33463
44997 14549
4843 48057
21363 41442
13462 37089
14900 14587
18714 8858
6242 6230
1574 27078
22132 14172
42965 48662
20655 12235
43204 10822
29468 22238
21869 25820
42388 18238
26 10638
4873 8342
1583 32739
9215 39414
17840 42686
26440 11983
5202 2534
33655 45785
47533 24663
18439 8604
39173 30772
8240 30981
14742 30328
13641 25839
32715 1883
49499 9651
17842 47803
8261 39725
47097 3020
571 43261
1386 27267
14400 18329
5308 32626
23994 14475
47017 907
22411 48843
9414 38729
28112 12042
33247 45280
7496 7865
1705 20157
14466 5421
5403 216
46517 46371
29675 28071
6142 36590
17860 2478
12313 29433
6211 30485
22733 29646
15778 38735
20904 23253
43903 8291
48931 1408
11796 370
49790 48870
30556 34639
34210 41722
42579 12606
8254 12583
25735 1891
19360 4522
28633 43641
26867 33152
1666 40753
14131 21609
41780 3021
47704 34161
21606 30116
13660 32240
19563 11238
22780 36262
46232 19630
17281 31250
18161 64
33937 19241
4214 20073
4664 29980
48369 17125
41946 31133
32371 15563
22446 39480
11890 1824
4531 7442
38205 9417
28178 16654
7996 12824
34727 20662
40418 23838
4946 26750
26230 16919
12918 22150
42078 26083
7811 12997
1653 18326
40069 14681
31750 29388
8543 5863
45006 21015
28355 16029
11441 35776
17917 35798
3195 45463
18472 45566
36787 24673
7109 18209
26718 2632
46396 12272
5606 1567
38474 39439
9823 30343
7491 3475
36492 40676
5109 2502
986 11539
28118 17065
28023 24140
17659 27949
15767 800
8069 4750
19875 22999
4303 42480
10211 43207
43117 35547
5081 22968
1853 48351
10522 16966
33352 593
22523 37958
15032 33805
21522 40134
44486 5580
12869 1846
18041 8302
24398 9342
15117 42450
25711 31420
29364 46112
31553 34990
40823 41541
42444 13144
31326 40100
48467 20148
38782 16522
39841 4728
42673 29611
2575 41329
31728 5360
3001 36824
28772 46834
24620 29629
26117 24290
31096 46837
31013 15460
41316 2603
6574 31075
28076 39895
19933 2403
10106 19498
24396 24075
19047 34106
44903 11794
4705 3710
43849 40270
650 4363
36388 48493
45730 2209
31185 4231
8858 19858
15906 19536
17245 9631
20511 21548
45887 21517
24529 40510
31288 42492
46470 30163
4557 7460
48656 9202
23218 10753
45222 31869
18610 13891
38094 16796
43745 36532
37670 11308
37826 1780
2791 27270
29423 14581
15699 23466
37977 5904
36204 39671
35732 39058
6656 22911
38543 36024
6554 34037
40533 23162
38533 27604
10633 45957
46965 9236
33357 4502
37481 14759
39206 46044
49732 26902
8134 28226
8844 19208
6303 30411
42067 29814
32460 17359
30342 38487
29503 21826
11194 18570
38366 43965
35812 47892
26347 38509
30428 30675
19833 18783
35473 20415
1137 41296
9042 38229
38013 32910
34492 7582
12114 20485
16649 9139
3088 38178
9982 19518
21687 45546
23822 15588
11146 14312
917 17435
29302 39224
9362 35097
48766 27167
5898 23938
31161 42182
20224 22367
40795 24129
26511 33158
12169 34405
37766 41541
41191 1137
44049 27183
28221 35177
31721 21870
6864 14052
24963 39711
37072 42884
23434 26341
48478 20383
23772 7476
28634 11119
28451 27093
20019 41547
34756 26839
7866 25932
1222 13626
46783 1496
29962 4909
32924 49479
22386 44509
35737 11291
27546 35420
3328 41018
27243 43068
36974 36265
12991 11351
18905 8500
32734 8271
18210 14072
7546 45934
41648 7959
18786 7417
20303 49132
34071 30692
17834 45336
42861 13783
38910 45033
27918 20666
30052 40936
45794 27914
9384 11693
48634 29068
29850 31437
31008 34721
16672 45247
25119 21469
2794 35423
8927 27321
4968 11519
18721 24790
44503 35526
5188 49830
40968 44488
44737 1529
18389 43886
21620 6005
24872 38916
36903 43154
2158 4202
13613 186
30185 5687
46936 41462
37537 24507
29907 40748
17863 21625
18608 41978
32491 29530
29790 17793
7136 28955
10767 251
42415 32398
24127 47689
13943 676
33421 21751
21725 28815
39646 44267
18802 12651
8560 4033
40824 15257
37911 14805
26048 18898
17451 33364
48233 22883
8790 13748
18767 33382
49765 14436
30906 27504
13124 22832
23967 30391
47942 34404
44748 34616
3643 39604
12284 28181
24070 43864
26570 9176
37569 49571
14418 31291
29778 31746
30958 40215
30710 27810
4810 5720
11671 41136
6471 38233
340 46685
9517 19307
49629 17051
3538 10706
33864 2352
7056 27815
7973 37008
8943 4860
3041 48009
3083 37590
30139 17963
45386 32383
3978 2172
49523 46735
22402 30310
46908 47422
28983 40640
23667 24180
24089 16714
24718 29084
22753 4810
20829 10334
12059 16008
23075 47958
31571 34911
31378 5769
17093 19289
47557 37521
16382 9598
18484 1129
32382 25466
30327 46574
47508 38154
26228 29901
308 29412
2776 25198
11283 37494
12284 41128
36123 30375
18607 41916
18627 43038
3969 8290
20193 47277
38900 49040
20280 36668
38868 47663
45822 46023
41039 30951
36132 23586
14174 20452
33727 19221
25215 26081
8574 489
24227 7601
2363 667
19787 9403
17371 43662
25956 5134
20620 12319
224 48069
40079 16106
48075 24832
9351 27966
29808 49871
3730 6811
40233 29560
19645 38803
4735 19500
30524 33188
30794 31246
23443 48601
44642 47558
41556 24199
15644 2774
49330 49677
40101 36784
34294 43451
32352 22017
1645 12516
35321 47173
15700 43648
31977 17921
3402 4650
44631 3975
25326 3414
20439 29029
18055 25695
28002 25788
35811 26135
29385 33360
21138 37366
14112 3564
4262 20352
16704 34341
1654 520
33428 22547
49200 4280
19225 5753
41467 17587
36266 11786
3552 17618
1871 15770
40248 9231
5724 9312
43604 49861
18998 35697
12917 17246
48952 24721
33497 27142
11873 45118
9051 19913
25833 30426
20356 32745
20481 20032
37352 31139
13704 37937
10208 10322
4750 17280
48410 47597
14375 4475
8298 12022
31619 13315
35883 5235
35128 25164
48025 6080
39949 30340
42719 36124
46679 29881
40794 45791
3935 39601
26496 39391
187 16735
12612 27923
4177 33050
46844 36283
33483 1599
37982 22841
33277 4005
3257 7438
47941 14599
5580 29614
5167 48162
45931 25198
10198 1228
21933 15828
20104 45087
23361 22354
25899 18605
5033 31007
1662 532
25012 422
452 30349
12526 49093
12090 48206
24475 6159
33997 20376
25557 144
40322 64
1628 44960
9880 1811
8868 24611
46380 14321
22776 7092
44111 37236
33987 40191
40725 24224
1278 2627
40839 32995
30001 11002
32323 46165
24631 21520
6969 30133
1000 31999
2272 20429
20372 42590
27310 22129
11767 10253
42371 2796
24541 4534
15443 34961
23302 19912
1631 28973
38360 5082
14340 3370
33515 35001
35338 19224
20413 15387
24896 2395
2058 34584
36182 5111
28654 26498
63 18074
32674 28252
39139 13067
5459 10297
35320 9738
27173 43238
2360 44194
29078 46987
46418 45381
14227 41452
37772 49607
15359 99
36788 20295
20943 49236
17069 18706
1802 40989
39680 19908
32506 7939
21860 20291
12655 46481
3306 29020
13035 36101
48117 7076
27383 49886
5318 36690
40013 39549
49031 14317
8565 3735
17049 7177
7625 15176
16683 11253
12562 29470
14275 13515
37391 11129
18402 1232
7560 13219
32360 7592
16400 36337
27235 23229
48812 24212
45351 7624
24937 11258
30417 9540
11294 8794
36284 156
1334 8652
30401 41477
46917 13316
23708 27256
28393 1812
45979 2286
39033 27961
21393 25496
12733 30249
17042 40208
23477 23896
48374 10592
44573 20501
20318 47522
35604 44906
26684 1605
48372 16373
30090 14308
34674 8354
42010 35449
19468 19135
42354 11140
23687 5919
33934 4861
23018 1365
15837 12841
26369 24623
31936 40443
5522 44669
17213 4636
44263 18716
38013 29387
12050 41243
29841 19714
17454 36023
48444 12935
28128 17252
46645 46457
41901 15092
30728 41246
18958 5610
11505 24082
43583 49531
34528 5678
33089 23033
9769 36387
48255 49996
9189 34758
47550 39278
17101 22619
32453 3859
34036 48977
26688 18717
37447 44350
9254 47609
35330 40881
31564 20790
32509 43212
6241 11393
45855 4674
37980 18889
2416 12202
2576 12181
45729 19603
34164 32281
2397 40304
13338 10356
48245 46694
36180 19224
11346 8719
33732 33908
46366 11618
42709 35576
23913 6660
37684 44285
3977 40907
18497 27013
41347 33549
41875 45656
31536 22991
45179 22964
29454 40268
10003 18728
45247 27857
26438 31195
17405 14201
3626 2620
12166 4467
22141 16326
29514 5260
36501 45310
13331 3405
7829 45261
18034 29824
34604 38982
49041 38343
39093 45080
6948 450
16775 23960
46593 20041
6922 34657
42948 48792
28496 42463
18316 32259
496 13286
24133 10802
37209 6043
38225 27458
40229 12888
34954 4613
35584 37327
22243 11968
9162 7382
47646 25551
8765 4685
16789 10213
48041 35700
15319 10354
10194 37493
10660 45036
22116 43503
49154 2971
34065 29567
36818 8481
18960 46595
18463 6148
18543 31100
24985 7543
15876 21867
40189 22771
5222 3912
28857 12955
8464 48601
15279 16085
38178 29795
3874 8064
41945 6104
370 46276
43725 45588
13811 25218
6585 7406
46708 43299
19281 42142
7884 23149
45874 7247
43219 18415
39224 40910
40468 11780
34074 49804
6438 3105
7583 49173
9990 20111
16297 29242
32447 22730
8385 34940
11626 35662
18379 1998
28376 5689
16477 42111
37341 15953
20161 8865
18445 28841
38553 26050
47626 43434
44713 6560
46241 15471
37332 10356
41603 4948
42198 13657
5157 42807
26341 42128
8031 36541
24079 18266
27959 37450
16888 8910
25311 40311
29222 839
7110 23819
8143 22664
10361 40571
31071 18666
46358 28309
32447 34563
11492 40421
48811 36566
5648 48837
13817 34879
38010 8268
45109 39717
7940 37749
616 3052
10268 27193
18045 18057
19093 7082
25060 8983
38044 20591
46358 36858
28179 47135
15234 4081
6738 13558
32617 37803
9850 36720
30780 25646
41909 4366
28264 22654
3261 42770
5606 38341
5721 31370
28914 14858
31890 48747
47588 8427
37795 4583
13952 14238
33627 17250
16418 3647
9338 25330
15978 14211
29831 24494
35169 5698
43086 3140
32565 13161
40389 166
4267 38467
41721 27496
38579 13583
11357 17589
11704 161
6952 3654
27291 22233
47604 43704
18586 25651
15172 7672
41817 34695
26412 39713
22471 48088
44317 9047
11026 36268
20684 13293
19522 31373
38898 9741
3020 14205
38527 16246
9714 24786
18098 19198
8580 4133
6432 14674
34060 14951
622 42330
1945 34426
38130 47199
9130 20968
12454 30244
5296 1417
25018 38871
28263 1602
33700 25135
5163 42641
6810 9075
9798 47799
28235 3382
36476 4840
28530 26607
8793 7604
43128 32239
37323 28031
32272 46716
30206 20065
26558 37325
40701 15852
21303 26370
25222 34013
8832 20307
39124 16575
8527 29311
16593 3541
49276 9138
27445 10483
34691 19312
28253 9658
9974 34110
14264 942
24528 23913
17052 1433
3620 45026
24095 27803
32011 23804
43991 13567
40819 37736
24258 21628
12656 28670
20641 35959
45000 33701
2753 23599
19894 13125
17022 46846
48496 26637
34293 4969
23318 24816
22026 19360
38029 18155
32909 14480
45532 47534
14031 7876
49516 27410
38814 26518
4300 49448
21428 24515
48106 1962
3244 19357
30535 4686
39834 28784
7327 20863
34191 11900
12712 13834
24611 41175
43900 18014
40987 19542
42247 4731
21523 33468
34424 21647
19131 28363
291 15881
43273 1692
3661 40194
42557 36098
8610 30002
40851 44442
21361 26497
30382 11516
48199 30200
32927 41790
41084 27029
4286 37051
3440 3331
49390 47870
38283 16369
9689 20394
19730 35770
8009 587
1960 29091
28010 7362
33558 19813
47071 26198
14518 27670
37322 41943
43918 46135
24279 24155
29584 40544
25923 5503
9040 43746
36320 44270
26417 4922
41019 42511
5764 20669
4368 3388
44744 42191
32699 46806
15019 41686
36640 43370
41236 1061
39193 5180
32952 46672
46667 41607
27368 208
12555 44974
6967 44969
10155 25811
48714 13459
36667 4179
45470 39404
25719 1923
15245 38907
6083 35748
42087 30306
37514 27318
33718 12497
19382 34872
36916 48540
23477 19819
44884 14491
43814 44196
10947 11253
23957 7905
17434 19278
20693 49649
9885 30167
48270 48202
1423 7730
7659 23208
21506 37282
20372 33501
44392 4722
43233 23792
46373 21919
145 2902
29830 32200
9679 40970
8621 46776
44113 38531
44496 38443
42014 17806
40854 36042
6417 48557
6626 32981
20550 27354
22687 15384
37602 7331
8671 45598
41723 37873
32924 27623
13477 22844
18370 25989
9507 27713
7391 36269
47488 43117
6056 28713
31598 32276
47252 7764
510 35806
3916 26587
47046 32059
13182 7333
24993 41084
18489 12146
19630 31089
9097 43268
25797 4849
29828 1571
550 1767
39097 28209
48661 37457
109 24443
8212 30143
12487 29724
17075 36716
22948 42092
34973 3565
15906 39849
25842 13953
25517 25260
39755 8435
2073 32030
44617 39118
3033 36045
19007 19347
37192 16125
30735 34689
26132 35289
40935 4024
41228 10243
16649 5741
32468 12910
14402 40954
38866 19883
11653 25178
4693 15561
43542 20244
7833 35978
36499 13130
13163 18413
3717 24543
32545 40984
46113 24461
14518 32040
8510 32094
12569 49744
675 37992
41983 20859
23190 3425
22770 28555
12978 5040
28772 15616
15231 39348
31706 17690
15458 31447
28514 33337
30646 533
1661 23715
9750 18431
25909 16179
35001 22259
37283 2943
47729 32059
34870 38901
10719 28577
38523 1131
28587 45082
46496 35270
24903 9834
2577 245
15416 19868
8113 37413
5625 25254
17907 22621
26814 17991
12864 12980
46183 12220
7510 28788
24705 13382
39635 40940
43305 7123
22206 7341
13548 41066
29265 48303
1262 23752
8976 48700
11362 24071
31021 172
47028 22677
20850 41361
45140 519
38296 30559
32324 24784
21158 17314
43741 44442
24122 30547
2990 23349
11616 41160
18027 239
27003 3735
7459 11267
5206 15752
25072 1686
21651 395
38674 43786
38924 28332
3870 15956
2066 15434
30729 46747
14113 46103
4101 9651
26240 47174
17378 4635
33277 21015
33262 26955
33404 37156
16615 36270
33694 26364
48487 44795
19497 46426
36487 17824
38495 18346
31094 22782
12533 47719
30290 15026
5618 37732
26264 47485
13964 47771
32894 48025
19891 46507
42793 19661
7007 12022
7368 36407
19166 21969
18318 30369
5166 14536
27781 40759
2776 49952
44732 19509
6731 46156
7643 20341
9845 8802
4109 40351
30444 11396
44835 49242
40908 27511
12348 47783
3007 29698
13491 30202
20885 35448
40776 23969
4240 6936
33119 37887
5316 1151
26076 6849
2806 3018
43711 6561
1360 30695
27731 40280
4333 44479
37533 37981
42795 9223
8005 28487
40827 27375
22325 31330
46718 1570
22067 44496
39406 19994
31144 44660
49531 5658
39907 48806
9051 9881
48299 40326
46249 48998
14223 4023
11392 16774
8496 6705
4850 17397
23173 36989
48510 2792
48355 2845
42394 38716
46888 30291
42526 33752
21210 24682
12562 34005
25470 23807
4851 7921
32859 8286
1171 6364
37936 16109
7588 20997
49032 7108
8166 5066
10645 23034
49392 23487
24595 48057
11751 31490
17379 37452
2034 21971
35772 33782
5971 21576
38030 1883
26185 16265
38175 15264
25565 45055
22669 9658
44286 22678
1255 20186
5257 15832
23367 31968
32419 41889
40385 15379
45589 9260
15616 27266
4648 18881
35058 22407
5030 44402
7677 46250
29094 29192
31796 48920
10092 25930
13706 29519
36844 9040
37923 2883
14362 49574
12866 45550
45416 27889
45388 1639
22776 10092
42914 42585
12815 4686
33854 1558
38200 29577
38403 24543
8640 17317
14370 46074
16474 19179
42193 30951
35659 47107
18920 46267
4233 30149
3927 16909
17427 9917
18003 3439
25973 17058
11625 11831
38585 23885
47455 21444
15536 22292
32752 12569
4953 33801
2589 21985
42584 48856
26873 900
39528 23799
4806 10409
20190 7017
45701 46382
15494 35178
32414 16797
13721 45042
36101 47436
10481 15471
12768 7618
28152 31718
36103 10153
39194 18347
44915 24851
10026 12178
42807 36511
26934 30564
1631 46159
28787 17718
3345 12899
19151 17178
46577 40386
36733 6187
8006 35587
37822 12944
46698 19586
32524 25177
4316 7353
10002 8818
9433 11939
42861 11482
5414 28616
10427 49357
38291 10257
14214 35731
7905 8813
15229 33755
31818 35378
12183 5546
15229 1155
33052 37547
19904 41791
6370 40257
25538 36904
17040 36219
22768 21036
4599 319
14715 27388
10009 35793
14633 36294
31682 18797
33726 44340
40019 3328
11959 9612
46265 31466
22650 8588
38863 30404
1818 5601
15482 44162
24774 19711
48604 43079
16115 23471
32467 637
14262 12742
24234 11444
16774 22233
32391 43975
5584 38098
18097 30826
43667 36879
29452 7422
6955 44928
47793 27736
32542 37450
42782 41188
33179 26645
4755 34746
48516 34404
20613 43938
38770 34739
40950 39137
9257 14920
17903 9918
33052 22614
48153 37780
5694 17217
43050 563
34757 40094
27160 23987
18828 9613
48596 46902
25330 40332
43445 29451
19328 3732
48671 4976
49317 11368
10627 36572
34431 37955
3682 32873
9413 37157
39725 15970
49679 48112
41559 39999
40111 5285
32444 27478
8428 37778
3627 34074
11660 14248
23907 25505
14307 12024
759 44860
30506 34132
43007 8420
16701 45391
43515 45519
3157 10997
29865 20659
14719 15895
4566 7538
16772 41546
23389 38718
9669 38667
9368 29908
3901 1752
17983 37139
17735 13085
36748 43374
19491 32875
29146 20251
10078 39666
27060 46007
17213 37418
15783 37935
