2000000 2000
30430 97206
439880 861660
367606 999579
290958 904285
148460 986022
395144 104319
526513 161138
871791 259616
35204 97541
868054 928874
997207 809506
305790 184953
41887 81712
56573 383789
295118 688830
477519 303883
529457 590587
914759 540431
752251 475505
670768 225990
21795 263059
50486 509169
692205 113434
5337 729161
136474 766774
496177 731749
256747 624459
449853 91463
982290 106305
686146 270524
703576 126386
265088 487455
190241 568968
704234 357705
280170 989825
794939 13154
928849 760410
780446 167256
363056 150234
638677 852302
190798 993548
692706 832758
361651 452658
126020 265986
232958 410708
717099 89174
328165 677397
706990 939132
971536 516277
159119 766045
375714 7433
583754 393992
793567 561889
717322 747183
551425 759533
236338 954167
966314 102409
538306 657937
592711 753193
858141 705624
323689 646950
220199 679564
282431 613211
72955 688946
202242 60156
540026 312503
50218 84406
794115 507274
555984 225811
766662 272144
572729 951294
510906 639293
157181 976180
914784 928468
582573 996931
715942 965337
252931 228507
381587 58774
622535 892070
466549 29354
450141 983290
519055 559832
255849 104384
569015 257052
897545 442864
422043 630748
413464 70943
224009 987079
526967 885252
195783 354274
508229 81180
728612 267338
656301 273706
589115 94296
815924 534605
426235 761048
147205 660882
261166 6326
658926 647370
805754 747250
589394 325679
436840 637743
514216 272937
881799 285079
821028 181375
273489 465596
567250 249373
675575 266614
731379 970182
891932 303190
625030 657822
842465 575104
428905 351681
545763 286996
843879 907814
523611 697527
7634 294
532647 905376
127831 531642
207563 548532
61121 196994
917691 930198
674900 452177
35396 397562
450121 424829
751861 62009
658485 464393
533125 71495
978418 66479
274453 9678
124793 63695
929497 305750
453415 235151
730533 706980
680741 882732
438394 543489
929400 588385
71839 257412
707177 126589
910336 608290
724490 745343
541275 1035
220146 46987
817545 282473
907266 200391
42852 405677
915909 465360
582441 774345
286905 839121
521788 742286
283865 45344
594654 50750
377290 543624
430271 529998
685459 96041
978333 959365
219062 239361
781758 442240
393224 605814
367724 952993
551705 673781
37287 146643
197113 280633
759120 864142
580110 818538
42106 867764
137207 812438
310643 552723
895603 750779
82107 897893
761762 631175
582821 455440
97661 634160
216231 463830
553348 526148
864450 721235
213518 926174
407517 486643
633314 637984
752897 373757
150524 267495
918044 949309
287598 263655
521806 780460
588521 934929
645271 634553
782569 371549
453218 436738
376821 988444
125992 419653
425078 168115
218539 271510
988354 811263
315058 633809
364199 829530
650961 816958
342113 594043
273594 277424
445053 61517
151273 676243
23286 565811
625363 267350
627106 647414
889306 245812
80054 634245
7678 325826
14193 822518
647944 877568
822844 750474
484397 557582
896352 883755
215900 887393
830048 398742
120357 991614
213752 83002
791067 71060
757506 184571
383273 939753
419019 479789
851812 873405
97522 753563
621723 415664
578493 378918
131705 370706
71132 148527
35494 609646
354492 788263
206640 750324
222783 169503
478021 985283
306312 411025
224726 301709
690756 390211
292679 928633
124551 18126
8421 404511
696723 474796
684811 885464
232506 368248
358307 659331
52273 99061
953248 310090
477903 129926
553352 233509
977455 876026
163639 553489
190935 57762
324498 626970
777106 792923
281906 219109
609590 59713
309268 527378
498758 315607
300629 406764
490350 700953
690348 519658
120130 356532
311686 654503
377488 750274
288948 602606
899043 22722
849269 485809
300153 57759
240130 19759
941930 88684
728413 230303
91161 254914
864489 939662
415011 217809
342381 977389
888967 608841
928066 641853
333891 751493
106692 536349
702698 395943
867612 588245
403208 47876
153955 182393
10928 893418
971871 909490
441015 849369
370465 695157
71240 926556
824922 478675
716614 535821
890891 851132
992158 734337
354825 446413
771873 159670
851997 903100
738591 367246
448377 506423
464326 504035
97671 591681
808707 476354
417528 97358
141255 9411
619655 312627
529457 69040
460443 829356
59973 977518
980279 151752
675662 616292
945332 736256
410604 337693
412262 265560
796742 731967
673772 594929
796787 40150
896870 3185
917241 226400
345878 778670
36792 961408
65822 459854
260637 939246
239949 478156
544264 95806
989740 375772
598825 327922
34703 964382
334370 4330
285066 607625
753628 676994
569688 282861
308183 286262
302158 931220
926216 728951
88062 126668
416153 540314
263859 286798
273901 534008
906454 464902
991441 488652
104557 705781
756286 575757
810861 93842
622753 958149
929043 862371
645603 751962
223118 84974
705161 806192
324327 644240
63125 928795
460537 442724
959349 109335
369298 112142
997535 195499
247349 542617
749403 346025
993959 846553
364684 607241
178395 330166
845281 575550
450314 296334
968105 732038
632410 790374
194841 540994
723459 881928
209879 640192
810691 577359
159829 358234
433600 535086
363332 255774
10559 952697
581262 482871
618523 670609
974859 588702
229533 844727
211518 204333
480863 9902
479490 301372
229891 945034
72567 203427
725107 7631
123353 404848
79744 171483
663172 375021
383405 510633
733301 732481
699034 483981
684231 694324
511527 367300
807994 403356
32022 282589
726007 959459
265822 830734
693915 823901
335504 952121
283831 994884
449922 167663
398814 60380
714771 53722
485250 928073
999417 803731
689224 239123
573849 872213
210258 295438
645909 67110
693303 34020
663250 493536
738638 654969
508572 157633
529536 512480
219005 754081
933909 819243
959019 527437
992639 152000
56420 547810
116619 456642
433407 464196
48541 873173
230008 856023
624213 281908
358356 618275
146099 507331
632170 973679
24437 382746
186150 730482
534327 744184
899979 560255
504979 737620
865954 256353
413092 934604
317253 203069
308860 811017
807351 927372
538249 813458
600056 97340
276102 7118
522330 370075
816857 383435
953574 270656
229415 512831
201380 980327
264872 882422
760576 609225
547912 996524
442193 636667
24745 962694
565910 888373
704678 713952
246567 906456
832215 942034
42730 630381
57835 513096
870572 221007
145116 901593
127323 939079
389497 880415
265667 912610
623477 91053
270158 127713
953736 511984
989020 89749
932153 631293
531352 572717
486394 242806
609002 9576
525040 114935
557933 558196
534063 543904
260572 222417
301469 928692
929932 742787
594245 545287
449571 94127
242500 153788
702019 465562
503174 938510
849655 522678
787573 526894
753569 75856
105201 589233
579821 651873
675408 168589
811388 481507
984711 757900
977799 658459
419455 221304
50527 883295
103376 313796
790252 558433
419626 438788
890264 82683
103668 7325
84402 825176
16865 74996
307639 970778
161967 496335
853857 966374
314890 209812
427159 858133
588766 192517
938697 727843
733927 547444
917318 613159
60124 406777
669041 212551
105883 439269
774173 854424
471017 102149
874973 430858
822606 977362
614470 32372
169195 9953
371363 155353
841125 409015
994163 85903
324450 911404
706975 706286
286485 442724
242479 379693
429866 847734
402070 551850
971540 534015
786114 965169
355870 112073
360314 268148
976652 843230
541597 91121
173226 994403
308751 336144
503370 207362
922463 47155
427128 262248
625068 699493
265827 553689
625374 260900
412585 86834
60547 258559
81868 729276
762892 137822
534361 925789
952486 707676
252041 443315
357803 357083
63594 195289
737143 822445
989092 426095
586236 958990
183437 656807
543694 108162
666297 801880
692190 788758
894342 595574
738195 987522
452201 846235
833408 717406
492635 756653
753330 148976
809106 591341
409653 48719
123215 210350
209018 956927
768823 514933
600493 297653
669569 958951
646752 900071
43935 200967
948224 638225
304124 291580
676126 56731
753333 866326
462582 702426
224925 150916
772348 22971
514825 151860
188024 494026
514840 133305
215447 984740
888640 16678
604119 791388
576411 835717
57403 101514
777208 210238
523291 6646
144636 554364
306677 854421
594525 843387
54343 203622
236581 936060
615706 844550
120280 568971
163147 428256
265317 89552
165590 757800
494179 45147
702025 941176
979982 135095
74990 154798
78275 747160
685084 211368
878555 485391
864326 297816
242751 970920
794704 720427
720406 500872
212648 534954
630084 683385
539989 409335
436427 330723
511734 287978
800294 828219
789753 339457
773573 950680
849300 426359
211455 999716
543920 30685
274940 414295
869561 62020
80935 923893
593257 668964
9828 197738
106394 250507
999694 129961
14470 476386
570244 830231
227425 887582
25147 412398
126851 318929
153295 10648
191285 987219
52536 648088
709411 747419
887210 719152
871248 344995
828368 194011
644283 5933
809185 278201
426555 708977
948592 706207
952108 189389
707110 584285
330842 166150
289914 962281
66729 727946
251530 160018
217138 200087
575940 714432
85513 19231
361993 796557
155512 937981
216589 881581
795901 426716
531107 256008
653201 382220
574692 243605
958985 587024
544199 713703
40367 711997
109152 773236
350748 47176
974370 820892
28799 956028
313824 856633
562008 595044
748266 318330
678072 451742
411789 508378
810340 366252
973801 819407
227454 302714
932997 977235
49195 615452
279892 445306
835771 617082
901932 586786
596752 998284
697305 358822
70363 435369
242222 67545
327020 108757
123120 751279
430184 837340
362054 718514
619107 741701
427937 419005
257942 750116
667892 150121
160895 768453
433224 54995
275513 63221
491840 558033
875577 662568
77265 153389
975696 537950
517678 308879
39385 694042
500242 502999
749910 732518
625454 55446
74141 434847
729542 217691
613247 325205
796304 444937
270974 339360
751273 320145
767283 98807
966057 642338
721564 911094
412440 711817
247220 982178
879701 696725
856986 123594
999679 861846
970252 331025
144563 787823
659795 335455
679313 846115
233156 414229
842552 401708
751105 79014
475157 521072
190822 984470
370857 671176
826824 571675
679887 340505
393165 129384
428300 385
668041 269493
577760 906225
836919 283328
847175 216820
245230 969066
46775 315438
547295 370347
497409 946875
892060 796657
856874 100897
617981 918245
315044 415740
31977 936560
974380 928567
181113 243915
12406 664465
985314 38414
527350 68494
41572 188457
451170 493338
821883 152715
977701 266081
875848 564612
252323 563034
549266 430060
762831 44755
588123 151784
787964 421840
614428 169809
572142 648966
292826 154351
955023 813444
404176 512207
986753 809328
35774 312602
161899 959377
983579 424285
197163 60443
957912 347336
797731 108835
718282 999007
905951 73924
938826 13414
851679 652925
38398 85723
291963 837220
946450 558853
306679 171647
897091 91263
983560 945488
742221 836915
533546 731070
122110 454398
683926 971044
385307 334952
897004 717764
986892 439103
489955 41935
343661 795638
456553 271106
128210 552737
76978 656234
193657 377232
817232 370007
528006 536946
85989 332678
480045 385002
596949 807890
95656 926090
387101 84665
15461 13434
801402 548144
36034 702941
110892 848545
576247 95225
164819 246101
991842 373207
472581 610918
185112 484644
552533 799046
523066 417029
985479 655189
48229 891509
605315 994651
858534 169985
520100 996031
357812 182047
522136 660321
161636 641712
64407 445945
699363 849578
630003 508012
253141 943527
729236 86616
755358 439702
684822 164308
148969 149132
738181 418392
683676 848048
591706 410217
9456 382117
78623 218876
454918 383042
695938 316932
808486 880389
284734 581618
297836 295163
316305 896677
667073 968129
290004 114563
628653 66667
496643 86147
261678 849104
147058 231191
384728 589495
786907 267442
237736 370082
431329 124267
460488 545039
494672 717780
857425 959097
451577 217966
800082 373134
741984 934374
587541 222468
423085 186288
73486 645387
94681 98969
802024 636707
25289 167027
145056 716094
343041 297170
809156 954699
508510 716235
991200 506427
563980 339467
801887 250991
772525 563076
274038 482973
677245 809013
841540 803354
623270 188221
96711 652583
209970 238627
593455 325050
268146 107108
333023 423262
183356 640073
908347 358476
499132 304874
961735 593744
325813 976677
535170 878770
475539 306168
127208 15837
260651 595658
775744 407941
96413 450625
686216 966007
390724 43492
755893 586043
96758 807470
326209 623882
141148 522229
335545 768606
167926 80870
966334 987568
357090 464891
639489 746293
232166 208815
400783 329518
223406 86532
256774 353972
356239 907426
403478 694688
534998 676262
357313 895303
476793 301236
659184 314589
201964 332581
926494 731874
571649 358063
482143 599042
794473 848078
568427 497337
258265 339971
893276 34717
701829 856908
80722 546333
188210 894002
756678 529187
406096 154728
22993 833006
182044 119517
103128 15947
316791 321426
731758 744619
938097 794349
452483 207899
794124 262338
878247 572887
783863 742445
52316 933111
121362 675735
126738 517665
603819 238846
898963 629607
943611 82753
216561 648374
368908 167599
835041 468402
999021 857824
411173 170871
962987 606650
594322 209440
173508 53149
198045 958803
133625 994167
815311 53700
174005 617330
781876 339127
621879 883271
823541 443552
440565 835922
510915 186750
696548 995402
101674 369564
26818 546339
240033 111048
528985 891289
991949 981827
898719 567033
711000 957697
155613 83468
351538 813167
114542 340504
317386 809528
662360 101546
26844 36245
64637 877945
998863 584471
840571 219647
455852 263072
576393 129821
84067 338215
576652 814426
200934 741555
479360 260409
24334 679438
320777 993799
9015 965140
880502 575052
246096 701215
725735 237718
190266 939626
771822 290500
415009 399177
913619 777470
552523 962013
719240 648152
90280 918733
786975 784812
183413 548553
612543 118564
34978 602909
619780 211100
457532 755410
938271 456623
191883 739808
255264 882378
999491 261668
64395 450635
921541 430230
919212 360295
33046 348315
905540 160821
487667 952163
70324 529006
360637 250978
137243 237073
137313 140805
29806 19944
406259 776278
278144 473543
917395 182531
179159 244843
752411 583163
377191 320863
854464 680164
258067 26407
343933 177147
495517 80127
480089 19172
317535 937971
52613 907564
368043 462320
868056 183487
355088 824423
956581 784263
832024 113787
394930 946649
909417 363619
788982 799031
670095 426011
320070 274732
257777 979297
976094 519259
647368 599130
271406 675990
591333 455077
644925 449419
517519 944914
465738 144514
793218 296583
492547 626867
392174 862387
51733 559432
881 858195
925918 2134
555535 743525
308011 218376
627921 560664
865404 840026
419210 423191
959634 829636
129420 796546
540904 629098
638300 901047
152161 231920
777564 201722
467250 966230
350350 607318
995856 424847
107291 234159
54119 948988
107694 686781
683271 203498
171781 900940
905528 796202
563086 9272
760487 114550
81245 412952
226552 892222
787458 561301
584885 879988
624969 871187
578515 861484
977236 245107
332032 723459
928248 419545
512662 811789
284935 858912
548645 332086
925334 919318
815071 672767
216875 588995
448428 838397
611055 176737
423841 706158
329563 733193
806023 826753
566649 616016
37200 723890
59545 993128
32979 374415
370797 529421
820543 643809
663344 495152
174481 891130
94231 243355
211050 406366
450200 592063
333035 933487
581830 602217
751665 385682
753121 701985
377695 999514
285296 67656
112607 583435
30383 407556
379179 406697
848551 487333
245433 804771
377033 704799
43343 527845
155164 841704
65499 501225
200205 329105
100787 559832
754481 258807
941095 162101
43374 665221
554276 521223
245621 975656
678483 932656
533614 579971
25869 666366
831066 895028
734292 476832
310089 418158
849409 987248
728135 933897
479498 807369
731260 936278
788519 106867
73431 299391
129886 83223
377794 452090
659810 644319
526682 28064
883669 121499
444950 529677
316149 413142
672536 734258
692163 933425
393943 961304
207617 50963
724036 259515
796001 347516
926190 21881
970744 674849
973508 440876
320710 812709
984469 816981
352679 859372
454752 32902
618756 450964
250903 519715
61289 852405
757781 746027
488969 389468
13201 965699
401632 4109
78268 432021
744317 577444
808056 376546
241026 74963
398790 861855
723488 393374
391572 732801
280033 511957
950939 933926
9737 608117
404693 959301
546226 876233
323267 866030
842787 696161
319210 111419
880890 813490
391622 367236
406810 485655
812856 656681
261585 256749
460239 747766
747251 479673
43578 27462
199239 894843
649499 973072
291551 47156
810226 975416
181899 80908
50211 485953
443227 757157
634578 843476
462751 97307
416961 796427
756805 760559
995264 929642
110962 748416
583633 855449
211449 727627
704644 263777
310876 707123
658045 448405
632563 252157
718533 450936
813185 497734
331785 999536
834991 537555
3042 696939
412939 324060
21003 431904
204781 186602
703431 642655
384908 818637
459039 227390
841707 206343
820310 323374
595995 542233
342068 591854
500493 915833
641384 948053
462264 854431
881298 137841
374122 760931
691894 675812
576964 407942
561274 333592
844317 403576
837237 276443
872605 157338
518031 998042
95797 260706
955706 331084
704198 863897
212942 453902
299509 66013
624278 409392
723497 93959
746410 176148
346730 264123
846911 515434
156449 970589
72342 689341
683034 771631
214940 705383
454169 545402
271049 515193
847364 790453
613333 499270
809700 26110
913937 882064
441663 311416
815717 881686
201900 323826
255875 597438
190664 964684
608804 694760
269462 26078
665846 395122
573836 448458
391182 898412
408811 902939
93849 631956
382583 100755
513815 911602
943582 187757
936909 832365
706567 665405
237654 527507
688598 476515
357825 990026
93655 369472
779830 349516
305486 264791
611702 394194
956509 313652
114752 388749
468052 69968
576555 377617
777364 443927
65705 507278
192449 589887
592254 210883
83639 710461
870038 68304
985310 362081
90069 217975
125046 293970
281044 529835
70862 85643
538113 637257
237632 33579
672389 864239
850100 308465
708563 505542
482667 463193
320157 464084
513977 376488
221358 486819
576830 104782
195104 992423
611468 812524
609997 432726
507938 104453
991929 924097
998840 661688
699484 921888
272761 513768
994104 925019
779983 377454
440909 118913
590957 364659
572616 255232
809940 920706
958557 688211
816638 579385
317579 130132
265342 914301
823904 894409
961596 556143
823603 545870
904850 224558
144414 310554
800418 478932
391567 269745
508529 887309
449622 907900
977610 544816
130235 886981
660414 595607
431900 958246
828403 740953
737167 337067
763194 193331
619261 740478
669742 905203
353017 972726
50069 29911
408800 453812
312456 350616
295551 688920
753479 564312
177024 472334
550122 726053
464463 727795
523003 508542
785452 422775
241526 655780
608065 911226
587183 915297
554898 893581
720491 661622
560881 423912
728074 747568
390914 296809
235257 390917
476502 544773
218835 746551
132684 749912
886968 797372
467943 797862
632755 944048
394881 355766
568693 280897
479268 847737
240767 862473
22401 483284
152348 120535
377368 793804
902865 979170
631545 873252
32618 532329
79750 213131
605797 996757
194965 422863
73049 33394
735906 428838
381928 664676
48882 267456
514881 507979
28608 760612
709194 255693
387917 985827
826354 282995
953575 46159
698312 725313
959415 327745
172434 488382
514659 307846
67366 824800
38518 659480
625993 126393
864763 108256
168106 960207
360405 193078
57002 502544
133624 736346
835267 455420
989520 582973
927676 186331
46387 62387
679316 320990
319479 275308
200852 301873
413123 722306
281256 647495
414694 704091
289998 827970
892282 402121
818644 797140
2932 721708
961142 181692
259946 672474
880157 869393
394853 895127
677807 902971
901914 412370
545411 352556
273624 968750
142638 745253
65090 92044
282792 288580
676750 705016
143609 589483
303966 301974
718974 770874
183240 166055
486431 626873
932850 616122
985425 175765
601854 961061
561184 348965
78126 34205
904650 359229
453076 593183
111445 659878
22903 882980
8907 615751
191104 234681
460323 677547
452192 344448
136401 833330
746237 452455
928084 218136
926993 117417
190219 173723
79996 238701
873302 514940
492495 580219
566973 627685
750342 107309
240531 781768
92441 126839
729388 621489
284181 105416
247416 351094
243649 90964
262091 980292
257229 164697
635695 472232
337747 899296
639250 381691
23061 932189
706753 996788
158201 367218
743792 478695
435717 689533
951424 292364
735874 416754
545098 927212
411363 720786
914027 141127
998644 316135
535686 191041
316453 659088
259968 775542
206477 473755
590204 143280
460737 63746
772388 381009
620049 710808
448433 631193
294950 817833
112856 620803
303456 831091
481885 578067
998832 924234
220091 771420
620212 909576
838779 689714
698031 204624
133861 882888
151539 206034
803514 873758
866263 753604
181257 922896
833268 211587
919695 292122
306991 81475
645982 50238
950529 294752
574028 162425
472188 311735
889739 103432
633753 714590
113450 853614
177969 970606
723309 873104
636003 216288
100457 741269
853164 163228
993287 718417
174355 170690
76679 826514
291991 841028
319587 720816
478828 750479
356096 853526
982576 827168
794210 166995
651156 908440
770417 86366
964498 313648
349199 711630
654138 9410
443411 612467
32942 349675
496488 974251
267099 558943
724015 460766
927279 735599
46021 813973
909694 733677
375776 587831
99116 817120
226322 585289
301973 520334
561918 389763
842231 149933
561098 188442
521231 395789
100206 973503
84799 242737
977215 724992
897988 725575
569511 799666
977020 897919
296735 36608
638738 652227
158141 669366
586252 379634
989500 213947
65493 569644
652153 495533
69168 914542
671609 16849
496002 440572
973942 268275
267940 984620
875018 800785
637031 3597
417325 445040
87100 681092
628433 51830
834697 743785
165411 977585
671959 197339
471385 822764
398338 212965
1021 209530
610437 192356
316719 57391
211538 502359
403845 959970
408863 101424
76502 201155
339755 454756
356060 42154
979145 541238
889241 215484
722140 57801
735628 247139
447631 577180
432639 434907
340717 983813
912306 251988
897781 227482
442538 233853
882297 718395
718810 629958
623493 572708
52679 397088
780207 556144
492342 799443
773176 412788
725479 983077
502048 848331
57805 46955
950083 652755
470761 934238
76049 546286
739820 491534
337473 70259
254435 429198
850033 30583
336873 188757
252976 485411
746139 686139
659477 495759
486646 74340
563440 709619
483190 789648
73727 578533
113375 48689
882042 153681
693547 790906
566802 178791
999144 444697
516689 731605
799552 599116
715044 361486
764309 38573
250563 913744
629242 58416
983531 862497
118564 714139
660518 877501
109781 174913
513576 489490
455600 766076
582087 734893
142694 778322
38714 723037
787162 701367
276094 436341
17851 155500
539536 727124
675525 757903
567794 157061
662413 539823
44500 622766
983832 622266
618941 562035
511789 333941
715287 613645
282620 317452
976959 572162
151156 94860
958604 668700
514464 952731
238064 612407
419685 445620
126527 50931
76672 654344
525059 843711
66263 380250
318492 403696
278744 379643
270799 672056
427661 889646
413464 335639
134931 499308
994143 252245
985323 443618
690957 901978
863341 681256
757337 457248
785834 340489
933049 163831
793445 43297
533488 413379
253646 618279
714555 376619
157455 762899
61785 834760
787186 136150
540507 674030
201006 25803
86648 916409
384392 64784
357654 38642
84694 617942
121478 144655
244533 436723
78491 666754
419215 612205
915291 353291
314168 577538
854699 723957
264755 228046
12317 235355
103992 128051
768526 660443
79232 838455
48989 550935
717348 77088
23697 509324
97798 65943
55846 891953
180154 428836
725195 658851
242723 512020
736969 964559
199839 364040
468282 430853
479157 612116
733797 600029
736651 424945
165630 417467
562664 248792
741781 120859
162697 703066
147881 902865
120720 791270
982597 880618
175510 436679
504472 950517
677264 628740
595316 714723
689209 415028
141259 788096
39214 273915
187922 538660
998872 613068
323022 473182
655126 185994
48499 709156
990601 702194
680039 814291
419665 906478
426415 667653
64660 438873
865897 400404
724942 674027
227653 895202
15532 37872
64910 613182
129002 990984
208261 972342
916064 579724
896312 369060
660464 289866
713495 385838
496243 726452
549192 468554
773235 86630
778355 780103
657424 510675
367800 274281
819662 500092
412696 421168
103554 805065
324777 996249
109150 102454
787536 443205
143626 343543
354496 289810
141959 840108
846723 706589
154554 133168
707197 339274
756064 686980
31469 845694
719337 160427
745944 601153
675397 529083
680704 759504
220223 770545
447604 311067
45693 565058
159086 993625
897503 69429
815688 993109
837182 751904
247246 393548
48744 345313
58892 779223
912377 888851
873425 980686
774018 525098
883835 289881
316985 182025
180801 589382
99334 962814
453797 506465
385375 494463
258682 463571
132711 536445
277574 597697
565036 891276
310474 665637
941508 912929
218168 435829
28722 301286
181925 932033
340579 372616
866252 215732
268754 51336
929928 317782
532345 721758
56403 235402
819756 366649
516484 94025
329999 623732
951911 7886
575761 933611
808152 46609
723136 302530
345166 609266
348066 185191
438680 769400
692354 566100
91192 988390
689472 65614
160774 781734
943799 650015
681759 920090
100931 665597
381456 94278
514712 294007
2136 224595
426372 307134
722914 555635
740873 930276
393267 225992
272909 176353
175071 885023
247370 115909
54876 614842
565811 704598
114892 35110
518046 877542
623987 524010
209521 292248
104262 241885
539870 998591
517134 570273
321050 91941
388825 551984
462942 704873
56917 372324
427871 726678
377107 951947
150140 341900
531181 625455
70503 699878
43615 136782
637478 134080
808474 830097
247269 930595
515764 308344
354092 971483
3955 966037
967958 863692
5895 257582
575101 346380
372129 38141
658267 442852
455785 902482
108584 419726
245245 119456
749765 656253
98511 361637
192057 991581
564798 535769
817506 931187
188556 783298
972968 926341
695680 83647
129201 826756
413107 616018
708200 100015
544123 654610
180590 982172
213273 963896
690216 93525
589402 529900
600689 479503
40142 729538
85897 474490
905610 93626
143838 276698
641799 547480
830405 60607
495399 836054
110886 940383
644934 229950
604888 720559
883700 594369
763759 976974
545696 582000
138860 851428
281781 788199
336679 861400
777318 290526
79676 863731
268897 583685
606975 306169
174693 152560
864950 927716
276603 846406
998815 664659
719108 550044
387697 951263
520514 677343
724994 372883
567785 407778
626088 519077
387692 825827
131792 786805
425440 254242
752370 757082
845514 947686
974259 671514
429858 390350
643707 291767
262931 791446
596124 5216
340192 422567
949112 300251
512344 641694
846801 65686
614960 42510
238382 811818
918558 830009
314438 506870
549197 276533
880023 420020
19533 807811
989301 715504
541920 4413
729927 841553
677040 236664
800881 187575
223169 277249
425590 854407
975011 655531
66795 64414
621439 569534
543997 272776
767776 578935
798732 858020
15088 10666
934814 16272
411148 484217
360290 695056
374366 215175
345234 893680
222488 554724
773243 110141
537738 177564
428038 474121
780060 436130
608958 315896
715695 324238
143118 268978
70083 264756
404133 43429
842549 265995
312997 373491
208475 224588
965182 101422
888387 483419
310436 551354
821953 712523
629793 22992
281914 467534
868338 841368
573055 746809
733280 503590
923004 995520
657708 560536
509802 596065
402587 830195
256492 962403
429903 227691
8440 111366
468772 196035
179350 391289
658412 497090
505447 555420
889201 759257
906536 69908
404780 151092
441735 384735
374758 555155
415143 410039
148128 8277
970731 800084
557064 330679
232206 30132
948720 825460
187485 987496
260853 214784
780091 670867
851214 75524
636062 336423
667727 221879
721275 424832
591369 630211
132626 761285
254136 232952
875042 485337
434199 832842
225609 307370
268065 493983
863099 34444
499926 597043
400152 438341
388849 838498
