1000000 2000
428578 298191
58712 212724
333051 3383
231698 308272
100364 403780
324002 150482
430477 280384
78961 446908
51030 109676
310298 436458
102013 301331
315068 355323
144491 425713
7909 324870
46132 359167
255802 395661
331644 303376
345343 105776
310210 496248
109341 397201
388818 400645
73225 367440
156225 398423
363850 314664
369175 333815
437389 301004
19015 349253
239000 58039
186590 155324
306835 72504
189679 158542
160692 59482
246395 174863
117927 293039
171795 21045
442431 278758
290622 274966
437662 270318
402321 331599
197192 369893
124529 337318
433547 289249
366442 333757
242430 223576
217093 357284
324386 405005
297345 164340
475800 355513
499722 56583
194647 435696
318213 214259
492889 430221
494847 118284
52541 245295
309927 6732
116791 384005
270002 477379
275583 349771
147464 94156
170750 113371
40072 60508
358163 330245
42113 308324
465607 90041
315054 402803
181702 220554
128888 137798
418633 373678
389025 158417
38749 206550
342798 242222
52104 140927
409816 59740
50028 70865
137045 273290
377222 86055
347469 472024
409042 248042
272078 57317
172913 301285
299460 188646
241376 258208
53966 395387
249231 282951
465617 387507
276304 372725
89454 426864
9610 262216
247225 24125
112712 213468
266447 114425
495435 308338
248272 453749
446414 363647
50912 207873
404187 75837
462692 333513
114202 261790
337211 141124
314709 461153
276299 428641
109046 481669
333686 159813
433185 98506
224892 96627
258633 3253
188732 367826
53051 114764
82047 309980
254211 17114
382740 271325
328299 15829
395451 294723
470514 35441
360447 226857
448393 180778
293880 274836
162933 376630
161136 464368
433197 104353
46576 438740
328277 368781
492007 342110
473275 147985
20394 354579
369807 148574
45864 381253
378346 256467
215966 446207
30198 157740
60724 469260
127229 92542
208750 142257
225743 486661
113284 203289
123603 370499
247738 217458
91417 467499
337032 17324
458611 240607
80188 411999
422297 95288
352185 100567
58874 493906
324722 332428
336051 439246
477109 257879
255908 5680
447459 114261
3686 277683
461509 495057
20969 459126
154629 145949
319341 262727
465589 282373
373740 309009
58861 453842
440402 227628
2687 175035
322318 186883
364809 266856
417629 270197
340991 225756
378949 52620
438932 370965
104586 233305
499129 171553
427379 416067
161956 466426
71451 204639
191223 409911
420578 248638
458577 177977
225286 339299
273798 201848
363442 359936
61283 285766
348352 422865
452160 246437
380398 456589
174430 473306
168431 262622
326867 219546
417722 314918
360911 48777
391311 362009
60022 130342
176577 332013
219573 348643
392902 262242
348593 120053
120041 409596
226413 349235
256748 220703
490837 321372
88003 437386
351501 486489
75935 35143
461859 55736
348467 459854
154679 209584
153512 343690
319609 385504
74934 253767
5843 364115
3327 405295
312961 204025
161645 13272
211658 212217
87973 485435
30527 7693
87975 451405
332908 131774
183585 105888
1587 70133
399124 266314
371468 122948
208587 440346
317173 57558
162477 122824
142225 105049
265379 291498
163065 391868
400558 321372
92817 183781
361416 87815
81772 402339
408575 166249
272769 150341
458581 329626
289572 432286
468272 167108
470373 194536
303804 154897
176095 448926
140090 272
288229 246069
306557 477885
208878 264039
196198 10125
306268 91124
131811 327135
274223 25480
431211 406271
306328 8405
300505 79563
369370 144891
250410 193010
83413 400106
313394 281270
183798 298894
346504 270071
264031 147542
217227 166977
356577 495617
4329 189094
293770 7554
259538 458086
287711 392884
286520 109878
34840 493663
231854 437916
267335 154495
343756 329957
136464 229337
260764 242284
153754 274049
319814 94597
243645 382421
307198 4641
347935 374596
248450 148089
70876 375656
192046 448181
149895 94678
300240 127302
444000 321111
15202 477357
286259 88278
13236 185498
48008 276370
108606 205820
147468 386691
401921 477777
432119 122534
315423 87573
425442 51995
56493 264143
226587 129719
263492 308144
329233 226366
67014 310940
242252 39016
447696 151238
450703 109474
44177 415772
73005 36578
39261 94174
395087 477446
76531 466863
250772 104848
89395 412567
68717 31591
39966 226602
194896 401163
207081 453508
36470 92808
126484 30783
147552 487214
197788 150001
51511 291396
263099 350843
48721 194199
456426 459732
224524 481201
32653 370606
357596 412850
129203 303575
34377 4607
4991 409383
208373 12783
129675 482335
185136 22652
355089 257334
331437 82964
444762 146820
336239 150580
359574 455501
206714 71953
259550 50016
110426 31698
115441 486888
11538 261620
229737 163805
220192 326965
377275 10983
130574 75861
298368 498451
324919 270587
158421 311498
244600 214154
429198 262793
153256 450416
343198 6972
224648 186598
154144 246059
163179 424834
132489 114757
27976 453180
253968 438665
125275 273835
296523 105485
121090 50420
181279 35876
49786 358803
332304 229788
462713 152017
465484 248074
73029 378699
484038 222253
72394 41570
81999 87572
254871 280701
347045 140348
174987 259888
42165 394025
355148 80639
23206 479921
317648 228497
72897 386097
55059 267093
276448 433133
303220 468305
299409 65593
43937 263105
55626 225278
450906 194617
450227 107529
448954 390
95013 387102
326679 437398
234406 376543
409737 371076
386103 417512
495620 8744
90996 275992
102628 278791
356712 161855
200394 170051
208624 130653
125932 363839
226253 202855
177649 856
305767 152036
85870 448856
480600 375751
488295 316818
164005 241055
38591 384856
257763 206478
358898 370247
430785 414108
358851 89567
444527 295630
395734 415128
103466 460860
36943 201488
461138 77399
30680 283126
304634 404496
38623 218112
468111 214671
431318 388304
7447 377666
100412 455548
26950 364731
11424 61728
42675 378625
208288 295207
123186 365789
87545 332506
399196 68013
495609 437400
85788 496321
230414 384586
110509 125230
470957 291276
119579 237652
117242 108722
3149 377227
493369 28791
443652 362605
257276 405917
221265 199651
219595 158682
447845 356191
205373 49958
4648 393119
330062 456286
454271 161775
428230 42776
327739 5594
379178 407260
138499 153704
413152 111667
323568 222817
397255 175274
17462 460896
274865 3974
93255 172093
344753 353377
31220 304806
322533 105859
392680 190484
135332 172769
461962 244729
486861 262085
257827 82632
476319 258201
112488 279074
2734 344815
452425 489684
300287 48416
288119 451527
121793 80371
276269 452293
27383 69568
98168 183448
148218 328385
456405 348535
139273 59374
477797 298445
128725 181674
45733 414952
198744 336765
354462 321994
185915 168045
497854 213148
130205 104064
337722 199658
146988 467106
218875 434880
123309 254269
7253 137586
168361 366397
403666 78934
45445 324527
350821 93402
88041 287020
257228 186442
380830 440689
394658 388557
465011 35539
207898 423637
81523 489041
73884 121906
350367 179099
169746 225545
38126 360746
404605 220543
330488 460079
150726 422754
252786 462073
236195 375224
142517 109520
311140 324447
445466 150740
333807 436019
484512 129605
432025 222147
228564 264537
385670 102590
2716 477393
97199 377645
17527 389801
344395 308623
158409 98386
453261 431846
216264 217622
477669 456657
415886 200722
323592 240227
440346 296247
234093 424479
19126 251436
305125 227407
451291 53393
342003 327543
162111 50394
401765 345146
448482 218732
435365 299942
376319 292123
418147 202263
54650 126360
326802 261092
473826 366893
421962 382679
175620 356114
379243 281190
238378 439026
107944 307615
60366 221988
354632 134621
225495 119350
92507 286373
490634 90472
378593 125640
329455 355077
72719 185103
453716 246237
254924 149889
178748 373472
56741 349920
373155 215854
244610 167590
417788 383505
251786 440623
43443 194642
206289 419935
54404 334522
329254 239151
56767 39123
473292 431202
118971 434478
191413 241513
415677 168477
37276 381734
157250 286433
498444 104366
194848 375838
162734 167672
274349 171166
322440 330662
50670 441916
477224 382463
162071 320525
262987 341692
447726 225383
363617 359684
54915 410847
417800 242208
499157 440451
82815 494667
138911 263863
290547 469343
160982 427832
151969 62948
228519 154042
189933 257707
221707 81605
422858 188969
28299 79014
330091 263108
77689 290391
60722 391118
258826 320418
31704 222920
100362 189779
334441 40799
19514 19476
186914 5165
222744 379964
391121 164050
423406 314934
45698 378602
293587 8038
265802 3632
25863 338526
389987 95268
392158 113239
367964 196683
289262 383596
221165 254060
93280 204803
243820 49129
153650 307842
29354 289513
306222 283295
421503 272994
325452 54843
278996 369696
303873 200937
288846 314527
137468 369274
74882 117361
173328 401196
474476 267858
253804 173303
173761 360665
107474 107122
370812 111036
361628 63323
93872 133431
16847 135878
15966 425227
61370 314886
381619 388795
368569 98050
478363 200834
436716 300520
2737 384641
350834 410144
339264 233129
327727 208298
347630 242557
452782 58937
91899 150052
369806 112922
273060 162368
137379 317628
454277 146554
414914 225926
369592 306595
114146 485569
413988 397327
255343 314160
245387 329595
240117 21853
284903 458770
156935 333077
460573 62352
338817 275411
254620 136447
229734 376481
427817 309748
487395 378014
407914 19348
166629 237319
291280 16961
7386 412983
76965 259700
106762 50064
497642 329405
71920 93876
269566 44196
314417 89041
237969 151391
192906 455632
379864 401852
11625 452748
232399 183749
54515 355149
69361 336245
140149 314034
321150 390641
446614 309348
472413 114292
347777 87977
130721 178309
133642 24227
247528 414115
145611 3280
366204 250912
160089 450542
176238 118866
476486 175067
319976 67141
12446 177497
143590 226761
396332 446659
441754 351888
110563 208627
55926 126173
110263 256418
337715 226725
394260 370347
259619 20744
81997 99313
385482 391417
68398 48421
367984 271804
69320 296009
353254 188603
246849 452886
184562 320928
257607 428527
413077 156129
282835 122576
174971 58355
140944 464350
475847 168327
2743 207467
153966 262839
483675 245138
393768 237496
322997 229520
416387 454268
484266 165902
201218 239065
152482 147622
311670 298778
23612 343061
371244 332610
255784 58560
215446 300651
53748 190888
338973 466262
71244 169281
333718 368717
228848 386384
289243 475433
18187 482889
144435 170642
178897 388224
240843 438361
245359 22955
297198 428334
119169 36981
349712 107403
309381 128125
423890 186210
261934 317599
454440 182473
478368 42847
70770 283240
247780 274653
476421 329378
188165 278168
200592 249772
73723 412198
30730 101264
141371 377408
50952 479845
496182 161067
355905 335474
100956 334074
381266 56242
398057 309742
63145 160288
340075 254272
436531 142861
408514 421892
218461 42054
486125 436711
445163 266788
317111 482116
62669 299861
195409 262086
68343 158155
260777 25657
113905 307639
264448 298719
396692 135764
195005 266006
302088 420129
39686 202842
348640 35821
114530 126296
205123 376976
491181 86136
180882 3543
149668 246741
4196 219608
489519 293927
443091 467402
213746 113350
289930 55523
45212 491879
93951 476241
466498 358018
142881 447831
212552 127879
96644 230753
334340 83668
116915 248323
162870 443738
215704 271507
16920 471733
197745 354983
6280 263593
328804 389775
115168 202565
239124 134466
498913 18546
323209 228564
450458 56605
81974 392183
230205 104324
173838 330133
376808 4442
367068 66961
453907 409808
2979 495189
494899 85474
92387 355164
99381 363369
204385 41518
359015 194702
62350 487249
12425 370148
11940 499739
221005 290573
24687 170654
107088 403336
330894 196110
285865 145152
98552 13693
417709 173461
71043 210339
405659 473430
24826 258645
51828 140892
66851 312937
333900 176366
94905 273011
28819 132364
45953 321944
223301 217331
13182 208008
279610 86494
273741 50491
357907 276465
482870 378592
241377 404619
126195 141751
62144 118778
442224 99724
370905 52935
193502 403748
98516 107939
156336 222290
442462 289269
66445 6579
495272 227508
267623 386012
363121 95322
17428 428562
35012 162102
427072 53432
18328 378520
280575 374107
207638 57393
384375 298443
326108 392863
228765 70402
131200 103741
342905 413749
496215 163265
86529 386916
447531 78927
48719 408933
320281 253557
240328 29631
81345 313004
304798 235532
131986 456236
352556 196877
183962 62007
423381 193137
429791 77456
449045 336824
312013 368875
490976 190966
331864 163090
145220 402600
149914 481305
34072 66180
335662 439356
408128 482407
476952 406746
144551 385053
154831 252486
204359 49593
337265 468980
65313 361016
88099 90868
420280 62323
245376 173296
487985 200665
390036 181183
79773 71929
137455 341576
304512 167614
230482 332066
379020 444593
157627 205668
70035 25744
113940 460803
483908 438045
318788 12919
413508 464321
408704 439361
181517 21106
401176 206101
140484 250951
173990 266418
401091 177428
316987 495134
165476 62690
382512 142806
117579 57762
165425 320734
477474 67322
407464 399569
234508 327007
206381 55585
106126 229267
98182 116281
464139 58395
466230 386428
240975 220992
29746 141125
476805 215843
109058 3293
408651 138644
187528 148989
293045 455238
449550 147894
140454 279488
284361 138366
33275 303692
354518 38245
171245 107168
170410 342125
246338 194858
219475 193684
403707 437705
297968 54176
332748 426816
108689 114944
141531 436635
304056 294286
59027 363628
286947 358414
95700 122425
23803 89354
474381 452968
313120 317370
56910 223865
369616 389959
407494 84426
423930 123335
120950 278476
468792 497665
161383 103897
163259 5571
103678 405048
349277 155063
56215 468419
313991 469860
297893 41666
100974 160424
390601 272773
296075 118912
1640 235859
318987 462863
459930 456826
75370 133891
269302 69011
51691 291589
130151 425892
211761 390671
411681 316969
222477 370223
241466 211167
232744 328692
26761 479732
450620 198744
133203 312858
142982 354617
487723 295274
269877 369942
413762 3382
421736 417196
121198 274851
198549 409417
126915 361129
124271 252676
165670 115845
28279 49184
306125 68186
204988 331913
209144 226417
423903 110657
199209 395520
306061 90965
84577 428655
2975 28781
95527 220058
156415 152254
438839 193976
351525 18141
50810 463640
332058 34048
426288 326770
195211 68149
281393 157655
415383 148077
426527 289426
383195 181185
276030 444901
452931 486859
198148 341628
484326 95748
201872 175431
40092 310168
296020 77062
389036 378476
342328 402051
441425 2986
350721 12100
387002 148319
411298 365489
28813 216924
183412 406854
102619 481194
34002 237362
373731 116852
325340 457006
132128 149521
285351 152751
79771 201895
179230 251856
222096 177701
489868 422653
490716 287467
63679 446461
186243 76598
482943 114045
432791 296319
337497 272909
43975 122123
465533 350102
315418 357456
349930 186615
479308 461840
97692 44009
63673 475683
381081 341662
276796 30710
193989 421510
267472 287688
392138 337520
43279 173419
355032 201213
364745 77797
86268 366101
278153 101543
66393 228079
254688 41715
169206 461111
221850 215356
299535 324212
307038 200087
72742 73542
276526 424042
438008 77562
385271 284625
182315 243382
321004 406631
256496 362752
139366 108799
399323 115431
362543 163663
100562 39937
330724 360716
60235 156621
114759 90753
481723 171051
488398 279693
95538 173350
71366 312792
460093 295389
346641 258927
428114 339421
351025 437836
153343 425638
181872 384398
40476 407480
110 85139
67605 497429
37397 300940
238128 147918
272814 74646
111426 92616
91115 147109
100947 401124
144173 263452
82776 248575
311586 358431
439596 50583
85870 446942
92733 317746
484732 383739
404319 46162
384751 122188
326872 479425
260838 320172
94948 6477
101177 204813
39030 149138
362440 438492
11115 126052
208624 127244
349897 73934
448116 303260
415947 64933
314790 293575
487238 63517
316191 480858
123802 195025
102675 343434
37788 345639
306886 320129
21531 65447
307137 415699
187729 382420
415552 174063
179415 9741
373641 455922
45670 181703
248683 251815
488950 411551
306573 383716
400255 463999
331229 187179
421598 314466
331097 181359
311489 18493
430571 56965
394368 37343
202986 497495
43804 153876
339173 2911
255568 86678
73681 130579
457954 116564
146752 363546
375479 86725
325210 233217
34875 299308
113909 43912
46026 379673
386019 347061
268490 46224
237871 137206
179882 124912
96098 59759
470790 353908
108828 89253
29574 27620
132544 308497
212235 74383
54147 395623
31382 490500
34371 382869
57413 54843
51215 112939
194382 496644
225655 227422
411664 321898
154013 320810
260519 451269
398125 94866
321283 312337
77982 167459
267609 360061
122092 490410
479523 107460
98785 443985
208520 112779
64034 384658
231444 14091
185943 272601
410351 464686
400737 107332
425913 145624
13932 98004
342759 29299
486043 153710
449067 463355
335234 386711
97455 293878
60669 117759
208107 40080
352890 390034
333797 66600
78223 300361
45745 439950
261954 428258
116711 365214
179514 290926
145094 255913
438690 261809
249341 127985
86247 15449
320531 317734
5204 148005
54911 461205
147253 406781
464758 398561
24853 329334
400456 210440
19716 78531
71483 316147
433060 474787
156519 424586
207293 41197
262027 303666
163498 393123
302043 468647
104014 230094
225585 215672
183138 222884
3620 324189
10740 206405
225034 268788
498360 293660
219300 144001
7361 459387
105115 45903
303362 481259
312662 155927
417875 341764
227236 372326
118984 139521
106875 213749
429664 327490
330016 469066
28927 106410
169140 364224
172254 481613
486129 464359
328622 27696
86934 163223
113358 289507
97058 390672
60195 351364
302877 169168
98201 37583
84017 255573
204374 451514
84977 17292
178870 17661
52368 89538
455300 192884
102619 174936
45982 336434
423242 261204
359419 470638
40522 431771
271697 271324
484726 421996
199489 164142
444083 186662
358089 94694
157948 67343
490528 86489
100858 353117
384239 485853
294399 180251
235310 200920
152947 312744
152546 197182
155581 777
80852 25584
234671 70961
316269 121994
282774 152996
180065 60116
68754 113969
25138 292450
475398 193090
343096 394191
399808 280808
412175 395931
197861 201398
341861 105545
82037 97817
286580 147641
186568 153430
341760 269408
403166 310458
277195 298269
432212 112635
480164 115946
412979 328312
126165 387302
445453 371856
446310 499364
132132 8822
498524 421858
468135 393392
459873 476268
306028 224624
140551 471989
247332 484881
290978 118808
457310 11752
468762 379667
444957 42149
56286 39004
412259 124072
339399 106605
139926 344588
243279 460085
461504 36381
15391 46615
260602 460516
467216 134392
157932 16887
264115 173327
263869 274368
264703 294883
255696 243233
223987 368733
108701 435327
25168 124756
423439 322085
115650 456521
484042 3625
331442 402189
406501 190529
314380 401672
76427 405131
285747 7882
222062 184659
144940 74451
171983 129843
385751 360041
478991 160243
328315 69830
242652 126727
418235 210858
93883 183777
482404 207994
377027 160110
2331 338293
171236 35712
431894 112565
53364 374691
63360 76496
253678 369065
485276 348202
209952 399032
466619 366270
322250 3821
349856 380991
403084 499235
258777 181524
234661 209634
270156 108715
107832 6770
468873 178581
380432 281954
435562 239925
45553 275588
141540 234258
387508 197984
75433 457630
325447 13367
273661 274345
284657 206858
361461 292799
226639 176800
332882 283721
114503 405921
64849 120160
492499 185040
48531 70920
266990 140853
158017 350270
172715 23821
108231 498163
499053 133113
172271 448422
188870 419867
118730 305562
339574 337981
414106 440296
114719 109293
367909 142793
149870 360742
50426 292130
118272 371970
218522 335371
303331 310439
492865 459453
14279 264708
426439 26896
369225 155156
350452 26156
185055 188160
310034 295894
219383 456608
276123 291981
13281 262327
27549 434471
50554 52487
485067 328529
105735 141163
90778 44275
52428 312693
452042 354834
153139 313419
278464 308723
304939 257083
28232 77095
289429 347668
298457 107806
44859 304189
205932 478740
313049 118791
279620 203800
474297 128215
39702 86159
426477 126299
274412 363011
96243 34503
495975 51485
15437 138537
245058 11176
73271 200875
369630 421719
476881 32484
464884 299035
230619 379694
474460 117339
254146 478889
90172 250170
288230 190051
185030 62137
406516 371651
124474 115542
176922 38466
12917 418952
253687 167426
421141 243430
315095 169801
163965 57085
262127 91454
200326 298624
421471 498233
428226 30628
10053 236224
154624 463528
422360 227388
100620 314144
261339 373352
452026 296133
176706 39963
266572 409913
27591 457886
235507 405528
199894 407746
319085 56999
137191 102895
13283 400962
453119 81572
143287 360308
138489 407808
402536 347701
139729 467356
4048 248804
55067 226036
402303 262052
181331 39414
9925 286881
180537 354375
496708 132984
470571 401674
130137 199742
475749 242558
71902 191312
149410 198918
426585 379006
253447 165766
125582 330727
54528 444100
19037 311398
122695 54864
375704 380443
477405 466006
414970 316944
452477 158226
265956 70853
155051 306976
362234 436662
265805 365250
290012 455411
74981 185944
418565 177610
498506 179736
127172 252861
303939 227518
386228 238868
21062 467439
487326 71013
139357 459058
490378 182052
313654 140881
39893 266365
74303 106814
282342 482036
25976 159629
5824 36769
398145 237295
7500 99708
360417 52398
464628 52034
239539 328453
106937 246482
485964 393085
89813 11508
42992 273592
105374 132208
160587 498276
44316 240815
195882 121345
220203 79769
374866 387519
90480 287509
469384 257705
93844 237465
76896 36421
88908 310900
253737 2689
368119 488836
253306 39141
169841 426669
181112 148153
220360 139646
386112 377344
14110 109728
390085 75880
349422 379930
170823 273021
390350 97671
172476 83099
300959 55259
306864 350098
276102 58272
314978 97322
171574 168621
224732 166121
441549 377732
453822 76977
404660 190483
422522 478419
448764 238683
164102 428939
268408 410451
269815 92566
246773 370844
259003 142851
144454 342279
337882 457645
22136 172718
120770 291253
68819 100656
362484 191184
92394 363079
465655 223912
251829 180942
453986 471846
317871 240971
51072 1477
458934 28060
486295 131380
298789 290039
484901 426325
106176 256336
41857 373924
274939 232877
470501 476675
174035 430375
164920 291120
203875 301548
420981 99070
392544 90272
425722 213958
103900 70496
107619 497481
335690 354607
450371 73729
147489 333861
335301 438348
460741 304723
380913 320477
343045 103317
370842 222390
384537 115092
159342 57190
192869 292008
364289 162733
2168 119658
90106 297255
243155 368897
8041 337386
267111 363738
226075 221984
229670 119002
362326 202135
241734 172002
243128 13148
75403 118097
238442 15966
426718 135115
152140 63200
471221 51049
93738 425589
308920 499919
376551 292113
370590 159735
59654 379260
296577 263604
57638 352164
249749 35621
260211 144397
280232 325073
149742 102926
456565 462445
368441 315011
110309 279520
185140 188778
461822 480588
2513 164292
473288 208485
43991 257863
138378 206649
86690 57166
27650 349673
346431 128284
329494 35960
419064 79684
81167 257094
310418 373579
403468 251459
359996 173055
304180 221439
335462 263096
27343 203540
110380 89970
446891 151023
351260 402602
133144 190179
221300 499862
133637 188984
393968 419689
124179 249961
264738 167224
486862 66477
436352 170938
380107 91170
31108 341146
409426 38981
431024 456745
105284 434693
311480 313491
44755 185505
36206 468164
209246 86625
353958 411503
197356 153161
490528 303983
401121 227617
473817 492050
39785 2831
346449 62322
116329 261176
183181 485739
32458 267612
439220 169319
494684 315463
176323 285964
148223 196202
5745 469386
475652 289135
273554 271036
41088 67310
188834 100849
449055 408014
424219 265609
190105 35817
246402 222815
110643 498869
186285 31420
269743 44371
319800 129647
23089 354115
211059 73317
236777 2053
326221 357528
356920 99235
218337 256474
187095 392709
307251 95307
191648 197123
258755 380026
388365 106447
252572 484283
351909 351947
56066 297435
233142 47640
339743 427661
141145 186755
305402 251418
27911 403592
235248 294829
240086 463710
61531 372373
256550 242936
266412 484049
216778 49229
374111 171308
161012 135276
453250 402152
312680 495351
71228 445349
100528 130972
395205 407371
195758 337087
124210 422026
404285 152508
144830 254496
359615 317067
399916 25729
469388 351039
170990 98275
494165 39712
44653 61822
42847 371060
128917 207796
109948 274153
109455 140761
489069 306561
142748 386094
128975 84530
412272 386813
167980 392623
90756 225688
10893 69316
496103 476293
232181 226946
27752 76403
244514 364296
65126 356645
312652 451440
288279 293349
128176 326173
439768 365616
326301 439907
6657 336165
232961 138677
496514 236250
59435 201640
311935 453779
148360 466211
439498 309703
434430 494388
177080 32470
11636 376927
85973 48400
441552 268076
256172 360198
96220 469683
318779 141498
123438 395214
479540 464079
92280 99908
354535 113157
435433 359703
430884 388279
192478 204694
127949 81981
335106 395394
157466 319989
270090 344
334753 373142
356675 314378
74329 85619
224706 257090
67249 414757
470731 304147
371408 59891
441963 87071
352050 55229
162525 477567
369904 468398
427838 415108
233910 488047
298744 392351
433503 326711
361321 15815
322132 301480
278217 391093
91328 169673
457692 15346
35200 26822
259694 21712
277679 174595
468867 451156
212027 385085
10055 325040
102019 346400
416852 70757
321270 438389
441411 79537
26219 373813
344557 123962
378402 183753
202446 317841
219684 494462
237106 401951
22739 146363
137469 8624
105990 152603
196983 725
332805 228076
284299 132870
387562 59128
315619 343830
56647 473417
464945 366418
177323 103820
260882 249629
444912 79150
206492 463265
238404 27896
475731 144362
260187 156623
398092 227152
432789 219688
382924 293646
105659 332437
50545 472846
131331 210972
276943 186091
124581 243058
385664 262379
42608 260715
397079 332929
469996 23679
134893 65557
346580 407217
144636 352469
64121 162808
448863 400870
266407 300933
280552 390555
222477 310585
171358 397277
60744 207176
76388 144445
350025 430043
117816 458029
203450 442579
397477 312332
437577 154985
238302 266694
423956 312618
336764 447880
82305 432610
402024 249124
2883 10516
322397 208882
406983 458378
265018 269961
452598 463765
134200 419526
266937 65773
93382 104627
335520 199167
106497 50120
209346 382396
282150 374520
303727 435107
347800 184609
310706 66302
186408 101679
24703 223374
454292 125988
82779 478299
325445 142884
260178 245956
276095 100483
480652 396254
365078 373870
184248 23123
342949 106585
107200 165921
242337 76781
113484 195706
105929 370352
340016 139195
336402 370194
153213 63474
15126 50744
148474 498142
236807 141849
270916 136058
350508 7252
306455 69501
409517 425735
170871 308397
347231 181634
444832 312248
495562 63501
192735 243939
496133 499086
85575 319454
489855 279029
83853 3382
55215 111504
8041 63225
147368 177693
216929 418845
434215 221026
168047 73885
163250 261277
118634 362982
453805 261676
422824 33612
361414 273212
71579 139904
409751 475531
445835 134888
60519 442554
109328 392129
252740 390926
121772 302699
219244 391437
463707 407135
479461 451807
82021 45699
493779 53999
2764 474307
407817 177618
224327 106608
406730 117980
167249 430299
216395 32943
382636 453444
368015 318701
359888 347241
244219 328323
381931 297192
266531 69918
161733 463575
112225 23321
108939 388422
426832 137787
397507 423863
5341 297921
299575 148932
339149 446113
301817 264072
22902 276483
103875 92711
487817 361552
10151 87578
200032 132712
258982 300396
467423 85976
395239 396966
283848 469019
338975 319880
94850 96975
328413 475171
