1000000 2000
216858 236019
38244 337950
230923 204086
165708 161270
154731 2871
24036 376073
154855 217827
338592 28827
58414 5270
451475 252397
352060 303055
220089 126652
129354 145050
387081 440909
3832 99419
482818 271376
169411 2630
98786 307187
147871 474531
330781 411293
174233 155646
189726 334903
434668 478147
268989 423305
279118 111804
344338 196601
188922 381307
406115 345184
223924 144855
450143 221948
407406 26763
279693 329310
254520 65141
403441 423422
435607 62912
402752 437804
400942 486391
71166 264231
375176 380413
98358 89874
284524 229341
193667 194511
135648 48139
359990 16580
8672 84657
330082 338190
414371 333715
359627 405799
346328 28327
25421 303571
206132 333856
70108 183016
345893 278982
62600 355548
92818 160143
311160 54784
19858 70969
418263 399752
394125 87281
14359 171213
402543 125818
374170 15804
375231 68976
97640 25505
281351 2662
180749 170125
126108 260093
429715 165544
404617 163967
178322 54482
465978 269846
211266 463900
291636 37810
166492 71515
153495 332672
424589 170139
214132 341927
485444 49542
208369 184490
486368 406713
294100 142004
346181 115772
197035 320799
467344 87400
429346 20225
88016 360125
180363 206621
22696 443729
134123 263034
144944 339312
50183 154560
121659 150873
366221 120222
499516 484466
480354 407317
280872 139507
103240 75614
284117 444800
256686 440920
455722 289222
250574 411377
81472 404619
349962 483137
182586 191758
301581 464542
259183 47949
64240 121435
119410 401380
185363 56591
60449 190131
125659 354827
2175 413600
122799 179469
290289 215644
38991 151107
78596 105280
287766 43321
28701 19523
165335 485492
351126 313098
206980 270881
310972 126416
328125 66473
14530 192797
19521 182012
4943 66350
161668 270468
423769 319425
154780 352280
324566 247962
51570 295374
61232 68087
12978 73980
439537 282288
364696 435356
375713 483029
462417 1238
348546 161292
352251 257209
197638 287758
334803 59134
98028 145210
2445 488372
61822 48632
316966 269218
385293 453596
365848 390697
33278 179887
8727 148049
483444 428154
239955 307679
256051 214359
332509 72412
93432 170008
410323 368986
326031 224395
294856 76603
64022 39357
371993 448578
305480 207745
176316 58982
178209 70013
333909 47484
323603 390998
226197 165209
373795 134583
256552 243624
452349 338082
254959 449267
4031 314886
457422 291984
383715 390145
490321 496086
90820 268756
117060 51395
150041 351933
239851 342149
279003 421300
136681 75964
439943 407860
344278 104301
418987 482367
24440 450534
120662 380606
232618 432785
44304 204131
379529 163369
195544 474333
465761 19872
141817 227438
224135 484105
497956 224315
470966 304074
33408 485147
183620 290382
228752 346981
336517 316537
164008 300639
52732 159321
108311 29366
295924 114921
131634 160351
442680 44021
4241 153067
335312 387322
31380 19842
96207 389079
56313 271147
396752 193595
288696 299871
105871 481940
76609 494317
204540 316288
199922 367554
144520 406393
458920 281052
136452 494430
257392 281631
435070 461282
22573 60390
209472 48571
128926 418967
128871 4865
388412 124901
47457 431437
320635 177676
296202 404018
267475 83603
319516 430371
463795 324778
474415 442830
382544 81027
128490 69834
296872 473618
102821 137810
224041 492359
398386 337315
225998 110862
303762 163647
420881 458541
273628 236782
61513 224932
69763 212356
137066 161316
191852 231860
21814 376245
341902 347935
274587 115366
105066 399715
122811 341229
205159 443924
107524 255154
414001 230399
6679 467761
460292 244894
34543 487555
285078 413325
346315 417269
196902 479946
145115 88274
348832 29911
434025 10561
328460 167508
484729 133397
445818 178995
442111 59402
372952 242875
272744 369419
315392 330168
6171 149966
382402 425714
249209 96670
177024 14251
9696 102853
384080 462191
105065 124279
179311 404107
392059 433021
416763 259442
423317 45858
392359 81275
313325 369744
450264 278768
163923 306263
354368 441516
98055 423650
492954 138205
384923 456921
270961 275862
36735 70597
104599 238457
380801 447765
432109 392303
156665 68818
485437 241602
468521 136451
166707 316479
240796 449476
177182 147042
69592 164324
43458 419007
195456 129776
396405 46917
308884 389968
189817 459405
322303 269614
123877 148648
141206 75345
98136 121137
90869 286375
497281 343715
273303 2501
255283 497043
432704 6349
14761 265560
356716 299270
273551 454770
498041 68904
239507 21426
203744 158163
189397 251779
349328 313250
22483 265120
423058 311713
180049 79013
341061 182489
263311 339788
166876 417616
223327 225031
264698 163863
190629 166052
429717 295851
262378 167855
156284 469665
29413 376625
218901 162901
75145 183647
232753 141801
488056 451225
206116 303343
95510 35860
464170 280905
12340 201860
309497 251998
391965 365478
297555 216903
489662 282037
455103 226483
291708 126712
329961 325222
75640 187086
29251 198197
348919 415368
215675 425262
392174 218991
384869 23773
458364 6850
73487 197657
314476 428543
344347 384936
64114 450602
234991 341895
53468 269576
52278 412622
413994 113414
223568 85363
38476 321477
82470 4289
169769 253696
203766 320511
378202 226335
327313 221439
433297 217322
256297 203731
194684 406861
244402 347585
336496 264255
398924 319291
484057 454134
365175 425976
208092 393751
305061 493065
95714 397775
467965 213181
266577 400952
494049 314249
44991 289518
225900 237264
477048 315799
244607 190352
313345 189952
245850 390370
31557 493885
462032 459389
498352 438221
80112 167206
7588 103172
207808 479712
121811 483288
301484 68503
218870 263743
125225 275869
286047 258722
60193 29961
282501 378599
322677 264571
26428 58354
28818 496256
344207 381089
13065 366847
139003 259574
103917 354145
471250 82633
345589 375169
421058 244149
28630 291713
423331 278441
214941 228368
176536 242431
24329 35365
268252 63009
296330 450473
102541 40293
13444 444794
27037 416640
130894 286751
103492 218334
104451 200160
231784 413849
281440 129557
216821 370796
23259 402930
388105 35824
430153 50907
138106 27597
165430 345071
161327 120475
192256 89534
147947 77269
426786 88389
122915 259050
169997 155614
103199 29222
483859 69995
143993 136470
184116 313193
372702 331192
426468 212616
173576 74100
326758 230077
172988 273347
477745 67938
35806 13723
206559 422942
254572 296073
483972 203125
9983 313962
338292 408919
77990 94060
401613 422181
220332 2965
263698 486421
426687 58794
479637 340139
347977 94702
287892 192922
186438 279228
141978 387734
38484 259890
95343 97310
69945 261270
87009 427777
357637 281773
254556 355194
272084 308344
459420 178700
35423 366702
357585 236612
82481 102695
135898 95406
280955 284016
365754 11848
346296 139157
178010 80400
41577 189722
295679 244270
138013 418544
182200 372687
252074 369201
390779 345907
342584 9563
407159 244644
497226 426524
193656 138478
197242 414514
44657 294561
324384 167827
21269 240703
432611 225866
370975 56922
37086 365377
291274 48292
169134 307873
459597 152844
432484 323155
377465 400309
52188 297103
253302 122826
313738 68758
344837 497961
346024 469775
337008 146085
321565 301694
348568 77592
403146 188374
352949 373372
266701 202242
12161 1292
95260 56620
153473 421206
206669 159197
59599 401285
14976 201329
450164 332075
117272 44104
456959 194332
294684 42529
314954 139675
187641 305302
430910 333343
124802 413917
378376 349759
37063 184813
254806 474673
452766 236596
416810 31199
238051 277832
9965 19906
61304 256683
73484 455456
387660 319214
411218 188991
438406 72224
248320 444141
8646 345983
337756 486656
11722 82208
255882 250981
365800 332177
396299 171212
289400 412715
152791 186279
349657 340661
486722 39397
67546 136796
467670 143812
474701 469943
112850 450401
319480 379338
90169 453578
276629 488428
46397 165332
483596 152345
50562 211949
149136 40724
387736 12453
376672 100458
445370 149753
397796 224549
257880 200275
165166 403273
35529 57229
163563 52253
391270 437105
286905 146020
263200 423497
289187 281962
135609 34828
211906 234386
227442 67074
265416 314624
402970 222831
400065 123427
131294 156192
211399 405784
181880 143990
171158 150147
361 58049
377223 362237
65954 282355
258508 437502
316794 262719
201355 427950
371293 449483
258639 421761
227149 136909
494719 496318
354190 346594
119881 498510
344109 159857
430398 128553
174745 259021
330904 395323
497703 213369
401431 51841
8895 189331
37623 165666
340340 455016
105449 75434
219540 173745
386031 177060
1394 27162
446461 448759
206130 18987
310694 48736
5602 341786
274088 359485
370311 498118
45684 331197
144768 211395
208480 468755
21572 463635
126417 448756
496048 81407
461105 128171
64457 364468
99558 464002
33442 251816
112529 155349
283487 389566
225425 386332
258285 354998
332056 477044
472510 142459
113664 350557
207556 13600
461600 294841
383217 370542
474381 213005
14525 453641
139659 402509
123662 239421
40911 153401
453498 149841
154578 184840
19337 261862
487502 185469
335218 443133
125356 435398
400617 21397
114756 444151
106177 309925
438483 233164
479505 5104
274987 456539
152391 492177
37364 316263
48617 74660
239711 227844
84760 494436
232148 186435
154468 145364
301492 373566
45647 143009
85068 276122
324354 448496
397192 286005
34668 351395
499907 405515
177574 281670
63199 395570
122135 469406
110865 309826
359168 43077
79149 473962
339064 181064
270343 384835
15521 403945
490979 487569
306034 253810
137501 319120
165157 454916
102627 319733
376941 17537
452160 62323
126164 489769
155 70620
433102 429613
197565 350592
221962 329579
456065 168617
392262 52234
319854 264919
184060 489565
222452 447055
314778 24558
219328 177988
325319 170644
403307 389210
424525 190418
229792 217309
8741 260788
371902 17624
385561 267492
332829 29900
144597 360682
323650 455163
306460 347048
5837 16866
90032 94409
86565 365886
162154 354181
437534 310500
487041 241639
156130 185605
229634 6578
244764 69392
149351 204694
451813 487190
431600 133213
233851 385481
376127 293670
198779 81663
89874 168969
408849 16906
93695 258363
388612 217062
327762 121226
56853 188665
94208 158861
107840 383703
81096 123268
123867 475439
387507 373714
408425 4063
105424 327142
314780 212517
421538 364815
220884 3102
8984 289929
419365 43660
71599 195197
316363 69088
413851 283274
202884 377818
354790 118332
487619 423287
159153 208737
69835 283595
228380 162885
199206 40733
27180 399188
394156 491380
151342 325901
344449 165747
106709 135146
204065 261600
107442 137047
481929 216980
269260 435539
382437 95163
123725 30000
153898 262137
481056 212587
13522 326432
338000 466017
494758 477777
158523 95363
171820 4516
153507 488056
284918 255945
71294 44174
301147 329255
439754 286327
94280 217367
338582 240536
111407 246350
36414 283105
114464 27305
409150 56543
225328 60114
323790 351151
55162 399741
127292 161154
95750 76803
18900 310726
212178 349236
355935 154954
426101 494720
9901 450641
424986 125434
452528 235844
236781 338394
240618 218061
258229 20895
210131 68381
241681 353142
69696 131483
49060 126850
338630 498573
317964 198118
173614 216354
230629 428772
193603 288837
167820 88618
200773 360532
205426 202447
450947 471201
323035 379883
251656 211911
7509 225672
248909 356820
100328 384834
236667 455602
428572 476767
439353 369372
118881 51341
257382 214794
112191 147637
426896 39834
202362 434979
339040 304015
296470 89823
387352 41453
142402 119983
163413 440568
357931 351795
191773 304013
351679 21737
92925 276217
255913 448771
357512 241053
490649 116506
483193 432002
368074 267670
448404 139747
381367 260369
123685 123368
363044 100935
123837 56907
122194 207372
394136 405589
27515 94672
240852 478816
374463 133583
350711 457464
15714 436118
181088 67041
82892 408378
28140 274507
293804 291854
490912 261891
94210 331787
927 473788
72132 264686
51174 265414
22043 279004
432910 482537
490567 360648
467486 91686
369885 163975
475309 497436
83779 331049
220707 154776
181122 228864
429497 1977
389943 423062
100383 487557
286637 320510
83109 472063
84094 66044
400814 125757
182240 358859
295097 337400
254137 62865
498204 480372
157764 282089
200600 160634
444214 232298
294016 145026
272841 338406
310987 400789
151406 249593
300392 210770
279634 270277
425915 360482
236613 342635
376086 359213
246988 476630
293890 28417
365458 496271
397005 38390
410821 158452
354991 339607
67450 235799
367952 117242
92206 240909
244860 168672
371128 82407
149254 201211
367759 23441
461155 321112
111425 33153
331096 418475
314691 442685
258848 466300
482421 213974
45626 77067
482587 201195
60462 276186
118977 231158
158888 26911
290578 191560
292700 299474
9248 328716
16682 429652
429774 137986
294888 106790
305012 48094
295778 348395
3584 369775
193102 242929
412734 218796
392221 17097
186465 246923
403236 302048
86951 225982
364873 14083
102388 39338
34570 42303
58281 344468
262302 427994
280180 23203
258284 288283
138382 386198
354413 67238
432047 51467
314438 369374
4825 426879
5549 195222
183731 84851
358585 133491
44223 305889
125381 333548
440910 329416
321601 194428
4461 472503
65616 41290
274550 170586
77506 233542
400626 237336
407511 478933
381104 366149
1471 243411
96091 62821
83223 283545
472407 46406
287361 289512
124982 197128
189807 176424
33949 445900
462125 469279
392228 368322
286145 493252
343580 242507
142254 135368
466467 255992
199697 463203
93813 101501
137460 267424
168064 56322
232919 31488
270266 446277
462865 456728
418109 286786
50201 217936
474873 225006
227771 183061
196477 489856
318263 484469
263214 411834
470831 125442
46583 263003
22978 414487
407105 406391
354581 343326
284586 199751
454191 20007
491699 61101
289477 452952
248769 348789
223325 138450
59974 53813
480596 418793
258082 206948
146042 357846
196525 414343
200106 56333
168118 251641
97302 142181
89482 85920
148316 138384
61996 448406
8978 420578
499115 315168
409494 480222
19507 147301
427800 323913
103240 48429
16103 177329
270695 13553
242510 326862
335401 80107
489663 370077
483502 408325
497049 56855
212815 299662
263906 65765
369971 249745
101372 129309
169129 152496
427422 318170
26366 194422
152764 122044
336277 376912
59798 324949
253736 344265
491789 255853
101003 337391
415250 91821
462816 276880
37181 441602
298673 359669
214427 14590
453431 252567
273385 26882
204154 134084
485658 177820
309130 244231
298433 156777
319199 272890
486504 375175
60760 280507
142782 240133
179528 363553
329311 375214
219432 63120
336569 131455
303030 40026
320735 266422
294314 446907
428722 238131
92428 200338
153082 471405
325214 379830
221142 341852
142614 54710
42314 168001
91466 301925
137712 250788
108154 288547
378129 316709
384266 281228
111559 469469
307914 186951
107635 493536
211733 325168
351366 234558
226633 286036
275049 259484
379066 261039
357713 127099
440097 382171
165506 173427
170556 166863
155929 52157
274409 272041
51241 217409
197228 13565
204944 236522
286790 109729
325688 20720
424771 401642
115136 454202
333623 303922
122451 31725
74249 52416
155711 108206
294713 63702
109805 476777
55383 354471
294448 274724
352897 227422
76837 198794
1915 160508
147943 114234
194712 453482
457515 49253
490559 421602
296561 234637
40398 409998
327892 327599
355405 268579
14389 240520
237656 444614
116730 111889
379318 242493
368607 368861
131149 432260
12017 161753
334782 239436
305711 199226
451264 328594
333635 485057
356155 286352
406572 316711
411332 486153
430075 446236
188723 244374
481127 168678
133036 404182
332028 238485
217459 71979
268263 364808
268923 212365
412525 66212
191178 437525
343241 50054
132413 233797
383910 393962
468555 110206
357563 90677
165808 343862
11275 137135
223216 13544
252337 195026
429683 160773
133597 156609
122193 340806
217716 63322
388048 95326
497180 222285
89256 328031
160170 440518
51333 347817
133384 235643
414617 166221
107059 346716
294635 434535
348498 298489
253533 16608
26894 113929
315332 478402
116412 170955
201571 279552
470806 400684
253816 79594
467119 499860
309702 338738
330001 471545
181515 226287
72785 49438
225774 301905
354731 449864
498427 214740
154543 396729
392108 234615
70151 463538
263576 291383
441063 237661
471125 196838
130408 213964
284742 343035
64147 120621
186246 348310
68577 12830
457959 364855
75329 285115
417569 117002
140573 370030
34690 18167
44536 387888
495349 268316
322519 76557
441584 398100
150193 310022
64546 109549
174795 197550
252498 436386
423237 315262
144230 364988
379606 183968
247975 49293
25681 242788
67456 43382
277819 321620
145892 171575
138062 184152
240820 335075
453224 484602
327643 266385
484420 73109
94241 416624
378595 459973
55522 312867
358711 253017
450911 358587
109112 208432
169637 272223
292559 484111
292821 227790
223214 317714
399489 14626
350534 166516
108730 298318
111897 269804
296727 305145
223735 438738
481286 458833
180486 19398
38207 262669
223171 413450
219946 70055
85068 103111
111617 400988
114246 483397
431535 126277
225132 17545
453785 361259
175173 151168
408043 283080
118714 268495
94282 371906
442031 111928
348688 448196
290645 397676
481540 487905
19860 66688
482079 332935
268323 180923
40832 8684
220478 237809
290906 453964
335617 464061
149323 70728
427201 13032
140615 132790
5492 232308
227703 123975
331122 382255
23497 401219
126522 409960
380936 17468
494785 309021
179895 201572
46762 14551
385416 289380
296334 146362
399877 67837
108536 481016
294309 421649
322779 172417
74387 241672
287444 430753
485403 79081
114563 403383
385579 336887
234669 206203
263324 485113
437227 11700
35432 152604
241656 195519
83562 88890
410533 328560
485571 229622
272666 396919
303106 478486
376382 323463
47408 230445
317057 365015
25733 184435
20615 76603
447604 156551
455712 232632
170759 291878
276999 123647
170840 15009
69149 379886
450070 251027
283529 218583
239637 440912
397139 352506
343022 236483
20791 285515
148493 195831
495976 260710
290934 439984
243187 314183
265504 368410
419417 137177
296485 21222
434000 429054
247972 392985
417311 421511
478155 377537
415403 11300
172799 73900
88245 89864
57724 433422
126987 155985
396208 406333
426092 462081
4311 428195
37359 241184
491137 210061
202554 364527
320068 4457
76140 393073
257199 443017
85352 87645
212492 438515
111608 365242
297876 20558
150500 480150
492698 462186
214119 327765
38148 398484
337862 211961
117982 101950
168360 125129
155934 336261
50657 483551
451284 216394
244284 190853
214489 308571
180616 248214
14511 423208
325745 93656
97864 107424
412015 471750
391181 53313
50271 279434
392772 255392
171330 446947
44548 267426
191035 66748
8930 90478
8220 310023
201801 162997
60752 493691
300292 343533
362291 70193
24157 410732
302288 232737
295139 46193
216947 274400
134105 407707
398879 101123
300060 110919
401108 481205
299398 194876
397586 555
251872 460569
264994 41403
246001 47645
329127 364414
327718 220981
479831 335296
496112 428225
4586 214379
185097 30133
375983 174488
472425 394853
67011 393168
40319 255885
338991 224263
3037 319899
79834 291797
419332 105362
187447 329334
271173 297597
261131 405700
136700 310458
493728 296203
54253 456169
253360 442668
285159 94333
278281 441373
249352 482230
63724 432680
211393 299543
225851 378777
71955 316643
65397 408534
431973 196302
413929 125198
319672 483049
251349 41253
464541 472273
48689 169968
466942 44286
438275 169607
242681 470438
89141 236636
130282 371262
124002 306793
167209 200603
7871 174922
374828 405538
262734 323666
59735 202277
187964 124221
414689 106611
53343 325393
36167 132519
365958 420135
81081 254776
391526 170481
432485 343952
8681 213653
462015 8323
258005 282953
271259 211554
400163 229550
367363 62490
252219 389211
466031 74929
152962 487352
139490 170022
364952 359453
251319 176401
234644 17095
89342 170265
108193 85974
271823 467356
374022 361727
64270 228060
138412 412894
357634 3954
88948 84229
401907 71984
194071 376304
319616 222724
164516 6886
149235 202643
309205 279262
25056 441758
159804 335285
464100 199982
146081 137361
463917 484462
200058 317914
301868 462213
162674 396386
112814 90873
7404 165137
382603 222164
466994 257747
274416 419246
344372 281103
105401 19936
480917 302193
473892 239335
482370 140589
165476 411365
424424 348057
450743 367854
11620 47666
467479 385420
448847 450173
138860 268180
137762 124886
72150 455088
186757 407182
127907 275419
148088 215985
117730 159533
335223 246651
331059 359288
368090 228750
155042 264427
54094 144152
204908 466902
293263 5861
64115 302099
282126 469155
327744 335795
396675 349906
78660 394664
362512 322819
401066 90363
316136 43501
439194 122182
361652 58648
367548 328128
243989 63754
319055 194297
46742 326530
107250 214138
487481 137030
291220 177076
23603 423021
56992 142074
182798 216472
467825 498291
9365 410714
434103 48764
358042 22138
390077 236406
220023 21847
43251 10642
302568 269798
46867 113692
158865 55114
14164 65007
167648 470624
350708 283932
156865 69419
301548 111507
153529 12441
77804 229696
420369 200703
239345 394671
104089 362184
284249 413027
242771 494803
194938 436632
243536 458545
486664 174824
124953 452291
385602 258719
151147 285497
242673 200192
36326 468805
335377 59480
211796 76225
201872 169994
161351 180861
407964 267080
296818 127421
196332 460853
320058 454801
101047 135869
231757 94880
132908 64397
443212 38549
260351 317191
284346 205335
158228 62584
442891 132074
126952 461201
280627 293249
154559 113114
301138 350599
271776 118392
410002 486696
193683 90226
39203 310560
40456 83907
99358 165139
274624 11580
147680 290384
499176 43478
161139 42861
110715 165626
6832 26824
61420 422812
260987 217541
288360 209999
479975 217040
436284 424773
278419 24840
337752 315884
100302 332361
235153 248491
247697 287323
75972 391708
41038 132618
403093 325362
363381 394210
55509 195063
314420 457262
313555 22628
66224 175159
441233 224049
448576 19982
368097 339637
387003 434449
437158 219130
386398 5513
215406 399939
300780 283362
81076 58390
235251 110672
280164 225690
406109 136819
212661 227564
424910 441983
382071 463359
68868 308797
446223 178748
160845 231728
436675 153880
97319 27396
58203 135581
243986 223303
112120 176297
385136 182125
193894 367929
308800 239898
305703 158655
434592 7970
72768 57042
323889 146003
5203 468847
218495 408004
403034 268036
448268 42792
337751 88281
253310 347849
445102 425310
262224 256396
339650 134616
101044 227248
376231 267473
345232 457556
440370 454822
96856 205683
462547 420310
365061 467664
184502 34317
4536 250094
284127 278399
369251 252744
190572 183367
123104 274289
350712 400065
456077 111704
115372 333484
111788 343943
121172 214957
359782 105416
392761 277497
372183 175331
278468 149874
100250 240684
168474 59109
53626 230168
476457 468201
349467 317971
25662 437677
65096 397063
29182 456538
424139 78767
390661 53284
181913 22739
775 412421
303060 50556
258997 482406
190073 109028
47869 450456
50260 180688
484878 485967
485498 355310
242584 10561
196450 361394
338456 458810
273001 191521
263679 324915
472882 496496
369932 422788
367718 299843
55797 357363
491166 246
454357 360829
12360 184845
111524 313917
192946 339416
336328 452443
495152 171109
210723 159084
162900 95099
446843 375819
407667 66010
142561 20175
60950 375158
363427 281472
193975 137108
442515 151848
62506 133691
178705 139928
51530 66992
363968 5126
138969 232750
238355 390399
481161 263997
211451 94456
411048 206802
219074 362323
223478 209016
362269 431352
423597 19988
371854 93943
360696 392581
277313 438490
107559 210651
462504 77194
317330 224106
48766 107160
89535 224869
116084 154719
76614 311353
468817 197436
230816 242814
154814 321440
203525 448274
478491 31270
153889 52445
368263 16299
401840 261322
485921 24674
14484 82694
278825 122223
162279 103247
48656 474576
162144 289311
414137 306249
253498 429129
261224 11932
66612 6176
268541 192469
297489 70405
254804 199756
45441 484522
362871 427136
289757 126629
92127 349386
461941 384646
406563 306144
364461 343356
304959 471305
340629 438594
267095 236593
79268 429528
37877 1613
437022 389928
494617 154850
300681 99091
51646 82381
330261 355939
362024 366217
165788 255920
322766 346185
427051 86269
220984 435343
56657 188850
208288 137089
299585 97382
374840 111307
272865 128588
184455 149015
276184 290019
49201 62053
98201 363370
389716 398705
171875 458483
52217 39977
66779 499561
376393 113626
115430 52982
33520 228249
74329 192212
148822 7156
234118 209938
322348 375499
273825 387486
374876 4958
22788 486730
168234 388970
70862 50645
168085 186130
488226 233979
349287 203445
393128 105172
421995 481471
187366 231590
157560 73506
311855 303705
163698 176156
312867 246476
265209 474766
405666 267214
107656 93538
258839 312744
84151 160774
327029 38776
380455 347871
443148 420520
82722 140144
350788 69804
203127 178739
2058 104597
437587 223269
93418 116690
194609 216617
61966 78404
24693 407626
265668 20429
93749 197029
409964 462916
287886 298792
314260 494328
211546 385054
402897 172077
49268 143624
474806 415092
172270 268076
295187 174223
214371 52763
488611 463921
27446 289840
236827 201960
497640 343097
280216 418680
423094 80953
46973 306420
377152 381373
123449 438840
455828 227192
329173 396954
475655 287419
438433 315296
209133 353365
363840 251852
49261 41245
130907 438641
61729 428093
482073 352962
55064 89946
295902 270680
235919 265081
266671 393708
310350 90554
184394 375022
476239 79048
248309 243512
358443 456844
481338 74780
497816 246440
366497 373536
53745 496306
382959 156191
384131 241330
433573 186913
233371 499823
104601 376641
199299 448350
416760 297428
167677 164089
430903 327042
332722 431313
165413 292563
227076 175974
74325 128073
130326 488808
453468 134524
319910 38935
433741 249585
14867 156449
284902 88216
336331 382107
132738 496326
227536 279280
94928 50296
466240 12068
68400 149849
288982 440967
334622 369444
170807 401114
274622 171930
292210 210109
308274 406790
460088 210031
201765 267363
198704 13512
73160 485237
236812 16141
83709 317128
252391 246399
444577 312377
366063 6421
278542 354635
215208 274582
235091 297326
243789 76314
298208 267283
161114 186036
250186 72330
233108 482141
406004 32226
206588 254157
447198 415497
255621 52472
149540 496762
413658 110549
12333 323666
152665 190621
482081 316985
452486 274984
242463 361825
40756 456275
185870 165372
330701 456063
444863 171259
262212 172966
190831 457688
417438 219913
99844 189848
13315 9574
349724 47256
79935 155686
46946 368875
499292 491435
413132 91812
163198 126136
384355 482109
36006 190068
61035 357200
116025 54170
251248 426614
159540 260831
242883 354692
86967 198245
285046 429550
240143 295520
78859 113286
158511 431899
221691 141044
328472 332338
338464 493617
317291 383229
183761 181878
246010 78632
124870 49526
155617 106137
101243 432946
187280 51156
43386 227049
359724 351135
239944 258423
135481 196774
198046 411091
14258 101383
230801 255281
76306 227362
40125 49281
70090 253895
294089 5933
410748 120364
235066 30145
55480 445705
386761 292460
103987 151065
364401 391399
212624 442811
483521 243343
358674 19684
141030 77839
483178 370649
148575 488079
68862 364343
162630 488883
41811 13
72865 250149
7854 65474
418943 436554
372282 339355
8515 16287
323865 492388
458897 409145
332796 6077
143219 323037
150024 327203
63840 126399
345789 251657
25765 448393
273445 486436
78767 458003
176616 432512
286773 189022
176148 227705
229244 427546
189033 6049
35161 348063
71135 86877
239152 264162
372165 278736
92901 333152
486968 52436
97530 447406
