100 1000
37 40
14 10
6 13
33 41
18 25
7 6
46 36
6 5
17 42
23 32
20 23
30 4
27 11
38 10
26 27
7 4
39 38
37 16
37 18
32 29
27 9
19 38
42 49
5 35
41 29
26 26
28 35
35 47
11 3
50 31
42 46
25 41
16 16
17 5
23 49
23 43
38 40
16 25
27 23
2 3
32 18
28 45
1 1
9 6
45 10
1 15
25 20
21 29
18 26
37 24
7 30
46 26
12 19
17 50
18 24
29 10
38 48
3 41
16 48
46 25
16 50
46 19
17 44
45 34
33 33
10 19
32 29
7 42
7 19
37 11
3 15
2 9
7 27
16 43
6 25
1 46
24 18
7 22
40 17
17 31
23 35
34 12
24 15
37 33
19 5
13 4
25 47
17 7
14 38
26 9
30 42
5 30
9 38
46 49
22 46
18 12
50 28
46 15
43 18
13 15
25 24
2 40
49 30
37 10
49 37
27 11
46 31
26 9
17 44
23 42
19 42
32 36
6 38
5 44
24 34
11 23
2 45
9 44
9 17
26 37
17 49
37 33
45 43
31 9
15 6
44 44
11 11
46 9
16 31
39 40
2 38
20 25
10 42
33 48
42 39
11 45
25 47
49 28
26 45
4 6
32 27
41 31
31 46
17 39
38 42
4 17
36 31
14 15
3 36
13 40
27 27
3 34
18 10
5 15
13 11
42 15
50 36
21 25
43 7
17 20
48 19
21 48
26 13
22 29
20 13
3 37
34 6
1 24
34 26
50 49
48 43
6 38
18 26
14 10
49 7
48 11
34 24
42 45
48 30
21 27
25 15
26 12
14 26
10 41
48 36
3 34
41 49
36 50
49 24
4 24
29 42
35 10
48 28
24 31
40 46
7 8
50 47
1 17
33 27
27 18
29 12
28 5
26 28
18 2
3 22
41 10
18 41
21 16
21 33
3 32
17 17
41 18
16 13
3 6
18 30
32 13
50 9
10 44
26 3
8 45
2 27
8 47
43 48
6 45
39 28
15 42
19 24
34 11
44 29
18 14
20 39
22 35
10 46
48 46
45 7
45 14
17 1
7 36
38 34
35 11
22 2
29 40
21 5
2 27
47 45
12 29
31 30
9 10
29 15
37 29
6 47
40 8
33 7
2 27
13 16
34 6
19 28
31 25
34 7
46 2
43 28
36 21
9 27
47 46
20 44
21 47
35 6
8 24
45 43
27 7
48 30
49 2
2 36
4 37
26 24
39 2
34 36
3 16
49 46
12 16
22 33
32 16
27 2
23 41
47 38
39 31
6 48
11 22
4 1
40 16
6 31
6 1
13 50
47 35
40 34
22 46
41 26
31 31
29 20
43 43
5 6
44 43
17 9
14 9
34 12
34 13
21 35
21 4
46 4
14 28
40 35
22 39
15 25
32 24
50 28
3 33
31 43
30 17
45 16
10 12
35 26
3 12
49 6
46 11
18 46
41 5
12 32
42 33
35 1
30 44
26 33
23 43
4 1
12 42
9 8
46 5
17 9
47 27
34 30
16 20
50 41
27 34
48 31
48 48
35 37
49 44
3 9
22 16
8 18
17 17
14 49
15 16
24 50
23 6
1 36
18 28
47 12
49 32
44 43
46 12
43 10
10 27
48 11
10 38
6 32
35 17
6 5
29 5
46 37
45 6
40 22
5 15
40 50
27 10
46 22
42 19
11 25
27 37
16 49
6 33
16 45
22 9
8 9
25 28
29 14
31 7
45 20
36 2
4 5
47 10
9 27
22 26
20 6
3 45
32 13
1 14
41 12
47 14
44 37
39 26
33 37
40 23
15 32
47 8
38 6
4 31
23 10
11 20
21 30
41 1
2 32
15 1
1 36
44 43
45 10
34 35
41 30
19 13
14 15
30 21
21 44
24 19
5 34
44 38
27 47
41 33
14 43
23 18
12 33
42 20
33 45
50 50
26 7
27 22
20 4
22 6
42 28
18 37
2 11
8 33
8 14
37 35
23 42
1 5
40 37
47 37
26 11
23 31
14 39
28 26
19 43
11 32
13 31
25 23
44 12
28 19
3 41
26 49
9 5
50 50
5 41
32 37
5 43
45 17
17 32
8 13
47 38
15 1
17 50
43 42
25 50
48 7
3 49
46 20
33 48
15 4
25 46
11 30
32 1
50 37
16 17
49 20
46 47
31 44
47 23
12 27
42 6
6 30
12 14
22 39
27 2
12 26
33 39
50 25
12 11
28 8
9 29
10 8
42 25
9 28
37 27
45 22
13 19
30 26
16 17
13 27
29 12
29 4
48 17
39 47
12 1
23 18
17 14
26 29
40 35
36 28
43 5
13 19
9 23
50 44
29 17
17 6
27 28
30 16
3 31
18 1
18 31
14 44
45 8
12 37
29 50
4 44
29 31
28 23
20 46
16 10
47 22
22 22
24 27
3 37
29 3
28 23
23 12
18 9
41 7
22 36
25 43
17 5
40 12
29 4
22 48
5 33
32 43
24 37
19 31
2 41
50 22
2 35
33 46
2 40
44 50
34 21
17 22
8 18
12 48
15 34
46 20
6 29
41 39
12 26
44 8
19 46
36 41
22 18
45 12
39 27
31 30
49 26
18 28
47 20
30 42
34 43
14 22
3 5
12 49
14 20
39 23
8 23
5 40
49 15
10 32
4 46
43 34
7 7
2 19
15 17
21 21
11 28
26 4
46 27
28 23
40 23
1 44
21 35
33 11
25 36
47 28
34 15
47 47
34 25
20 39
13 28
46 46
26 5
22 8
15 27
23 8
42 23
47 34
37 33
47 11
7 9
5 48
47 4
32 12
39 24
33 21
16 4
42 8
13 19
14 19
32 47
37 43
13 9
19 41
44 15
6 48
15 7
26 12
28 8
27 34
31 47
8 27
39 7
17 21
14 39
42 50
33 48
40 26
50 7
45 42
18 20
19 30
38 39
22 41
10 10
14 41
17 31
50 25
3 15
2 34
42 39
46 39
32 2
28 15
27 22
16 36
41 9
11 19
46 8
22 50
25 36
15 5
10 14
15 16
7 20
2 18
17 48
13 1
39 9
37 3
23 15
5 31
37 38
14 23
14 25
44 24
13 17
5 43
38 31
15 19
21 1
44 10
33 1
49 18
27 47
22 17
8 11
9 30
9 16
47 3
27 47
28 43
18 47
7 26
38 47
48 44
18 4
20 1
26 6
18 19
22 28
49 12
32 28
8 37
48 23
46 49
44 4
30 22
45 16
45 4
11 14
50 17
13 31
17 47
34 19
19 5
44 34
34 35
3 24
47 23
46 19
45 50
18 46
13 40
25 6
30 20
25 23
9 15
19 19
12 13
48 31
15 36
44 25
15 1
8 16
20 14
11 45
44 34
11 42
4 20
46 25
28 19
21 5
26 10
23 25
30 12
30 32
20 3
40 28
21 6
16 36
34 35
48 19
33 17
50 6
40 29
22 4
38 45
40 15
24 12
32 8
32 38
27 9
11 38
8 43
21 44
46 30
25 1
47 18
25 6
25 44
17 24
47 19
25 40
36 4
47 1
27 39
31 9
11 5
30 19
42 27
17 14
36 6
42 35
22 46
23 14
25 37
45 39
36 49
11 48
3 49
2 17
32 18
27 24
48 16
36 28
27 4
18 39
29 45
2 24
43 50
1 47
45 7
10 27
26 22
1 40
8 25
13 19
13 19
17 21
17 6
46 2
25 47
23 27
28 10
14 50
27 19
34 50
17 22
18 11
23 29
27 14
5 36
39 48
37 46
43 18
8 19
20 36
35 35
41 43
31 3
49 45
7 43
37 31
21 19
29 5
29 28
15 22
28 47
38 43
11 24
49 7
28 27
41 8
28 34
22 16
14 19
8 34
49 28
49 16
4 46
40 39
28 24
50 42
20 38
40 46
20 40
10 21
4 5
18 18
2 40
25 48
1 39
4 40
15 2
41 46
9 9
7 44
44 21
31 40
50 48
9 45
22 14
32 40
1 9
23 38
23 32
29 27
34 11
3 12
32 13
23 4
50 20
17 15
20 26
25 37
30 1
43 48
41 39
8 43
44 24
40 22
40 37
19 32
22 23
3 21
24 19
6 8
37 37
19 8
46 24
11 14
17 48
15 48
18 25
15 6
50 22
3 38
37 2
30 3
50 7
3 42
47 10
23 38
9 48
31 22
41 48
30 10
9 39
15 24
38 27
2 47
41 14
31 13
18 39
21 20
28 18
9 24
34 42
12 30
29 13
48 21
12 39
49 21
5 2
42 36
26 22
5 34
41 14
16 40
14 2
16 13
17 21
40 49
43 9
33 43
31 36
27 22
43 28
45 16
10 26
28 17
4 50
16 21
15 44
45 32
32 40
2 9
2 17
20 10
21 44
39 34
27 32
5 10
43 45
6 49
44 33
42 21
47 34
14 29
8 3
29 44
17 26
28 18
46 24
39 33
33 1
1 34
17 3
9 21
34 13
4 19
11 9
29 16
29 45
2 25
26 33
18 13
43 30
