10000 1000
2216 693
2970 4117
1111 1951
951 3372
2158 3204
568 4697
4476 2350
3418 3969
4913 3027
601 1082
2231 367
3811 1825
3209 1453
1112 443
1964 10
4272 344
942 2652
2553 2749
2803 3157
459 3938
3687 1211
1272 3933
4698 1895
1370 2740
2205 2051
2438 1750
940 30
467 4774
800 439
1643 2273
468 1208
4216 491
872 4453
2390 3927
502 3277
1029 623
4713 2992
2905 850
160 4864
149 1089
13 3870
2405 2457
2169 3705
1020 4338
519 4289
3290 637
3957 1867
2313 1642
441 652
246 100
3166 1667
78 332
518 638
3312 2213
4012 687
978 393
2857 2545
981 373
432 2407
3750 2877
4657 2431
4990 1529
1990 3633
3570 3959
1925 93
3964 1560
3682 1628
3093 4988
2364 2390
3344 4321
2019 2298
685 264
2999 80
3849 3211
139 724
4772 3783
4366 4330
2722 2121
4560 3754
4155 2219
2320 1864
3541 505
3350 50
2776 714
4377 4097
1370 1922
2167 524
183 3853
3120 275
1785 3017
1080 2688
2969 3679
1475 4899
1902 4770
4210 1093
1537 2684
2090 114
2786 57
2664 854
4465 4417
3497 529
2249 1475
69 2624
4070 2869
3977 2227
495 4718
1901 1286
3086 3283
245 221
2355 4346
2959 1358
2618 1213
130 632
3786 30
1851 1736
3775 737
2886 1880
3212 4897
2092 3136
1047 1589
1977 4358
353 2909
2222 2477
992 2966
184 2866
4653 3783
3224 2240
1374 1576
296 4798
2517 3377
828 4367
2305 4372
3849 977
2579 863
3943 2834
473 4585
3009 4372
2833 3004
522 1278
4281 2841
3004 2062
3477 4436
880 3126
816 1782
1172 1580
4445 794
3887 1543
4304 3378
13 3661
44 3991
4573 2956
4652 719
1951 1588
2412 2684
3605 1237
4324 2770
4164 2396
225 1807
3196 3536
3016 669
326 3528
73 1643
4272 3645
53 2077
2120 4814
3383 1982
4713 2401
384 2790
4118 1042
3544 2602
874 1982
639 1650
3102 2852
4232 436
1556 2307
1531 2330
2357 3583
4272 1337
2883 784
975 4741
1489 4207
1563 2727
4012 1653
3716 2361
1319 1478
2714 3787
3097 4203
4998 979
353 4091
2460 2546
1403 1705
2891 3385
3068 3767
3215 4272
4040 4458
1440 4971
1869 1643
3303 2932
920 4790
3804 1134
4590 3842
4760 2864
137 284
4525 3015
3615 4998
2934 2627
513 4273
3073 1803
668 4281
2517 2196
2607 3381
4827 3985
2107 4013
4713 938
1896 2243
705 96
4593 4627
333 1607
3959 1100
2775 3848
3286 2779
4896 1707
960 2996
2029 4289
837 1865
3009 4194
1252 1681
2148 1464
3825 1284
665 4220
4657 1242
761 3419
3389 3057
2677 4692
86 4551
4175 313
490 1941
1285 2476
2760 785
2565 30
162 22
2061 1030
3111 386
4803 122
4192 2409
4462 906
643 2084
2985 3233
2385 4135
2779 3658
3328 929
1326 2322
707 3029
4381 127
1307 4446
450 664
4258 4707
1600 4353
3057 2765
4320 3893
3843 2940
2154 2784
3862 2077
4187 4571
2634 3138
1070 3763
4302 3092
1533 1140
3368 2256
3074 1302
413 3935
2694 1274
1839 3562
2402 4703
2 2238
4172 3126
2689 2025
3299 4102
743 748
2950 2809
2418 1274
3544 2420
1498 4989
4677 2496
4571 2698
332 3473
386 2941
1153 4813
1380 3959
3469 889
881 2807
321 3624
182 2323
483 2705
4583 152
4722 4046
3366 3169
3950 1789
318 2200
4137 1656
3294 3805
366 1411
386 3635
1235 560
4420 637
1299 821
2277 3315
3740 4132
4299 2753
3418 4999
987 2189
1322 264
2617 2328
4023 2360
1597 2771
1989 3154
3713 105
1782 4564
4909 4845
3970 791
2186 2976
2126 1341
427 2779
1074 1256
4318 401
1733 1664
180 4025
2412 3995
2455 3438
2087 4600
1944 3399
3336 3528
46 4348
2402 3275
3178 3789
3058 595
4406 759
419 3864
2255 878
3290 4813
4998 2115
4150 2064
2177 632
1983 1658
2586 1528
2790 132
1899 846
2135 2078
4160 3971
3759 821
3617 4494
1837 1929
1798 10
1317 2631
4852 4393
4953 3782
4755 2053
4752 3752
4622 821
369 3560
4979 2232
3793 1526
1618 1751
3576 100
1143 3386
2413 2521
1591 934
3388 1228
405 3561
3646 2266
4583 4907
3465 3727
1375 4142
2268 3187
4208 1056
4481 1295
1428 3522
3352 2395
2239 2069
945 4783
2795 2925
2785 2204
2144 3428
521 830
2329 2865
1548 3663
750 1991
3036 3912
2554 1350
3844 3616
567 1275
207 1644
4756 3353
2318 1858
3953 3206
937 4970
1764 4529
2363 3905
3342 4965
4511 2752
3888 4086
1379 4386
4319 485
2495 3245
3472 967
4403 3643
4814 2351
4366 2760
1182 3236
2118 1268
1803 3751
1510 3996
3100 1115
1445 2990
890 4236
3494 3873
1931 1651
291 4051
646 1675
4023 1481
130 2014
1539 3642
2644 4435
187 3154
4165 492
4000 2696
1084 2914
3636 4506
4024 1967
2878 1541
4760 653
297 4535
3014 3922
739 3257
4730 4911
2914 4026
1308 3075
2610 4048
3625 158
4361 784
2515 2907
1527 1830
2155 1219
3626 3874
362 439
2613 839
2071 2181
1465 4391
3839 18
2554 2584
151 3368
1281 4341
4933 2371
4214 1774
2946 1248
259 2965
3466 3837
4655 4536
3558 4329
1281 378
2757 2603
534 2318
2994 3202
1755 4577
3563 2684
1656 3849
554 2824
1313 4503
928 3368
2375 2334
831 1692
2089 4639
2367 4510
268 3746
714 4930
2667 2695
4324 3666
1127 81
2616 2737
1258 4706
3784 1660
3389 3292
1945 2577
4838 2050
565 761
1729 647
4076 3832
4303 4546
1439 973
190 987
4166 4727
3191 3235
2122 1053
3874 1381
3574 1856
4653 1874
2564 3003
928 1355
3884 1496
3627 3337
4066 1798
1391 377
4107 2655
2298 3014
2836 2257
3150 676
4659 2587
848 3956
1590 677
838 3502
1 118
1872 4879
4359 3065
1152 1961
3994 4562
4007 2062
4309 3482
1276 4202
4185 290
709 3686
2386 2958
4039 3871
128 1560
3163 4716
348 4711
4251 2024
3599 186
4076 3412
2829 794
1263 2327
3019 1283
4732 3739
2701 1271
4996 224
4465 2447
4899 4823
4306 1242
299 4980
1916 3772
3058 1153
1670 954
3947 3888
291 4026
2122 697
3485 2889
4187 4407
267 1219
1515 2846
4892 1441
3315 789
4873 2527
283 2200
1079 2010
864 4919
1675 1661
721 3584
359 2551
1752 610
4219 4790
3289 1641
3716 3213
2615 4856
2247 1324
3423 4593
4887 2363
3044 202
2535 1848
521 4334
1275 1115
314 1356
2532 2070
860 422
4128 3858
3306 2398
4583 1945
2033 4353
4682 3516
3417 2300
888 1128
4079 290
2704 3017
2207 3864
1483 402
4264 4556
2450 3093
898 1116
2592 556
3622 1178
4534 741
4769 2329
1403 2222
1168 1821
2013 3273
2194 4816
2447 2842
2845 609
3763 4452
1675 674
3213 4675
4298 1704
3574 1835
3998 213
4287 3570
2657 4555
4631 3825
1107 4643
4725 4046
2221 4818
2779 121
483 1177
4161 3224
1118 102
4874 1654
3944 3827
3914 1307
740 1845
2153 844
3519 2231
3809 2895
3692 625
508 4559
3147 1055
3139 2144
215 1420
451 2825
2146 4930
1064 2743
2490 3511
2036 218
3624 26
1652 1388
2331 4626
2449 1833
2207 3876
1724 500
1893 3059
4943 2864
3426 2583
525 4049
1035 2703
4346 261
4369 1112
4190 4080
4 4204
207 391
4589 924
3381 2498
3205 4508
3388 4633
2683 2907
1736 3288
2336 4796
166 2040
2034 3744
1184 3703
3935 2273
3215 1005
964 4201
1681 1907
4862 1306
3549 46
1707 2266
3118 1702
2729 1002
2601 3351
2591 3147
1952 4202
569 1303
3405 419
3315 3307
1793 1495
1508 3504
3219 2236
1295 2885
2368 472
3479 1894
386 4010
210 2907
751 4600
3618 3496
2902 941
3041 4361
259 2914
4095 3842
415 2801
3132 2015
842 2279
1111 339
2862 2182
4119 4508
2496 4727
1788 1361
4334 4582
3490 1248
2085 3031
1110 4252
836 2717
4553 585
3659 1754
990 2017
4578 179
3545 3853
4770 1830
3747 548
4058 3131
3878 3707
847 1091
104 4831
2181 4351
2776 2774
3775 1801
4314 4224
2543 4489
3709 1682
4968 1228
2992 73
4857 1069
2922 4782
155 4776
506 3829
3706 1683
144 1173
3140 2563
706 1560
1175 1696
2246 561
1311 2599
4158 2906
3396 2603
1569 1232
1237 3149
3157 2884
499 4280
698 3478
4399 3923
335 661
4765 3091
8 2889
19 2275
476 3417
2528 298
1547 1556
2197 2155
2181 1498
4229 3237
2046 4250
3438 1813
4306 3989
4660 359
3410 1191
1005 1879
691 3626
4096 2859
2431 3128
1209 3939
1704 2150
663 1955
3631 944
4738 552
2930 3317
4023 42
3879 4241
2173 570
4295 1284
1420 1822
3996 1085
3959 4625
2776 364
1988 3608
2736 2877
3531 1273
207 2813
3518 4031
396 59
2381 2733
185 3452
4370 2256
3289 4571
4597 318
2325 2614
4445 33
2511 4836
4843 4875
2190 2099
2748 2784
3353 3921
1926 1453
2054 2344
826 4955
1188 3678
2292 3697
4669 2835
4410 2528
2942 2559
2595 1785
4746 403
3584 4077
1053 341
1465 798
4260 3603
121 572
1156 2668
2506 3995
4475 317
3111 2758
4263 3779
3795 2448
2030 4850
2149 1496
1076 155
632 490
691 2593
2424 4009
4012 701
3821 3303
2443 68
3837 2900
4217 1020
698 2071
2261 1184
2744 170
3185 488
4356 3245
4065 921
2157 844
1972 2416
2172 3052
2055 3777
2855 344
1451 3164
4573 1764
3115 2078
3361 977
1799 2297
1732 589
2942 3727
3343 490
2229 1299
4367 3934
3882 4340
891 3684
4186 4384
4997 1248
1745 2433
959 962
873 1542
1864 234
349 847
1036 2781
3054 717
1239 3421
2642 2591
4446 3507
3333 4004
1773 1655
2741 3777
4406 608
2190 4691
3498 496
2431 655
4136 3431
3523 3257
2986 4871
1101 3766
1540 1361
663 2057
153 999
4073 2187
3669 1398
2114 1734
4413 2212
3868 4048
4825 3542
3401 1406
2128 4685
3299 1889
2796 3102
3890 4162
2466 1004
2193 1820
141 70
4590 4158
2733 4525
3637 983
4862 3592
2679 98
687 1823
1914 2001
4827 4784
1873 1283
585 2230
196 2864
3107 396
884 2843
119 330
2641 3043
817 3904
4586 4458
4246 3028
4253 3765
70 1131
4606 3559
2457 2796
4103 2926
896 2597
4644 1464
1815 3860
705 4776
3068 2523
4787 2969
540 4878
1485 3824
4124 171
4090 3956
3991 3780
3844 3796
1388 4171
2767 3740
4284 2253
3896 2606
704 2642
337 4089
2280 555
949 238
4113 1773
199 3711
4203 2419
1560 183
4969 978
1687 4331
993 3931
2083 4589
1572 798
1709 1048
378 3720
1336 3400
4342 4049
4403 2431
669 319
4059 3411
4528 4169
359 3368
310 3574
1279 4720
1222 4910
3482 3809
1166 4848
1959 2330
3064 3035
4482 3173
4674 3926
3747 3639
899 3987
2732 824
4099 4554
1998 2926
2451 4244
64 2279
4123 4561
1971 3201
2135 1730
2718 1008
1438 4077
931 2025
4851 3277
1384 3637
196 1195
3053 20
3292 2055
4220 1459
4093 1747
2354 4452
4591 4683
4793 3934
1132 665
4049 1100
121 3723
534 4655
821 1491
3320 4080
2675 3019
2324 4618
378 342
4188 2244
3132 2663
4406 4262
4022 4517
599 4505
3793 3659
2766 4525
3701 4727
4311 3741
1412 1891
132 3597
3961 784
1777 1997
2339 2772
4846 1048
1547 3725
4825 1172
