1000 1000
116 152
286 290
196 340
307 464
54 57
71 383
176 414
28 63
349 371
426 85
313 48
11 86
456 487
436 366
170 49
418 25
9 42
359 384
360 296
270 154
149 101
193 142
96 249
220 342
500 490
297 185
305 402
92 243
52 140
139 56
305 239
421 48
37 425
58 346
49 302
110 195
386 358
414 397
382 290
156 385
312 10
422 432
452 124
344 12
95 77
299 393
28 349
379 113
149 59
61 65
17 352
429 399
125 96
76 131
103 439
425 500
353 388
184 14
258 4
392 343
228 438
350 427
177 302
204 45
159 290
384 290
72 410
407 132
259 350
16 309
281 87
198 460
339 51
260 127
305 88
140 111
264 335
83 137
495 51
182 372
252 307
28 415
305 424
491 488
285 431
452 447
417 128
371 114
247 93
371 144
12 264
446 489
364 446
473 243
299 284
15 7
186 208
131 308
223 45
437 368
93 339
408 18
131 244
103 110
160 265
485 476
115 474
250 274
409 266
61 19
345 490
464 190
287 54
340 383
406 244
396 61
159 367
274 196
207 410
492 312
80 170
353 248
333 491
416 476
314 149
37 371
326 402
67 301
402 294
72 393
478 221
40 229
144 351
220 417
405 83
159 360
417 400
479 72
414 348
448 353
371 235
8 218
239 225
219 139
262 73
389 193
357 427
336 176
70 194
137 106
40 170
118 385
194 228
294 364
337 275
442 250
285 273
411 336
323 86
61 468
179 473
82 28
371 319
32 271
299 455
361 406
46 167
423 384
143 210
308 198
77 322
11 466
53 5
59 358
42 215
204 125
424 196
84 116
489 416
84 292
462 273
348 464
384 52
401 397
326 331
370 62
424 197
91 151
82 32
265 204
246 347
50 417
319 358
206 270
306 425
136 435
300 41
114 234
6 17
292 65
127 483
236 314
383 362
324 30
53 412
35 68
241 299
208 439
1 155
255 118
40 339
442 69
293 301
376 500
186 16
293 201
109 295
144 152
192 429
175 123
283 107
154 368
409 145
96 161
17 201
280 137
270 483
447 382
109 259
30 60
274 311
26 10
103 378
281 433
115 243
8 366
148 89
73 360
214 122
295 167
434 170
314 297
429 133
445 219
468 277
303 158
266 353
382 413
284 465
68 54
78 367
196 25
20 123
468 190
439 93
188 212
189 382
86 441
26 299
283 120
333 216
436 245
187 83
261 161
392 420
18 411
74 468
64 275
57 10
270 237
72 327
379 244
209 397
465 378
363 27
47 422
7 17
10 49
473 483
124 242
138 450
413 132
474 139
129 492
477 272
366 199
49 218
219 89
115 296
45 109
130 472
273 51
309 221
7 223
115 40
115 450
403 65
112 165
396 80
300 257
222 205
239 282
433 376
89 453
151 311
17 257
235 393
486 102
433 310
98 219
229 192
242 4
133 497
461 460
10 146
469 426
292 324
329 391
434 408
382 58
38 52
138 490
139 173
243 31
192 340
269 441
171 423
216 82
243 428
201 385
232 122
136 108
108 392
257 65
460 69
83 45
267 418
34 92
348 216
226 202
278 106
83 395
311 414
246 176
186 449
71 135
213 352
5 407
419 397
3 473
157 283
481 129
467 410
26 435
369 286
498 466
80 75
233 290
204 373
286 243
360 231
1 22
403 89
18 211
263 267
342 119
158 276
232 170
15 481
490 206
184 4
23 71
283 192
69 399
467 137
58 159
490 67
329 472
27 174
190 354
95 486
337 40
87 392
54 59
301 163
20 72
394 434
496 310
343 129
329 206
374 407
500 407
310 84
184 23
320 32
322 277
420 398
401 15
420 281
131 425
65 351
204 110
21 459
82 62
326 56
101 406
412 212
440 491
482 135
397 492
397 409
57 428
47 399
150 486
411 493
254 469
332 182
44 162
56 379
187 154
6 276
259 294
313 283
4 423
192 67
266 140
24 414
324 216
296 21
326 216
309 477
16 92
2 156
1 264
3 282
6 410
267 210
448 28
342 214
158 291
32 118
427 115
386 79
107 169
295 167
147 55
123 495
375 413
474 257
215 470
371 334
358 95
231 358
397 209
219 265
30 229
89 46
273 401
187 389
464 345
299 164
246 63
67 452
331 231
304 43
9 266
248 242
210 431
369 249
285 277
142 372
416 217
444 102
347 61
475 365
469 322
374 154
422 253
229 235
416 377
78 379
360 133
309 422
117 260
181 281
3 179
478 319
492 186
181 218
47 56
412 29
488 383
90 419
452 186
268 358
105 17
61 218
57 436
173 319
215 123
437 246
106 335
257 62
119 387
429 187
344 103
152 480
381 458
71 209
395 440
292 226
160 43
234 184
298 284
301 491
179 365
56 172
296 336
206 283
216 61
292 464
61 81
20 284
490 308
13 246
182 226
42 473
49 402
229 476
89 333
317 67
207 116
265 52
104 3
499 382
53 108
132 297
345 362
408 418
205 140
198 355
282 164
234 365
25 327
135 63
316 264
35 101
160 2
292 286
254 289
336 318
238 103
91 120
437 167
31 473
410 59
103 403
445 215
353 462
169 465
116 145
189 238
320 125
287 133
445 471
438 438
392 138
486 195
210 449
274 344
348 454
204 283
412 192
10 73
109 140
289 403
293 125
24 109
393 126
226 273
422 73
120 199
176 238
483 158
194 218
50 70
268 207
374 429
307 195
271 23
147 458
358 186
407 206
141 369
362 77
488 494
269 118
264 272
259 83
401 160
181 425
375 118
443 249
118 133
171 240
361 492
75 286
368 150
261 280
451 9
46 297
489 366
409 432
81 469
18 204
251 301
63 469
252 358
500 105
320 482
77 296
265 450
481 320
330 198
69 204
188 84
84 192
302 148
223 67
406 464
387 421
352 427
418 9
500 265
60 390
83 349
181 316
497 38
112 76
285 365
269 77
290 307
488 437
308 465
309 380
16 341
329 262
343 74
267 188
484 40
214 475
392 475
80 474
16 488
348 467
290 401
303 70
478 143
485 127
76 312
151 235
1 236
252 287
32 399
313 265
458 296
375 454
377 162
452 46
364 104
169 365
114 28
243 51
173 119
87 169
306 84
329 327
330 105
212 57
185 256
316 206
57 133
195 169
162 160
392 1
480 495
257 246
320 457
115 234
327 214
211 403
426 478
499 159
8 392
149 244
120 32
368 180
6 209
194 471
272 198
188 192
76 161
102 320
234 354
477 393
404 185
367 323
160 282
1 95
337 227
447 90
107 19
35 478
499 115
465 23
425 211
36 319
149 87
448 107
2 340
351 365
16 309
333 270
203 18
68 64
392 447
36 320
93 488
52 310
435 25
66 32
210 391
101 109
135 400
327 348
215 453
49 47
408 85
48 232
333 307
328 150
291 75
411 265
375 376
462 418
1 304
125 137
359 315
134 192
312 354
348 300
219 485
489 228
33 208
347 88
195 36
96 474
3 61
429 72
255 59
239 190
421 217
245 360
378 81
172 365
8 470
14 291
372 303
272 43
430 64
459 132
343 316
454 143
257 172
53 275
147 232
159 351
254 186
420 399
496 116
60 37
381 191
404 188
197 303
186 486
433 255
233 199
381 450
331 76
180 336
432 432
7 447
326 439
314 60
291 344
193 164
405 71
251 456
244 498
259 81
394 190
425 179
303 331
475 91
16 98
302 348
455 301
13 353
327 456
434 204
37 407
345 282
435 7
131 225
154 358
11 424
312 371
213 163
90 19
7 23
129 327
288 314
421 108
141 376
94 6
442 346
339 387
120 303
97 391
2 275
48 464
86 170
328 16
309 305
328 40
127 172
91 415
373 86
206 1
495 323
285 425
210 425
64 9
109 356
113 377
206 388
226 171
327 359
202 437
196 88
401 491
24 2
462 16
305 319
89 428
177 10
339 409
56 35
304 249
410 38
474 193
388 120
291 258
122 21
63 65
358 460
2 284
349 383
70 434
358 387
232 16
152 85
343 441
270 253
199 323
394 80
201 68
301 339
20 177
438 459
117 36
450 384
288 497
423 48
244 427
238 119
489 460
321 500
497 309
212 99
98 330
361 200
17 483
110 33
114 151
339 114
403 32
118 214
110 498
84 77
377 248
320 113
198 344
374 126
463 197
114 235
417 443
144 158
26 39
460 333
437 291
12 301
440 230
424 164
436 300
35 397
304 257
461 351
267 232
42 488
6 280
368 291
87 435
267 163
305 84
117 222
17 11
418 448
151 302
3 227
466 16
225 395
154 269
380 404
108 479
482 48
159 350
445 281
432 363
244 216
21 449
425 206
60 306
441 459
393 155
104 175
170 278
438 490
390 346
375 62
311 326
436 200
307 120
353 68
393 18
400 334
454 386
310 78
335 399
342 331
123 461
498 196
454 463
221 197
223 241
105 375
435 353
341 406
434 126
260 331
82 97
360 168
426 223
157 397
263 387
217 292
239 61
354 406
472 214
349 186
404 165
103 413
348 268
263 257
155 320
245 88
475 50
213 419
129 250
477 210
5 151
187 337
67 291
56 489
84 21
188 397
307 249
449 165
270 380
426 306
