2000000 2000
718356 811593
849604 453975
462187 155789
288823 727478
973390 663646
191421 420372
826870 715300
99373 725529
807681 612745
422551 182643
103190 592433
150298 859149
381859 721067
689672 562418
998622 807079
804939 110357
528820 246345
597071 444687
397348 872375
851065 428519
119785 501371
199040 483643
805595 549888
859356 673558
340768 938019
369114 854423
712326 114998
432610 101108
921664 163828
670366 28549
3979 591851
196024 228645
247877 169888
648152 245632
906689 137859
944086 839327
737194 29517
219645 452322
378014 679897
937640 60749
412225 322733
398512 799869
476802 252061
265724 119082
591063 332114
426598 235578
221016 110035
496169 520739
292947 549946
693043 529841
379926 338501
562812 999656
142947 23283
604281 840809
293876 520708
904262 405392
213255 781365
667104 434996
520564 542403
196340 538341
769685 362673
5722 858003
910138 447438
854410 549621
598110 104501
31758 426247
896552 296489
491533 956058
573471 609288
60590 35347
626798 445173
340767 718157
317157 50643
66266 54948
981661 350957
237492 522812
939475 333641
608077 430480
480194 405925
803471 383743
491870 30198
265652 729761
1937 516713
77277 319644
924017 902394
788893 487021
793673 824087
524954 516200
793490 322340
749670 528527
629185 261509
850534 932638
660020 300961
373407 21952
911675 3772
433219 53395
179283 740437
353042 6175
967932 712588
898837 651025
488044 822858
612320 326401
694164 619257
291105 549370
579588 294520
297782 559225
525436 782448
453673 288642
490774 634861
799653 587455
970327 110838
966907 382166
695337 829081
682517 40211
715497 842752
456040 141400
676563 925224
835808 947770
263766 149696
295916 913522
751513 449708
568796 18814
573418 759124
118712 616998
631084 779009
596249 870679
488198 555440
622805 593047
890848 676775
313656 589900
867780 516078
672426 208782
509362 932658
781685 811972
432885 456010
762232 762941
480628 728545
677063 883349
397034 673861
135160 850707
228090 50267
157940 493255
954807 848222
556304 163053
359883 380873
377648 154530
599831 496783
250054 185175
520629 236392
370644 397138
785119 508802
544112 273957
427907 785317
211424 446545
744142 643311
404696 480728
575301 359093
95912 700338
813461 300917
76589 482548
210910 254400
592794 257122
565354 943479
678460 544053
186293 178417
655234 286073
226631 238850
34248 124624
334549 944754
762306 404420
108754 554781
608232 446320
994576 65983
968050 470702
567603 870401
519831 765335
49193 767436
405617 324258
97214 153514
587722 103970
87528 217094
198096 816902
693990 689802
276600 154799
37032 216287
187493 818031
124640 662698
159048 711129
646497 448021
103669 249728
7467 87913
775477 300071
535751 506842
734683 233789
157863 894531
271423 454470
56355 985406
442309 504057
839810 785139
737175 117736
809058 526402
253494 864900
236288 58653
424749 506755
524143 568716
990066 207826
309160 741521
203710 665972
648994 75808
284231 258652
120302 337056
976775 343268
638152 5326
761979 3965
180740 672103
848578 4733
291726 215765
516162 986897
445028 492145
951145 580396
289975 354514
374662 450723
412585 613176
150994 454238
521274 499926
496990 531748
288498 238610
44215 509507
49541 521444
976589 453518
57375 775593
664565 513117
894037 674780
395245 452403
854362 318003
176881 666931
223936 390604
80592 56747
956158 350023
51496 856755
329458 153928
908163 586772
375559 167045
730626 708643
529162 77649
927189 814023
724634 153734
457782 577687
68746 540070
877759 774
29675 512077
319072 52934
645655 738299
622444 270792
189106 230372
319944 942384
553417 665421
166800 723075
107172 882734
873728 16654
327279 469847
897379 160940
612387 980906
112083 752665
279459 611822
577904 651012
379248 196989
727007 99950
212045 992043
903145 413477
757779 431698
946542 676252
80004 270809
951130 911440
77437 898263
341898 646059
780294 164034
992667 676303
838670 751875
17133 866662
590676 642217
455359 488392
601295 436440
107715 337046
462346 177235
689945 414242
670328 40756
837507 560769
364604 860085
539150 921385
859955 206278
313427 575776
618410 822441
359366 51684
128780 134229
130924 615134
508949 34147
246494 649600
535948 269481
43482 185956
326094 801696
869154 409694
305216 926623
28001 949273
747660 876993
378281 914895
517766 819865
789435 283422
704047 436650
819095 904382
327231 830179
665203 118176
697339 247636
341250 776817
449264 680320
869724 219497
114017 469465
726931 977554
975 102977
277619 910845
919662 673511
579314 793324
253231 133180
432973 869126
856107 641124
675498 490600
961754 582414
901047 565171
378945 207299
300174 643705
350070 635063
96113 590429
406156 724301
837527 682005
332225 960743
248623 624315
845901 434332
991797 692247
921975 975671
275600 866522
856429 462544
734494 815702
892159 621180
803468 475736
74639 277086
803226 459449
496640 985820
439881 868862
919458 298915
996238 921250
224134 245643
504314 151437
858841 105177
418744 966937
100429 692818
212114 147183
206137 64238
334124 673079
718664 426332
580418 107770
695098 225038
46093 42292
647338 867816
642965 566596
363654 503075
498527 58971
75994 410758
197182 656558
15219 238450
312935 478313
331867 512546
811696 815964
706615 898398
781737 844925
994894 655823
5298 201014
104344 774878
114682 477788
463820 825231
190154 716281
226952 461596
292337 20794
661969 959720
341746 468985
613898 851782
355111 373721
935991 233263
609706 779000
456363 119737
278532 517002
824820 63680
142144 977746
714967 503986
108753 24385
412274 695700
352400 927319
43133 569904
647634 800451
212199 863476
598724 230617
32757 171173
646282 582239
501681 849459
195417 139631
966078 517151
438814 584026
655816 117680
432814 453749
584274 881813
372065 35127
311452 582651
645336 457705
281715 731852
239833 96106
429799 273456
527078 639496
718087 309364
841525 736474
232117 40534
377189 907252
730176 961102
886620 194972
806224 313272
699772 68152
492483 659715
869453 545444
207682 897956
899083 673886
293833 501178
306794 3465
720210 312332
201829 507257
233917 336018
925580 954339
631652 179696
630415 48174
99524 858311
541432 187255
911265 913710
47469 998754
737528 258987
829295 78883
693190 868311
441536 322977
481890 217224
647936 158911
892949 582104
480472 872369
468662 144213
392777 293624
668471 941009
804590 56788
384780 158159
793805 137097
475345 855093
599273 803401
468128 540465
748399 757967
241357 414535
154439 871606
913552 308381
513854 982275
570437 963341
926065 454315
306134 176206
982202 604921
61110 787134
148903 728318
176006 240064
823412 72429
56976 843455
455403 255903
281228 73776
360778 271274
824476 850790
371520 378549
814499 14239
344415 549024
930581 930496
10678 342642
952155 244720
801874 211560
155987 177818
267037 240650
16629 309578
345903 161962
320183 36709
60020 210474
822369 456009
937320 276985
517540 175122
288846 877041
484036 816323
554805 600019
112595 110922
360924 97612
683572 648117
661428 984293
593773 1656
671465 148696
439592 911837
837810 512505
782626 204449
454654 548166
965394 946460
706783 288198
986631 373872
257727 709424
477382 824438
410279 258322
319622 558075
317340 285485
596267 387810
296677 871298
86679 595187
519546 704290
847282 754505
752025 423510
841152 610801
115514 210989
794861 521875
295084 747334
106142 736658
351262 570806
896208 145845
537090 666109
446123 18246
911480 293225
334800 560680
302078 390678
622104 224294
550799 724798
105077 848273
894306 733448
901041 689572
64943 548416
455437 736922
872148 626421
390320 762314
437942 604172
963561 935596
741621 281480
380585 519849
696486 436297
499341 721644
423200 208376
212591 57526
193359 421234
218312 57942
740386 983236
83138 49941
543204 619071
84992 975818
426940 589326
950086 409347
393057 172820
847350 293829
517707 885495
198769 706608
141192 126630
565623 757212
296088 232054
711245 80875
154050 296742
582487 198663
491844 479345
152284 283338
512545 176355
424716 68021
301867 965660
195999 230505
568754 538960
407589 452735
607414 639198
890609 632156
979802 583748
461405 699360
958069 322846
305574 10016
845637 193798
123565 201868
292812 494393
102473 322242
140741 819177
565358 641048
149747 439531
916900 125784
248798 927853
165790 203093
83564 707781
379679 597229
563523 842317
43036 657714
455060 133959
806995 274786
743302 861811
516005 63080
214646 444043
771028 119925
198773 660266
951589 57440
99274 629294
392410 661789
841559 452272
885587 994196
766650 469384
952191 971499
466285 862815
756532 64934
630648 884157
552907 564705
635186 631143
313435 742754
372443 672806
91028 772120
964980 782514
44201 829116
654536 961437
493132 769638
321652 763252
358815 917358
55396 419157
670726 448666
910801 333767
213586 663490
789749 175292
356977 304042
143295 713402
386529 373715
610966 716104
242228 854546
720101 764572
840159 918985
975030 800587
354953 645844
8988 623364
192068 458731
620742 138083
531842 655636
257934 680853
994208 964424
953627 319226
310837 108598
101878 57372
204043 964509
216364 28816
372647 868730
535827 811928
848057 540430
746241 795881
635191 376915
314126 45776
820730 549323
145560 650161
12697 315658
242660 98246
254032 542896
164814 211929
706621 128355
983468 142012
384937 461097
876459 897176
927610 413108
908124 233797
78240 723830
591459 840948
805334 495585
380023 773535
886562 767448
29308 112468
765763 349536
131877 333331
453886 682800
690419 899321
612069 102589
823820 571338
242655 388546
904475 245026
287545 150942
436500 187473
710705 963356
862991 237132
581050 570436
633377 177104
710014 158399
105800 158862
561200 124902
406619 926672
173270 267324
42654 174033
537017 101402
971445 694073
359514 973983
740084 554497
855121 158977
948403 837996
700618 442340
144203 299291
783454 712712
52887 780527
844669 104078
933627 233277
739375 101317
258217 365607
425952 190135
785152 469882
732319 255116
994211 817138
822708 410144
644775 873558
398354 493872
824708 935171
278446 17208
33455 727379
132372 826933
307057 75565
491614 153677
525405 504433
373932 228942
582771 272323
392021 631261
75974 305102
942728 692750
29221 800014
167606 79050
142167 790612
920335 52552
320658 528340
357816 128376
219536 912525
66926 613472
601008 556380
254739 129054
278184 923595
538843 594669
595666 185797
38525 493717
194164 530139
461530 412928
658139 865719
585561 951979
750330 894933
490501 623011
524796 262093
710541 492192
997398 868747
347414 897306
826324 951856
223602 145834
920169 672986
414362 725326
668934 747678
900858 422288
447684 358439
111906 357773
257714 177858
448863 632905
674910 226367
107253 445536
793614 928439
488327 316400
413444 734387
71835 858417
884864 415504
881458 195024
659547 182942
997088 729635
872021 512238
511246 43955
383335 65380
216880 672566
460885 897304
785377 577702
554713 392908
882015 30993
902444 507480
960351 899076
888120 83383
904835 682417
641273 448967
127459 477995
973870 24570
98640 337219
846742 888545
235233 738722
432784 149385
893109 497536
806012 139966
674038 312446
703151 384164
92681 919314
494048 292551
688575 898666
668193 465013
286383 948903
841111 788880
754708 265858
411532 103754
273957 284006
496276 627089
331362 501915
459348 859991
763680 756245
907914 86293
662768 18223
822655 293400
546747 877639
475459 656426
320150 610047
566209 188892
77243 475026
682347 971110
519563 396533
857164 579669
492540 724368
999195 445415
877468 438920
63384 889262
125907 752104
978910 160504
516884 201837
486501 597587
520767 854869
90837 525160
935413 257052
792894 657046
551773 972876
534039 564275
529394 141306
377736 295178
951272 397208
250357 260686
964499 653888
485044 735145
427001 308827
606864 412825
687469 952814
819263 23782
32641 528451
732047 926461
627061 678650
719988 300992
66760 428318
263139 298419
154776 994874
315803 717477
906553 610950
102651 497412
377091 612317
141601 41622
354929 697937
337405 212442
357586 752984
132448 487576
935672 808617
486289 972891
437658 848188
319761 650426
247827 270725
614163 969007
702641 620493
395078 2166
383537 47922
157548 878884
629214 946629
565845 627503
259254 706585
318815 458130
232868 901110
80857 260595
509147 362448
349686 525704
779891 275358
59726 650021
919626 889471
818348 583156
737264 977766
238925 922913
861588 209662
829074 934633
286002 573863
396878 35255
319579 719877
759634 267143
8074 484380
616625 942061
680369 828037
4669 359343
515962 571079
425206 693012
214192 929115
308441 247533
176313 615355
395549 766698
966174 950656
434564 609128
699187 319307
618712 828868
546151 123392
59234 101875
750214 429140
262107 837621
960207 829901
689910 527227
213154 976737
664831 699377
776890 289721
991893 681749
754907 990616
2396 5821
217692 429263
397848 102217
913165 898351
186667 792710
772059 16685
294233 605515
790381 156335
382673 233450
712821 40614
71553 665798
204262 585602
620338 770524
446119 978755
177977 33268
617042 717767
709994 38977
302222 318249
978876 463091
175201 866618
614370 567505
606259 957904
283768 294973
67839 176743
377251 432834
400323 797070
568900 887516
697415 570881
962707 335918
569750 924289
707493 642912
989360 694952
182782 192242
271120 778893
829834 737337
918782 241513
416391 779673
871332 669491
447138 635272
209356 966179
411405 289944
748393 658032
76783 66484
497779 61171
972483 809677
400975 843361
54670 376666
466446 468198
456792 630936
556916 193068
740809 25128
456343 966724
294852 879417
885401 954380
570891 922147
672118 234849
617634 477062
323285 208799
104348 224094
741017 201035
134791 727586
746270 498452
793171 285077
135179 436197
844192 533683
269837 551071
544993 129377
836423 524801
529047 300670
345678 200927
577274 61922
99046 461079
667718 660368
362711 895832
623939 309555
337342 98111
619220 611492
197145 698678
473062 391051
268483 168598
63232 630265
605364 948961
489602 238630
619202 7301
870533 129552
106397 617303
700371 941009
196926 942488
919361 425865
601029 905229
414860 63391
707370 454397
346259 766856
499639 329905
37894 80455
438106 106636
921690 445779
601441 309306
347346 314708
377788 397277
582255 248450
899071 15549
252669 468552
926221 843124
87254 782888
145358 973624
724574 493375
840043 851215
463586 524446
762486 153358
457613 113015
432119 546673
704137 776880
881229 72158
714434 144837
435458 990743
197655 4925
279484 753044
292231 462809
764235 548252
493010 215010
633012 47904
384228 272894
259685 393926
45114 781511
711987 6776
592998 791005
908143 59358
456612 461370
680152 903260
905891 538209
571548 440537
277601 858716
406570 177170
255121 210616
73629 938398
944620 49776
736833 732897
994728 238579
976483 457545
628850 120606
760645 32507
670249 763708
940127 358757
180420 906949
15793 525801
223393 323096
844414 710197
607943 691994
417293 645906
746592 602070
437932 157170
897477 885489
289870 355551
760506 569774
778818 830364
877673 585708
656953 788818
896043 931783
789628 595912
458271 602567
572780 58080
478408 466998
938237 612142
247449 973964
930894 87178
748925 597121
262034 212189
156255 340383
293575 594008
759436 611790
220955 319918
202641 895033
826447 39401
4120 759637
95307 326525
246462 899100
295044 232942
13874 120673
781378 931070
503664 950331
532891 662322
47277 404643
70915 801874
945445 260850
757743 999881
733345 177157
576324 73356
169824 545090
389839 378387
866528 246889
20861 544462
572038 659515
484503 24234
23847 260570
270443 551540
879284 926206
214790 53785
383724 857892
508730 861513
278390 319693
486016 557960
596198 415175
893859 767543
719744 171513
733321 48845
421899 803434
779307 877090
345862 850407
403102 174686
161514 317834
180158 55123
123810 730521
3082 94516
141602 130809
828438 452941
556493 67085
245198 834264
219486 197951
386149 216361
797081 844569
808355 466862
383060 492241
945125 309070
44806 25483
198972 742995
383181 543596
395106 664902
426843 901177
347684 53
88374 439182
5742 604220
565215 863878
428167 496797
754026 57045
717224 251186
445946 754086
869025 156158
180209 720798
603541 381709
5475 788882
142360 874791
367488 501178
921880 15808
202620 952227
298324 340295
791748 996283
236352 746678
256780 462726
316508 464814
642452 793589
367222 211866
835354 869753
205997 457201
191782 341024
349439 683901
686424 642520
702865 13578
977926 355778
811700 234575
690514 575652
395384 653062
792443 723891
784485 385668
904385 256270
496943 775382
695805 122088
381755 122123
749295 419243
395909 248016
294978 659205
222089 927561
401485 264668
536320 277370
379829 281470
704217 221090
878906 999104
88605 411033
443203 65114
263959 507761
522871 570783
794591 824653
282357 207692
103361 163798
579598 681140
431323 390045
764333 580175
286581 926527
27808 577674
669710 469609
376695 600853
814550 204735
620912 485612
685830 224954
246873 168309
964724 974403
455673 71039
463367 500143
295982 310790
541923 49460
829728 152236
433577 14256
497347 895708
385696 636298
259157 726921
744723 422095
825882 998612
348647 170272
366000 493912
361357 793417
169338 535644
390853 614523
872411 826902
757267 999533
8771 782098
160141 241546
171151 246705
709931 459273
336870 600919
821444 486601
980747 679434
58344 62480
793896 252422
463037 376093
926124 80167
767620 377878
21583 223982
411603 808951
32142 192526
15132 672025
413423 477701
642554 938656
625019 262936
56078 356454
221371 496631
432705 322679
216216 284468
277675 242472
215313 262143
397210 737108
21786 486207
419357 482468
360222 297856
713759 101579
887061 374327
572674 640679
49705 195136
695251 169492
710235 789220
56636 328131
817909 77924
571498 869834
240929 862633
121511 446443
549756 445821
451982 838352
690263 416518
804672 101677
652630 635719
167503 500767
755743 408027
428593 96673
110397 482662
74246 152017
720059 678933
830484 666101
780850 609635
486717 673939
794012 502525
785733 342768
696845 589418
577569 319721
851328 61949
654066 824684
777360 219327
948654 136303
536760 964176
829594 831258
374481 313724
872384 998135
600222 690136
697500 761712
841013 105540
816543 707389
372938 342082
454339 727103
293804 754608
179756 907536
394699 620823
465000 951074
533614 187281
212334 662912
315109 550165
717895 532603
501009 191146
397218 990379
423639 695623
471929 428032
949076 632326
315640 52977
504739 545746
290315 946076
308483 958278
577725 546017
825960 757379
213792 713790
671466 132771
978644 224661
852837 328422
152502 23555
459479 507310
884259 227098
138960 452123
573152 760726
833029 393240
379468 129182
953560 619516
395926 514021
31606 909687
390402 415974
722643 985140
622026 207376
805812 399455
207440 316661
273532 572749
627581 100426
300988 743381
350368 590072
843746 610969
790455 692255
774773 885686
192215 933872
751343 585660
339481 657059
257022 209421
512780 466074
303376 189161
365479 941224
891917 415215
957489 447860
366434 820126
673953 393567
39138 451198
742584 994838
757603 667597
69697 702562
33219 581296
913909 289796
567259 432662
52024 466621
533380 327195
107265 64423
364800 395162
552059 849948
887788 988382
514836 262105
400435 616362
316559 279006
700092 883846
148286 987804
985352 909021
200756 379251
668026 187698
24705 840527
935797 716532
995635 802147
20437 224839
726371 67292
457526 38325
546181 143285
903202 712784
662481 791341
627506 119629
660889 53189
422786 718734
942434 110972
598084 932113
146194 913559
20389 976629
51341 996573
679079 267388
970861 229664
224392 443058
564109 565617
745229 988954
466034 712301
316267 672115
869781 183115
395973 794149
142302 413875
372019 364079
391983 839845
618030 64614
697143 593247
377140 403057
583072 552506
302910 668691
118636 514390
415767 853262
876900 830727
678211 117558
426902 129510
835527 854298
745880 482629
341144 978726
959816 730280
880284 953470
19655 926453
437070 384142
290810 630787
533644 294838
453889 424178
513224 587728
169364 395348
108424 170285
160812 822239
472650 999103
142084 179731
530455 78258
931055 874517
685836 594299
778724 727145
5530 875198
651889 871880
904742 517659
52036 162480
223806 774872
905739 957440
635267 277797
568465 46766
565214 754980
816429 608883
311300 383167
814071 638654
481043 988591
573728 568046
323131 922446
814122 560527
820309 283706
794818 376414
749934 818872
858955 823659
496725 494663
432790 619282
553737 938949
504599 34651
991907 438534
128215 272591
821718 986507
994026 682422
352986 327851
654456 17508
322589 890696
586290 129148
662903 468988
829575 388757
464367 437757
895512 911022
142483 847936
760608 245535
718865 92926
894161 443010
318910 950048
405468 867852
581512 439919
756866 517503
111097 698415
70773 303049
858806 883319
705086 82968
837919 703804
495553 769754
834872 378886
176656 757252
193506 920553
774939 601739
49045 462831
679526 885980
792929 486223
454134 474788
974537 803367
695493 54201
317682 58877
211246 422067
282845 932221
873304 996188
606818 197267
956818 712307
180805 318995
237436 105185
96042 923233
402046 509422
927664 963839
897230 939428
309983 605698
140264 776728
696887 482135
898863 808994
172370 546879
725328 625661
994426 658914
851696 457289
511636 162449
824305 232565
585405 735113
957977 735125
30495 650585
869736 622828
113187 810162
240862 803202
908756 592251
309804 118504
509021 642740
320407 454363
240688 325212
355172 546414
639871 208580
821397 502229
783243 78257
130416 695590
270987 556517
305519 982565
156992 440408
522985 103980
714747 415121
997526 820920
304088 209640
291498 383531
318540 984172
895546 240724
898480 975414
185719 189783
874845 39705
728692 624536
653554 108223
353864 527875
634286 149591
955638 502296
802807 689786
918426 916048
127383 195459
830105 697259
772095 220767
259587 152288
167953 861309
892142 921956
527587 288409
101763 479908
910081 37668
750407 245626
630673 630802
396911 259679
533709 390383
998489 70804
213256 387250
177696 16835
263609 703846
58154 312297
946631 404799
658578 532695
560603 727556
169709 881915
810603 419840
960329 211428
82210 518592
304134 886906
722532 730500
291390 858776
717124 427399
116138 133009
567443 553044
58191 79027
808571 950629
374044 805075
429208 532544
10865 711068
966374 867977
91090 195441
156496 184516
902473 44859
696709 193705
101708 383479
696102 38105
801466 995198
741924 57486
523010 241329
972870 913198
165945 152635
822083 728885
65470 3010
633024 900759
512570 884389
49851 740159
508825 728310
714870 552660
315862 378755
790821 61590
608527 767575
692255 814950
178335 965343
645506 333482
735457 502398
595993 656534
864402 738753
319658 212778
170582 355837
830948 267610
524872 595139
102222 897386
105241 749538
896454 901643
201389 821651
93282 59163
372558 260687
819099 702403
950961 172720
937629 868485
268939 653747
159533 254969
396698 149789
853053 591875
381632 416735
71723 846604
169155 553086
321331 206315
156024 978951
120839 284155
551520 919518
520784 441583
365352 131833
459689 306630
149173 171691
408869 570866
624109 966690
158168 910981
263186 444826
494543 275221
95447 871435
742988 576659
144042 740131
509094 539045
523843 92077
693176 706976
578848 643135
315747 565416
952418 203180
918767 624309
412725 487495
797098 5953
940738 605307
343017 114760
182078 924338
907028 590506
983844 826411
991092 933301
21844 785593
868527 113690
685245 808968
380517 488791
654109 92223
201251 742898
93002 124917
460798 245580
584922 7422
610848 819232
384978 933602
377330 187727
294083 568824
454002 442525
443088 95429
30065 242665
163717 647176
856125 227327
508381 752830
147081 814902
657582 23708
526316 673022
66913 534884
801586 998559
654433 593065
126583 634879
605371 842472
457381 913126
319688 854654
863298 167950
52477 341919
487309 514611
589985 666385
18109 819601
860722 44447
403254 110357
755348 929885
876838 160557
89354 975659
773462 3712
323786 893772
607204 567074
843484 542511
118689 717335
333147 854626
479118 323794
900633 90747
759662 705362
331247 63403
203492 923362
524675 92095
621552 852057
185941 36172
276208 191061
948968 589088
362019 69294
235928 756296
658197 586447
884818 66549
209865 231274
271565 238343
259477 679399
379577 430277
98507 658083
680239 741953
663636 19072
597245 471490
609410 486625
309339 831338
321053 13758
820187 529211
966900 267228
494065 110841
543003 608153
305241 270174
278718 386002
257829 292469
204597 209118
686077 36394
459154 133630
255254 915623
710487 811418
773812 449857
423171 114035
592294 140173
850984 354382
451589 238435
885166 183664
467300 427841
456612 835256
670578 888878
464692 844305
699965 226671
356926 729136
153012 928921
87047 762664
919420 483517
36933 386965
676480 205650
389350 820770
660306 182047
515882 919983
394035 20795
794841 207375
176956 952948
666361 445197
897415 376378
122396 485446
877273 684167
926232 187451
509470 129220
811140 445522
64421 731561
116409 645187
43337 737725
492704 90623
647075 865782
631355 114240
417304 410452
422499 748486
820454 483465
160229 128647
998818 840951
399648 946924
271538 418531
935542 757733
640343 859314
304737 765764
510919 360930
853332 68634
213566 803665
406678 67487
548955 630928
796384 224464
646799 85829
237081 8540
834351 681094
904259 829775
371768 127394
343721 678223
885050 175297
172681 636312
863281 193288
756348 583330
317176 254403
962166 797461
678616 350252
755829 883861
511553 445965
332672 815156
60150 987947
263427 497122
838768 877118
348518 239016
230681 283235
699358 718548
362707 260891
194128 613670
614882 501419
571213 760929
742441 443009
524173 455278
148031 293580
736663 944876
776487 339334
761233 696277
828160 394037
877104 948420
836439 395576
440842 385628
932485 153031
198008 464650
849289 362516
566355 941990
275821 444459
97360 533695
968425 401533
699097 358495
712994 911354
896390 578190
616997 741832
228515 730565
592065 627520
750725 879569
914325 876081
526280 730948
619486 847036
108718 383060
416302 30713
922034 759438
185174 216640
156509 730058
579498 978867
752212 204101
201187 710987
489649 719479
400600 849644
346748 515108
671326 923655
61382 363107
223487 900531
185380 110634
94190 940382
766546 188608
176936 585630
686332 104090
420463 687262
535545 506649
893874 395112
394589 332786
765553 625722
641359 183029
238868 632248
305938 198615
91004 195711
152264 398159
407726 981424
355955 276088
977715 824045
43296 890908
438160 141243
179877 430773
72281 422131
80504 44535
882355 940866
386239 9205
912592 668399
633769 951047
887985 302120
394989 813605
85940 50930
505687 444190
469866 26888
350210 327369
828665 280353
835804 973692
483313 221374
402192 635957
620139 216897
172559 923430
393011 314204
927960 540270
510029 135769
668950 853014
221440 431346
156175 401245
33761 591885
629438 465769
999389 451992
411112 286839
324878 942064
656394 308018
180702 189996
728192 550831
654219 409427
711312 224835
323552 858632
868232 169571
634578 301020
826411 254054
795695 173477
523759 901358
260393 49338
115796 544887
869325 250063
773971 166894
511553 761356
716317 176371
920404 392793
850608 340748
103307 230005
237009 547081
182649 258955
933502 100088
388460 214654
397605 541422
676869 250069
383312 123582
570778 98697
895716 474921
938113 134442
203062 543793
390577 736643
582197 148526
307637 396684
497628 676250
53304 274647
529519 220573
687341 110418
881543 960115
573500 985592
189440 200855
754226 149202
375542 857437
69820 487432
662492 165157
163314 77630
916931 571589
282717 416391
479593 262627
269914 22007
946534 158299
212491 568387
243613 262365
125557 166356
112646 307819
68305 110275
206396 53212
562879 474542
478543 666944
927445 492801
530190 46524
996387 274580
2454 998921
878211 883854
958613 259857
421495 279494
992013 375351
576 606417
110135 788543
496219 940668
90132 355734
595892 725717
859983 820101
529598 467091
425758 884626
521068 876772
306798 980036
549544 493986
468000 636176
859794 482534
348028 516676
362394 854400
898120 273776
311358 752233
408689 876350
