1000000 2000
417664 479565
496140 163259
137574 208238
341764 391634
458159 4429
21661 436648
376043 173399
125645 49318
91239 474146
377684 26272
91794 337127
346048 214325
415962 23204
104786 63229
52678 291371
151082 357780
283310 38749
494862 52544
405703 337596
73954 338165
156328 53525
458012 374285
426411 466903
402581 260776
316024 256801
425072 294718
98765 461404
313063 343704
164053 33778
40147 174408
145381 340590
354097 328919
250751 304214
17231 298437
421598 153033
333224 151053
280813 322672
306821 471786
34871 458654
419387 408291
270898 411190
311845 81125
178124 135070
465643 362431
1477 124593
137049 151721
186921 428132
468029 73123
210971 41034
330254 359135
212314 452588
199540 391490
12116 445218
342115 280277
395810 65577
86734 84513
217231 115724
368484 360997
255724 57677
183433 495354
306559 494380
400017 234279
417577 149188
158096 82481
293395 74728
363996 242176
175152 139134
278609 234844
2618 175937
153070 99851
211974 146432
355518 149695
207411 275438
386946 18541
218541 299264
225716 237996
417460 104350
154955 242975
61782 156965
244053 483866
376574 430147
119933 59332
304265 497400
162119 76563
355399 181766
237285 41788
49727 161452
483308 457298
258196 214298
127637 234836
384479 388164
436568 82593
480588 145667
287192 465258
358994 250465
256127 302699
18661 495301
87024 172413
158917 363581
276760 489693
82952 11780
353031 115777
165333 400568
16104 116811
360724 243399
295195 438406
73825 258248
6815 251947
164003 198489
210321 20845
433503 216721
397907 203009
42950 266197
424203 342434
408232 194246
314105 186390
498893 469745
183922 311222
466134 139375
483167 428630
64415 381358
212485 166185
187256 200889
420027 56308
131499 313081
267079 438710
424004 470538
247949 409571
221289 22018
222659 150126
159265 116937
300475 405078
280306 476525
92084 201377
359516 451841
14485 337937
131248 465201
368287 379674
174448 297018
119907 434776
333519 74281
184434 109275
231157 266752
80007 86683
16284 156536
206543 90989
388869 305895
390129 93883
266225 95773
456614 81377
474760 150316
179946 166155
154518 406310
61125 296413
325617 359390
396873 199679
10249 273535
433688 453945
292784 23149
281101 411574
68916 239427
430703 13588
220432 127595
238956 483388
53764 316801
84915 145549
304854 229820
377537 170680
162249 364039
82755 93820
81484 350452
353210 84173
226897 321589
26502 157587
309227 143115
175196 493278
148887 353149
343263 478944
172323 438319
25118 43348
44625 233852
329713 317504
30504 382468
177136 14913
428531 320155
89427 100893
491968 232354
78014 272023
493528 362047
67947 216727
224609 113739
391424 55793
401487 72057
82092 198414
103350 381056
338043 356863
68795 360883
389312 384260
477844 405248
392570 39904
452722 212773
161574 352883
346997 396297
185456 142628
271854 191980
321241 189582
404126 102583
284011 30926
17681 410022
335733 465971
26692 132983
140139 2763
48317 493830
299919 296151
32669 408041
145270 453388
392301 435736
127863 445390
271354 406115
378251 48776
430821 284846
310875 334779
104090 484556
90280 140775
438803 190487
120160 54060
211192 411181
493630 153567
154621 426514
408993 491930
149184 179156
400919 265118
77018 404516
408094 96692
66071 62771
34061 139495
338193 321696
335794 492663
37780 120360
433918 203987
143174 253059
240718 437677
226092 82092
247197 163479
5740 326778
335315 165277
14031 80344
327726 121283
282381 247823
479467 122249
459116 276975
356309 350679
129755 89093
206105 461408
386555 275037
19294 426161
27517 484096
498873 237179
258402 133251
404582 140181
292043 4704
150587 494331
351092 219775
415123 499344
489499 420620
454188 243900
425572 253182
98998 424837
1123 124249
458338 485012
5173 388292
114698 386426
400102 497492
186326 365585
355759 10897
149387 423516
100605 242177
430744 148147
259833 325729
62430 209830
449969 202651
280367 81749
399254 292142
183048 224217
326010 344577
79127 216456
464471 430089
299675 363963
328195 458875
84229 163475
447491 99860
123281 43681
217097 108430
424713 344725
6098 126292
224552 400189
387603 137596
211724 497712
446298 452784
349439 495002
446674 187078
398298 404385
115228 80190
38367 396398
54803 248283
229681 306445
167718 189468
156792 247762
188703 126910
137482 20760
31846 182180
14958 151338
112784 351524
335043 15762
150509 400189
145765 91466
66373 264517
416783 48603
457067 83444
59911 106371
197741 404804
373764 304633
420959 409460
222200 227619
202852 168041
276661 440138
310261 362634
311132 330366
108890 492042
468099 491832
13534 127441
177102 60905
232863 224329
171964 267497
167694 11584
404597 47995
187381 247598
355548 457048
389929 180201
30256 447677
154667 95009
78453 203145
419934 146530
215563 244565
31384 28826
121797 425596
39965 232876
36939 133701
202485 67013
254845 108905
387750 154052
467487 42682
106472 141017
236823 471068
239333 91633
231858 164679
184143 207223
349672 291458
230130 55500
237967 377345
391943 72316
276955 237850
39584 311121
287393 28771
34388 428875
427498 39737
263443 481861
319700 368317
370514 83981
165578 405202
418209 213000
450136 203508
216272 419022
236999 138629
99845 42349
82625 303317
71880 173162
227265 274333
326069 220653
16415 80631
342158 409041
55068 476370
49984 103931
272729 214501
383675 98388
70566 495552
333627 230665
260094 187839
80310 361847
11377 174055
84548 413655
176228 451948
180280 36385
197743 426755
184859 478070
470754 178163
4636 432730
322296 394522
357273 20039
423555 244384
325885 262170
340194 116952
188593 199780
133478 465536
489280 241186
22098 352881
60780 151735
80521 416999
139192 298638
267632 291012
223780 135669
286583 481537
294382 111223
392050 348161
81803 136245
290384 390364
79424 12295
303224 226971
440294 91733
34792 214756
302424 358846
199242 111293
68655 499857
247000 174618
142205 494800
211905 211843
63716 449065
462397 491022
180721 108187
353441 124271
207538 248651
219522 453576
168123 6365
298797 212131
452384 6363
228127 481811
235286 267785
243143 113889
338341 416585
156150 428947
165534 155499
336716 22816
387042 247923
207633 171088
78707 426415
164485 474736
417037 145083
452965 32094
436834 395545
216482 106673
82884 13341
354485 199870
416171 451880
425036 42219
150231 73680
41421 242489
202893 476571
307233 172855
51126 300871
147231 38765
420884 100670
168328 170647
213838 262349
271699 408607
283447 353632
357503 340963
318266 196193
274747 345954
363778 262302
8114 393951
436015 236503
125605 2863
191770 400721
423921 363526
316165 31326
424378 231698
424710 308102
104681 469775
224299 10148
139905 274973
344036 402418
181169 300503
234431 295862
371974 139069
349118 316602
279086 407839
449467 4787
194349 54535
374522 339791
125466 159130
432425 435106
400376 279377
465071 260383
163703 276385
496809 372102
92185 6106
400417 483958
458249 240815
211226 318113
421964 395227
411076 261839
35658 267099
108059 357804
98718 397801
439974 49774
218476 366024
264351 33007
370461 3134
92805 384913
39635 86913
334745 278531
142367 211858
105179 213796
374737 252672
401911 189726
326649 302513
356041 495854
106477 145927
92175 487822
278459 331494
253822 5052
495142 298795
478385 449284
291147 267426
224208 350228
18459 63691
263263 462814
90538 329299
149934 134310
36358 152107
188045 338749
402354 327195
132223 175877
238635 389166
385835 5174
237853 473518
84900 288485
204939 339607
333608 437089
26670 401316
163188 288146
180407 330338
347381 171966
250639 402650
395765 229571
314690 393177
209849 448177
428405 71003
13735 497904
83815 253307
325898 391412
444366 372898
495449 140299
222232 444619
460068 348036
388027 227271
262178 288738
287832 83337
330954 228121
221105 126630
3788 331117
493050 38419
35209 125519
128928 309633
387889 398468
399683 404563
406173 414334
365864 418098
17747 385602
153767 61440
403539 223802
393738 430472
490771 257904
65598 228216
23774 324632
440803 269213
116547 411314
181169 377360
370008 143466
248051 85827
354437 363039
436518 279826
81365 171041
63422 354075
56255 485027
4282 87862
244550 42828
267582 414367
102314 236042
211519 152650
238597 375493
205880 350360
123075 331860
490788 129563
197502 268651
274168 479612
212008 402084
50053 465436
99016 370522
395924 299052
186369 433771
224390 73408
215908 332580
471280 494139
479223 38409
352053 475245
283756 67451
63979 4406
340528 226933
248107 59492
467959 248195
470537 277789
307564 343927
251822 387787
306386 358296
240429 442277
35707 358686
70761 469743
18938 477179
307534 123393
318731 240576
436259 19659
221195 474974
92582 258081
30825 186739
47508 448025
76246 309243
162409 140345
21397 3885
382843 254037
81358 493805
37313 418049
369306 256027
494198 257572
375751 310669
93068 14279
89105 236882
474769 82505
474371 151858
420679 38939
383951 310537
270019 209241
6064 149778
275832 367052
327476 466939
274324 70685
18985 191566
271394 426221
467028 8841
116641 146885
138236 282988
408527 63668
6879 130511
157605 36807
35710 320070
25645 413114
224432 223681
230063 487030
173544 255508
163848 337967
300439 255828
371582 148496
281991 311505
242815 322760
349651 197678
286373 24926
89543 23449
347865 72070
71205 311442
19580 382113
396625 52911
360665 214619
391 267526
470902 247144
155218 217849
172441 268297
102992 491154
480378 290065
492080 285473
432158 419915
425376 193527
73064 124108
232599 184831
203658 292442
172350 240580
155448 261765
161200 70341
161323 480323
432851 225415
252550 205073
210366 470494
119652 163269
62493 14626
447338 147181
404535 30607
421392 302800
234073 429955
137254 431167
478161 499774
413842 471134
445527 301020
350759 264424
30209 142102
113143 340869
442909 82024
51229 169283
51497 22202
288785 338488
41069 460241
191468 102617
293858 340868
312665 248175
193727 283694
332322 410496
178513 43381
35962 498440
160246 44938
316591 212045
438306 311654
356952 401142
47407 263866
270282 50866
14412 47232
3991 181720
459356 338788
418809 245067
338853 59328
365498 76109
92656 289551
130782 414118
209636 322539
384640 453289
236920 69744
297462 468176
224186 85343
227013 235053
297389 174908
481448 437551
445709 421416
484801 321204
349742 68314
252472 252753
448872 486563
140048 320417
55147 465419
481663 340689
220777 226462
365145 73567
245288 498636
167933 170176
301575 467513
354292 181176
14897 265379
95921 433528
247311 228863
187516 267967
96123 221747
302731 177308
144914 412670
76845 365456
448259 173496
6466 99695
354758 251253
261275 190867
478511 55028
438905 87581
76079 175532
306438 87173
282269 434831
295833 1533
237554 311491
469740 441887
271799 457869
199512 119281
420222 392923
47179 265873
6206 200008
394926 232007
268506 336935
441484 176575
354211 15700
84737 339130
460478 248235
13774 163030
178464 108610
325022 192931
452997 361362
286403 273512
142136 227703
43060 467352
301709 496115
300141 61722
16147 451582
145311 421290
187018 218911
4193 481152
422628 380676
256555 84189
42623 274610
284250 257298
213840 437124
455414 248768
76599 199961
297580 146895
201773 159356
343365 80306
217806 350670
469622 22606
486170 195018
254041 296989
384374 224706
1561 53450
490524 131693
165364 443112
429144 274115
161289 233850
64590 150168
223820 448272
138219 107040
482663 403820
469155 89549
497062 248567
481406 214379
280367 288474
172828 67577
384963 40004
153028 115713
303977 371194
471913 74462
27978 498764
279806 200551
469733 44834
275898 325009
146415 54845
324616 387726
346445 310392
254645 315996
315721 460451
377159 466050
195316 450718
10933 372840
225092 128628
112318 88157
317976 334385
280411 174822
357402 317323
12201 351966
446327 295409
38504 187387
374319 210446
129257 250035
252491 372699
257116 387588
233166 12500
273543 149166
10335 127536
28109 264942
114412 348857
134466 294741
39893 17192
152613 142660
332133 139682
231733 479811
135200 322662
388174 346570
411384 487627
26368 469130
434473 352972
254054 293894
85296 488545
364118 310096
186277 119395
215003 251573
29155 351811
375581 128007
397559 386788
150228 109087
259060 335841
257625 306735
82429 125718
355414 236105
198401 491737
65841 405155
401585 203788
56448 338001
474781 436118
481069 361210
309169 158186
456314 428585
150226 392328
208917 372553
285425 355951
71604 417496
455179 206146
499115 335410
203281 35528
212360 452779
320523 255023
128766 105132
485371 258290
310656 264565
30942 151951
160935 133158
271274 475991
21879 40279
466019 170931
460288 29002
345295 300648
404392 425127
81719 104643
422030 202966
482171 150820
262098 445788
101740 203103
241923 199734
149342 330447
102962 115840
483903 40289
255885 381157
489579 399428
134752 170294
208778 265039
441192 366507
419225 98244
307206 196522
278754 221812
210123 228138
364888 299026
272142 6651
273188 182919
9634 6235
196304 336516
343693 38883
265703 192132
277557 252346
70851 152146
440340 93354
468817 134389
368410 268745
368069 499791
281398 402045
422524 497646
316990 463976
180234 239345
286290 473456
447694 341324
53575 206511
489203 461103
280756 409767
370303 388244
332600 54810
441137 308191
27266 84052
386534 468652
33800 379238
259004 9005
442470 23924
327034 397435
188172 464586
288559 245195
309610 66605
130819 301803
316298 6016
476618 93585
151419 8757
382540 378063
263000 478748
261607 108927
125379 119911
385933 421768
391723 193713
403900 435548
47266 272831
342151 237234
36170 372681
473861 160019
359634 13178
491963 51914
45981 196366
265070 150319
209538 196582
161151 384063
479109 346752
277770 169563
379687 141461
337038 270904
18396 382792
496187 350634
443586 467034
164691 92404
481959 7922
330003 363021
71024 287428
70028 37767
262715 30475
418766 237098
298902 69402
477234 81275
75279 100004
452958 134762
51733 161685
31252 280802
92655 291520
216262 103041
18113 458839
213680 461386
192745 63180
393022 141561
36357 2086
81729 240614
378907 103979
320029 436402
322428 137605
250327 23456
111658 27363
454685 479898
179299 324812
242092 324816
102518 313422
343043 402148
390745 474608
370239 319642
265635 387102
370077 69809
409253 169153
196861 40559
365748 436582
163683 17550
89094 17599
155606 163104
229474 200280
135144 170579
150232 317181
102592 179527
374042 276711
108749 102035
447761 229696
57694 406122
42153 33986
123081 47466
337032 406385
212384 360790
239427 294314
295353 360725
166736 125877
381157 461743
387572 320816
159694 371469
357714 409559
415215 209679
163434 439932
90599 417218
127698 117304
243522 455314
87105 25922
65335 370311
263858 14867
95982 63195
223123 339765
446877 226389
365750 246572
109937 208505
307444 433446
100137 1599
279456 287345
248355 21044
214116 138062
375005 373349
142302 357656
59370 377012
7650 132774
192062 91177
110130 164059
285742 173804
407163 15900
310031 296483
202951 373674
35377 194832
347799 204820
426816 399796
8377 189559
274146 264727
454746 108652
129302 454588
391460 149550
486368 293443
234529 128964
113913 139642
249506 34434
80631 235274
16195 382207
468490 80437
236885 246320
385413 290205
252854 22553
403727 227871
281882 113087
11732 275554
251498 132106
233141 491638
446975 171571
335680 24972
336714 203871
176903 146358
353662 245159
315075 499553
338532 146833
393166 168654
489489 229289
260173 209187
238962 169079
376782 446892
304358 346258
459703 380313
478930 292009
81534 430195
47553 431210
258803 481341
126414 67947
496197 400091
450631 97356
17187 87233
26161 442042
436466 371029
406902 255744
422070 68373
166170 42997
334069 129660
284328 61987
466163 836
243943 237485
365897 447623
266706 350128
192440 188500
20076 374245
226769 359180
241822 190999
148660 401619
292132 105440
487068 85763
283843 197629
216749 110182
26435 302709
404754 427458
339334 40242
276775 172089
463152 441088
442361 181697
126252 136503
109740 115427
241012 17404
35028 25140
50608 309847
284725 443979
429609 263774
459069 20488
250080 174826
180333 98939
373419 271483
307997 316853
288929 479784
403402 346039
103886 149582
151981 425518
234386 414554
444746 289280
448177 20920
208187 378178
403169 437694
112274 476823
124660 452934
486015 484488
373819 238875
128620 438169
435825 112502
124128 308616
117455 282582
81678 296699
47537 295602
477222 331855
487925 371633
349621 65379
352143 48289
166736 438310
350915 25260
34150 479111
170313 493983
380228 12031
44250 256842
379769 495402
380331 94271
174116 331821
324044 433253
369646 469746
439499 193755
416645 211982
263242 1251
229662 255216
439078 101536
24666 395012
372855 412003
38013 338715
328322 217851
451493 24566
84404 320097
394657 393142
239336 178320
89223 302519
144185 353378
116299 197404
497696 369234
296204 252660
475279 86677
369705 362351
236666 75032
155331 375224
428876 250550
295385 486794
309730 103609
11656 151493
421314 197727
343454 340918
43602 268693
128278 345847
305191 59509
371083 410977
275336 52288
214095 225832
17031 492974
393928 352702
396838 84251
97152 283157
231520 244016
477451 431516
92642 462723
438191 341593
330698 435643
465410 229608
325059 1664
272379 250005
454827 472105
244302 413371
122322 442127
387478 493129
112861 278371
419858 323264
22404 122368
154018 273736
257555 100255
19349 351543
456482 198447
211830 152489
52723 38244
398639 121494
137836 67312
247105 83662
113656 17347
17582 386939
293667 129517
45582 211489
293243 446901
17672 73823
2998 253022
381251 173734
83134 487685
86429 278033
234901 308198
38031 198861
326030 480933
436462 180121
27153 7204
126012 88495
305613 490959
332509 400488
306861 329445
381237 43910
480484 401929
161396 353942
286910 107553
308282 420535
447485 255886
363 378258
60592 488305
101344 340009
496774 483877
491245 402769
235149 317011
49396 487480
245157 245752
396601 78867
271109 273499
81954 404580
1994 51037
125655 256927
154179 163944
8974 71379
274332 460232
181505 150722
275441 73135
230782 384862
220207 36753
498905 366925
100096 484206
221881 355435
188739 262070
140756 425895
473668 471757
370139 353810
281364 77241
226261 337026
125768 45410
384349 421637
303092 196103
193999 110759
252082 209242
69266 126847
359379 372570
112503 474053
145844 78046
318737 215625
120174 448979
146620 295426
254896 34427
464771 61310
443068 273443
276149 16382
298752 335681
209426 151738
205705 131870
481176 36514
109038 53547
351033 307415
372492 271960
431382 454728
126328 201275
21896 41848
1436 228017
21269 264946
73952 498054
323362 387261
254749 226291
268469 327288
418968 418045
194007 364011
43582 492707
4797 442420
386781 172150
35577 121206
246699 316208
178227 425637
192653 342974
207274 30888
455949 83791
45806 178989
259397 347615
396762 304031
229641 393530
151145 191962
262762 267901
490230 348402
6378 183624
140301 461639
28897 257641
267683 67635
439282 345246
159099 103846
492044 35558
85221 407370
461883 164146
329072 273768
134577 164833
125524 126255
268705 488846
485978 469557
274378 276452
240469 352016
490813 72512
338368 391189
72752 305039
373058 173837
72565 408157
42550 38393
58854 463598
206179 195712
173275 180676
363395 373823
198630 367422
63127 131231
350904 172881
400583 31831
131725 181008
301553 296413
63097 152118
23225 246687
280445 286344
321409 319342
394206 1351
36177 224898
376689 267530
240781 167050
447796 364174
150462 137076
321433 329578
400911 168847
437784 418612
166045 6376
361017 489826
466227 339950
41089 432751
476167 85556
336335 285960
350610 353559
416150 140287
485036 463062
319750 227459
238517 414301
434412 267173
224474 341010
421305 409339
350989 41109
406489 225922
18037 123864
187353 497572
170392 410000
373232 133530
124916 166665
364960 437380
167920 483790
35370 294491
6845 391663
70186 16116
317975 129741
212103 164665
482770 44208
53990 360771
369066 143503
468087 214589
442686 13521
84436 272793
328942 211861
307940 209439
286798 66152
131722 131646
321398 391526
171637 21200
445979 284626
475001 388235
7754 391237
372023 58051
132097 210847
333738 495802
239843 71919
469969 11123
198972 448094
454238 146667
4017 195506
214536 204610
459264 458980
256381 58488
483412 43271
42011 93072
267810 45203
182549 126459
2669 393296
162232 384632
158445 205422
313996 226085
242329 446469
426184 201344
363116 499313
443833 205674
276787 495013
151248 301736
349692 223714
217766 141242
151937 177757
124621 140538
348926 291543
26463 180931
52229 483274
58145 153823
341293 476902
266048 479494
402114 138952
346753 411132
380656 80968
431685 272679
130866 341668
270467 124068
183035 74944
76774 170425
140883 23576
26276 425770
264316 493690
331986 279065
318069 475748
49740 106385
249523 21153
72486 237040
9266 394277
140018 289272
213877 460934
86025 439679
210683 439170
203572 268102
91464 125240
477476 128401
120078 452623
351714 394137
192423 429127
488492 79300
26522 443905
99464 454372
137999 65954
481171 32001
41865 186147
95917 402944
328641 209641
468087 302518
88306 401992
403177 99609
19726 381636
203462 94201
422190 398902
301873 475374
383411 259783
380789 485027
423100 7412
9429 467906
367228 119778
108090 261254
490395 1308
327964 369206
486391 144459
294904 134703
45770 101830
62604 485432
27958 8316
57538 209432
75849 344325
194289 320174
219685 240645
362650 159713
448926 438487
246524 115434
149392 421107
70232 450201
452271 265306
272825 8477
199350 308291
199793 314382
442380 72862
52822 268147
204063 470644
216118 7126
494522 418434
433295 229942
470998 437014
314136 374644
433160 382169
369803 438066
24732 399617
173130 302629
386722 359380
174932 282630
296740 310626
318174 79017
73324 284119
305603 373416
171482 242463
55648 35374
157664 380848
418541 191378
232765 13317
26551 434057
245531 206860
356169 380460
281818 145894
395870 358078
460857 147436
80925 87257
382914 160453
205256 258272
66356 163010
1631 44676
496387 472667
439653 466658
378333 288509
182173 263253
313006 295954
84610 339996
401966 180765
47120 321370
211123 220139
269287 11425
205763 373531
79246 1561
355038 281396
202186 463161
132439 62270
34899 7754
37365 323628
299139 15184
27540 310850
19779 308540
444784 445523
403926 333780
306202 307190
209384 167189
194621 110980
402700 429735
492787 104511
449061 433319
269741 101331
212012 38531
197884 5409
328453 498851
192210 116503
32725 328635
2602 293518
449127 78753
260284 374757
325304 106288
492870 326869
163728 422114
461316 407368
145906 38310
343684 166629
109672 259468
53667 230484
288586 57117
378379 396225
497173 150312
109916 263529
253719 417872
381291 320684
472576 287866
150233 482120
274775 65512
424376 126887
388717 45417
60351 270276
205239 120038
67841 42628
142911 38257
411081 376955
199212 418741
142690 195135
425106 215257
213267 452396
374438 131510
148979 393842
8742 327216
424309 393237
91265 164610
387524 174123
193886 335323
437324 218108
329667 325294
318561 156616
203567 211930
459900 237156
118828 63119
305538 45546
465189 252413
418102 274176
111558 149570
484461 441724
66820 261571
324850 12759
104376 49123
334918 7820
264304 73124
407220 398845
395349 492382
262076 307874
400465 360466
7513 51121
27611 87483
53 278299
377877 384465
470231 140335
445489 499844
416529 288817
422125 225309
21829 450346
10379 420210
365036 12747
438719 129590
160760 410789
450211 186479
27348 248759
286950 107628
153821 493109
421481 222424
42390 317439
457516 477756
218492 340254
210135 297518
177419 498199
144218 2437
161741 14834
62483 19553
51491 378839
150220 92385
313675 335175
55953 341673
371680 377351
232510 126897
244495 228543
436890 59286
229869 65172
327890 133398
356643 474702
329616 110879
364632 303676
189062 18181
232369 40197
153099 123179
424454 342082
43464 187674
430870 425028
50801 111227
476927 317842
13282 61347
483552 485472
195656 83587
111050 189759
236511 98360
273286 175531
318413 120399
499535 229557
108886 468639
272545 68327
464396 48420
20132 132269
497330 116679
347305 335549
368037 27195
121432 437794
469336 492836
321436 256281
367477 212014
345681 418810
176855 79451
83628 345406
112703 105077
48922 389340
445556 487146
21572 45817
322371 459453
165633 20620
183869 357326
346106 90209
14254 334913
297299 394378
184826 298475
188264 94872
406481 814
301824 498228
148757 36102
932 214660
427757 422240
211771 121047
136263 454044
248495 174872
350214 436018
133041 46917
461301 62078
472464 195157
119882 27578
325659 316182
374410 125803
226997 487624
115173 335181
466678 139571
9040 178954
426926 414402
13387 49097
361521 330834
243916 101776
4820 219692
221821 363241
241795 155305
214754 133227
417613 146792
290916 266375
119953 216021
388747 486237
447108 6921
177189 281477
101044 394248
98735 214402
283394 337291
400656 273440
351151 307200
303806 498023
106015 461332
486506 317216
217838 239913
189397 163733
411717 88426
166676 270916
162795 276963
260322 95139
235845 113752
227659 23564
190057 67197
222179 91960
421890 56882
130118 277087
238634 69553
132193 175608
74392 302868
409134 115091
140497 211851
106862 397630
358819 107060
389696 272605
64319 475226
483935 150311
410709 228955
30391 132419
485029 362203
328294 370514
382171 336781
82468 24951
71937 218288
144303 109858
334788 21384
237494 127722
189168 451285
269287 390186
267169 286519
430534 21338
50664 347378
414030 33526
372074 77298
251787 121792
83665 82405
372441 426884
209054 253825
145097 474307
368348 221172
253989 492549
10229 393382
351086 239127
429451 152948
33041 282195
338973 164283
101428 63617
340925 4408
372887 274136
215510 346649
133250 386174
288540 475472
473504 58039
9812 246896
269436 127215
67634 247358
13713 49691
238652 328628
179997 348073
342952 259581
110177 34135
181762 354235
228246 339141
200843 237596
49590 107314
320503 18699
452075 121509
473440 168733
8764 360438
191878 142939
494649 32557
304441 198452
163614 382304
75874 193725
239521 247648
83723 143826
285722 494069
256468 364866
85896 466541
60209 374902
68968 491842
241037 392456
176798 155075
179634 72360
376464 461217
324298 173918
400369 391474
201231 89736
11153 169503
237645 222229
19179 103124
41528 116197
293600 455800
223944 399312
464626 328248
408128 46304
455324 2731
497281 382698
82673 163090
7148 240082
428913 407478
495643 386343
14882 71341
432345 130485
53185 299416
125715 194247
357256 106440
363113 90025
857 357308
370427 88266
324668 89872
399445 30037
499491 194155
207975 399175
357327 7752
125657 477771
358909 128487
121298 45664
90898 278426
210880 467349
322588 279798
132558 82371
329480 174709
105000 238890
206257 168549
42782 450572
367491 406441
369480 478622
212892 436813
255752 317076
216130 130497
14838 129666
1189 341946
44650 221439
442537 478049
270456 199409
334686 167782
402987 312436
209142 290551
432692 342802
233029 481263
446421 106436
478575 282340
118361 189191
39346 120265
155684 10483
425658 397373
161022 368249
136847 264843
118743 421801
134988 391239
475081 223808
370802 145124
310624 102046
160126 362418
136144 100623
290939 154735
131009 43966
251219 41451
224827 215973
204620 258414
469473 496783
308964 150757
269413 303692
470280 416709
302289 451163
291671 55335
79709 39952
385208 264048
408840 457913
75305 23729
413110 270827
376124 318355
228164 268325
230286 148214
77279 316776
197473 317566
403047 264843
424470 142386
487207 118348
25050 61858
285812 344167
389907 373956
325127 499868
390867 80386
326637 204843
103716 277756
442699 365392
365523 244531
333006 481489
261983 292866
415744 3487
8745 166340
210287 104368
293719 48561
404039 138170
