10000 1000
1950 1478
4608 2738
1492 1447
127 2122
2751 1706
3980 580
4725 4947
3491 4871
2504 2662
4264 2845
1810 911
3950 2402
1529 1622
3077 211
2705 3644
812 1178
3298 2976
1112 510
3523 4288
3549 2814
415 1806
4116 197
2143 908
386 4582
2760 2728
2386 3815
721 3097
1741 1147
2874 3966
2695 2567
787 4417
1577 4876
4380 2456
3416 228
4709 2698
4268 560
3184 3167
251 567
164 1211
2287 596
4397 3447
3685 2478
2806 1222
3664 2521
2949 3757
3575 1165
2114 2735
2630 1363
161 2768
2679 2865
3075 4036
172 3390
3792 2588
2365 569
3925 881
1776 2991
3179 3487
756 4980
1765 961
4313 2619
2377 3255
4155 2912
736 4184
1565 4186
1734 1964
4512 1985
3784 2050
4811 2592
2451 1326
2221 3389
1932 2779
779 4728
4129 404
1816 731
2629 610
4177 510
3502 2643
2383 3985
4743 3598
2163 1463
1848 4956
3448 3748
765 2848
1615 2160
279 2125
3375 4015
2911 3976
838 716
4351 4913
106 4544
1586 4814
1065 1889
4320 2197
1683 4505
390 1389
1154 1444
2831 2200
4422 4213
1375 1168
2641 4377
2895 1850
4571 2839
1860 742
874 2714
955 2832
549 808
3218 4311
2337 2702
2157 73
3459 2687
4823 383
729 2583
1804 2471
2814 3389
312 3668
1889 770
2411 120
2076 2596
3711 3427
133 3407
4608 217
1377 295
3826 1732
871 4210
1318 1119
518 2053
4161 522
4255 915
4770 3330
1645 2479
4147 3161
628 3356
1184 2606
4801 4119
4010 852
3367 2947
1793 847
2580 4800
2869 414
2550 2370
1934 336
1894 776
1683 4880
3655 2478
2048 2008
2283 4436
1323 1340
1792 4316
2396 4139
4159 3356
3356 4854
3760 2770
1767 648
3093 3682
4780 1054
3821 859
536 2750
1038 2430
2038 2830
4730 4941
4539 1499
2681 2709
3636 2760
3447 1021
1386 896
4796 427
4512 4433
3213 2339
2814 656
1140 758
1781 4241
4214 1746
1634 2775
4143 4704
4845 3279
4992 2505
1598 3359
72 4314
2124 2760
4065 3417
4736 1465
2808 3840
3162 4671
561 789
1048 3705
4148 3338
3610 3466
401 104
4274 3165
1526 2368
2237 2170
666 2603
2491 165
383 3112
3464 1100
2166 1353
78 4526
720 2764
2626 2184
2057 4929
1684 3279
565 1604
1894 3857
2894 3079
1885 1627
2242 3819
712 695
1380 2638
4015 4079
3486 299
3035 785
2910 2422
3674 60
4609 1652
674 3463
3697 1982
1771 574
362 2426
1307 444
3313 940
4448 4147
3659 429
2807 2258
583 573
4027 1359
1833 1025
2393 3915
1281 3461
4730 4725
653 1724
208 731
4516 1331
1347 3863
2100 897
1202 2600
2566 4617
1814 1786
4955 2599
2718 4965
2145 938
3417 357
1241 4749
1839 716
247 4786
965 3101
3442 4817
1069 1768
2854 4611
4445 1586
2170 395
4741 3388
641 3216
1219 658
1512 2123
2837 1123
4677 2338
2018 3439
707 1054
2936 1104
2511 3271
1265 4778
2970 1559
2963 1466
2662 3238
3676 2478
1035 3440
1031 1205
830 3031
3793 2336
4742 743
1848 1608
3555 2862
1513 2691
1404 2749
290 3019
1452 4165
3295 1503
2418 266
2252 4008
4112 249
4460 2814
4804 2557
2200 3145
4270 1392
3669 2141
1599 4527
366 3537
2664 2020
2879 3518
3741 2528
196 60
3739 3566
744 1914
2843 1666
1239 153
4988 4868
3074 116
1567 4037
3973 1925
3169 2046
652 4180
1235 3385
631 2704
1951 3019
4623 880
4247 818
3222 4506
1776 881
2436 4818
732 4984
2579 2760
4808 2831
3749 3775
4290 4406
3672 4049
3402 816
318 4192
711 239
4096 3355
1241 1360
98 4572
297 1314
3491 177
4667 1844
1976 1305
327 1388
577 3569
2474 4160
2506 4997
2822 4027
796 713
135 3581
1330 709
3830 3149
3849 4823
3843 84
1295 2376
1538 3556
2610 1219
2295 2420
2762 2272
4189 2975
1660 733
80 1758
3988 4654
3026 1546
4816 3081
3506 54
486 1671
4066 25
1817 1541
1856 4568
3250 857
4287 1566
2170 2612
340 902
1518 3427
3967 2069
2101 2517
3904 649
2851 3326
1538 2196
4618 2152
1274 2838
233 185
1873 4663
3028 120
3158 654
3170 3407
4816 4062
2771 3467
2502 1096
1259 981
2851 550
3462 4928
4219 4164
4471 1337
1065 2757
1221 3854
605 1069
2085 384
4258 386
1337 4489
3518 3274
112 557
1235 688
2368 1173
1176 3913
4609 3376
4400 1065
944 4654
3948 4284
3767 1439
2168 4529
3674 1513
2930 4197
608 452
295 493
205 3184
672 2634
689 2758
1946 720
2552 24
3743 4118
2183 3874
1339 139
4622 4629
239 1271
49 4885
4667 920
2980 4570
3915 3953
956 4097
1476 1618
2553 3894
4377 4666
2307 403
3718 764
3137 1913
4285 3260
969 1525
4785 344
3710 2000
3817 797
750 165
2186 1519
516 4080
1074 973
4099 4648
4608 895
1859 140
887 694
4152 1179
3499 4317
376 198
1886 2461
4728 1874
1634 400
4528 4498
2316 1194
1541 1347
1681 1624
1462 1860
2100 3439
4769 4097
978 1992
576 4805
3871 3285
406 360
829 1702
2203 664
2998 3993
2742 4786
4008 1337
72 1280
2547 3415
392 4156
4377 1425
2330 3570
2462 1826
2680 902
613 2939
1415 2101
4609 3971
2807 4151
3786 3770
4241 1409
2800 264
3171 1847
2483 3464
3765 1907
1062 3810
549 1486
3814 4198
3790 4935
3424 4419
4566 1581
894 1811
2172 1712
2002 2346
2809 680
147 3844
1723 4530
1665 3892
3759 4351
645 1452
782 289
2205 176
1389 3383
1716 4800
714 2656
4051 1878
4315 1900
4868 2566
3462 4427
4133 2951
3100 4166
4360 4046
2520 4703
1646 548
44 2784
1104 954
2472 2125
1524 4068
2776 702
88 4693
3081 2245
3158 2840
4380 3011
4104 1462
1541 3962
1553 2516
4791 1070
3938 2408
373 86
3320 2446
1156 3180
4543 2916
2102 4443
4857 2781
475 3494
2963 1458
2421 4288
1786 2124
2756 517
3676 1867
1923 2924
1371 408
1124 580
1111 2625
2086 577
4631 1697
4397 3587
2075 3074
349 1733
332 48
4760 3526
1194 4542
204 172
574 2245
43 3471
3643 1177
2503 1661
610 1488
122 1783
3800 1799
4315 92
3034 478
3237 637
2030 887
4943 3441
181 2535
4082 2797
1699 3342
1599 3125
2635 4877
4145 497
2007 3243
1366 470
1759 2674
1399 685
4183 1312
1023 4200
2340 4331
2175 467
3938 2184
658 1466
3350 95
4812 1220
768 3581
1994 245
2073 3891
3728 4638
4797 760
1626 2565
3032 3696
809 3167
3917 3147
3223 1547
2477 1182
1232 1568
4733 2650
4129 2674
2771 2893
1097 3288
1584 1770
2463 4890
276 1456
3803 1768
2817 4837
2729 509
1918 4956
4314 2509
4916 1345
1883 4387
4565 1044
2298 4615
2239 2975
3728 4151
1798 2505
1949 3121
2503 2335
2023 690
1292 346
512 2326
766 3752
4623 4847
3104 1712
4537 1844
4445 1232
2425 4877
1112 3148
2752 2318
845 3819
3426 4311
2918 4097
2119 389
951 661
2446 4955
2506 411
3800 4542
246 4428
3948 3715
244 538
3596 2023
3902 2496
1859 2187
1683 2941
4676 2742
4536 1577
3568 3565
670 4057
772 3050
1052 4849
1344 4379
3072 2593
4091 3049
3692 1082
2890 585
790 4970
4596 4845
3990 2082
2513 2801
449 1375
4731 3801
3881 1620
3123 794
148 3883
4640 357
4730 1299
4960 1434
355 4633
699 2096
3907 3495
2167 3576
1549 2118
2258 826
4323 1533
131 2952
1701 705
143 1190
677 311
2168 3516
1105 1429
289 2901
3943 2354
533 3466
3511 729
642 1048
3217 1570
244 1874
1056 1533
3008 1196
3931 3651
4403 2552
4913 539
375 4055
4032 2338
3884 2607
4832 1064
1751 4112
670 1876
927 2525
1403 4373
378 4441
2491 3109
732 3959
1478 1049
2389 3936
2974 1478
3517 1577
572 3378
4299 1037
2417 4274
3824 850
2744 15
3478 3857
161 3652
3156 1590
4038 4350
3182 892
2580 1093
2203 1004
507 408
1078 4819
112 3709
1229 1500
2421 4641
4462 1757
1124 1265
4055 3601
3456 4525
2724 3057
2273 1286
2741 4330
1130 2336
2204 4046
3326 2544
4726 2450
3463 4418
2362 902
4855 4373
1943 3196
2340 443
4599 3469
4647 4797
3986 4918
2533 3098
3721 3279
1648 1543
4530 3525
3927 1926
1226 487
1242 4882
3715 574
1847 1130
1828 2407
4387 254
604 2226
3382 2636
2827 1690
4937 2061
317 3925
96 1431
4552 3393
2060 3412
4991 4340
1530 4459
3993 89
2468 704
4424 4635
3510 1070
1166 2537
2629 2724
4643 2818
258 3449
765 423
1488 4486
4350 2940
4555 4581
4197 4786
3711 3012
4728 3500
4940 4542
602 2784
2915 2207
1578 1168
450 1808
4770 3042
151 3750
1713 3394
4186 2286
1710 1043
4460 2930
2081 822
4146 1616
130 3245
1759 3794
1876 654
2699 4754
556 2877
2375 2779
3384 4887
3967 4311
1943 1367
1730 4286
1731 2781
3816 2102
3022 4495
4406 245
4127 3301
1997 1873
2839 3561
3296 4129
2109 3638
338 2830
3227 3047
1200 1631
2913 4941
3961 80
2913 2345
1934 2316
1228 1193
4413 2016
611 4824
2946 67
1235 2260
1796 567
3011 1610
2942 1768
1192 3997
23 2834
1957 4366
2737 4335
4485 2282
583 220
2657 31
4814 853
2049 1420
461 1875
1129 1278
1400 2810
392 1972
1528 1511
3932 86
2358 4306
18 1929
3907 4995
734 3672
208 776
3713 4084
1377 3490
1457 4337
927 4561
1525 2014
4678 4437
1056 2609
4854 453
2841 4302
4251 2118
1257 388
2177 1783
3428 4595
1299 439
306 3879
241 4043
3663 3309
4733 1543
2185 3074
3524 3445
1861 3767
2159 3430
1334 1181
4866 4364
4363 205
4070 153
1269 1109
4933 4944
1910 3901
3826 3145
1483 4933
1896 1147
960 2587
2373 2512
3291 2830
2491 1464
3866 1774
3472 2859
2013 2024
3487 501
2035 1621
2008 904
2161 2417
3935 198
762 1893
1337 2818
1364 1305
4728 3793
771 2374
4815 3618
4043 4651
2075 2669
1370 586
2627 2843
4810 4888
3048 2222
955 465
1598 2619
352 842
4212 4177
4176 750
1277 2026
161 3318
2731 10
2885 1825
1879 3745
975 3068
514 1552
735 1412
2477 4836
3428 280
3492 3743
1323 4653
466 4048
930 2963
3187 2708
3741 3413
20 1354
4013 4075
3589 2431
4064 158
240 2385
30 4478
2709 3493
3998 936
3793 4683
3998 4303
2213 4731
398 2254
1 3184
1151 1711
2873 4212
2703 3839
1266 1028
3923 3595
1752 4339
2403 4928
2236 1943
1328 4806
1495 4362
4214 1811
537 4030
4853 543
2736 3558
2920 4950
327 4951
3372 4822
1021 2376
3391 3336
1595 80
4409 4765
3729 2066
2023 3715
2876 2076
4826 2481
1776 2541
4008 4602
3448 952
529 1744
2398 4445
3492 1092
2811 373
679 4021
157 1518
46 4570
1951 4250
562 2698
2194 2447
2575 4108
275 266
1910 2688
3526 4910
4615 1072
2955 3003
1348 787
2324 2967
2809 885
2522 1114
1736 4994
3114 1282
2660 4280
2154 3350
958 1271
2113 3619
2374 1410
3607 4604
1991 1498
1595 3191
2782 3756
3125 3427
1830 4742
108 4594
3828 1525
4836 668
1850 3153
35 1087
2374 683
210 3400
458 2068
188 2111
194 1103
122 3532
888 2468
2235 3058
1967 1183
2727 1853
1331 900
4676 2965
4426 2432
4267 2805
