2000000 2000
786021 524354
461361 193029
709924 369438
151746 199221
697263 658417
815763 901821
501531 388809
485657 923530
405720 453820
241833 780762
910176 219298
685775 525716
405528 414717
278219 551419
770192 661034
981290 592970
431569 577233
565715 14125
15289 268012
942327 292837
814077 684700
663218 787824
611048 23476
795019 625195
874470 650006
281026 895390
693046 51136
759725 215993
633017 376732
847885 525364
57895 843846
777355 426431
111023 357667
626148 817375
224268 822440
201108 232471
297545 476594
655414 617120
137926 486916
502321 987885
902964 725585
903479 628217
693581 714502
30843 259562
466 449113
465969 916218
946262 331886
435854 615333
165144 28093
211251 468972
88132 248160
315026 610943
562866 457430
749297 25611
906001 467250
606735 532294
442049 787260
240842 325162
737860 559961
581177 758427
945617 336629
835045 146457
795740 984391
972043 764821
749523 141376
538295 223288
779426 568856
414884 972040
211773 446085
460921 4851
779119 851463
279021 767398
443255 793341
847364 41436
765680 812826
939308 989641
558533 851909
918676 103543
117790 796023
168234 489651
893951 327699
211303 204081
246702 277316
806144 332029
524725 288185
660950 333975
40360 567626
788211 486131
416659 469555
662737 937275
972162 175494
103256 754604
900954 970176
802948 381831
255507 900328
284533 849017
209033 780391
702535 858968
760596 349636
607366 279153
445647 619382
956393 949607
819227 637458
956443 944022
179182 301498
780817 768372
415412 727523
636297 417705
104179 550292
637273 709790
74970 188200
26774 564833
494191 370826
883265 563061
17284 300155
632216 941346
132725 916538
530846 653203
751420 822508
12 367158
860584 769534
743546 477797
685207 850646
613451 225512
181809 516799
929769 179647
895708 984239
103681 275176
737845 235486
636657 722361
332623 410862
378129 79108
980554 922245
631092 752178
993832 27181
377759 406061
58588 703262
645281 281174
12004 699179
445880 388959
441467 334407
88093 253699
918780 692978
255651 396688
787379 963720
58275 502069
702133 827168
581044 583405
84234 972758
289251 655219
385455 398120
18721 427785
582552 600789
946796 900433
273617 932058
969669 239009
123549 60704
614359 295766
723456 629581
324094 487442
383952 180225
990961 423233
120497 112166
710858 680150
314290 618354
223679 310063
258842 701740
181863 54174
115631 678290
609288 49303
125406 659279
850255 264067
470994 491248
396337 778223
220330 196392
778807 813645
113804 403857
923121 655644
732664 652887
479386 479122
779877 235208
702706 22944
474453 908718
16353 989299
959520 933652
604654 603641
188145 157743
693123 959165
877500 598905
13963 324976
618513 717348
894175 509065
890084 863530
154868 495098
157484 231907
391175 89026
827326 413880
910989 907200
315285 665533
718046 184099
85058 341629
19208 562013
838452 195697
550764 259102
76447 662502
500739 711432
496255 471478
67710 501052
680669 56536
348160 102175
416804 423461
840081 170312
999460 394460
281951 86379
23310 9005
577030 485791
218358 272626
388745 358696
732806 597006
697452 881081
181598 203790
940374 679264
525911 708873
337089 182772
819913 652078
34361 421924
45575 155917
894660 79586
67863 336959
830291 137760
532661 453679
379595 666551
921275 176943
13106 575153
510221 383169
894970 174256
289300 368963
1576 619849
546704 920687
494499 623109
838389 77768
75519 783623
612752 136196
601902 845387
475943 658736
340084 849346
494165 528486
634043 53854
725059 54723
614090 575445
53390 387317
739042 333512
556181 247797
925938 816642
148982 49709
869151 177411
652340 847941
744575 994445
464677 20155
33763 490468
852785 822892
585270 174524
672138 16529
189538 794717
910392 969186
71535 343281
756849 399417
432654 150476
243925 90449
597949 632346
867210 699658
476752 698984
21643 249264
691250 886120
296322 636358
813582 930311
43688 425741
701450 933571
335907 645248
575892 880743
11186 737949
55217 289035
983614 688030
936063 722977
831493 311761
165438 92282
850104 10667
703542 797227
678497 292084
340491 113250
445198 574585
46411 890547
397619 514330
815260 849832
542750 902291
836440 125429
702909 590307
13816 135987
869384 392593
578985 342473
906421 191124
451715 359230
725066 539372
205236 914423
887514 330018
873384 754466
325614 662075
612236 86563
76130 957575
224418 130251
470916 55310
63315 714772
564375 723382
385005 518013
615465 903761
325685 706126
579693 823132
240460 326337
443713 860889
783799 912800
602187 759396
648756 735028
365865 210449
645328 713539
549889 669424
288008 913311
538739 555106
5817 274276
870256 911107
296026 225201
801319 966675
217384 408035
165156 791985
888714 500787
118090 245805
920862 578278
357381 551701
560510 694195
471144 881840
513956 685779
779442 291461
958307 729034
547672 252799
674528 650166
301677 15782
583837 204804
89430 290650
753230 24468
993194 347800
723167 362121
598553 307760
656411 311612
262368 614205
673137 637737
332628 415343
177869 247554
148536 360632
545725 365650
807158 588436
133449 672923
223558 801481
638507 178802
51909 704442
900113 363400
671620 598922
100640 388744
755547 969770
138930 341517
616666 196711
918181 600073
736925 644903
602080 458794
308385 751026
435866 111202
217918 225254
297590 206908
333019 25671
782651 51765
911179 370871
714840 600401
110835 574785
930052 107850
330996 957318
625131 340430
192161 725177
510420 279836
113290 974176
948108 167846
498659 837792
948609 596621
167660 982603
448828 42295
204708 937189
90809 608619
541063 605164
367160 308575
459729 805467
735310 506966
608158 576910
466897 301330
334410 996664
23965 259131
590444 372527
946384 104537
641964 857772
102264 172879
305046 390583
423497 770595
160209 741372
646185 950510
815576 688897
184670 146485
849716 240839
694891 884674
938099 60348
972876 144459
178694 827814
496560 459512
494347 333112
510917 109430
58206 25421
670156 449829
825822 714599
995779 848237
429888 151333
104385 936410
460134 452961
131208 728884
182746 843610
931164 773958
426947 346831
902837 938182
17621 678518
535531 377450
197745 817099
739336 182298
543315 308955
432588 986011
102281 67231
554884 437911
548843 366827
118119 268052
555057 372427
754339 21924
199857 228945
298570 230202
223087 471739
993656 399445
111306 639398
929011 445214
350162 250730
101308 963746
506388 434032
931520 288664
501758 459130
985468 698457
622075 430981
40763 319733
887858 140594
343509 506291
871212 588715
686226 842775
242472 733445
141340 957245
843786 10213
40895 37407
215578 183292
500545 914435
108124 437248
372749 897639
81783 516771
242266 724431
528006 509782
99168 386170
583695 532243
122733 543965
881173 575011
209619 746089
783379 867592
596763 737148
192171 902261
228244 867726
424421 544284
123090 915353
403783 468400
61281 58631
422640 372922
972553 119192
742352 799780
993135 326148
350855 393102
571943 303013
32719 991526
483356 747244
736473 792367
356042 948591
927466 931136
407694 725726
401587 982257
247158 332772
80433 838534
791492 472877
116204 619058
713408 445758
818608 538092
473605 248334
489562 162221
343703 589930
421438 454334
687419 265319
801976 277586
130336 661147
743566 770921
318454 102955
394009 191635
278595 334902
445662 410163
294852 706172
202267 712331
333610 334216
320966 641750
513240 349017
475973 571356
988962 741315
45747 997955
696492 733928
9676 645873
988092 339436
899469 780936
944814 68177
416566 650118
337676 564886
882526 759005
931045 687800
174938 406394
571314 89381
690400 132487
35110 66862
26565 283737
12018 501976
584357 599646
263767 556574
572239 323035
624847 386103
848776 25348
209904 497443
288041 414210
950852 39391
601100 105140
619591 310723
535161 311081
608984 455333
893086 411529
922276 75707
863693 80007
56260 601084
20914 424418
258218 583640
751555 189566
421999 966913
393879 795892
882864 8552
1767 149965
894905 292276
184926 222883
699809 451594
667831 21405
485904 461921
284150 224794
535379 551815
475057 244034
634711 696860
123015 800523
755467 126955
183603 532307
980864 742786
387949 828113
865941 130267
54300 483448
842899 212283
145701 600123
223968 52298
969935 928847
18114 641500
925282 241126
364269 813533
642378 805046
21508 694145
720257 783258
469714 394872
462043 521049
289423 1083
179239 971780
758352 293345
797202 425616
37380 740088
10616 441792
32291 100607
162327 825626
403478 436875
220240 887589
687565 396594
103903 577404
538109 199387
86199 69748
550328 850431
449740 898074
585726 64233
80378 452832
712771 432934
256953 232717
65953 242855
974529 306069
248635 482005
296890 73673
124558 751223
565454 866551
533732 426907
653803 372039
870864 495421
207722 289179
696299 897874
565466 613295
509045 338336
704546 12288
658456 417558
760549 488355
420087 476819
49332 177950
524640 130874
986175 120768
467340 356613
515702 771565
4608 551988
935285 192238
33023 789330
451869 922466
185501 731829
917077 89309
744564 665065
976864 586122
218858 831799
138152 529665
159101 858023
175646 875887
35005 374559
681736 905235
20454 424236
612387 30498
170187 304267
946833 479242
787483 419799
459069 731586
839850 553713
429722 122696
546455 66144
586493 696822
23084 449404
639882 488320
981016 266159
787954 815777
162692 183272
582630 906585
718524 196601
345053 852682
963540 519549
186722 461279
208713 887103
244431 578180
260145 409525
954389 215857
656548 190254
23511 173575
470392 958248
284215 445707
167534 426154
539105 925537
173857 447914
312171 585030
602719 890419
97957 199807
813637 937641
287157 625095
789850 978333
831630 577337
437038 861320
649652 19697
205385 963083
834679 995267
314175 39535
123291 598329
297394 382706
390246 390032
754312 774466
839084 329447
305063 858816
684055 228170
899368 631824
988782 477416
570630 937095
749827 760071
292621 496664
98571 155988
492964 950686
551928 183167
329229 901831
6157 572168
727674 646765
806550 937096
172392 709061
387454 753358
756798 979901
290556 584480
200524 557668
888739 328103
476574 663600
379729 924036
215113 235769
31368 444667
889152 499793
214642 26472
811189 733001
548629 178970
62483 261147
610348 476629
133676 157378
446217 641744
926220 609171
289451 454405
108833 680318
812167 730696
699879 916123
751492 830269
934878 767319
642356 135217
790461 777416
818798 844433
544062 707437
342633 475694
109104 535260
162998 657657
258682 931838
301798 995138
936774 889712
870608 371053
582258 850491
498309 137801
174297 720445
802803 978075
915742 912883
436621 985571
360616 205307
673164 245233
352954 936521
590822 455301
872572 486672
745433 103302
536260 133839
569715 500358
73330 233149
613310 255795
258366 37070
517878 855417
189481 241100
13830 493364
934835 905952
934511 545311
534688 780056
473202 932766
925961 402315
103614 493985
965602 365192
732122 593873
641983 256969
337476 520991
691941 827200
504242 675154
51249 158187
334292 265136
358616 315233
708452 164111
854178 540497
897033 10816
663110 273930
305714 919480
210930 372911
908432 66976
320844 949827
784564 844773
249447 380666
741914 710118
90982 443805
517181 148040
125605 320816
611182 481429
858428 820121
537566 694405
417641 445627
616926 488423
366651 412140
193298 596906
557931 159425
874511 150192
507218 398804
997425 365518
666354 804714
918872 972676
145920 116744
753470 435900
484087 42912
320831 529357
328120 529720
11780 933669
686952 243429
681125 307594
174133 922704
366051 804187
491830 587015
99773 724891
725130 332725
529135 367611
917959 63278
227083 352894
559609 250506
584542 531361
697043 677687
767960 407966
855539 894852
249960 126357
202190 846801
599369 792908
261652 643630
360904 169753
28494 314534
317827 845582
819190 265821
661071 418654
239188 298477
759580 574303
596055 452276
659988 806620
192504 354635
705082 636390
955555 307303
938022 414085
248338 79592
148759 7364
183776 64549
417709 743252
257183 964797
221609 33099
82381 170155
644579 349052
748999 498098
821014 770076
898041 697202
708191 450139
858687 434555
431037 909737
874589 587280
202796 431051
791910 244849
314459 505208
893179 422645
88002 54560
561219 842943
998399 628902
832461 636330
857939 219813
18350 681176
591810 875039
913964 738848
94736 258211
517608 642256
457362 389362
752753 244464
844206 917876
263738 403814
8560 103756
473232 542235
277375 739611
740643 677693
186244 864528
106782 163990
327311 790730
194917 305913
855029 232397
30683 970735
622698 658370
252291 214357
982893 798755
943193 98223
362242 361334
802420 637119
386647 766965
995867 323444
391716 307030
695684 514839
78755 878528
98114 967357
9202 345400
645370 145776
299654 982120
212956 251438
947860 598173
985591 101682
233860 877427
941661 504860
848151 9061
860527 456111
579550 571290
19654 128629
987587 297497
649175 230000
204659 880720
76958 527560
802304 953565
904323 773917
450901 148571
551197 730714
375434 79748
53958 723135
345419 487346
264650 285601
57802 646236
822936 31408
143858 535723
288451 492724
636225 656380
441748 694213
878439 257051
403048 199735
235786 471335
196878 338986
624776 353108
418422 200272
403738 931749
301698 509998
955611 352937
307551 8292
80045 845696
484829 222262
970032 730827
498944 399849
300040 269770
446186 457828
287796 127444
760085 198789
85706 571377
645656 854209
453344 701185
798096 574347
97499 44703
724810 949925
686515 262933
127627 434966
619591 555012
486893 184689
529359 100505
739933 922628
835226 103396
604777 123198
789930 330961
787658 387161
572325 836196
420982 875177
762982 505608
484441 609695
646304 34846
615440 230659
363351 950210
715713 701300
391169 978024
705681 321976
761201 953539
967734 180330
830599 124598
731949 979646
657625 547355
753851 91936
197605 946314
141684 84219
769027 993116
594070 795912
881884 72156
885902 620440
839183 313216
350007 701823
95212 235887
723094 812006
944029 233984
867934 779166
777860 994328
864311 179040
900981 474818
311518 426835
936275 649879
34332 183645
733295 788011
451032 144857
275772 233467
150373 452944
13873 459027
84258 530491
743055 104297
300167 656943
280142 102761
833336 346175
390319 465953
436287 419566
532403 527846
19420 633126
254708 605783
725500 119089
10329 392099
851146 453144
269496 293274
868292 490161
428443 403778
337480 602149
116529 292303
297885 264606
310690 904015
544177 290290
279907 17584
725100 905217
953059 688086
11517 842318
141311 32211
374341 398075
125847 462229
210012 280623
627411 173124
297208 359372
438076 683500
552245 552115
296160 529778
258845 418710
584753 486680
506332 855593
631720 296916
270763 911825
910931 688547
231500 642794
266977 722226
419789 246585
886638 312294
580955 987276
723293 394085
875528 689232
659163 516937
999980 572266
433549 696590
581846 407421
452791 423955
460755 543465
616544 172425
500224 421004
318473 598583
656888 330232
777340 143063
32396 689918
588104 104375
647476 623139
248932 735274
791488 59852
290408 549454
74263 508600
486054 441968
662632 248433
686219 434124
560974 247711
782169 846328
805358 431358
717817 70482
240373 800208
411998 815335
990763 451999
238738 528718
424996 695769
741168 63104
651005 376909
152222 993365
629747 517838
396445 805112
389489 685470
757379 693095
326143 71686
61866 395522
838037 578362
627669 503078
830041 233550
259490 780980
89939 547715
753827 725034
195622 218789
686428 999168
149562 886519
468555 481765
652487 219009
733031 894961
368154 259558
369550 194516
363392 494246
881455 444964
823170 77191
299241 307893
49553 305164
324430 305729
247091 803995
271548 902073
282898 544984
142862 968900
862332 374168
139662 255330
250704 240191
480817 185621
336274 162089
714812 448564
345912 751119
172470 401693
147119 740585
249484 438077
342512 640888
789813 718634
316764 418959
52756 967937
865049 96506
151664 362778
840501 458795
843653 298348
267061 65477
807765 161687
820169 505897
729570 771445
540896 930938
611941 570806
94642 671144
540736 737302
362479 216352
660266 603761
543195 671873
690431 196152
448336 121665
47370 93154
901413 668513
78215 826407
522012 304859
809251 720672
431140 924314
265728 727976
747736 196999
559894 370093
583898 615038
398291 258173
186483 399977
273616 232147
461438 190255
171560 146001
610029 612998
114488 724550
661326 508771
599809 651322
290753 355836
459878 205941
175643 623932
700942 838474
703526 51319
295910 625978
318556 272014
99190 262689
425983 211547
389564 699142
857219 925386
298388 17447
518143 548035
599482 156410
215326 326705
843039 874681
932215 884146
446048 188266
447548 950180
366913 875094
103874 814946
372868 700190
630394 790997
512516 182836
220095 499522
773705 441347
600237 643266
41861 405442
463732 22763
692576 924047
917300 354741
300863 939988
563607 347437
229111 18022
89474 421376
406607 340884
142963 158323
822198 599124
459530 528205
830413 626953
155122 81678
660970 802864
653568 514943
206700 1134
878775 255162
467881 356527
912622 218464
817187 760180
879592 895744
50804 844000
314416 632008
941374 916616
607410 455525
409675 168247
984459 309913
53625 230465
653626 720135
482809 692241
491091 370657
459938 366624
184526 333299
920493 915593
824645 133290
353547 253052
707150 912861
375441 625965
460489 672030
483584 6888
124158 856679
180738 906649
828121 18593
654232 533995
466769 700852
454227 592580
9955 948518
699586 70004
664979 101145
198335 820978
41489 733196
667916 482159
762157 371251
157955 369493
815454 402064
614950 712697
605046 952805
859317 635626
578816 426112
301453 651237
269100 219129
370367 138235
33132 314181
630727 49945
121042 409920
761865 921196
579893 480967
606236 387433
993469 974888
101210 266182
806445 812944
314692 372842
518844 251203
385135 423134
340345 666265
198629 28109
319881 464019
352276 603428
697146 668347
564192 274545
665904 79811
555896 496474
350512 452415
40106 227567
777468 795364
546515 564371
379535 400868
15487 580732
785162 606916
244443 582501
38742 641855
293379 40328
737275 935431
876410 46925
743113 851855
810530 743516
356751 834669
626691 329878
252348 95035
159386 414467
391922 458103
975318 974135
735065 695041
823801 192121
882383 628749
173480 976021
33899 426435
308239 564438
608057 93985
679429 273938
703035 803502
959155 898710
914460 808894
44038 871131
865161 336509
963238 71777
35759 251697
895489 61144
858989 544591
704571 39681
772418 4295
773620 563144
901959 62442
336460 456953
448085 654200
498705 5171
4087 104118
341478 941027
280210 106283
711745 234183
338398 221488
766464 630752
105540 143149
835103 540768
294529 389697
912196 239690
215261 520453
680740 917211
244182 815588
260342 26795
559389 399127
119696 777068
813448 634114
966060 332756
491530 212983
855700 745253
989073 936987
750924 705847
144807 726493
680910 74138
690906 292606
34463 55930
497390 260753
806659 752197
664307 902431
572333 399103
275487 851657
25567 397575
609647 597287
554829 985070
301081 955561
888010 136566
370935 483594
146318 592925
517127 927073
813384 979386
594755 958142
853087 443852
127108 187901
864438 635570
302298 492946
775795 14050
997401 185675
117054 537404
699460 900339
189326 365049
211562 560726
335038 371865
489232 973737
861734 127760
242313 254974
946125 448938
319345 552077
376532 494752
842091 474037
123257 435598
148714 263631
169273 839259
906993 419815
397577 434944
336493 74454
365028 100018
857007 114414
490472 143236
946253 929085
987515 724816
577888 379572
163823 573328
83066 550276
402878 986286
386773 748045
3691 797861
913893 174981
976803 107260
844252 275933
602410 927917
506506 119732
106641 97778
920631 878708
809091 989180
957702 840456
358082 710126
188269 285026
789469 125278
776559 116574
300367 610194
514899 737700
415829 691607
194294 915633
105180 39191
257772 202229
264645 189136
647841 448167
779862 541380
276898 600205
997277 527050
718417 877145
114271 908138
792523 578100
478294 523467
376473 794000
767477 506943
708198 77508
601867 469665
341906 256977
448106 317424
144930 107177
244913 117056
460425 23428
616442 390408
692706 740438
293131 837011
85929 13588
13769 145874
239347 121054
616164 1657
250267 834845
397687 936678
239034 320418
361551 457666
360485 388415
251503 211983
67962 590015
462487 7352
154711 99486
930359 634735
535053 449847
987253 235456
406275 760640
754771 4569
347842 480379
488683 363676
496151 483512
685063 286154
329494 410351
613604 770733
190220 931800
676874 934777
201806 368707
689774 972651
880075 910223
53774 150473
566521 535284
73373 140258
778166 267924
930596 847497
320364 842880
808094 141940
213793 867549
57899 558727
101465 750587
780129 548852
510403 454329
968334 983792
566916 846238
913925 875189
541073 232529
212663 531112
869448 189707
378477 442419
798309 206614
431337 811129
927821 79436
128655 631482
757654 97213
453351 444294
969092 653801
78119 764784
357598 974647
173734 792564
700979 385908
651006 178537
90837 404829
17049 697264
328043 247397
266957 707457
299521 165552
505576 557893
334026 642127
870612 931940
299965 995352
404687 334423
600224 828169
768573 502336
360645 73766
649373 644634
451365 836581
373991 294854
791072 793821
292121 708364
841408 100419
512971 84363
319995 622139
922129 239002
770945 480798
926392 217286
462118 539068
125763 718598
36019 832328
457992 660003
867616 562258
414703 965458
50757 724918
14371 709270
94137 393500
802298 723903
436854 816281
997368 804002
827408 405470
958517 933272
135777 715474
193237 793630
357249 358081
900027 996730
398367 775596
897850 129239
180258 687004
891257 19712
801569 873787
204906 275040
719164 882436
964968 755764
817415 134649
996961 436775
129933 640606
186939 769986
193634 639215
309571 834545
222962 308736
776987 535550
790984 526092
847491 635802
221574 670470
992176 194350
908735 834311
382450 698612
316970 302375
285637 938552
245669 819168
418271 928154
294820 644879
19517 962875
485648 738211
562266 910574
703308 432676
97723 42836
162780 699900
290700 66162
578065 783695
352268 830266
664861 599953
583716 600326
425084 940088
975177 882590
407640 193250
263284 959135
296355 290418
13041 652448
38567 975743
575681 242833
674716 447841
153857 473207
237877 136768
29768 276815
769678 918606
380621 155517
899327 5003
3405 395045
744122 665382
526344 809425
419088 127367
7309 847568
456558 794748
888640 289400
636457 295519
85918 163271
783520 406357
582657 859552
620437 430988
873189 400089
532206 663879
788456 386875
187610 322235
383557 291678
704720 825430
555368 84910
466909 478662
33581 667824
77510 255964
346130 925673
860315 938121
587796 913919
601581 947803
965240 561240
673974 431526
152497 306385
127804 832465
888961 76541
547304 18460
925076 958156
451973 370916
824159 553321
310768 155083
472931 751248
546337 413157
39062 165338
411890 556241
607954 237745
467979 512527
185035 196743
364188 885973
428824 69630
233336 612651
918127 428040
871589 814596
627297 930705
568298 900908
244672 373068
596163 579068
744939 725371
810982 2734
967813 921378
341304 951731
179124 445182
408735 249401
98937 87309
75280 57619
873283 413338
408747 71238
495652 192526
577422 69265
788168 587717
450271 692742
559111 983862
550625 448887
920673 698847
42990 951877
166981 27153
775165 938660
766992 547974
375550 291800
893760 474592
24953 605414
79988 607605
47607 183229
681594 45862
997475 625784
79649 392974
963088 38600
209609 670745
414752 655075
209930 707644
143182 465771
309160 471923
492021 145058
231036 853424
517557 616046
114075 471182
358089 709160
532641 748425
256755 827635
707095 282505
9601 528761
81341 134919
360359 971073
595270 740058
771890 468307
365051 1981
483400 84762
77433 783171
629421 86451
576737 904816
292801 101168
963202 232233
931489 565952
568569 541454
623119 472375
889830 126462
592327 612039
69266 946484
887559 353524
918461 773158
901133 558072
946066 922127
227288 890896
22001 739706
176055 766787
553790 586382
445593 623784
881688 524733
691474 381284
467876 103626
419336 842723
634433 358107
536788 290582
916295 809819
109554 778141
579121 147019
570876 100836
623874 393614
554920 249103
374345 228642
578384 650689
665745 579652
968243 951017
185880 816816
97715 5882
383728 911784
294751 761726
247353 284520
883582 947566
416164 998302
390982 852120
221551 210299
273071 722601
962106 323965
798930 96111
792557 514015
343353 590712
973032 621072
71863 315192
689322 980669
610547 216469
387065 281029
274390 175446
962839 752039
749164 305858
730980 271054
404904 680346
657779 732623
860329 183116
470763 898013
374740 818706
39526 249113
388423 526013
269387 631802
821569 806001
549297 84724
25181 570083
448288 76045
281754 497460
930189 773384
884191 679389
516557 168902
800515 594307
262850 798874
298720 672305
944691 580338
13557 343999
137249 700098
828112 73702
314382 782812
61993 148559
963983 456740
816570 597926
123707 887983
334130 391017
131570 18166
51541 546333
531862 134307
510883 438831
327918 88607
195808 880752
320171 505152
146350 861479
272791 457782
874421 543107
167529 855673
484100 211765
542859 56333
355396 608045
150278 366968
89930 369854
319028 267757
990996 56492
408323 340912
291030 989419
437952 608660
579459 359050
748599 762920
95613 854755
859525 704743
449923 731273
722378 566765
357491 525908
925633 518947
141511 398166
912306 850858
372685 878792
909117 873671
523188 422731
542857 237967
71926 439992
56897 785348
347031 856405
79205 580410
454394 379566
381681 659715
653059 266221
591264 862224
68145 337497
519727 4963
243144 886630
740425 114032
728884 197101
199223 181067
593775 911056
31841 536924
101725 784343
822027 671767
363932 507295
730099 659509
749916 201507
537841 778774
533017 429422
129990 123366
847583 239012
987669 793806
146806 18517
162384 517580
881688 539527
34990 910814
686765 98309
96205 854138
340199 630210
859477 359868
298746 170307
73871 421486
354167 982733
471191 706532
504138 459588
923666 384340
889177 701895
140620 667515
344599 949378
466719 884750
685448 118713
644997 844636
602397 84416
202412 283411
852903 951411
897018 733851
615564 568782
59983 369983
676836 899947
913313 181777
463955 763371
642008 359308
288866 185047
191410 800322
747387 645729
672492 430527
558374 764144
741607 728250
953821 284553
184802 865962
201716 588931
176802 20755
62483 974422
975424 504262
264437 711930
953947 124745
657560 155252
607501 310078
708729 820562
645837 661621
767930 944739
498095 200783
706406 967971
560028 181340
811687 291823
734839 680098
668760 640420
951324 602635
634793 411418
188107 902810
957526 547956
746422 689615
675950 500306
544069 716587
723007 858288
276595 737
947835 128832
851428 108577
873179 306213
995975 765593
475820 77256
792247 452724
286959 63761
17289 770601
243833 939856
615358 391993
66161 236988
624180 779890
713174 90892
80534 25667
747947 275386
826945 108947
58864 511136
214008 3623
43462 115749
257751 42295
757310 240657
884811 115870
291468 572272
656652 843853
240333 940035
922603 833754
843433 994949
209579 109798
606367 162301
747962 921635
287520 62469
80192 355440
158753 498916
41732 466182
728429 825256
524317 957669
714505 799488
952529 421795
411220 51083
908902 132595
605913 949909
823937 822085
522066 880538
451484 937108
903593 388448
706702 647173
813489 541767
373798 582472
133783 627163
631673 413765
298975 439164
491668 906121
596749 128724
959811 742584
109668 102649
822554 564624
698953 636576
683386 367029
351135 132360
911916 627239
856481 816081
386768 806371
800802 901798
780486 284883
67167 831553
523504 69494
276072 713538
634927 425277
35432 171313
250524 642523
76521 290957
468162 801081
756468 172025
417040 923542
722170 131005
372927 880712
203192 137687
174417 741508
465919 223528
877199 163462
923428 866058
858809 500695
603546 453114
277385 857334
461606 202007
801206 803641
31750 382521
933731 397235
772240 820341
93989 539195
823875 697152
871229 829416
197642 25011
274655 395402
338868 548979
80584 591162
732761 45058
