100 1000
40 27
19 11
34 29
10 18
12 40
42 48
39 22
28 37
45 9
19 16
23 14
7 10
3 22
50 22
16 39
2 18
9 4
20 24
12 48
28 41
43 15
36 16
33 17
13 42
41 33
17 12
37 27
50 40
10 47
11 22
27 39
47 11
41 1
14 28
19 6
46 41
1 23
6 15
19 50
9 7
23 22
48 44
24 3
10 40
49 47
21 34
16 19
13 26
28 43
45 43
28 37
1 1
38 5
24 38
9 34
37 22
5 32
26 23
50 32
30 7
31 25
2 34
8 22
12 38
32 40
2 49
30 47
12 2
3 3
14 24
6 42
13 18
48 46
34 1
12 16
27 33
49 47
15 42
33 35
49 31
21 32
40 29
31 49
12 24
12 17
27 1
2 30
49 50
2 19
6 7
25 14
5 48
15 6
29 38
10 29
41 46
34 29
25 41
49 36
28 9
50 12
10 33
41 4
36 37
19 2
43 31
25 31
10 5
27 2
14 3
26 45
33 48
47 49
50 22
13 31
49 5
5 7
13 31
27 41
34 34
33 4
19 17
23 42
29 2
48 5
34 31
33 12
36 38
5 10
25 37
12 16
7 33
4 43
42 33
42 37
24 11
44 44
40 26
1 41
36 32
40 17
45 7
8 26
50 2
29 29
12 2
22 19
30 16
15 49
37 39
27 2
43 8
30 21
30 41
31 35
14 13
14 18
13 17
12 14
12 6
4 33
34 34
24 1
2 8
36 42
40 28
35 6
22 35
42 43
12 45
34 49
36 7
40 35
24 49
28 20
43 49
24 11
12 38
50 20
16 2
49 30
13 40
49 24
5 33
8 19
6 6
23 18
4 23
22 50
40 35
6 9
38 47
3 5
49 49
3 35
37 33
21 43
45 32
14 6
3 24
3 36
32 6
35 29
33 9
27 50
43 17
16 7
13 39
4 27
9 9
2 13
26 38
26 21
4 19
22 27
43 21
34 18
29 40
22 29
12 37
26 43
26 27
12 45
14 11
29 8
35 44
1 49
14 7
15 32
13 6
25 42
14 29
15 12
16 35
34 44
41 13
9 32
18 28
39 45
50 12
29 19
23 11
30 50
29 33
40 32
23 20
1 38
8 49
31 50
40 5
50 44
15 12
20 8
18 25
23 43
14 11
18 22
3 43
2 27
18 23
36 5
43 31
46 36
17 12
41 41
21 6
11 46
8 18
35 9
32 40
21 13
17 12
26 44
10 11
4 18
34 47
46 39
30 25
5 6
49 15
33 25
6 39
48 48
9 37
50 29
23 43
16 31
11 3
14 40
20 14
33 34
38 50
49 42
11 9
25 6
38 32
3 18
27 39
22 49
10 29
34 7
25 6
3 13
25 37
21 3
32 5
22 5
31 29
22 11
35 1
34 49
40 33
40 25
19 40
19 42
26 19
32 50
40 50
4 46
13 44
9 16
6 15
39 48
24 7
30 28
35 18
33 50
18 38
5 25
11 26
24 43
38 35
43 46
47 28
33 12
29 44
9 4
46 6
5 31
40 39
43 26
47 8
41 44
15 1
46 7
9 22
9 1
25 15
17 37
28 43
17 15
29 26
23 39
29 30
22 32
17 34
5 4
50 21
13 19
27 15
33 21
40 33
44 5
49 14
37 32
24 30
21 22
37 48
32 15
46 20
32 39
1 15
31 47
36 22
11 43
41 29
2 16
2 21
30 23
11 30
27 6
33 3
22 36
38 47
42 24
12 47
29 2
46 49
45 20
19 1
49 21
1 21
34 19
4 19
31 38
35 16
48 42
34 40
37 5
3 45
44 9
7 30
31 37
29 50
1 4
30 19
45 16
46 18
36 14
35 25
36 14
27 4
34 22
9 13
49 33
36 22
6 18
50 6
41 46
31 31
9 22
26 16
35 9
30 11
26 4
29 19
31 21
31 41
41 28
18 2
42 41
25 16
50 48
10 12
31 32
24 1
34 19
22 40
12 46
3 26
50 36
20 12
26 4
16 3
22 25
2 13
35 21
47 14
30 44
34 19
8 41
12 3
39 37
28 47
10 15
1 38
6 50
4 19
29 45
49 48
16 38
31 50
44 2
2 20
49 31
45 47
34 35
26 16
16 44
43 9
11 7
47 26
10 44
28 5
35 17
4 35
18 31
19 24
3 23
37 3
50 35
38 30
31 20
27 11
38 38
15 39
36 29
6 46
44 20
45 6
22 21
20 22
14 22
6 14
1 50
23 9
7 32
17 30
45 8
21 37
28 12
16 19
30 42
9 13
37 10
19 45
9 10
50 9
16 40
41 43
1 32
10 1
46 3
50 39
25 43
10 4
31 24
41 14
42 22
41 14
22 11
20 7
41 31
16 34
33 19
39 45
46 11
16 29
43 39
15 45
4 37
31 13
29 17
26 11
36 30
31 47
50 47
19 11
2 5
18 29
23 1
9 8
26 7
39 35
33 24
24 22
44 40
5 6
18 13
47 50
42 1
48 30
39 38
22 36
23 19
35 7
31 17
35 10
18 49
27 7
14 34
47 44
25 5
39 33
16 40
13 36
47 7
30 30
50 48
13 2
33 12
9 2
15 24
50 38
35 1
26 17
9 6
47 23
27 46
23 36
37 7
3 16
41 45
50 29
35 43
4 23
27 50
44 25
2 20
20 5
6 46
36 5
13 46
2 18
50 14
11 2
20 30
27 49
12 14
3 14
45 23
16 12
4 26
44 1
30 3
35 12
34 21
32 33
19 30
49 5
25 46
45 46
23 5
4 39
27 45
30 48
34 47
48 4
33 20
27 1
22 24
27 34
20 19
35 26
32 13
39 50
27 47
11 18
12 31
43 42
43 25
27 43
7 1
22 24
8 20
21 15
4 9
1 5
36 16
9 29
18 40
18 42
9 18
23 20
7 12
1 48
44 10
15 14
13 43
41 22
35 23
8 25
44 29
49 21
47 13
10 11
30 25
44 6
20 40
38 32
12 10
45 43
33 11
29 41
31 19
46 45
25 34
3 47
42 4
3 10
34 47
8 42
21 8
2 27
30 43
47 20
31 47
37 3
49 7
7 6
5 42
45 43
38 22
20 38
41 32
26 26
37 10
38 12
32 9
9 16
23 47
34 50
13 37
49 18
7 28
2 2
21 13
22 1
42 41
14 45
31 37
48 46
4 6
23 16
44 20
3 31
39 25
33 41
42 33
48 14
26 4
17 42
25 25
32 49
8 11
13 17
8 17
34 50
13 34
25 7
33 48
50 26
39 13
42 49
6 16
8 15
23 36
32 37
36 21
22 11
13 10
37 33
45 10
49 46
40 45
17 25
30 18
14 28
22 35
43 17
48 45
42 7
9 33
5 30
15 25
42 21
26 6
12 8
47 33
32 5
23 12
41 11
28 39
42 14
43 26
27 41
47 14
8 14
21 17
24 22
12 39
42 42
36 3
49 18
14 27
37 29
43 20
15 29
26 16
32 36
8 25
29 25
48 3
36 35
17 36
50 26
36 11
47 37
1 22
13 1
50 38
9 33
33 36
6 7
45 9
7 8
42 6
44 20
8 3
9 15
30 33
32 34
28 10
36 2
21 39
2 37
2 37
22 44
38 36
22 34
18 26
9 9
5 22
30 45
7 8
6 35
23 25
32 29
24 23
31 47
8 30
28 11
46 30
17 45
40 28
8 33
23 32
32 24
13 13
1 20
17 33
35 49
9 25
40 13
47 26
14 36
15 1
8 5
13 6
13 21
10 11
10 37
50 14
29 50
21 26
6 30
42 9
31 22
18 18
9 3
31 2
4 46
22 26
33 43
36 34
40 40
34 46
34 9
49 14
40 1
26 21
42 10
17 11
8 32
29 42
24 1
27 13
5 22
17 34
49 20
45 29
2 16
20 46
29 1
21 45
8 46
16 11
32 44
23 16
27 28
32 4
6 23
32 39
27 34
44 11
31 18
46 29
9 3
32 13
44 3
27 44
31 17
47 49
14 25
48 9
5 40
7 27
33 46
17 19
23 21
42 4
25 15
20 37
12 23
50 22
21 50
29 44
41 48
41 9
19 48
29 6
31 43
26 26
12 19
50 22
14 3
46 50
31 13
45 6
33 33
9 10
31 49
26 10
46 43
32 14
49 3
26 49
16 34
9 5
43 7
30 42
2 47
24 21
35 10
46 3
10 28
31 40
35 13
40 1
2 10
4 33
48 43
3 38
3 41
42 46
18 12
1 46
22 21
13 9
17 9
5 15
25 23
20 18
44 30
5 23
30 34
49 31
12 25
19 27
29 15
39 46
46 6
28 40
2 41
39 36
39 46
13 2
42 35
40 27
27 18
3 29
5 40
20 8
40 9
24 48
1 27
8 10
7 49
25 8
16 2
37 2
29 32
12 41
17 44
30 12
19 26
43 5
5 29
29 4
40 5
25 43
1 15
44 44
36 5
48 43
40 35
19 33
37 34
21 27
32 29
47 21
8 26
8 44
7 34
31 36
23 39
10 33
7 1
20 40
26 5
