10000 1000
1398 1467
4971 750
2988 2375
4329 1745
3564 4152
2646 4287
3687 4663
4774 1770
1458 2876
3664 1425
3078 2169
733 4257
3924 1766
1396 3262
1722 380
3503 4719
3039 791
3301 3559
4056 3377
3343 2545
2404 2434
2473 4999
1298 4125
3361 471
1298 2346
4457 3704
1252 3376
2520 3392
4531 2674
4394 893
3091 1706
2229 4499
4017 3606
211 2065
4519 165
365 3955
1935 4009
517 1526
4270 4460
642 3074
4114 3447
3822 3314
4384 3213
222 1560
382 4065
1400 4695
674 166
932 2798
4061 1990
3696 2884
3363 874
4177 406
1815 11
4394 3972
3498 4456
1639 1331
4858 3236
3531 3108
2773 10
4721 3410
2705 754
4230 939
2749 246
1171 415
229 1951
1902 4159
3532 4098
2054 444
4505 4342
55 3966
233 1246
4365 1464
37 2790
4812 3660
2832 461
1882 1195
1128 1503
1136 2004
3548 2111
4676 2798
4462 3097
652 2790
692 4947
668 1753
1841 4781
4564 2118
4375 1638
1155 4523
2160 2553
4385 3802
4987 2250
1462 609
4755 3934
2653 4980
2736 2690
162 2235
467 4788
1783 3136
4016 2577
2020 2243
4879 3197
3218 2275
2235 4917
4097 4022
429 2014
2168 3158
718 2361
572 113
4652 1870
4132 2419
1090 3252
2893 1260
240 3732
2168 535
4409 411
4563 1640
828 2877
3398 286
2656 4271
2822 3004
3148 3014
4964 4990
2931 76
4894 1872
1421 2853
794 3634
4194 933
3690 3550
243 3000
3107 4036
458 3782
772 3290
1019 445
443 4187
4161 2341
889 1040
4799 2210
1133 1694
2995 3861
3285 1725
4682 1661
1035 4327
4407 1860
1646 3579
1786 2689
2869 2856
3527 4292
1914 3191
4599 4902
4218 1833
3651 3957
3306 64
1868 161
4356 886
3968 1891
564 2173
2607 2905
4689 2602
1932 893
3528 3906
898 2690
4468 4991
4793 2856
4511 2202
355 2630
3378 85
3601 1868
3015 3178
1423 1046
1795 4761
4890 530
505 4
2208 3360
2376 4352
2508 1151
504 4483
494 1789
2080 1489
4353 1504
3459 984
1497 3903
2240 3935
4868 249
1161 1935
3326 4304
2651 412
2709 869
322 4694
4630 3147
2789 1705
2834 2753
4281 2364
844 3290
451 2668
3404 563
3771 4080
1682 1151
334 1779
1508 4013
7 620
3710 4163
2263 4515
2030 631
1443 4418
4570 4094
4517 926
3932 4803
3881 2527
3292 3124
1425 3100
1820 2096
617 2340
1360 1771
1051 1230
4832 2562
303 3662
3737 576
3895 4808
1977 732
1938 3683
1202 2155
2936 4937
3724 879
1733 4827
1711 2568
2099 4412
1897 1058
1851 1602
4244 4983
3492 1098
2998 4576
2510 4742
4592 1
1271 2401
266 3641
1988 1448
1197 1773
280 3201
1994 1821
4837 2096
1987 705
2150 3684
4855 4671
2575 1719
232 1020
2138 3866
2207 3623
1394 2326
3192 2791
585 4089
3995 2573
3581 1264
2214 3236
2619 2343
4498 2548
3477 2414
2267 3556
4601 564
3540 1616
1981 2174
223 1605
53 3644
1997 1351
4757 2748
1225 4613
4603 3209
942 3861
475 4240
3389 1197
1956 4213
2665 4067
1737 1258
1522 635
719 808
4047 3471
4734 4225
2786 1872
3398 3894
1180 786
3155 716
4568 4731
1468 744
4920 1132
4175 3360
4087 1570
1698 950
598 2972
4631 3427
3787 3332
454 799
1225 3773
1516 505
3924 1892
2830 3588
1237 3955
2967 4408
2452 1608
1471 2474
2188 1156
241 151
561 1799
4452 1719
1673 448
2540 2780
526 783
928 476
3289 4247
2839 4762
4937 1513
2699 2120
1574 3517
1157 4289
4528 1879
3200 4996
3425 2004
1566 2892
3053 3875
3230 4968
1649 1873
3931 4878
4362 2926
790 1172
3485 1930
3826 2918
1263 3409
2979 3111
37 1652
1139 4366
3412 1254
2946 4687
1606 1830
284 3173
90 33
2581 2770
4653 2059
442 2006
3900 469
932 785
1908 3197
86 912
3940 4590
3472 919
307 3952
2121 1057
4076 885
1839 3974
34 2274
4781 4550
1063 3989
1245 3095
3919 4209
932 3232
1328 3709
624 1058
2019 3680
4873 3838
4036 669
3467 2316
3806 2903
4930 4399
2087 4777
4136 2351
1621 2128
316 1257
4064 326
3914 836
4681 1861
4403 969
3539 1396
3399 534
581 2820
2371 4759
1587 4362
3569 1815
1472 2246
4418 4472
721 333
3321 4831
1042 813
4282 2658
2338 3424
183 331
2374 1781
2081 2467
1243 4873
245 910
3109 2841
3733 1381
2075 874
4663 168
1777 3612
3770 1259
4226 4391
170 254
1428 3563
1991 1621
2416 3104
2509 1973
3436 787
4385 648
3539 3425
3318 3065
1163 2868
3008 2873
2064 4928
258 753
1367 779
4148 4338
4623 2954
1185 1807
2059 1498
3167 824
3017 1577
1513 1615
4427 3231
1177 4785
4174 4595
3607 1957
4361 2749
1917 588
4296 674
2422 3209
3250 4903
4210 212
997 1382
1710 559
4876 4157
1479 1039
2222 558
2743 1579
2610 1782
4448 2683
1126 197
3635 3928
359 438
2110 4180
6 751
1783 4429
1894 1544
708 440
3661 4721
3858 755
1242 2313
4435 1753
4519 1495
254 3707
1643 3497
2182 2847
4738 4406
1915 2748
248 2610
3822 2565
1731 4881
12 4574
1893 2360
1917 2625
211 4450
1023 4507
611 1227
1678 2373
1190 16
4278 1757
630 3319
1581 630
4396 2387
301 155
229 4482
1964 92
2170 2430
362 1797
1044 2611
3474 3109
3011 152
293 4780
3237 2460
1141 2045
3980 3214
3142 4923
2926 3218
4090 3726
2012 2262
239 1542
2840 4621
1161 2759
4941 3433
2643 1635
2083 4406
1307 875
4305 821
4060 668
1804 2651
3167 826
2861 1835
2849 1115
4117 3883
1967 4370
2550 106
1168 2251
3697 2126
3119 3870
4593 1062
3914 2100
501 220
198 4361
4908 4377
1375 1598
1952 4125
731 1419
4627 645
3570 4735
1796 960
2235 4592
4927 4427
4659 502
3462 156
429 577
1984 4493
4991 4067
3328 173
1760 4019
2246 1291
2780 1534
4020 1459
2344 538
842 367
4871 2530
2433 3410
48 4701
290 839
3212 3305
4883 3148
2274 1495
4591 3484
228 4381
4235 761
2034 289
4583 3220
3902 4373
1970 4290
3031 985
249 2738
40 2628
2620 2265
4762 3254
4587 3991
3675 2179
1585 4880
4339 1898
3708 2628
266 3952
1250 1442
4572 1605
2280 3434
379 3302
1351 3952
4100 4293
3506 2318
4756 3659
2263 2627
1717 1971
2202 2690
516 363
431 1012
1241 4344
1858 3390
2299 4688
2672 1263
863 1019
3654 2853
3897 4279
3054 3669
274 1463
4651 1521
2339 4930
115 3353
3527 3256
1362 4135
4494 2570
2327 1698
3681 22
3087 2639
253 2275
3596 4578
3720 2945
3341 2093
1553 3135
4422 2383
1413 985
1547 495
3011 2458
4775 2519
3077 2906
2645 991
2007 697
2470 3395
3218 4731
4254 2474
4336 3835
961 3602
2223 4801
4349 4837
3907 1415
395 131
3073 4175
224 2511
4607 4134
798 2063
1626 743
2753 4870
4668 2941
336 1869
1223 2356
3201 2898
1831 3487
4843 2156
144 101
2608 1070
1447 3877
1039 238
2915 1529
4609 3931
2723 1527
2625 1778
3068 71
3433 1574
3132 2199
273 4163
1209 863
1616 2749
3213 694
527 3556
3151 3212
4497 2900
2159 2269
332 1695
2193 48
1902 3349
3311 3745
2844 1699
4754 588
1866 3502
915 893
818 4178
4919 4617
4953 3268
3493 1129
2754 2096
2469 2536
4502 527
4863 103
4621 3788
2257 313
597 3156
3778 3632
3404 3612
1358 119
814 4817
634 3723
3037 3732
4905 3217
2628 3337
2290 1221
4101 1380
3938 4122
331 2976
1948 2868
1317 3057
32 3626
3819 3066
1911 1302
708 4784
4291 2106
1735 3064
2164 4665
4044 382
844 2362
1823 3694
1789 1793
351 2700
3075 572
127 3056
4670 730
717 245
2827 977
1335 4077
2710 3973
4315 1942
2628 2290
3529 1700
478 1144
1084 4795
1493 4144
1060 3517
1288 1175
4140 2206
3905 51
3128 2324
1229 2722
4779 2561
1480 1326
4403 1518
3879 636
295 3751
1398 1754
2637 1242
2593 278
1161 3762
2137 3502
2858 231
2415 2146
1930 761
4440 955
3783 4077
4782 3460
3836 245
4026 4593
4663 4276
588 3132
611 4585
2247 2945
2813 2871
2659 4759
3477 1820
2962 1511
3217 3047
4984 3052
885 4887
3254 1836
3374 829
13 3672
2377 3932
1155 3749
1851 105
2498 1771
3814 220
1332 1897
3448 2965
1268 4649
4524 4298
246 364
592 3430
3082 1408
186 3096
2832 3793
948 2846
3484 1478
3504 1945
142 4960
3136 2032
3349 687
4823 2226
4159 1515
3009 2185
2018 2329
1292 3552
2722 4406
572 2309
1579 2924
3015 3943
2528 615
617 4471
3571 1574
1137 598
667 2943
2475 780
4199 4972
1428 4861
1932 718
402 2511
532 4310
4756 567
3759 558
3060 3300
4624 4213
311 4394
3940 3030
2402 2534
1294 4640
1492 1519
763 3481
3882 3898
1065 4765
23 4658
4884 1966
1633 2556
3998 4757
2575 1847
3137 1564
1651 2439
1558 843
3995 593
2911 1968
1638 1042
4578 4573
455 3116
1174 3534
1037 3965
368 971
2727 2259
845 1784
3028 4446
3519 4251
2330 2830
135 2807
2665 1405
1137 3922
1951 4199
3282 961
647 2345
756 1389
510 3816
2752 1634
1320 2847
2287 904
3288 485
1393 2723
1277 3391
1790 467
2841 3544
1884 1220
696 511
4805 4720
4501 1577
4884 3310
3479 3926
1655 4220
4036 4946
3984 4343
388 2909
3106 1878
2725 151
1386 3800
1549 2153
331 1468
2316 3159
1736 2556
1123 2859
1001 3737
3045 2845
2215 2073
4826 2541
3310 494
3770 730
3897 11
4909 3659
2204 3074
3874 495
110 2803
2921 857
1803 4171
3110 4011
4218 2130
1487 3155
3839 3094
467 3408
2208 2793
335 488
1033 4109
3721 3195
1879 4571
3850 3231
4091 1658
291 3179
72 2583
915 3690
4140 405
27 2722
1596 4611
2381 1828
707 3190
389 4713
3539 2629
991 3404
3735 2228
1732 4626
1033 1892
250 1294
2498 3683
2394 840
1195 977
2944 3815
4667 2012
4433 2289
2358 4792
1851 1200
1702 1432
1941 192
4060 2060
1488 2854
2143 2392
1262 4850
308 3521
3495 21
4340 715
2712 591
4049 270
3698 4318
2744 4496
2359 1909
4811 1932
3376 2679
3687 1602
969 3353
3493 2882
4060 348
3768 2976
1873 2989
357 2289
4963 2525
4650 1356
159 1854
1653 2117
2941 2418
3765 921
1585 3950
480 1371
2998 625
2486 81
78 40
1512 3941
3343 710
456 4635
3473 1320
3279 999
2712 4658
919 3310
1042 3991
1790 966
4088 1842
2378 1366
3684 698
995 4893
4237 811
2032 2772
2967 1533
4860 1144
447 2210
2320 99
1867 1913
744 1730
33 2353
1595 503
2348 4880
4999 3788
2366 2501
3456 3404
771 2438
19 163
2723 1130
2718 3830
4053 671
4322 456
2387 3364
460 3639
447 4733
95 1611
2 4004
4376 4130
1733 512
4091 4121
1414 3541
765 2129
3764 1057
4945 1520
1575 3667
1798 2905
1653 555
1790 1742
4694 5000
4299 268
3441 1579
4666 1681
1646 541
4463 466
3693 3187
1939 3182
992 617
3216 360
3220 2623
4466 3166
4277 3158
4686 521
2822 1146
398 3478
3143 4902
1327 1889
3537 20
1765 3541
1690 201
2423 3740
952 3227
2982 4331
3521 2961
2498 1725
2841 2
4731 820
2774 3150
737 822
3018 3450
378 2175
