100000 2000
13555 12686
41833 25091
15963 35867
12758 23650
17464 5147
28198 31734
21215 34890
989 1144
8194 24112
22065 27025
36596 8288
23800 11822
49403 41978
20273 46621
16206 3972
34396 22390
18919 6931
8727 46850
45114 49434
13436 36791
46718 48368
46240 7288
40037 49513
5173 25346
21254 22914
20459 503
31629 17053
34162 29941
20240 36236
26703 32734
36672 38810
21542 49779
17690 18731
48244 7775
7635 16198
36124 18592
18386 22590
41170 40591
39028 20078
14579 3534
10897 46767
38013 32997
33451 25332
41273 45275
14417 16662
33910 44153
31686 32511
49620 30579
8545 31639
17298 12300
37772 2624
49118 11251
28126 23632
46237 18080
39714 45303
30090 37221
29221 30965
24411 1671
4532 1266
1802 14691
5559 11724
9041 270
34998 46473
39337 17936
13235 13441
49390 39386
27229 31315
10299 11320
28623 37294
45441 17067
28650 48479
29462 1329
40609 8358
18213 27672
11398 49488
6987 3772
17948 12444
14417 40332
17112 45380
8678 30035
21453 9675
41633 46305
29034 10129
13582 24325
8379 46749
25400 11175
14367 36479
43348 21962
2685 23260
2929 7706
4036 10746
33769 11689
14623 40939
29421 15893
33426 33901
1905 37473
26057 7011
20875 19684
47572 45727
37695 28809
47118 34415
10994 18586
9326 424
37142 8866
43307 18401
14604 39670
23352 36575
9465 40161
17170 30298
16904 23016
23853 43576
48154 49142
10936 40017
48058 39776
37944 101
12953 33512
26778 15213
12474 6461
20186 8823
48956 35106
22536 34642
22077 16062
19472 22895
23430 20336
16587 33078
37185 20087
33690 28947
31283 48653
11921 40840
46034 23152
14858 14361
21506 8905
4833 44506
16226 25581
8431 44767
1749 5346
38566 33723
38418 2485
13783 39762
29293 48810
31835 29947
35923 3990
3239 14093
48661 16705
18344 19649
15924 20237
38176 2332
12548 13487
4338 34223
39261 29804
3675 14967
37192 15544
17206 18826
19509 40339
21651 47984
36183 25336
35681 5870
8231 28161
40922 47662
19528 6145
27627 9263
46534 23669
19555 16947
11606 17815
10153 37060
1349 9789
15130 31334
27671 4171
13495 1273
47483 2818
14231 45084
27442 26074
47663 9771
32436 31517
27057 40622
35086 23035
47430 20684
19994 5019
9734 39422
17529 40197
18125 14
32080 16674
15930 15477
37289 10423
46705 36746
41668 3997
23553 47682
34188 46874
30534 46436
3335 9296
2961 5403
33828 17134
46428 6557
19001 25280
16901 987
10775 2975
30000 20907
34401 42605
18458 7723
5229 6069
16203 38279
25676 15993
17794 8517
44355 18061
28807 20167
42743 15528
30891 12678
40741 6502
11362 11904
34054 17322
3878 42165
40623 22674
3609 20637
23670 49012
46144 22975
38598 29363
23562 36812
34178 15427
19271 7261
41988 41632
36354 24249
27493 4258
6286 43771
27851 22870
44743 17214
11769 8104
6276 2466
4391 9840
24308 17847
29705 572
34917 8654
15714 32839
20398 23326
40617 45590
6353 25146
32587 20888
32171 47182
15607 14629
17870 25928
34422 8748
13388 10769
20030 17693
12351 4084
26989 42273
30073 40397
17762 34937
1330 3709
10834 38225
39523 42333
3356 27403
43597 30575
2650 34172
45066 17943
41946 2363
14345 26827
7292 6361
33007 25280
46141 37622
4617 21608
5248 36479
11053 18391
3284 10820
46051 14957
24064 35284
22298 17220
4565 20264
15768 35894
47195 5789
47804 48643
46254 18875
1970 16779
18107 17140
13675 25896
16259 31458
381 17841
14512 21670
41980 42160
41694 33415
6734 19938
11507 41994
45723 11511
19840 40962
32071 454
38967 9562
32758 42047
7761 12234
43378 75
17565 8067
15480 19473
41301 41325
45866 39291
13660 18203
45276 34340
34422 14270
40408 28747
30915 15608
30473 33620
1265 26692
12002 22078
20127 10859
22489 28823
25103 213
15439 46146
36450 30414
18969 34107
24539 27362
49522 42784
15833 45760
15894 19817
25227 17112
30737 22616
31260 42751
29997 28091
15916 30234
28531 47989
26667 4654
14866 42812
23054 25386
48505 39721
6767 37395
35957 48881
12090 23612
27539 40087
24313 23264
48212 22151
11867 25060
4966 24509
2589 5275
24647 23681
45701 33219
47659 37502
21085 16358
326 36886
28407 33480
26869 8428
37057 27974
44516 277
33719 23161
44415 34915
27767 13080
10091 23286
8554 10991
45788 43626
43567 49920
6051 47264
15239 32601
12597 28128
30017 14981
38344 11973
30269 49097
44759 35838
871 19695
46644 113
14077 38969
49500 25198
442 35534
24883 26994
30321 39155
26438 43797
44277 31549
21979 33714
2377 30650
23042 10286
34820 7516
29497 9456
279 5871
3153 13334
5142 27984
16834 4291
19706 45136
10897 40358
28512 8204
41769 36293
47903 48370
33408 8923
35003 5684
48864 19467
40276 5327
18867 4097
43793 2692
29084 29799
46461 9921
13213 5096
5883 25988
23701 13390
27250 24363
5501 44241
45370 3104
18728 49477
5701 27448
36058 43771
9744 22407
14956 42382
38197 17076
14781 48737
11109 13474
29757 14461
31994 48648
25356 25722
28055 34898
5787 48715
5395 43477
4645 43130
9795 14087
14122 29625
36827 28742
17140 15734
32799 45667
48375 1243
8525 32945
48549 28594
18370 21698
24258 46370
49741 38909
45884 9186
11252 36099
18494 42733
30746 12178
15088 10018
25517 29532
17327 41293
19678 11842
49136 7989
21879 36534
40314 31673
12750 25852
6475 24843
40753 27600
47931 42484
29763 15832
10156 25598
14115 18141
23747 44994
36380 3019
27594 34091
28716 49324
7770 41521
32951 31902
36987 42868
39420 11505
240 20612
48723 48227
20217 14136
20947 21627
36933 28681
43684 20793
23396 17223
37705 5265
48825 437
4189 2001
38306 38493
16431 33497
12788 877
7541 30547
984 11795
19310 17824
24466 7139
22805 828
46090 16633
3966 18967
14453 14536
15629 19735
1586 24608
40136 45602
36637 19615
34878 12028
3339 41302
9759 9466
428 11231
36772 3239
36451 31001
17744 35559
22001 37748
45780 21116
41528 20846
41202 31437
17003 2359
20531 1462
23184 12979
16287 33335
42445 7602
15104 44639
38896 4398
16365 22656
45619 43743
46284 47773
25811 8652
4421 15679
46468 33357
12181 33239
2770 35532
17930 49004
19241 28633
36308 2098
14849 17995
4977 37199
7179 30880
35979 3896
17002 26437
7627 16592
28596 14907
35815 39176
5679 9189
38388 24825
27535 36571
1511 9636
20088 26093
4556 12939
44649 3232
33890 49864
36054 15936
22944 30190
36218 954
26705 48031
8413 45966
16381 46804
23633 41411
9692 33038
4212 49365
34632 33443
10761 28453
15830 10369
40744 40556
38068 42570
16246 28470
2294 38200
45614 22017
48639 15716
33383 29656
45916 11098
13912 27839
46383 39419
11399 38680
32581 27768
38659 44834
11505 28372
39308 47264
33475 48585
24164 44633
24031 29390
22738 14506
49781 31939
49917 20653
47952 33785
41093 3303
46474 43807
6671 9256
10314 38758
41955 29012
38190 36340
21747 935
38593 28080
41633 13563
14712 20164
29547 18090
21653 14194
30083 43266
3730 33358
3853 21583
705 6057
31730 14303
36461 18152
37641 7615
10250 33774
42506 47991
33779 34208
15610 48458
42607 19549
203 45039
29255 28545
28309 22961
42162 8750
22878 17017
11068 33144
40929 41512
37262 38973
37673 10975
1112 19574
1022 33408
42891 33358
21016 17318
8930 32535
37929 42085
42505 17080
12302 39074
15638 40748
39139 43795
4254 4258
42455 39121
3225 18590
29231 31688
34818 32206
15966 41114
29399 48407
1439 14737
6299 6950
12841 47670
37159 19759
29204 33851
36304 49875
23357 43262
46506 41232
14120 9881
10783 4870
41186 6158
10721 42232
42390 34409
45243 6499
17768 2782
33010 7215
8936 39825
14754 19095
24132 49674
28555 26000
25716 37215
48833 40486
3590 27919
1918 27387
19044 30892
38504 16026
8736 19912
38225 7121
819 28369
28534 29591
9456 11479
11792 40161
14176 6215
923 45647
45325 15084
6179 17165
18310 190
10812 23514
45349 21291
34229 7638
49864 17500
44732 4303
16426 42622
32539 28513
48907 18956
44878 5413
18479 17348
3391 29881
455 28648
15521 10914
22184 26710
37617 22004
21358 8736
49931 19195
23583 23061
28479 40631
37811 25784
44991 10348
23670 43640
49678 35053
28804 38374
24984 7796
26774 2591
26653 48470
15879 8289
6461 27958
30814 26823
42751 10642
17709 42929
19519 26232
8399 144
12800 25540
18208 1405
24104 47187
4759 10848
25639 35960
36177 43393
32996 39787
27918 3554
13816 36282
32415 22318
17477 9024
15614 19637
39945 28253
7770 35504
13368 28664
30200 28600
29456 36565
17279 4054
11665 39434
20701 5677
11866 20760
17215 44724
7663 34429
18641 46678
47256 33755
4145 26443
25591 39711
2699 26302
19997 19070
38784 34689
24274 5245
17953 35506
35477 28949
5958 37905
32534 3643
44087 37954
14653 37531
41255 39099
42542 8593
19810 79
36066 15907
22025 31728
12061 29955
39426 5930
43357 29861
29400 49089
2684 16482
40775 21634
36791 7816
15016 19419
39284 38588
20997 18527
5037 24486
26081 43653
20586 35398
4691 25504
41235 1950
10466 33870
11428 47201
3039 20279
35759 1481
27420 37360
1315 3691
38501 40256
19524 48369
14033 13605
619 17447
4314 39048
22869 21083
6274 41351
42285 44993
41755 655
38742 651
33793 12834
3866 23577
32189 43540
262 26726
11141 4790
23856 7323
28708 9664
7892 42282
35244 38464
34053 37591
14710 24347
22375 37468
30678 39240
35796 49522
49483 48482
3322 42389
16307 9521
31158 4065
20665 19544
46039 18582
34696 42452
2294 35674
45431 16879
21718 24257
11023 30577
39898 26871
22338 10089
19454 1352
47980 22685
19704 37824
15285 30872
26209 10343
35983 16624
7782 31692
25968 9904
4069 48830
46652 6921
14886 41046
19193 29801
39238 30831
25518 33339
37383 49496
10657 24970
22765 42469
46955 26630
41632 46013
18633 41189
5128 35358
25660 3492
25667 2751
1548 44914
31115 2285
30266 9235
5477 41033
23617 36871
13127 31060
29834 30003
1109 29014
3672 16263
17645 29231
49513 16968
8455 17698
3597 32838
48868 32558
36064 7151
19618 32450
1380 13544
42556 14342
48823 32965
10719 40030
16452 36295
45804 6889
4999 46600
14583 40220
12153 11420
7935 20294
43367 34245
5121 29123
47202 37061
9077 35836
37267 42269
8357 30532
43905 32276
886 22437
11403 15342
35405 14163
39378 8361
42084 30406
21593 46530
28164 27704
27645 28496
29357 10429
24972 28923
8574 22816
27100 42278
40740 46852
20131 16038
33462 5009
13889 31182
35744 28477
49096 5664
15270 17376
49383 32812
4824 46402
36666 28569
48088 13810
48980 44500
42021 46761
47695 21225
3650 31088
10244 21891
22597 36134
14630 4205
39109 29240
37520 10576
44462 40240
49314 22052
7449 38472
10673 12041
20642 30220
28105 26874
12107 38255
46243 24749
41505 24230
41547 795
38584 28526
3434 14780
34421 41560
46510 6284
47889 16137
37632 8798
3908 48550
41838 10171
9342 10909
6254 530
501 2283
24951 43386
46958 29489
47317 20419
45982 49023
2088 5674
17176 17156
21451 31747
27547 3817
35830 36883
22549 48541
10516 46715
45669 29405
8328 5871
15009 16216
31087 11520
46190 14915
20686 43220
36858 8612
10573 48650
34627 49743
36532 27615
46701 15638
34983 12237
21326 49755
17825 16666
13840 17420
6643 23534
4674 41461
22974 44964
40210 34461
23555 31877
7024 30833
24310 49362
1366 8157
40610 324
1264 40811
40294 15380
17155 11269
21821 25352
6154 40994
35107 34255
28306 32602
15672 19003
5349 23586
24411 46722
4494 3373
9954 28267
31690 5501
346 12534
20584 466
2755 46902
3185 641
23076 43576
16419 24842
34576 23423
1221 2324
22204 45538
19864 33875
10668 28269
28628 48328
30398 44771
29860 18218
27479 11514
47228 6734
49315 14293
27160 3458
19804 28428
24781 13110
21031 14159
21776 13241
25909 28831
4762 12307
21874 356
8765 24334
6293 38517
34847 25825
45020 40205
11848 11141
31700 36521
5701 48147
20004 14699
22115 27160
5807 235
23292 16389
13936 22200
43612 10351
39899 9615
9365 33854
3113 19859
28056 44431
30117 23734
18257 10797
32455 46161
1183 30377
36549 44792
32272 17114
16933 26425
24452 20634
6716 43705
39041 23876
39132 14101
22754 6055
31693 21942
39895 2269
8046 426
19425 10428
13213 49886
9689 4136
47690 40091
8504 42681
22105 40499
43434 28148
47652 42454
10294 24420
20056 1454
25038 44477
13212 49807
47822 45847
6007 27940
26709 22606
35116 1982
1111 23542
29742 32820
31557 10691
10430 28304
19504 39402
38290 44403
42879 20639
23443 46557
47069 6239
33448 49678
31104 47313
32473 14546
28000 5785
25465 19662
45143 19934
22377 2064
23547 3537
9785 10577
18868 7663
39568 34667
48523 37654
44737 30015
43490 39694
15863 2764
11055 33355
32414 46427
1735 39099
18323 30599
46946 14967
24288 48637
22599 22021
14378 35189
42051 38214
30764 19399
27704 49066
33113 43513
14574 4903
1212 45064
1655 28891
43046 14535
22842 46089
25273 36589
22525 9290
18675 36704
41497 4693
31311 34839
42288 17088
1474 1412
45523 13577
47229 5096
27019 359
34933 17445
39481 8771
2423 29457
36512 19456
49388 20117
31344 11935
2634 16187
44086 37691
39549 33891
22689 41519
35557 18994
4665 1409
17539 34278
31164 22828
21890 34437
22370 871
2529 688
11521 48157
29174 15311
12907 3310
19776 32085
10030 46657
47518 19384
26403 33100
29404 18265
15559 26478
40800 45595
10176 49749
16985 5115
30727 1367
28917 25512
16850 8985
5875 31153
19038 42507
4069 7301
37774 41452
34084 21227
45917 39781
20363 12705
33022 48171
348 21474
45105 31522
25194 1972
43131 7683
20860 18816
35968 45279
22986 39102
41342 21193
4496 12008
29108 39125
11877 272
46788 49948
42017 9070
41569 17615
47724 30332
11608 11670
297 45654
49812 37918
20977 45249
27813 33487
25020 21611
14871 24108
46342 41728
43962 10581
17560 16398
27039 33041
46344 31609
18641 6798
32033 29803
22518 18410
15476 25685
28381 31523
44559 40389
23845 5250
31898 12784
48336 27117
44804 25779
16950 6115
30515 29821
22727 36065
8159 39028
12023 44780
46747 16879
16273 35732
38105 34367
8245 34183
26100 10467
11255 23065
7611 17405
11632 3626
34236 1604
21898 4896
4733 39067
40362 18232
2606 16202
23921 27408
20630 25184
16731 14262
40765 19665
49612 3279
35982 3241
39986 23560
46662 40968
44193 20855
19293 46245
42108 21690
25152 39134
16998 14860
9072 9643
121 5863
49031 41153
9537 9776
12918 44279
3590 26377
32562 17475
7379 46159
41710 26264
34880 19409
4851 1070
4305 11560
38931 35136
37409 23946
23736 17879
40533 5915
42780 12843
10925 23816
15507 27970
16566 18573
47920 3523
15099 22474
9943 10747
35076 3235
10495 31561
7652 25584
38084 41689
20840 24744
4652 27829
39974 4393
33935 43864
13846 33069
7072 17692
45176 4470
42288 43390
48887 33533
889 9945
6255 48816
12768 13709
15129 20725
1799 11187
24465 47986
35027 16633
34637 11142
40449 47432
14703 4808
39005 6261
3576 19573
35221 3654
34599 24879
10355 18753
49803 7629
45373 25890
25840 5214
45231 38614
36715 28893
42341 25960
7445 660
21936 5723
39282 41720
13245 36886
19413 10083
32845 9020
20129 18465
2310 33159
42172 31038
23281 1270
35786 42861
39090 45415
30138 19097
10385 47924
23775 16505
12371 44219
5060 7128
33069 2363
7351 212
29524 23997
8039 8238
29423 42795
26539 13360
8108 30850
10258 19618
7641 33678
32386 41839
10849 3445
17416 12369
12591 29344
27161 11055
22366 47440
10078 34684
21634 43370
3961 35506
48459 48141
36130 39861
40208 22329
19300 13275
44302 14370
48569 37265
32224 40948
6220 34349
47895 33152
44865 19580
26902 4863
40362 13818
30196 14310
38054 29942
33839 24904
28290 30540
574 22543
20812 40477
220 7811
32987 35696
39652 35712
15839 19927
34310 42823
38362 35698
44048 20056
35180 33247
4003 6210
455 35844
36350 46330
33127 4841
11996 4358
18036 44788
3852 33190
36318 20054
28563 46891
5953 15019
8164 42781
753 22070
16951 22106
17445 47682
38877 43687
23738 12538
14952 28898
298 28686
21091 10330
45368 20208
39102 35474
21472 32591
28646 4565
41333 11114
29425 15000
20529 34639
26187 10078
26949 28444
27507 6580
26509 49366
39662 46751
13137 39938
15775 38910
9102 15595
45272 30153
2922 27254
5444 17526
46119 30057
27841 24595
47492 43126
5800 29617
17561 48135
7707 26894
31825 42459
30673 16883
2550 48523
12714 2619
1522 6041
26960 773
49084 34346
23536 19093
27189 39659
4935 43571
47959 23941
40355 19112
30376 19655
15535 33374
34880 12596
41363 43425
9393 41900
36661 44914
3393 9102
23596 47039
32936 41789
247 47856
18940 24532
22785 19968
35311 36218
15213 49921
13352 26028
31425 37174
19287 32931
32011 32589
9927 4375
38229 6761
27858 33363
20715 35621
36198 29853
26752 23958
22635 7293
11174 41399
15328 20490
39897 45536
41131 5301
44576 32782
33965 44292
36337 7882
9325 18714
8559 16629
46995 31292
608 48581
11475 29926
4389 26969
46962 17723
2738 49198
29022 23734
2291 32499
36488 6154
19520 774
23786 1458
13206 11138
14250 44396
31156 12383
8168 49287
11640 37180
15440 2570
39571 32042
38918 24322
20848 13916
13775 34403
21396 23087
24665 591
13919 42001
25786 27566
20224 36538
15503 26971
31649 10649
21186 7245
8386 41868
24761 49765
12282 31477
15732 37692
45164 40294
35375 15753
3854 663
17766 5781
46042 27700
30244 14304
43456 20646
3765 44863
47859 14043
7423 28959
29949 42608
44690 42259
47625 29013
24585 10175
17020 24507
28201 2086
671 43495
13601 32898
14732 28961
28847 22038
14334 38739
6199 12709
135 40949
48290 46517
20869 28725
16793 12675
36849 14999
38226 38495
47120 43228
901 10899
39083 20423
22313 20884
32796 18647
14127 355
40837 46753
19658 187
27196 33565
41839 34671
47418 3918
29067 48146
22984 40403
31217 36461
47503 19544
19983 7322
34275 44307
40752 25313
35466 10587
6607 15484
32144 26515
40820 44628
41073 43057
2665 28812
44791 37714
7077 29518
49871 23044
39556 37206
39910 17881
16428 25051
22680 10496
28451 40958
1338 35613
39738 32898
47786 27966
22469 21079
22108 27720
17778 18919
49376 7491
41422 13254
43615 8547
2311 10310
12197 36636
14761 26121
48343 40605
49406 49777
8904 7932
49464 20264
40012 7905
6595 11314
25049 43630
49857 2339
7549 22549
4236 41815
26210 14068
35281 39698
26885 14863
49423 13259
34510 874
7392 39449
38945 4194
40287 3795
19430 33340
10130 26213
42421 21178
45868 1808
37503 29304
47091 39931
4502 12564
24682 10428
21193 12310
48897 28312
20094 40894
40284 38628
5483 40426
23142 34628
17452 30073
44217 43095
28981 35935
15097 15897
32800 4955
26050 708
12032 31408
33926 18797
29202 16856
42387 28310
39335 26755
26254 43373
29194 21451
12181 3134
19968 14505
24365 572
20557 10626
28000 31409
22377 14554
45810 38971
38451 7221
30015 37570
15355 37537
37425 48810
2952 19677
19523 22777
34743 22087
36252 31370
29217 38564
33325 40716
20144 21256
37243 39821
38439 12698
25879 40715
48276 27087
25235 19752
7824 14306
20579 3164
43658 24968
45585 20856
18551 45639
39881 9550
5164 25845
36418 882
48204 17107
10493 116
24467 8166
17266 43250
42856 29305
16506 2379
32805 48791
10011 44441
3328 5409
29482 46441
41355 14719
25803 11659
19940 11522
20857 2045
33415 39090
41353 37866
16572 49892
6231 28294
29750 32770
26558 29183
25388 3409
6173 6117
33609 38385
43032 29467
41583 48335
11480 35039
500 23760
31680 49385
22742 14906
24213 4765
16342 3586
44851 25283
22735 44088
3397 1941
30929 2320
4547 1532
17116 47401
26236 7459
17654 20969
21854 47139
5401 4186
2004 21172
26806 2652
17829 18637
34086 31962
24448 11121
34881 2358
45927 22788
25067 30660
4522 20599
23381 8156
36451 8801
16827 33110
5625 25003
23414 39145
29393 4286
19925 17357
28149 17256
5642 18246
39160 25702
10615 42958
13915 34865
41446 28511
49021 41921
36045 37476
15452 25242
3587 25783
19173 17377
6477 32559
6136 122
31588 42962
49828 21125
21802 19416
1115 779
37794 22960
4791 17697
8207 34700
32503 35303
43088 24911
16940 23630
6072 33438
36299 36352
16014 36945
39883 42029
48995 46515
25728 8744
4784 41352
37577 20659
14005 27667
36540 22148
8009 42581
6034 8661
31655 48809
29706 39449
40849 13321
15856 18166
46998 11088
41693 42155
33439 18643
44135 20714
38620 39075
30585 26563
29326 1510
49490 14177
4379 28628
38568 5799
11082 47564
5025 41148
16949 33535
9989 29512
36308 41938
18968 22760
43200 44310
5736 45621
20558 1107
23170 7197
21900 36412
38799 49179
2062 5004
12925 18585
20585 31115
35502 1708
25238 29971
49284 3031
40950 11910
3173 4158
49723 34307
49641 26640
36782 44251
30876 29435
30786 35899
27215 34901
46332 39462
21051 17917
1162 12028
27458 10399
3101 27579
15043 19318
41106 36662
11848 27463
33117 24192
26776 44686
27882 10266
27914 17128
1771 39222
45834 42075
40796 42051
3887 23743
42788 12549
31518 41473
26078 37829
19911 20253
18321 17342
6886 17762
30578 30193
15097 26825
18025 39040
18139 21018
44938 20042
43298 16458
23433 26614
40432 48318
40448 11561
28054 27848
36613 49857
24059 15812
19454 771
12215 13350
45424 34419
18667 6118
18552 24211
14314 16125
29812 7150
31512 23661
46394 12863
41121 29129
1858 21216
2471 48670
2798 30133
30835 47086
41510 26528
43525 46365
34908 1632
39018 8561
30945 24960
23864 47334
16809 36832
46095 38471
36035 22827
17011 4667
10953 29803
18101 22716
38463 34066
31060 11324
35885 38969
10627 42598
35386 7750
45681 8290
23231 33244
26939 14151
14986 36639
19849 16229
49627 22141
44518 6406
47615 12397
9227 42550
1048 25168
11353 31340
15889 1445
33135 28270
22957 36410
7271 24604
23719 35012
34657 21712
38746 5700
14198 19935
35815 6158
27776 6346
13727 31035
4973 13529
7120 16383
15081 21914
30920 37230
822 32622
8587 19338
49896 18229
12566 20546
10365 18478
9396 19047
112 27040
12119 8988
46891 27712
399 27193
33457 3140
39473 8348
29870 35953
13124 20279
47979 18050
24040 25030
4650 848
49998 28272
21132 38504
15461 27943
4658 27014
37492 39956
35447 842
42585 26623
30867 36752
46444 44858
10658 14588
17984 16053
9741 4946
10982 31625
20399 22143
6372 5914
22116 18494
14864 42524
13889 27679
42785 2142
33645 7510
37851 30128
19972 24079
24493 28079
32587 43799
43290 46317
22243 41585
1623 26788
34834 45522
17294 17150
14087 33850
8861 48837
33829 3069
49713 47679
20768 22846
48835 20012
10807 38432
35081 36468
34695 23981
18077 23411
23282 5878
3959 40926
26474 38909
34933 21932
20294 34222
33925 19133
5652 13346
8310 48048
21368 6781
25545 21937
23521 29957
44485 36374
36452 37995
34643 24444
32598 1124
26840 7682
35169 12265
6791 20045
22277 24132
31622 6937
1245 2343
15509 11634
22274 48886
42728 12589
32947 21757
1472 25428
42464 20055
19881 45991
44017 12001
27555 11700
22471 37696
43680 19235
16553 24984
22464 13832
578 43901
25677 39170
14719 13155
937 15190
1415 33201
15247 3588
29821 28331
18514 151
41348 46187
19727 644
9685 19632
43324 40721
43127 2588
46370 4255
24338 36797
8540 29296
31481 9470
32486 27010
12206 19606
10454 48718
2477 48986
32459 1755
37558 3482
18461 32565
25223 20462
24978 14209
32393 2631
2389 6544
36931 18130
27327 27766
1503 31045
22365 22014
26806 9079
1474 13285
49311 49106
34468 44091
21887 44089
9286 10502
23649 45483
25857 10287
10662 38976
26952 1486
41347 28230
10214 35678
11882 13621
30213 2170
23696 32373
8869 12149
39972 33244
42471 5267
15935 7349
35426 14937
913 41922
8607 3694
37690 36868
47471 33449
43111 14177
27864 5023
16631 20713
41368 42589
41571 12307
33756 8304
37474 46941
24404 24202
42927 27776
8158 12524
38876 7814
21131 28159
2964 12556
22856 42064
15939 24347
33930 19283
37912 26328
13845 27694
32297 8502
49804 41059
37415 14368
4716 42054
46054 46628
28923 32051
19799 13686
26599 9437
6464 46701
49210 37620
48910 47402
48943 35844
23668 47256
804 34512
43836 4420
758 47885
6402 35963
30888 991
31892 11458
10490 2791
32304 8650
12224 35115
33775 43753
36312 23833
11987 42807
23911 25769
25157 24605
47296 21105
30827 29847
30973 34166
44511 16809
48154 3523
33274 13074
37067 39599
18648 26815
24090 38566
29594 9725
26075 41562
9412 12812
2071 22415
30929 3987
8276 7732
30533 45232
18245 9764
15973 21114
6255 33595
19128 26581
29107 45169
44086 32716
39913 23940
49302 37070
3424 29610
38161 16459
5959 431
43188 2704
1631 2238
42263 21990
48725 23070
18035 21744
9113 29851
23336 2256
20018 2773
40378 3841
17923 28784
44871 560
20012 41275
44938 45788
36183 48164
33245 6166
6293 14940
7126 35451
