1000000 2000
398920 431824
144877 362080
216582 445631
249745 417042
356639 451159
118270 190415
263249 1962
478966 174805
173572 466363
261414 43059
301513 26951
23033 315955
333517 150683
68505 64990
184308 276187
112200 315154
427319 441140
283602 199690
114384 108546
196583 66056
424115 85455
279768 79374
331204 217595
409162 121785
89686 297913
326359 143331
95146 333557
219503 421925
451968 41117
234115 51009
150587 161707
302732 488421
9190 104729
174641 484544
241134 481624
355559 90293
331658 318990
305925 255132
306818 445282
86776 431096
404690 220959
485390 160025
485729 452393
457876 206381
228738 295686
289652 462268
232937 152513
231902 36946
305166 84962
382796 168629
497436 368654
179135 129747
2270 81053
445303 320781
204543 268283
456305 416558
351638 122732
274016 286652
87431 475111
92129 4051
131885 178587
89381 74050
455486 197389
237956 120462
8446 73663
68215 35767
395046 477666
243693 262792
91117 261551
195605 444313
353343 70847
311288 26752
344993 168174
452711 362468
463655 25815
409411 294896
243840 263278
371575 9385
373138 75031
78955 372852
450706 436529
22004 167103
187407 382471
125913 198712
237257 12484
325540 20538
40649 436777
396918 300692
444165 254414
429759 399
6653 376550
122201 368667
465098 21579
31010 55800
138842 328545
276105 319902
82675 484204
318017 326861
75209 40310
72538 41806
1121 41926
182664 233563
231786 369993
72910 197392
237260 221360
248087 76885
327095 172880
68755 288373
323840 178304
327905 84682
105771 298064
378664 149765
47946 478030
489947 474382
195777 259850
157938 388537
355300 250489
416278 85445
240968 152200
446248 294196
62199 232067
251659 71695
202619 196806
45295 33801
169513 165220
279146 64021
345229 313690
167863 257814
203735 401259
40747 196991
145928 109212
187571 297299
312020 71262
464011 457765
171328 426026
86176 359009
96851 91290
181022 274854
336394 490698
96972 476248
480507 480624
316206 338692
339091 366552
111615 292648
109277 437645
396982 309070
363781 362710
437725 483557
157220 114386
142997 257077
383861 95552
184307 375047
127759 43653
242149 215691
249781 83701
259068 270712
91115 303619
191951 326023
202662 357426
218754 489327
97174 39552
291650 52133
454057 442616
123355 255722
242885 391356
173249 392302
243579 186645
470414 123345
287309 258966
392461 358260
289667 100094
322822 245455
31340 20850
386908 313315
230637 266256
36447 120608
329984 88659
90746 40276
3720 147269
50827 220266
215447 119154
298731 453097
475509 260250
375594 416289
381644 445171
399683 92921
440204 288921
314572 25009
319463 371671
58189 252107
67493 317899
394800 346062
169600 414863
36134 113878
179688 113963
302000 339128
460348 218114
204485 361643
165345 159254
441503 236864
371046 465074
324205 492738
41331 391670
368582 65742
12784 409022
374799 484114
156684 368376
431504 494252
290203 69742
159932 314075
92616 492256
186064 467594
54880 161963
338254 310543
240687 417663
86497 365630
362324 161842
184363 476241
209193 448449
388628 294286
97435 365002
70156 100501
472273 410206
441820 171171
66611 484802
57619 296774
379907 394772
11668 62919
194614 445686
181189 381945
366758 291051
227354 326782
71720 135619
309002 126787
269189 496321
432120 129612
415943 361591
143508 213047
485276 408345
180858 135460
203240 232132
374090 255579
17321 397674
147892 70247
481371 469115
212109 205479
437049 217662
396849 271848
283658 289119
40630 396852
378976 263339
16039 440500
113845 103762
177645 129665
13111 39590
49218 455662
194109 407530
76097 13826
37695 121652
160635 407670
394609 60159
322963 141847
360589 201232
450068 32938
316273 73970
160346 406446
333096 471317
469692 427724
491480 42792
190369 459334
272658 371515
247620 261249
498427 79438
146155 176486
160448 2316
232273 153265
474297 378396
60329 342277
311084 68573
414835 38151
325903 263792
361561 88247
179281 198512
234502 214190
275231 98275
168577 17146
55498 427204
492599 300704
291832 156766
236235 126864
207798 254935
48592 388311
157052 449163
408049 10119
165076 408766
301312 312894
222937 323330
231603 199221
493884 322249
432723 57972
416089 169162
355902 482616
215977 186633
364310 151225
134429 140576
150666 277978
311091 249402
374703 22178
25167 98348
409361 227352
23053 261395
472105 20030
217502 453754
481178 186633
147582 409187
36934 215000
280127 268407
273240 248136
162451 98115
431183 328400
348013 414556
277670 262289
1783 92234
67274 49214
132164 404087
70643 186539
274653 370149
63689 392593
26266 150455
433112 39781
497192 11636
134317 421611
145140 110553
93678 474962
410 217920
298965 249532
232289 26405
187989 199692
197897 83155
138991 106874
127649 177660
402248 13431
298698 477349
228916 488829
150123 11242
30082 155681
171774 79315
398254 237306
484716 443672
47768 326246
368909 282308
31906 159122
129013 79582
403524 355917
132565 365286
409856 179055
118003 168059
341029 255586
333296 415269
127513 164260
266258 38149
490352 135570
380258 446200
415810 146438
90210 293451
302228 67023
187005 77602
375991 339965
103073 144189
80185 199520
216682 241503
76629 171232
433465 304188
482011 68760
35822 92208
150433 107863
109023 345043
253828 87339
349849 68829
214121 373100
475746 438670
345544 431130
216411 272877
423972 271557
90769 187178
365854 33719
199658 81714
200962 390163
181918 450851
16654 333515
210002 202966
467346 461668
243489 146912
482873 91480
293190 222149
350694 464262
438276 289448
319216 252887
435900 459001
277490 361904
351330 158446
460366 177176
295621 205809
319957 414933
398165 408329
186327 371626
253921 252209
348293 463206
143330 221857
182835 241205
397827 186297
444482 289016
41448 77026
413449 209564
200693 295556
127463 277275
76391 212965
161092 296996
107807 372182
498822 32752
201638 377156
377367 72755
305089 335080
294916 228167
456819 353072
287736 276441
127686 10815
200561 194785
93639 27251
129050 148870
296955 452744
459319 295291
361053 196660
248109 53512
106469 338500
103137 343014
73440 406572
400791 399551
390723 369309
167010 265094
99198 241483
67091 393392
179188 63471
334588 398471
138708 262328
442686 307133
433037 412748
198812 130015
31220 404370
16342 216909
182188 394662
285752 60208
115043 306676
250549 375085
85751 201094
88663 489589
426219 14837
273847 455965
84320 292231
336461 471002
194618 339080
228850 153233
227579 445616
275487 39831
128193 289062
286567 127374
130765 335861
269691 16590
355834 424796
460848 53484
232959 470170
227226 245599
86882 320275
482168 433187
200811 91993
59524 217268
19139 351228
144594 234006
254099 475794
357147 41140
47652 383273
426164 222505
395112 366103
271044 425477
386796 33983
447641 203692
133933 115884
398621 198064
416577 458198
190651 325194
52103 282201
150803 1705
42326 173715
9542 367050
368148 381706
258941 87518
291459 44575
129422 486015
135544 21822
398339 427115
195991 46972
76010 300847
163675 279264
180745 453692
253363 469568
292279 368487
84734 390472
373963 271755
254243 353557
323081 162835
267774 231451
474863 364056
209346 72368
482739 215328
432474 475965
283608 326598
288519 335618
278536 468013
27345 357601
397815 211535
44234 100228
183636 254183
476729 335138
37157 445484
327725 227755
464935 108009
426116 436624
479448 7342
426636 1545
178099 414892
456737 244176
176314 210408
225640 494140
338882 100892
271672 460895
183168 109866
409699 405344
201865 158070
324082 73454
35795 374221
16653 69052
223331 424787
184688 366968
290229 261935
46159 62204
65937 361127
61925 398275
54673 320127
264790 102413
348356 459129
143656 418391
93092 234656
71542 366950
295415 72920
121642 115983
238396 197335
444690 202780
142999 143867
100646 186160
25701 231100
111173 246327
96392 462853
335913 72233
266667 464161
145736 94586
78796 402264
92870 303573
283589 491744
298116 482020
216882 313055
109800 151096
370981 473751
82967 304694
192925 452694
163954 9593
27230 312851
355780 143161
172862 387444
463662 70111
107362 477648
464795 338369
216200 421023
478810 203468
211469 96977
384896 480716
396755 296049
456227 92744
159020 468535
264053 421602
273531 14760
450745 305826
67695 190289
451599 438722
317811 130664
296533 227678
415304 228199
313148 447160
120944 231442
302096 74128
298398 224784
305280 433018
114960 185814
185517 77698
338187 182387
121683 317896
170573 176294
14545 11606
249561 262463
229092 42805
480723 386801
318823 16974
360378 370006
139017 496912
50032 347821
237000 465548
384442 479407
105558 302359
425155 257848
372427 119040
258204 63979
398728 416732
31137 438249
422495 364248
431626 445678
157492 279932
278445 177943
246492 477591
489531 222556
73123 439587
270974 382472
421893 351498
435724 139549
123576 364118
415235 248162
416602 265011
251801 256216
320795 409897
178124 323336
428702 121901
112654 328341
401251 493106
175599 464697
229330 279554
334067 329655
165966 17785
45378 276606
387390 283007
220003 80942
361869 355325
20691 68879
250144 20279
450467 289617
319142 280965
121197 27608
49423 173701
32098 5739
413709 355492
274842 190236
362226 270121
66914 497763
267057 196042
186319 323878
224500 308929
13786 26690
38036 438587
50189 181165
270077 213237
475839 77605
434241 299318
107566 476586
157418 91563
376653 166245
360565 56863
100267 71286
337235 323359
71430 136019
165773 255445
188925 268810
135859 401775
257033 391139
279688 66179
134592 4043
279726 375299
74325 322835
29364 477497
365633 373104
365570 392598
313483 245381
82417 94474
475721 43922
214155 275198
178290 108584
237878 207005
421621 220104
272073 10302
488943 453782
312243 278818
298316 211296
140991 405821
335769 391232
97791 100730
370122 289413
207412 313624
464930 448088
234135 372116
290909 35063
422641 483114
356626 247940
239012 163656
257932 308810
446537 375219
151289 433218
71375 113151
489677 218571
470289 380899
91232 302814
176586 64988
103019 2446
59592 261982
31105 344992
130832 100060
216971 382190
174411 179209
199142 277733
301782 427443
453254 370295
7594 478080
247245 287075
5887 214057
450900 99184
399249 299603
415674 135082
300245 486972
496115 302864
265611 264982
282952 385408
20517 495228
112554 183167
138973 16280
140905 117408
16377 434978
440815 349165
372937 382717
180150 132045
371391 308787
497688 127169
347628 136149
373356 261754
267167 267570
379341 273700
153294 53656
314243 65516
24843 361778
479112 455685
71858 123251
375232 160752
66016 239234
228999 450009
43677 135721
72062 234015
304023 482776
398251 175860
327053 180872
443393 77084
106324 132159
237682 209979
184682 404228
18866 455834
295580 109945
29502 333700
252606 302207
262360 389104
54826 266689
453580 146938
124422 151784
359565 436214
263903 124151
6057 247264
456767 451201
53106 355659
457938 156705
201866 472957
486269 213241
235933 76795
2468 164046
466814 195049
291118 354859
102636 16737
361731 465487
265632 50591
20047 475474
44857 52487
323737 365918
55566 368869
421486 157836
215792 165110
246957 488254
66209 321134
268968 483125
135596 268342
28843 420939
340449 325977
419350 117801
352826 387843
344969 128858
245699 19102
10015 394232
298513 155344
22181 330309
39442 293650
197432 187200
15996 27682
302128 79982
42055 321836
191708 405304
308392 180188
283653 314205
223583 484001
416315 276509
220343 181643
124148 473687
242169 322774
284541 71975
336784 66806
316746 197657
409864 234960
464315 376359
8467 194920
442205 31500
201899 192644
229114 287557
482512 74369
123556 459761
359024 131365
435749 219135
363774 152134
114370 440150
122717 29529
335211 101881
45460 340598
251527 473085
315130 352894
335400 114308
155343 238171
177422 216893
267665 461017
293994 184279
232347 157349
392313 336388
369347 24112
126754 382412
38832 409318
400966 40829
382637 177616
244872 30277
301050 143310
184575 184520
489903 302602
168553 375175
438710 423020
292481 164459
57685 153749
94440 325676
366414 132728
130720 281560
93825 191607
174777 428381
182052 269843
448048 245452
175270 301332
401173 81823
238856 242535
394855 239483
153573 212431
405979 27436
497895 63980
394602 62312
319474 367694
283702 201079
424571 474635
328869 296004
141087 110747
47494 254076
389719 260221
180758 18715
355201 206574
131828 130042
171428 55117
114173 439726
52438 375884
316489 40207
474969 423411
35354 176068
87859 77201
110731 107383
434484 443381
41546 209987
234156 462452
372659 488291
70396 235225
228035 356612
23710 304338
448881 332378
83616 330538
45008 322723
492451 332676
115081 249638
230682 453844
311061 241686
176630 456233
63906 415227
165093 359896
184356 299219
488556 233172
267041 499089
97574 168083
157456 463672
169572 458398
364297 61026
429909 117224
222340 498156
306500 422957
262450 499143
232671 400720
255142 30812
70630 183792
85532 164789
217731 440501
457272 111073
483535 355477
44655 489452
325849 158127
357742 301738
384570 414102
43219 343573
468780 93833
212053 265279
82149 120329
188570 138957
196381 301097
271275 216471
45636 218596
105687 391860
72376 299923
175646 491870
59020 242830
431153 97827
229296 61802
460393 67837
247674 379847
421300 140691
196748 191054
150723 490651
138215 23473
380276 443899
292426 410812
113138 227820
437744 319211
246090 174318
327813 346453
344056 168161
120604 423346
219138 114350
357622 5756
171561 157536
253358 335531
111210 244590
141711 24172
482121 320917
356346 72446
267530 135293
418975 359279
334601 204569
431451 34686
182881 438954
153967 223778
382353 54038
174182 324465
261769 243568
223099 301998
112171 417565
60531 183207
181150 497241
349446 71687
444422 447857
224808 222818
46555 246400
469895 319083
82460 287548
279057 295951
144046 305917
434144 320715
157933 29540
172637 238310
129564 357437
126424 348859
149267 434142
122317 261896
388939 89474
483879 139822
488994 260774
452411 161323
466758 205428
293424 494686
372943 122386
279333 370221
455084 330648
82064 341818
404414 89235
47405 354873
432929 155749
366069 444839
236124 85263
162102 400541
304417 463962
232407 5053
344972 371523
472356 131399
324423 114710
322261 5847
86994 472737
324913 459749
413575 222447
411158 288801
139224 415888
364993 433571
447640 105228
207338 474962
470838 297507
224792 141203
53368 427021
59258 173268
40488 370495
262166 74380
197410 13209
368804 206930
48951 498116
375286 378500
431799 494725
482596 75994
150505 265620
195598 384719
488997 76934
190573 24798
41485 295047
50746 250923
287193 349666
408087 158534
69521 459165
463090 296807
30329 370497
204011 11820
464871 54999
17850 163094
116842 395376
288821 326412
101779 431159
339231 459025
445771 24561
491299 476974
57792 207276
394021 448690
43585 27866
243247 433142
10575 473052
162774 23837
142846 55669
336960 389012
291353 73677
455549 104764
474064 136575
123413 66595
157634 195827
267362 105747
305024 17149
136502 311116
481769 347298
213010 420508
395653 64504
389861 342994
481446 445918
443600 404886
210466 174093
38575 456965
354423 212095
307842 122744
10500 495973
56795 47049
123179 138893
82080 417938
227302 371474
9650 171860
186926 385363
298136 227716
245117 405693
472236 244031
459938 301959
122420 495492
75937 223444
206443 20286
350497 149369
371053 221479
375974 340757
298025 17686
212936 71272
62576 129639
158620 494864
401131 133378
190657 339677
278223 394495
61265 194415
152341 31281
41477 175812
260833 48779
453793 384136
10094 412538
474428 489757
262328 428204
397974 493077
173373 155791
351203 130672
284106 343308
66179 314356
176487 334539
491211 393159
34315 458066
335161 111570
360270 159589
407182 119035
401901 300589
34720 219450
347552 220004
418986 10239
331601 329889
116230 393892
226571 105008
413648 148621
141292 374153
306030 301462
471798 112587
158751 175713
349181 42651
375207 116276
96862 78970
457074 186708
166912 302156
423348 227405
14505 433590
100414 67017
191710 57034
202958 374388
185982 24519
383700 142515
142503 226406
203422 295044
309832 468679
366755 388431
73818 259217
114076 329924
110078 374090
178415 1975
435350 186150
256782 106997
205360 81296
134904 65523
419422 176499
384197 32279
281111 262793
294012 423260
83228 243985
429095 139881
247959 387190
166240 328093
257399 464770
124171 416358
299318 155962
330848 298038
194042 196545
74530 12929
442601 78843
493608 38492
317906 224339
413554 78485
384318 495319
68417 95724
240163 174448
157420 119469
212921 76968
199318 459775
477428 102166
62273 246950
353446 320607
159140 485397
326726 411122
469479 215893
155107 85346
373687 381723
588 9215
355912 341464
19637 411296
220594 352483
93359 442820
235479 151069
332052 66076
384169 429351
461020 336159
247416 443570
414658 317025
365852 482268
292602 354170
475234 100105
171504 260449
209292 397158
75981 113101
377834 356571
473012 398766
91533 33443
351312 306502
38098 204402
458149 24916
438958 92251
385144 14018
339135 157224
224259 181090
263247 362679
362968 201150
292299 10858
204972 333607
322464 263132
182334 227773
340274 256571
326368 285525
402372 417972
458363 332477
438117 155544
242358 446175
305596 207434
328059 340685
64422 59195
236216 291176
192734 252369
372456 319832
297528 22788
92808 352442
292730 70383
386416 463483
437346 484099
19620 465677
386201 352675
458631 327772
22596 130846
351635 462196
474908 378027
317071 427681
123535 171704
161369 188228
320278 255224
179599 79903
215159 352028
144617 337887
137962 229816
66984 36615
23073 375363
494479 405621
266739 84455
27578 55234
243163 434604
279722 212632
314717 221062
333698 425854
318473 84848
157029 320462
27430 362853
164869 366317
225120 204711
109694 451352
217590 278890
295693 279905
383524 406835
441227 273706
383317 29840
9052 33637
347823 168890
122017 19743
169525 282319
291722 46117
127348 3504
217604 61265
147098 254454
316830 266301
63648 393446
442064 426148
161715 104989
433965 465075
156915 379324
210342 496453
301958 114107
353034 102122
277457 70345
305143 145404
285764 173663
470970 499405
360631 304791
251141 242695
494171 462246
409557 44793
90563 6593
209239 189301
497403 39845
433584 447841
43943 183402
300160 1226
203980 262254
472579 53709
410121 14428
71232 257933
35631 269348
161100 390534
51648 400105
333558 92759
440630 121547
38207 395327
333749 221284
134059 265790
456648 89103
248167 335083
54926 90671
499055 455113
296240 259018
432800 259183
220915 291414
151983 161797
99552 143055
325097 146565
102947 259052
444709 108633
287638 437513
341486 119771
184023 423802
163701 129696
152826 325806
42577 179991
275598 57956
417590 319886
422541 160632
434062 342051
221849 268443
169650 392265
222675 308296
132684 344136
323556 193461
212102 488075
57308 289007
279766 343345
211689 161853
212523 194963
484102 100170
203211 3346
277620 175555
86320 280441
312980 260627
74299 290812
419210 422109
277770 11933
182351 364363
201516 247915
158302 256902
273567 401927
110349 332718
22530 342566
184819 292107
412423 117708
381562 230048
462052 258515
99449 142638
307475 93676
91971 377710
344899 452203
494232 33330
40824 379541
428480 196830
91056 154349
155208 348921
471949 2094
176490 10271
9182 185087
368732 212072
453237 130507
327399 289344
473108 254317
151641 40512
405188 312566
143044 160650
189496 415580
2937 479761
128320 270308
227683 172907
307102 24145
39676 3189
324430 187588
406845 361540
415617 348056
392547 68898
41055 363594
59221 375181
242525 23961
433603 214994
127254 57232
82083 301561
138749 17533
347671 36224
415225 30362
41875 136557
127966 211585
340823 475617
171843 257388
444537 243013
142531 139664
431008 375690
214074 269020
344110 68017
155493 61346
424772 495375
195368 374123
18120 248167
333534 319018
176795 139571
142997 383081
383049 195701
105662 205051
140094 24716
230546 206737
489904 27681
450109 311853
223253 419478
229679 290661
447089 443311
355874 489630
251502 434553
186638 329748
303531 282285
49623 394855
209071 111617
372805 166535
376957 152385
224933 455050
159954 170504
212494 109275
338988 104399
432271 253832
391053 387797
333604 416136
452535 1003
352027 89992
273686 238164
131703 326660
115824 276777
198485 121158
10763 277201
260934 171384
66887 468379
313899 113896
493 12717
389364 478802
139961 224257
325563 440239
404317 326429
449827 225212
74341 149559
444569 358609
16398 456897
233917 409990
191105 271970
51530 148212
320517 387633
201054 450097
228554 158117
326946 191493
492166 95256
44294 14475
167739 433767
108704 424817
301325 183817
79422 195501
229810 290301
373532 486713
102748 389008
257058 138433
331133 246545
397625 2437
262877 163371
115063 206612
498520 441746
135851 191808
394154 259182
29236 174452
277147 353568
366342 374184
50566 246387
152405 259696
397147 63628
84728 307035
223709 284168
382877 396071
446157 92895
169935 55573
148607 232777
211322 390274
187750 236309
455409 79114
198865 282780
369830 349020
346294 99431
337026 223875
116378 231758
349831 4583
159773 135229
331416 84021
408763 136096
369425 13657
6695 104398
143312 122311
281361 405143
217299 396084
437379 442897
260230 230990
124681 161515
139502 39477
172389 380746
5166 311186
450308 200848
269591 394540
30224 119570
408950 25426
207183 498824
186173 142388
471212 151931
226504 44499
422865 499279
241253 18673
94753 96218
386111 81964
399760 277777
433406 64273
35302 314176
390069 4521
95742 322592
210179 54169
239652 498298
345864 3428
342251 326365
421813 259979
69286 95092
131524 253163
442090 36562
350807 482897
267993 203523
126492 295376
63427 191287
417954 114148
7223 438350
62844 93340
206708 249392
334886 331703
66225 137248
123230 242998
424236 40220
424346 414226
9570 199529
398887 406274
193294 443780
329646 475873
492749 245679
446816 361041
392085 473026
363413 57199
209713 147917
94889 362357
481576 138850
312 58951
182233 242677
15636 183227
465029 108039
211029 246113
274465 459379
452351 19326
394990 415141
202658 194399
9292 375123
441580 178107
385151 314728
362635 176819
338291 333069
55053 397160
286545 418785
147040 425437
24456 337788
125457 475777
94582 29971
84244 148310
151064 6067
2299 423533
203356 135754
464150 62803
330929 128975
167941 469138
324332 150437
260887 342306
411215 53178
155804 175449
391528 475395
373350 378031
306485 185930
168852 167021
279959 291199
394082 489622
294769 111045
315731 265731
124971 274800
176198 135114
173817 80424
447224 85591
46859 423829
260797 97958
107910 26733
207209 125922
492420 208167
166909 80249
6429 490097
124979 204694
36536 129271
250289 101794
405458 38781
199187 479021
19014 71691
386761 446051
303115 249570
169867 21452
308041 228215
301708 159182
364230 347722
125308 187347
92351 30234
32744 131213
491227 59793
34770 93813
459689 435287
149821 188232
394385 291701
38164 31743
94850 229552
180037 23413
338736 101637
292261 275679
401592 80976
220873 227393
17859 313522
132076 91417
424830 264682
209924 275110
221812 270091
87518 411848
152300 242534
357014 1357
2163 338499
346724 70205
342768 215045
428036 31538
458042 128150
243396 128789
17369 348478
366302 350050
242682 321419
292708 495585
67 435980
140246 479892
326874 279289
336064 323671
74088 340134
321615 492290
105661 225133
419533 461323
325097 248012
481912 421500
214424 271001
443352 227224
99497 478224
402025 113025
309469 3386
279800 161623
428442 182384
307338 345502
232282 673
59614 280267
149627 289165
458691 437982
271733 368726
285217 360914
26788 389955
301048 213309
433347 243470
273407 438263
168921 63241
187089 211207
50217 445846
301370 132962
307290 245122
232676 319220
104344 294963
193341 154343
17219 379972
83774 104332
477990 194585
200557 319154
63759 383721
349229 393400
277224 52067
307451 24399
130625 13670
124782 386410
407439 476730
465889 421305
64456 100270
278575 327954
316421 65687
72725 83354
16062 340804
238172 453877
231610 152242
203127 479687
408030 173568
281311 393552
35575 158640
186845 495392
306094 345639
167245 312164
110262 389059
81625 1308
312353 163516
107121 139479
4289 281146
255173 63121
497087 397717
230371 210261
436729 195774
227851 367901
435102 212965
133290 153199
60486 354994
344163 279423
17871 117059
63826 487363
38189 263442
321207 5304
441522 93529
65314 107994
209323 465590
27471 15015
284425 477269
198025 250290
460373 128080
335049 51048
191533 419302
94442 235181
297121 232316
384225 424950
79982 87614
387409 435683
31635 82377
475800 264733
60166 262686
433264 491898
228727 199963
75768 473067
179571 115291
392958 44
481502 151204
307995 233823
218714 311232
203673 325669
185313 73168
498089 458382
110220 195641
14689 445905
407064 344101
85856 267560
247521 8090
67971 299330
99237 230271
201691 288301
379215 415093
74898 81918
409955 180847
233027 67850
399873 289401
468242 291300
356002 469565
157031 459904
159750 96978
60319 271500
419201 211108
274839 13553
468087 475579
153995 277362
269060 96401
118582 244910
379477 481
202407 447071
298520 112834
149035 231199
243116 245909
198442 108892
64484 336649
399354 450856
244473 224384
468228 136596
215705 316608
97816 483171
463142 237639
327237 23123
242225 214191
311728 92488
14120 284511
48128 215704
95863 110584
301557 43309
332199 57146
338700 16235
111094 478141
447449 163633
405202 12411
315459 385704
84823 371961
314926 278203
151780 130863
374803 209848
384674 330948
357192 61625
164984 147954
106605 183581
267103 232780
275065 236414
499332 141657
83010 133576
201466 339456
346939 102338
317797 457009
456925 246477
281364 387232
246318 435928
56556 72617
399243 392498
460489 340750
3220 365392
18506 52720
404851 13686
108449 396505
5546 174023
186936 463377
431602 440508
341160 37859
30688 308818
264212 108872
339308 78042
484451 88846
325064 336850
176427 159118
237638 453623
384327 357525
236139 394736
441302 227101
59267 67886
385680 60136
124045 84664
224550 22246
277887 84184
375951 377532
64683 58008
155521 76538
395773 480031
96285 150238
442310 60145
241512 70547
282983 473093
430828 111989
340572 232436
426487 150985
97025 499846
348370 204721
297989 451553
424081 352709
349638 310016
325838 139580
103883 332011
366309 390182
247150 437074
43238 125046
271811 26715
42720 451456
167089 114532
244891 340714
407525 189933
104629 481735
175430 327536
250941 49636
185580 345188
173909 431039
437371 409457
452076 70280
226607 477833
101427 239615
240957 307212
226723 45582
146965 149202
305946 119470
5762 288423
402609 7864
135721 378529
219308 412750
450838 306143
236298 27621
480439 42483
67260 484655
282718 398520
103764 266473
438105 488814
280354 281671
225067 457268
278610 66665
77844 184735
418654 368706
104486 80277
165769 25157
440949 13841
239308 423098
160690 154868
128205 91585
266268 317812
226600 169897
404481 74752
427386 59895
50668 421839
197100 396841
392688 311888
308087 438320
147121 52961
331366 372159
133561 132461
18583 73007
138265 149062
205318 323597
207266 401905
493037 450244
413071 230024
4917 115674
106488 72427
372001 280572
21222 162321
361078 193860
88124 52104
210840 56150
211102 47206
366681 428827
318229 275938
100107 108381
18947 231688
174822 37321
73306 126692
368028 494568
103710 434399
241338 197804
113977 268550
155769 181927
238029 496144
187871 202645
38198 419211
486047 227303
354637 179458
311235 454853
140920 358828
188808 161048
41023 334558
391769 45926
288758 462301
345039 272765
170554 167528
6886 287026
9664 397615
361966 478105
127154 439955
13144 155819
354088 298591
143736 365546
436026 351040
284648 14833
213910 377701
177282 243833
412441 459589
116122 332762
196273 405672
