100000 2000
41006 26944
33445 47033
46643 31471
6460 49510
35732 42443
28606 20509
47206 1611
3444 199
24637 40680
47673 25895
41976 15747
46413 29912
1208 2472
45212 2044
35461 48847
39443 20626
31169 17260
24008 43381
1218 24039
39659 39302
40274 19621
26724 36395
32348 23831
18870 27414
7374 44292
35652 11365
7899 38774
28847 31426
24915 18494
19564 27368
34346 48792
4520 9539
26889 4369
49460 16890
43546 33342
37566 19120
12718 48290
19096 34467
23431 34504
37943 24701
38649 11991
25188 35049
16668 6508
27165 30035
29369 27300
24369 12477
40471 1517
44674 18390
10840 37854
33408 9386
45373 35376
29563 8231
41793 7396
3522 10464
10515 15789
39401 33273
4764 44085
49419 26840
40097 23339
16113 21556
2056 33711
18236 16144
42888 1647
13043 19187
33873 23884
15685 48340
19542 20391
4317 27779
35233 34098
33591 26235
21498 19478
13891 47215
8278 46941
14504 16871
29184 23860
26362 32406
47849 2621
17849 21853
40059 35406
39012 26959
36148 13306
30315 24456
24152 45085
29864 21145
10187 7485
21796 32160
18303 30075
26730 14294
42126 11630
13698 30343
20458 20048
38024 40431
1070 19778
49668 28325
8405 37982
30680 46114
24269 17434
29201 32610
3117 11419
31987 32222
6518 9048
3223 22218
12320 39838
37211 38260
45550 1245
28475 21260
28436 5201
24283 31194
20935 6246
41512 42512
866 41481
39855 9292
15910 39276
49610 4773
10984 18953
5242 29311
49154 30341
20220 20240
29761 41403
16829 49113
8627 40279
149 26423
13810 9715
4596 6246
25144 39721
37938 14279
31978 33913
28047 31270
26592 5177
28651 24061
13324 25046
13327 17699
22511 6582
101 42479
44908 21614
1479 44298
41033 24324
8462 23981
14070 13524
34885 34041
13982 39408
46119 26611
43434 13441
1466 34610
17064 6703
31458 26829
18161 47146
15276 28878
32609 39264
25788 26522
9488 28366
34384 756
39645 46185
9401 4935
4007 28264
4169 23861
31374 34193
19409 38084
37355 6934
39620 18051
41317 42031
46714 40023
34821 13577
38703 28433
981 34935
19457 10142
47487 28740
2958 14581
34254 37009
17579 20880
13635 9223
7549 8289
45208 6315
22246 29096
49400 39709
20204 43495
18343 38474
34343 39473
16688 39118
41271 43950
5081 27217
49953 40611
45902 8531
19565 41835
13541 36720
4314 46931
22613 39095
11886 24362
3857 10298
41559 33381
8417 9785
14249 24256
21754 23008
31476 38643
30260 9969
29054 32520
22165 17521
42372 17789
23284 15196
32839 4567
24727 44163
14200 25002
3428 22450
6388 24175
11302 44865
32292 8447
45922 23851
12541 45618
36344 42726
32245 13987
521 3106
44456 8829
28435 48906
109 28219
47371 29134
37988 25908
37024 17588
1196 41481
11818 36376
13620 9386
41182 10522
46584 25934
11094 34632
17855 33374
39993 49967
27341 19615
40919 43725
33851 17196
20912 395
24884 20952
5061 39813
13327 34751
35483 2418
45967 20971
17216 22723
37804 44004
13855 11456
4899 27226
18117 14400
32996 17152
42010 30924
39301 44469
13717 34283
25674 23492
18003 11426
38551 2936
33493 21575
47903 5152
39545 31476
44067 24453
41363 13853
17043 49686
41874 27270
34275 3293
21693 16357
19349 11276
32368 36948
5659 42821
35738 5286
5590 21584
43807 11861
16180 31824
11841 27543
20979 14408
24766 5997
49335 40274
47258 20642
22248 48408
28677 44673
16114 22270
17689 42293
49847 38018
29517 49855
2234 16821
14441 25350
22900 43748
34973 31194
40358 11154
35521 27574
84 1571
45279 36543
34377 8842
4647 16349
45675 40913
7305 26518
43809 42126
7060 49417
13945 33398
46795 29177
20873 43638
19191 32061
47331 32744
29976 11636
808 12192
22130 7708
14469 389
45223 22558
47387 14288
13419 41320
26270 1675
33623 24806
33281 12600
13838 32396
19070 328
33574 31656
13868 4436
34204 13791
47804 42288
39708 20202
7321 21400
49125 47300
21784 27110
4867 29848
7966 27796
47979 37305
13050 13749
9848 31817
4498 1247
19028 10604
18009 23290
36112 18175
40730 31034
25528 25811
25091 222
28922 42715
42096 4072
21864 15640
10821 18201
3229 21295
44793 28042
8516 31412
22780 40264
9925 35030
40142 45590
11254 28665
14873 42744
34155 12436
9979 17522
18780 27441
17634 49387
22632 16726
21825 1524
7148 6426
37374 11119
41790 14256
8249 38456
6221 9111
7182 4649
7145 24201
29879 15136
22669 6478
6770 7499
28630 49849
39950 23386
37463 31082
27593 42057
47594 5411
23945 34690
30729 36812
9757 27231
12828 16100
40416 3462
20439 39748
44941 39524
5605 16961
38100 31078
11330 6595
13769 3866
20724 35315
32421 36506
1352 31422
1732 6882
5769 26718
34534 11590
20031 47459
8948 27372
9565 2272
16367 20058
45873 47783
33379 45363
36991 29967
13194 37472
34566 2007
40521 14418
40793 46200
47723 26461
46317 30304
43036 35126
40179 2757
45070 26149
24845 1999
4770 21311
23817 7283
33448 5991
5305 10680
38776 37676
4577 4628
10429 29209
45144 6952
49911 49135
46892 38445
46053 2438
33057 16197
1575 1474
13373 3810
30785 47700
45357 46414
4867 11897
7400 17940
17598 3274
15450 34059
44675 17867
10195 39545
23414 43314
35592 45234
10681 39076
12487 28179
34951 21541
39662 18556
42190 49744
4123 14407
362 31689
41132 24391
7824 39061
12258 15390
44553 14794
34757 16280
40416 35631
39221 24482
11970 21716
42962 34906
34429 16416
28810 32624
24998 21289
2443 43635
4898 21788
21913 24257
26353 25198
8354 19009
256 11725
7176 19581
5627 14582
1682 38201
47204 46520
14044 16512
23517 40569
20594 23846
37770 28963
34975 31468
44353 3068
7473 49136
46138 6738
49764 8049
14031 17377
38957 14638
26787 20918
8644 37527
48238 10601
10781 21981
5412 39545
30175 49649
334 36685
22728 21808
31423 14682
19644 27739
43717 6851
39106 12451
40438 46020
29174 11978
9871 45989
19843 3941
3328 42091
4303 47079
15681 29431
46776 42265
34862 34218
37520 38288
42660 27429
15188 42295
34137 46872
24474 34872
8388 37669
49546 27317
43726 24041
40963 48679
13596 31233
23695 21723
18839 40122
17130 33349
24495 37751
26576 9215
8674 40280
12600 43509
26530 48569
41940 2749
33872 30854
42156 5643
31636 28294
44626 12893
46615 48997
46451 17390
3500 1868
35350 49932
17082 12542
25862 3993
49791 32454
16437 12139
21622 44814
48148 24271
4645 26425
29782 29590
45401 45223
8736 11098
39068 36195
12883 4678
16846 18364
12978 17362
43135 28101
38293 10830
38208 18880
13892 37692
8926 31400
5967 45179
26508 49075
33098 3664
5213 34331
14994 23690
36696 31308
33137 41177
7010 19454
34721 13827
7224 20072
14819 9010
29306 6774
40287 3975
21374 1646
16418 27506
48096 33516
550 48386
27194 20484
43024 8374
23885 32151
38093 40787
23805 17668
24811 26373
12554 35402
7883 8928
32539 48400
21734 46767
39670 39782
6528 43714
19489 34845
39630 9976
45115 22509
28224 13972
20100 2261
48154 15738
1701 9186
22447 8757
22834 886
32485 42436
4535 39744
45614 30774
35994 25920
25134 41619
15896 7130
42611 36525
3799 14298
1834 20009
8604 18027
11290 38120
49315 41007
30977 18885
17855 10871
20554 30506
11399 17834
4906 26124
1197 18451
9847 28337
19280 28943
16133 39351
7543 13777
35264 37377
39574 30520
14537 1073
44774 11470
8656 5839
41117 26422
13527 29522
24949 31919
8712 569
11848 30396
44633 8155
12478 4250
20815 5472
37392 34022
22843 22969
43092 30912
16296 38743
5901 18667
36083 2110
37306 31704
7646 5065
12496 12695
13573 18792
43571 32485
43108 43456
39495 45068
39258 43248
22458 1554
1960 17407
34405 44224
26757 32219
47019 3011
16251 13457
29623 4592
18298 39552
40296 11584
46057 43509
30544 33151
33821 11315
15645 43575
28995 414
34459 2064
19213 38338
42422 9076
33695 25118
16387 8141
41359 33721
25359 17099
5203 4261
9772 44768
29650 11637
48714 6995
15111 47025
8440 44589
22573 18759
7709 42188
34945 47638
1934 28953
19629 47884
36791 2779
40422 25485
43081 49534
21294 44194
5088 8756
21618 41271
30365 9704
4181 20852
20035 11707
14904 47956
2840 35328
23446 38078
42420 44603
11212 46197
40185 24612
8565 15418
17976 49621
5734 10411
39585 1645
15995 37992
34240 41075
16606 12726
11823 655
2865 4147
46892 36443
36901 13384
18208 47987
31669 22491
17194 21251
3117 39482
47133 38234
28767 48014
14761 7897
48912 21468
24708 30075
2935 33833
38870 6830
29901 46073
35901 35153
41216 26026
9774 25722
6977 44759
26047 5603
19580 33857
35751 22620
33473 18859
38180 39526
47948 39719
48040 26776
17693 23356
786 4673
39649 44768
28152 4857
44518 37648
31359 28400
25 43647
37305 11648
841 32035
37296 4676
20109 10254
1209 846
23743 47154
40578 46519
18733 29506
29623 31149
33995 35718
20741 8246
11115 46807
27609 9038
1029 49524
21072 4609
18447 8080
20821 6507
258 2941
19031 41120
5894 45522
2810 8148
46489 25128
30730 14985
32656 5704
38033 18633
38038 29223
19488 7327
5167 26029
19735 14119
9485 37298
8141 12189
1879 44525
6289 22976
12338 22638
12848 32991
15165 45510
14654 8136
43701 12185
1334 10148
29117 25378
10235 14101
41325 27658
31114 38666
25402 32267
9593 44206
18504 1960
48791 44083
33103 9110
1750 43178
273 21321
6425 35744
40951 1560
35954 18276
8238 31595
8802 47735
5705 34442
13936 14574
34 33867
2845 35565
23261 21991
4500 21174
18216 49158
15748 40832
45418 29448
41622 41034
49667 47268
7141 6112
3696 20941
19934 2102
17623 18185
36863 49874
34517 38111
2441 41432
38788 49333
25810 47970
23755 35978
18171 20969
44976 6153
2281 40616
38086 21733
34501 12246
33151 31925
26995 48469
41578 35867
1103 8729
38581 46692
39619 46488
42958 13753
30434 18633
44542 35268
14031 8997
6107 14885
44450 20694
37184 2424
10751 42488
32418 18455
49646 42738
27653 4761
43198 8665
14819 21768
48607 12588
15414 25108
10719 26899
39657 47153
16592 25454
4832 46067
23269 35598
45738 1939
32205 49013
27423 14558
13942 9315
25245 5969
128 14254
29722 708
346 27216
17892 4655
43168 18598
49622 1778
42747 37772
16211 45191
32345 36311
6623 22594
3878 26911
20015 13834
42506 11741
29626 17221
24941 48309
26545 4299
8014 36883
30562 44463
35501 35528
25713 45488
38140 29059
25770 40086
44245 33041
23751 33980
11303 5982
47505 45953
22604 49013
11612 8672
30557 49602
522 12811
21808 40497
32950 10199
30937 45985
36457 35804
38443 22556
15473 19066
45714 2993
40622 31997
26757 10946
46048 44929
19107 42865
47231 7832
12307 13077
11989 40355
30960 37607
6296 11349
9926 18298
28411 48619
49629 30209
7854 23219
21032 5244
22042 29284
33184 10052
34872 49136
40768 44986
8137 15585
3493 11083
20541 27248
16586 26937
36614 40560
49859 22396
42014 29416
17525 17617
12551 45960
32543 17222
7027 34529
46591 29920
14016 6070
6638 28946
8423 32806
42350 24085
10011 49660
43807 48339
47373 28078
32110 20327
48792 29920
34517 42157
8136 22320
41963 10443
22761 22805
25865 17909
7313 40358
39323 46838
18555 11537
7351 10867
20973 31857
15894 34501
42883 18250
641 37782
14008 32088
17624 27635
4433 16630
49007 28231
40666 2524
20348 44633
12245 6807
34910 24665
41874 19579
40671 49520
35378 41668
36296 34709
38927 11768
36667 39346
3237 36327
27575 48348
3660 31364
18656 31776
15970 49277
2886 10669
49543 43073
5936 1230
38051 3780
12872 23873
30428 24304
10320 13827
47753 13290
244 35958
49152 25
20207 24917
12875 14163
17277 37624
37318 38207
27585 48533
45762 16852
5659 17308
34352 49587
28300 46440
43635 9946
4785 41394
33455 29795
26827 30741
12570 48516
35938 3859
22663 22577
47526 617
18158 35685
36308 35642
1674 39885
34292 40367
19814 1439
45627 9761
1199 2440
29936 24444
23517 41646
10371 45172
4863 13817
47581 2898
47248 33421
8177 10420
4381 45678
29962 22675
40074 8425
7428 11096
10351 31399
16822 101
15184 40801
15615 10237
20450 21622
30334 22162
14833 40546
43611 25074
17331 29658
22418 39685
29085 47115
44687 16819
36365 26061
9654 2771
28414 14686
2120 36605
32774 31026
49974 45714
19497 38223
31349 5287
45801 7930
34757 43278
48662 19959
3570 8958
18065 48233
11061 39100
11272 42942
362 48680
33191 43863
22012 29801
46521 43905
33829 29645
49867 13228
39365 35259
7322 29253
30323 1353
32160 44822
47727 41084
30576 47261
27558 29274
34656 25672
17921 34320
21793 34318
38702 5950
40584 4098
21302 25440
12032 4202
17450 42728
42560 13142
40278 24308
25366 45747
2267 14195
12871 14145
13666 34664
19800 40824
13138 9084
13615 25453
3732 29565
7563 32744
39514 40391
33085 26411
41126 26488
19366 34027
20401 13007
24660 35390
5284 34114
10624 16571
47893 17105
2776 27696
3899 36673
28131 31662
427 12646
43892 28173
8754 6731
6440 41972
2051 42839
36249 11660
19308 49283
8158 44810
29044 3720
26590 34067
27203 30619
27112 48543
23341 9044
15218 6097
25075 715
40709 47461
41437 22136
9537 48007
21610 3774
9047 13963
43337 26410
27808 12664
38098 44737
47334 41721
5539 4411
17825 27539
3110 47786
34233 2779
38809 37010
37759 35243
27221 17776
15529 43740
46528 49434
24042 43549
9240 14316
42844 15336
39874 5707
10402 47934
45473 1847
48467 45817
11314 25323
12995 40719
13450 3787
38748 9536
1985 37759
46427 17610
27838 46154
6048 44110
34896 37691
27035 15847
46690 7866
47409 27337
25597 3037
37501 34566
33756 40857
16059 26995
28124 46425
2467 34896
43928 28653
4997 15985
17348 16471
44426 38176
7348 47653
32277 27109
38394 20654
4273 31550
15011 45813
10050 18183
15571 7089
34805 39471
3810 8999
46204 42494
17984 21680
25433 24064
19890 7038
37487 11232
3134 2789
3813 9411
3078 43700
16870 3991
35600 20015
22960 24924
41406 38641
28850 41293
36646 34466
49217 38865
24677 31663
22126 28009
13764 39049
33773 2348
29040 39788
24986 5848
26694 23552
20282 36614
162 37575
30698 39388
27198 20830
49071 22786
21126 4036
28337 12703
16270 36472
39385 36277
29285 35083
3632 20421
49462 3250
12497 42777
12293 8681
4381 30427
46885 44321
10187 4420
624 37846
31669 44622
17292 26172
27374 4694
46904 31481
22432 23402
37494 18812
2225 4443
37581 43587
38705 46449
42734 48006
44936 5914
3380 23681
13046 18737
30976 14763
8512 47010
39892 33028
25228 25923
5724 25163
2681 34784
42422 35998
34817 19887
38648 41903
34545 36877
17930 1418
31803 26791
1459 46334
26910 37743
2887 9578
11746 1223
27486 25996
42082 12139
38757 3621
44514 29280
21194 11986
46262 39030
43868 47021
15313 22307
26861 4791
549 12484
43317 25199
24489 45446
19780 44894
18223 25214
17991 29335
40403 9938
33367 19874
35548 18615
19603 28035
31676 32797
4075 42041
43772 8261
29067 31598
24258 30509
32538 39455
33723 25821
42134 47426
35320 5678
41543 36260
37530 3105
26636 11623
31416 18124
24538 13369
47922 30896
16573 26577
14682 41844
41091 48178
44502 37628
27304 33030
18722 37300
178 29203
37313 27164
42415 9801
22704 39294
15064 220
30715 12850
47604 14394
8952 43579
48027 10752
37337 22992
46714 15194
15503 16578
48444 40953
15583 6150
30080 49222
40436 14488
22970 25753
36499 15828
30504 33574
28209 25089
28096 43274
8224 15896
11428 36827
5118 14033
36490 1582
20989 2571
8846 49327
20238 6426
47079 39681
12810 20403
8630 36006
4870 39281
43295 13330
22460 7114
47274 28976
807 23147
16677 33066
6689 16315
2492 16956
19181 27360
8781 35701
33596 14484
20061 41313
33865 32729
6475 27996
8732 6506
40604 43739
30996 33994
12887 25903
37597 45227
35033 35296
32066 15017
38592 43827
37250 32273
32834 35157
33881 12455
40904 1810
12828 31590
23869 48228
24288 16668
7153 46668
47749 17965
33226 49244
12851 46545
35936 48773
14604 19785
42042 49514
6586 19431
3271 24476
8982 42194
27397 23212
49781 15049
49958 41082
47645 21416
19331 871
36866 24968
18770 33340
41361 25977
24558 12614
191 30019
20002 6240
412 12164
18143 43838
12505 26647
32132 29350
36205 43431
13732 46883
25652 5748
37570 39735
38240 32299
20165 45999
28954 43513
16891 44686
3970 10784
17403 31227
17038 17080
8315 19621
22643 37315
41231 29148
42439 23142
12930 18802
16841 44431
27872 4042
33091 33343
22129 31040
2223 23494
11280 42553
24199 23770
3435 40351
41273 31537
40034 44088
39371 10649
17088 23138
27682 31668
5710 38100
464 13637
6416 38812
32993 23897
5511 26819
23378 36768
39933 29848
46470 32483
5167 43519
43152 32586
33665 28267
18189 28551
14711 4647
13339 21397
46271 42482
20036 45076
9813 48104
44869 6676
42475 7582
14764 31900
26812 1039
5957 18895
12340 27173
17940 31342
47608 49735
42950 1575
29386 21517
1560 16340
4700 47732
42618 1242
16046 22458
11753 41344
24117 36513
49863 15580
260 6326
47390 11769
30999 43186
32630 6475
49506 13040
5355 35550
34563 41138
33019 29681
33110 47501
1977 25689
16737 11652
18661 29576
32840 24969
7976 41608
13922 21776
40054 16547
18501 3768
47252 16371
33403 29499
25371 19884
30126 14509
25670 26685
44379 23287
40097 37257
38299 856
21146 36054
44707 37082
19242 26305
34312 4725
20710 7569
34008 30051
27835 30216
13007 37095
48121 1118
7808 17332
23336 8783
44575 4267
47522 24721
43218 24994
35588 46296
24694 27324
34624 9492
48264 45506
36144 11284
16776 35165
952 46702
48063 7696
38562 22015
26640 24442
18322 26700
45372 38625
3931 23315
14920 26768
38437 45889
35798 10762
5223 35225
23547 13110
47824 14912
14540 5621
16705 45051
46102 45792
3418 43709
30983 16696
35981 20069
36341 31538
41783 8142
13955 4118
13925 24550
32764 2712
14416 47204
10462 35695
5040 37371
45365 40630
31525 10839
26785 41073
41972 22264
35417 3953
41129 5026
49042 24449
9962 8360
25988 10711
44197 44935
15296 3978
4725 34499
15436 1699
2907 3700
43979 17201
41796 8925
42703 4180
16822 12034
31821 20117
23894 20052
26112 21749
29798 7061
30228 28335
42960 6814
44148 43102
32555 46899
26839 15676
31499 25943
25608 43177
31743 24169
11337 44384
20787 15637
38910 41041
26441 23996
43874 12903
5906 35017
35904 42878
15894 36978
38526 48876
5320 34997
28167 28380
5875 29288
13345 26424
34201 4752
12369 6239
15991 49228
489 39236
38563 24892
40536 11041
24129 33246
19242 11329
47011 15463
33579 10212
11807 49604
9374 8949
10700 36021
10277 39559
17165 2394
6893 19790
626 6206
23661 45425
21209 46320
30264 42984
38806 31502
32089 14334
1035 20849
36528 3538
45916 42898
7321 20591
30808 21820
30421 19341
9711 4262
5928 3986
32223 13088
21336 3934
18345 40287
32619 37418
6071 25013
24721 29211
37415 7601
10769 32062
28839 21221
18219 37774
6112 9184
1297 19845
42251 18239
4723 37188
26214 37283
29918 29602
39620 38091
7656 35131
633 21319
3186 28097
119 5624
34474 19176
11293 37929
1478 41263
15628 23991
23449 10777
839 22252
17105 2712
5815 34237
16123 8574
10187 17338
22679 42051
24336 48153
37968 17869
35238 26723
12795 41080
26569 644
448 30889
30497 38607
42273 3979
19428 13303
24389 27137
39846 35136
34882 40283
28046 1109
14576 7694
45409 49759
45909 28590
4956 39599
30647 19987
22785 45983
23464 44714
22041 26214
4542 24961
4515 2890
19195 7833
46465 33272
30419 23988
2718 10602
31361 8790
27662 38204
8421 31538
25247 33238
16758 11670
1507 42019
15159 11510
30346 33545
38734 10186
31449 18036
17601 8463
13986 12272
9924 45788
10316 3942
28570 677
10574 40708
30617 35459
19870 20875
9156 43256
9868 694
19710 27908
10435 25517
31403 24342
7898 45994
34738 37934
12629 21367
43417 34160
17088 41650
13288 26608
32162 10271
7455 19182
37693 26781
20642 26259
47779 38119
26822 18481
37456 17709
615 49719
19297 9340
6059 13512
28304 5544
17360 10000
43085 43035
40343 39945
40379 21514
35272 47560
18846 32023
8216 44876
19283 25835
33185 19923
39285 16070
19721 8595
34900 20499
48035 16382
48286 8652
21459 34922
39467 11389
10553 21782
42120 5430
20346 37719
31666 36354
28529 27564
44197 20547
35702 11208
48105 14933
31231 36418
7255 36633
206 17108
38423 36319
43715 26260
46101 4783
28055 3868
39752 45299
43855 45764
14249 13921
14553 31233
9002 11493
12695 18930
24033 36253
28432 26455
11293 15528
46343 37579
17754 25183
39921 44958
5797 38908
43842 21834
8395 27537
4103 26306
41303 6054
19156 33191
34169 16994
8640 12010
796 10517
7693 20341
7863 1500
37369 49618
6183 10290
44275 12695
24227 29256
21308 43142
20396 41723
26511 34623
13027 25207
740 29065
23237 47987
15678 40177
8934 24563
27585 7505
16417 16667
27805 25929
21512 42960
23698 18751
18900 650
27096 45160
18651 34786
43864 8884
48346 27167
22429 29272
42533 17026
17790 21681
43082 49151
20923 23316
22582 29260
42526 37476
4622 44530
46404 45993
26400 28785
34971 40115
42733 38977
8703 30936
46077 28384
30189 12815
37408 15689
30879 21980
24243 37311
1620 20048
36422 26529
16194 39163
33817 34165
12935 32414
15956 35173
9883 44557
40548 3396
19630 18823
26411 39695
37404 6571
31551 16428
39496 35360
3902 273
39202 1866
38868 13282
26358 949
32 35679
43592 34574
43497 30742
43007 41253
5479 12192
46162 25916
32532 29417
4885 34611
29993 28531
20292 49937
36114 3945
6323 27076
45658 9925
23982 21113
23072 36675
43595 15477
21995 1949
44771 23612
12604 1316
2410 18975
6554 42194
48142 46589
31792 41606
5996 23698
13779 13290
34856 33476
37796 32433
46852 29604
6075 25886
12899 45146
25124 29206
45589 27196
11023 18611
17504 35975
36123 3131
41768 4134
20878 49567
964 10672
35412 22414
4179 11318
17768 29605
43232 20606
34518 35720
23410 26456
17074 49743
38282 11905
43414 22237
47775 10686
10284 26827
34924 3873
37392 37111
23167 39567
1076 45822
16679 31469
19751 10162
6218 21440
48705 2896
21253 23310
22186 9711
36369 32512
8026 10126
42902 20806
49867 10175
15993 30066
11447 48207
8700 33976
8336 43578
45211 12018
102 29117
9920 8164
25100 29536
42348 47214
36848 45490
7645 28533
31434 25760
40007 43790
31788 5934
43260 19646
31382 46860
35769 15640
48956 42492
40315 42278
33448 37322
45548 47167
24159 12278
31425 38020
47311 49006
37527 39500
44072 5549
6489 31449
18225 31085
9044 26152
43963 16045
19350 14880
30663 39833
12229 6967
2960 41039
37871 5713
294 7380
25270 40237
28121 32417
24823 4285
40393 18372
19897 46388
25912 40529
17099 25565
8556 42401
1159 44233
28291 7845
25746 3228
22659 36882
40218 45405
1232 9822
587 32420
42280 41213
4637 31686
37133 9157
11987 38229
13783 48168
21223 42326
28515 32478
15640 6094
18583 33130
17566 39630
1293 44192
22286 4834
45732 6826
47309 20564
21964 16063
43230 45854
23564 12014
36038 32357
40745 17364
47177 47195
17330 42153
19345 26879
28731 49756
127 10601
16375 5432
9979 33172
46989 20550
44431 6988
44785 23361
34867 38821
34551 58
13972 6156
35116 43325
18235 8962
37506 11627
20877 17639
39467 8816
26894 18321
11645 31977
43645 46580
3385 8319
36437 46459
47253 25272
32944 46323
31700 822
4238 29989
45866 49913
3924 4283
21429 3028
4065 29380
46196 14022
25515 3622
8020 16276
36701 5666
14744 30620
32853 34745
45965 3826
10907 12781
22554 44371
26265 41169
7679 36054
18945 14393
25180 5067
29275 43021
12965 28449
4624 27814
37410 23176
12368 41557
18111 7816
45395 30974
17744 41780
9646 29196
27080 47774
32647 39956
49396 37495
49704 46153
13536 41813
16190 1053
40268 47249
47213 38845
9026 14559
4034 26132
1664 26446
6939 22565
47098 13882
34046 28597
2078 32358
25262 43946
17281 35120
17212 19122
13764 43498
27113 23484
34514 10806
3928 18977
24613 11525
8228 24690
41251 44172
37152 8513
45194 33863
414 1019
29586 18028
30504 24052
25480 27291
28314 6303
4692 14620
42038 12868
44331 9861
32241 11054
13485 44271
36941 20097
33796 29608
26842 16168
37736 16123
24278 33916
15815 43797
23576 6093
49935 12416
5986 17465
11349 49916
5021 20974
17393 45234
38130 2270
25389 16302
45846 16154
8000 10326
27342 21198
9110 48569
23021 16520
46416 18739
35756 31370
46992 30544
4041 48984
44457 48821
8638 21745
30639 31176
38011 33093
23010 39086
4001 14563
28342 2763
42856 44623
37612 14683
17749 974
41712 8621
30538 4198
2383 18177
46227 27924
15615 11911
3763 27550
18525 39840
1380 26699
35642 46225
47501 30862
5393 45946
33247 11594
3152 17677
18137 22722
11102 17329
40703 18894
46053 27665
35832 7035
14242 8422
21295 13440
4305 11400
46921 41332
30758 38384
2160 46618
43203 6879
48 31832
23155 43488
36470 37621
