1000000 2000
396764 283804
283400 83902
125734 421588
279216 352103
206703 111532
319904 474497
319048 381609
266334 305068
15982 82084
174652 26091
306252 113804
354308 99956
238025 336599
225769 481062
274094 151502
92013 308785
384775 226575
16175 39683
196377 40749
188753 151831
12507 323537
416740 204657
218555 257184
242513 192604
246732 119035
275360 61253
118173 302593
208873 222677
323297 96198
433691 247480
389895 184172
120309 370766
307752 290314
226663 493507
237835 194413
204596 430994
495363 194504
138764 464279
270052 292152
2349 175158
35241 355010
11516 186252
377732 192586
229463 309209
496759 139839
425668 418781
377271 152934
13474 459077
431248 40805
201986 70388
465769 88510
305429 347993
476082 269496
219658 207174
178668 352174
83386 317242
328784 426034
263159 106772
168382 60423
415753 373728
322386 248134
289505 365233
160042 329870
331065 165941
383217 417674
381755 175354
308527 157084
424378 276350
242197 148914
168776 47006
10663 482478
83231 268448
110766 418733
306401 384794
360511 428796
175313 311935
124585 4013
264258 348210
319322 442886
165093 462588
62767 76525
303426 53768
94176 338340
421778 181342
229443 42337
350648 340417
49997 61758
347507 312806
399989 57013
365022 60521
177611 27903
134621 387234
29795 58816
58254 484353
425154 161856
153150 8798
14449 290384
330949 392497
404639 87300
145818 133378
395015 235287
157557 227987
305251 333200
355436 52664
235112 184055
234264 392696
418128 205660
294293 213118
377741 193720
71035 395073
248169 79039
109017 480430
362084 260714
440228 356216
67169 374846
301310 248058
467657 12507
258437 132253
205038 88268
408325 143659
21864 364792
140760 283102
471155 76504
355442 368371
117829 332454
100706 266730
337914 156280
445248 342616
183056 413968
278537 406065
464685 153184
289532 430824
128544 67082
451070 80665
360556 352311
51488 226557
9826 444846
26407 377133
2212 333695
135854 158245
457257 451448
423419 123566
309901 480492
283672 335403
400445 372634
55874 287888
90015 342650
320652 273733
314269 191845
293973 20074
22715 320216
105408 337487
122441 171829
399813 284933
220479 48601
156469 127918
444154 368626
263499 65891
69558 1215
163375 278101
262164 120751
155872 90688
416598 435945
302648 399462
23302 293152
40932 246063
477835 499825
53106 228085
338257 196258
289877 424916
461907 475208
189199 180360
361697 360626
450011 252279
422177 465711
92625 12963
87059 95116
321805 131947
302572 491445
179860 302048
96302 32515
311666 200015
61438 200244
49677 187631
193215 45168
68772 413934
254383 200128
428765 236359
432307 314643
315045 179767
313900 397626
424514 170902
15442 250627
437676 458976
135042 294318
36163 202761
30861 331145
254223 499632
318902 395718
50632 297207
375210 81830
245801 307162
87565 211501
67259 388697
43931 312526
465892 193610
243135 51565
395248 458078
446896 177307
86378 155248
398359 473531
107714 100354
472617 317800
243376 180687
391357 285985
211673 332020
230516 279517
66333 479809
379824 17233
128835 489408
42109 102898
490301 233050
105236 5426
269068 270001
104724 104201
350422 269482
122770 106549
384164 470765
6596 351443
159327 226475
92661 352839
454403 411812
38558 274619
107976 428564
448741 183252
399971 194523
151522 485377
199067 362073
4656 481037
97170 133523
256017 491588
422544 492833
236724 341165
93252 120071
119413 240878
294774 215751
464750 411871
293321 486753
446418 191730
241324 270253
366625 398211
96324 279514
32008 15668
84827 343617
198378 77402
142545 267299
419095 55340
479307 478003
77424 432924
264033 384822
273744 255773
376778 311136
490200 340269
347939 384428
444196 37496
224413 201089
275027 440098
339839 24383
197004 496704
78447 425102
373130 434924
366533 16289
140370 460637
290225 459962
157928 429319
287366 80758
104848 11653
464415 169070
479737 155766
212424 187368
431329 462932
99248 138153
350278 211181
239097 402851
385865 464411
345081 418159
412284 135907
373139 109906
210230 143179
323428 77994
105565 471987
16036 282936
348991 377381
479847 405515
292257 428027
262793 247555
91742 238382
297469 354919
324588 235003
106846 118139
82142 263400
399249 456324
33750 89283
361400 93677
159482 361815
239579 133344
111702 72577
362457 395370
218827 162301
393409 366426
115659 454873
423916 105209
398005 385296
202246 101766
387583 458257
320829 178038
194353 338400
13937 173073
77903 460033
360431 272540
406338 332967
343554 39163
45489 266078
335769 322304
244828 273869
259518 276768
76312 203652
299501 210821
79186 22587
249715 204703
282801 348626
250627 418078
449950 293789
489281 107838
154922 272520
462834 331788
498018 207739
454661 258996
449260 158660
3456 364597
280806 437755
21982 351441
199320 26619
239471 414279
168694 104205
323460 46471
354539 453289
49704 363786
441147 159106
138473 180503
67684 280603
460024 149996
198185 219848
137241 298775
338392 451316
49403 179505
84381 328692
341033 39061
108548 325857
94060 306659
452773 361241
379689 154764
58170 182393
229795 56183
155253 270837
211326 409328
107538 467328
339603 470955
344405 133929
48585 120891
24904 427640
239188 125696
98771 65356
222644 466585
341034 230243
106024 481705
324359 123265
208480 270729
171474 324117
21338 93356
473422 124884
31788 231380
439297 213038
472595 489105
51403 366400
347163 160068
304902 183643
332473 374796
439885 392398
47831 74188
7242 413228
411626 152072
419799 104734
487428 239757
59570 263843
218459 57719
47847 465189
153153 229480
434945 179612
419382 179324
285241 230707
455792 221628
274382 175641
298419 243927
266708 117232
261377 354501
467646 171245
85915 402693
134450 155331
55983 305688
22046 162248
22620 78529
151469 103485
348122 13097
467025 484764
65724 385184
354588 333058
287482 334298
401657 97395
499596 1081
337756 397311
473403 168667
243065 394471
384659 48283
91826 162668
244209 147640
418907 180893
108312 189613
498566 64423
104208 182240
55894 311599
27382 257100
45525 233195
7 249350
86460 401787
297258 150111
420435 61211
374018 499177
402224 173818
419970 244241
160336 268595
458273 64167
33293 251389
349099 399946
154505 395703
388979 468834
319750 217352
86802 72257
344846 286740
435414 222817
247839 54742
247785 412049
412455 420768
292717 340440
458062 401500
223502 358260
205862 406502
180588 45473
100868 154011
391366 239091
49854 348488
76835 383062
381831 341970
246225 5351
39852 339212
23664 204124
50857 373617
265517 22363
111673 89400
366674 213
158830 253907
3208 363757
499819 127966
189931 151696
466013 119949
106591 435170
149278 60759
87921 238941
453835 58819
164774 317271
483319 429141
321479 145039
4752 315350
441139 58979
377596 97574
425202 26299
158701 92521
481281 54122
23350 482538
286182 36851
40135 139896
187572 475407
456732 371628
136816 126203
309053 488193
296645 382090
278865 193715
203230 256826
314107 391946
200224 101661
423287 244466
201590 92414
191566 193094
349967 166717
262616 22283
117858 190509
466430 376344
210644 497161
246218 470125
139856 205642
332553 375757
127633 322671
202477 463808
67201 39557
221264 104058
267699 392756
183054 45174
428318 187849
73097 310121
348632 494001
158027 155355
209866 194518
315999 243103
406806 100139
106985 253183
336817 423470
424721 166176
118768 101154
431601 188300
372074 428481
156388 291784
204705 489409
197082 497181
378633 51277
310972 225316
31549 290422
356312 97311
310589 209818
460050 243986
232304 487840
148627 282462
464174 258126
58913 418513
154496 284782
318512 200556
405591 416522
86155 229975
409764 55
193803 53189
488655 27085
481330 332756
228009 218396
226902 2035
324142 152189
409765 496120
467095 98665
214320 499318
239491 445195
13767 241416
186713 472950
454102 490597
75266 214578
131794 424596
171454 398307
339398 136982
136885 137966
94387 338031
47187 141534
371416 287474
465385 175181
240953 141334
133813 171212
212967 344736
416257 41886
62122 245001
236772 367580
339074 276761
133064 439543
106558 210920
348979 88033
92907 321330
106975 40588
250899 299645
30602 404504
476851 193128
208819 212257
93697 50199
55275 68734
432981 218252
137109 55731
40271 432307
112562 361200
183719 493379
457377 413864
344681 59360
203599 131479
301054 414087
373699 237677
487166 78441
466414 249329
47410 409890
165132 419164
278254 407271
352641 239807
62122 11594
310842 186742
472893 206338
49686 81483
219137 91531
196704 242392
23209 189768
17414 409856
105975 195995
291357 246950
187328 365125
348356 27196
373440 447462
87353 280541
34228 24732
95961 346295
456024 255534
367803 256661
47039 98473
218056 449881
393105 316900
175747 457285
84762 186523
232323 376750
451494 229627
332141 462590
256961 202917
278460 426758
271519 1212
499210 133794
119395 204163
287286 264354
422570 295276
15040 249105
91641 456610
295456 8174
310002 483711
274745 199115
242688 29587
406181 45009
261991 304012
459028 208467
109635 297675
302298 255753
321618 91957
434682 327009
359999 256360
452365 416628
24212 96218
447253 376220
105454 78858
118389 93407
163007 271207
496110 490220
229575 68683
281847 423579
344841 211544
477443 274171
455046 468219
120312 61496
62934 3294
219085 98532
10181 132924
119851 109757
400874 133146
169393 82248
114867 370888
185680 226745
9899 163703
263729 322146
317264 264973
154905 222211
13736 25493
43412 217944
85690 138103
310089 186174
458098 220061
451559 104827
470636 222377
202440 204077
480479 141374
134977 445924
335582 234278
287846 97375
242406 276990
418403 457640
372925 140516
158449 427538
322838 281714
300312 208058
192975 209533
440532 131128
278315 369865
249320 297864
50116 190414
452838 355641
411835 335134
39793 18118
132629 369854
119452 462008
429980 115710
102265 432999
132921 271208
39039 61482
448101 196545
249606 380035
230285 53042
44474 402725
319899 437822
95487 92680
406227 27168
285247 34605
236930 93277
225589 16363
356516 335478
317857 430841
440151 287503
141625 497442
203906 281768
188944 297215
274249 136679
85299 167187
438719 347725
485029 113943
116400 102177
17158 87805
15999 123138
33614 358138
275773 383433
60740 195829
425365 261168
278137 391496
150109 423436
421707 379017
434413 316290
241804 218073
39106 97057
47812 469683
270202 331125
474633 200117
107227 423037
218748 400958
256363 380594
235166 393598
243126 109684
260980 214182
208899 430437
31519 15779
450645 356428
356581 17122
419409 203131
434975 212603
422390 326849
171134 75794
456796 267793
29976 437800
93322 166952
267334 186238
162424 63645
396783 475991
355820 366570
412470 397903
400037 128262
75664 97676
296764 400874
424969 300017
407170 134290
103877 87416
422650 365475
411974 339899
383131 300836
491252 385985
379164 380701
467452 426105
484023 486333
281830 143202
480036 71545
55466 361520
435359 137998
193712 59540
348387 53442
32989 13802
310923 410542
224328 88465
233258 112369
194823 216333
152281 386809
168333 25726
333331 327452
303531 35017
450464 425061
489347 311407
23889 227084
110742 61923
452537 343782
408569 9116
281702 258345
32773 273284
378095 389450
83168 77078
481339 412015
51327 182367
255846 492542
160159 186202
231053 68485
352044 337426
43981 3054
458696 284640
456668 34136
62545 417006
354815 421261
132290 28513
192500 134651
224896 21253
37712 467023
306573 315826
199533 462857
180196 192593
84488 248890
36227 311596
35162 488904
168605 360204
222286 223899
327766 456343
276237 328558
46420 496536
8115 420802
17947 121754
149078 19476
141448 232717
440501 470379
118494 430771
183165 1901
177463 412112
484187 216732
42784 47208
197810 134535
382695 69120
250005 298674
315851 187285
320581 495424
406155 403722
127521 310329
204151 257784
25752 346976
373874 239919
197294 249599
11105 200503
375176 105937
302506 177315
9157 218968
414657 320962
230404 422738
94366 309950
438915 359974
434760 90073
306760 302815
192268 306648
159775 302810
204384 165758
373358 272488
255643 152872
145569 342711
434211 178875
125536 105497
89523 172146
44191 61600
166529 293921
399159 50546
241744 83210
124202 365240
300979 249711
259950 275568
285726 145531
121446 254301
356129 277720
486207 466388
47993 172963
271335 171746
138444 32095
392724 476608
459987 298546
187398 261389
153665 106028
481162 489837
489243 1998
82744 216432
398991 366378
69871 244137
413161 391290
351439 69665
253392 288510
406549 306989
345992 402467
85506 191393
164878 341329
94922 458356
209883 133976
24901 213323
281475 67263
92461 256313
433469 278487
255688 285154
387212 496678
418837 278266
260013 101837
321656 208842
369766 358916
91770 344368
400290 429208
88566 274968
285073 19885
299946 154639
328835 324124
407608 281045
436967 375917
262819 7981
9758 111609
370339 410037
46290 262100
103211 387850
322122 44607
79171 163962
312965 68038
200475 68158
484645 408839
139519 333244
82789 101064
356832 333627
211664 29638
111889 254712
135347 376187
33525 304224
308538 346335
37280 150057
442353 404219
454426 360981
406861 272610
329076 290761
431171 328243
485080 144481
6022 380579
457443 495236
309496 246745
296228 256084
438382 444311
494659 196624
286264 485258
135997 48229
185846 18001
328729 137707
48390 214561
499772 6498
36276 19944
218712 423452
125444 447209
498101 97486
162779 440568
365283 445778
33598 314854
452665 421285
25427 142776
44736 6124
341855 159464
227554 47015
462761 427514
28295 494007
394455 220091
203038 84138
166511 494097
77627 474742
91109 81855
225811 178275
308364 260406
280079 25494
130872 92575
381809 396348
237245 199132
223285 495935
442350 116760
42848 376861
204572 119296
425217 177683
483595 239807
225791 357345
221408 206317
293980 223523
248528 56901
229051 203376
412972 476470
70243 27643
298091 305400
321409 119314
440913 495939
372276 40857
456351 228001
149713 431409
86715 412040
142845 341427
460689 462032
136098 347933
82472 147784
414543 265261
465194 464693
489808 150779
318327 362915
366647 160267
286396 192738
135976 224526
229967 248339
148359 220763
165433 378720
337274 237759
300669 325488
129528 338655
239877 170301
268292 386132
85555 66391
195755 332978
280346 72751
235125 168483
87754 59751
337 275381
438605 405480
122739 194696
294703 494126
152666 266872
401250 113396
351755 215511
424388 456885
467457 396344
402994 491462
366120 438528
499890 490577
404671 474143
314756 159111
164562 458589
327534 50115
105972 277263
140666 139766
199804 422814
173777 8347
389971 403834
452379 134494
443525 370671
335879 476833
421761 343611
281654 237291
400869 130222
114180 382850
293146 333558
465295 211923
265313 164090
167985 23348
179183 486623
118664 190060
95299 446604
316415 306118
212584 383822
156822 20860
63511 428535
227434 301923
461499 236226
255762 87757
3553 325551
439690 288112
174163 388819
315480 182739
448125 399745
398694 53914
362189 344706
179202 267326
62116 365592
155594 168260
297168 163223
247398 368323
56062 247007
13206 320331
190510 42576
211217 138014
308199 463499
370895 276583
176720 456908
239319 193790
11736 242682
33860 320654
341505 121940
375987 122287
194837 442335
439571 46416
118346 45886
244543 178950
350058 412338
283082 132232
462048 291929
319239 142950
253537 283473
45324 469364
203147 407892
10442 113818
304348 41802
474419 57372
439701 130207
482989 364103
370439 394758
439312 252378
203366 119456
108298 392466
466638 78922
325589 296125
389045 352303
424322 46519
276940 144541
261348 234516
277670 256813
342597 446407
40557 62495
434553 282971
255151 257479
140009 153594
121010 82214
330633 243273
445544 452303
310414 216118
277769 252821
244654 407042
379935 290598
157052 70995
361754 478722
230513 401406
104002 264671
375498 486786
401891 68019
11715 134320
373628 180759
104360 155772
285316 22984
474381 167967
225684 413116
149218 261539
196519 447337
133597 39888
136576 245207
310919 137537
339680 363659
131068 297327
497827 390072
280597 176955
490328 149193
31942 176830
167850 388206
430744 17865
95141 449219
105249 71337
230415 84440
32537 492567
198721 201087
482327 44083
414515 9128
306865 239984
325615 174758
46073 416125
76046 412968
329645 67640
493081 146091
132116 140021
462203 88557
36753 98794
411920 112051
299832 290617
331998 134299
46216 452241
485028 270334
73036 99525
301966 264498
91211 353723
483809 282328
268861 446184
79269 185701
271940 235999
492697 143203
359371 84245
236631 317485
318074 160375
206468 434673
85740 391275
456033 384374
175958 48258
356313 153661
220460 236198
404085 364883
323017 60101
433379 417132
47050 62748
85726 258708
207879 397011
237658 147242
18689 405473
400275 9433
103540 95782
235936 268823
273664 202972
332452 287626
201733 341660
345915 385398
82732 10348
299447 99851
92183 25565
292857 330399
300517 224537
95176 381935
156037 287879
126458 413918
445862 373210
273937 428744
182888 56143
439043 28649
343389 19965
73624 433573
472484 114090
158922 496634
441797 91845
4999 81288
114610 453852
99278 448132
208888 167560
166687 3880
242151 377950
63689 400380
478373 184832
24346 395659
307023 147424
210061 70743
444993 430090
182939 96301
69091 291320
33605 254846
242407 238534
320522 32037
290955 476982
119918 245077
358602 159277
47048 225147
445223 49549
356376 283351
255944 240992
207380 143703
156436 312883
175231 22631
193818 329801
452972 133835
333196 274394
114688 494454
487773 67595
189043 426242
190266 188653
139503 496960
198773 119703
418798 210945
379583 278778
284927 3276
220524 248889
266824 41345
149695 305234
371224 490353
426053 127659
90810 447334
198441 114245
157263 393366
4996 451366
223297 415823
459633 227918
314513 22019
4781 414644
378374 402277
143892 425505
144330 86650
151559 115951
401843 492623
468081 44052
415984 213212
48725 288309
96637 28801
103411 267863
422501 289016
288844 145238
262084 350746
179093 474532
413013 261120
261266 4203
428108 494265
133703 155084
3188 5544
136330 275132
421237 31664
301938 54231
465657 230882
259036 413354
184561 141372
71860 403983
330938 364112
291291 16103
3410 166956
212462 64519
55739 3752
424609 138067
26247 169961
35918 213708
349452 234105
104074 353339
494087 346664
168166 363070
183193 290732
320304 420782
483776 478162
372977 497244
155713 421329
142495 117830
227120 465919
226115 25736
335314 117201
405375 175669
373182 402751
154933 436696
323554 384482
399501 193552
14959 470886
337691 262451
307262 125842
333803 405884
208257 278905
48521 261372
260062 438300
276978 42262
93942 250921
113157 169304
492507 378394
387767 122121
110465 179129
97490 119756
48483 270793
43184 287634
211908 406895
355381 476639
267417 374460
418090 144118
291413 230429
192982 151341
474154 148173
438966 184799
203550 476243
97406 184086
124441 141706
76894 280870
310017 86234
372795 150992
102970 152538
348290 184468
365011 150270
117431 400715
311228 232814
390061 179204
350965 419171
193645 312196
354296 43255
184141 286625
314807 90051
436243 255674
326907 162884
68666 494120
126744 449779
279427 479583
441764 130946
307579 165611
98203 180373
10934 410565
85596 180719
47294 48425
343446 86342
326279 225264
202916 439466
7573 121536
42779 6184
151055 187457
56565 147850
180023 96292
479848 451687
118863 5816
346973 473550
422036 336862
341472 201556
422957 93014
343384 177217
260574 330255
270574 375456
206883 408608
301836 417533
66104 486303
222808 43879
112250 287380
254635 479790
189895 20157
7388 55048
45932 425815
254783 235281
283505 404657
310184 231812
26746 272303
228615 2822
54786 493014
486326 123343
494628 8053
152029 316864
53504 31864
397751 121596
190762 191801
487306 372634
185796 211211
354938 261844
153118 389545
126255 419698
403368 22829
292890 405608
161868 29957
411921 276436
149848 255694
227452 120488
88351 292255
441236 352684
399482 185160
486149 195801
111081 216106
106041 94375
92259 55108
393549 436098
18925 133253
10088 131261
329144 456565
214433 155044
397787 269330
272585 461978
476126 251654
385072 353916
183073 244173
486980 75506
137340 308581
281922 87625
99704 319722
341310 83927
44927 366334
475083 247402
459299 235396
310794 101969
499953 140268
219746 425166
442011 11354
124172 49793
128822 66802
112488 150962
34099 197683
328466 399181
379462 269360
254892 152403
464636 3815
19385 357949
81053 16043
310992 26830
477711 201775
388394 331120
495174 53398
114602 436869
201901 92470
198473 119051
11338 70597
34844 101950
487142 229633
268857 452913
54429 223973
196616 412734
50719 75064
416240 248211
213163 52195
60297 461451
178765 480146
95979 392695
219835 220752
27117 16060
480646 137239
287383 40461
21454 216002
369785 108542
106702 498669
455733 368225
303673 242923
117075 428179
234177 100671
453907 128397
125026 40447
63925 484591
15123 3708
217349 38387
159004 125569
197983 386482
205382 271925
88532 375864
8464 435996
321169 219076
334440 440526
57046 233199
194304 30707
475116 476077
127998 216234
163669 358372
15109 102343
216627 346928
308309 491408
316248 169105
289852 121179
215534 35873
124498 247059
487998 153631
408517 202996
16346 96723
23819 434685
437701 336967
97788 400987
332952 361858
269183 227228
324222 327211
28401 157134
123276 256047
164953 323264
73814 484680
215497 386552
203328 172975
220146 161344
87825 200111
387131 169061
89640 247047
444036 51339
114910 66986
226165 384903
14886 349070
290459 142349
382067 387698
213333 70599
260144 60291
323137 446807
234168 201918
108173 365629
353573 230707
144719 43165
405886 252928
380589 266626
50952 115376
419800 111523
169855 306961
457179 265183
232740 30220
263565 132297
239239 295449
245866 479858
215384 91555
491041 200993
180870 20967
335423 114957
101938 368900
294626 351709
244581 380003
317587 218890
118169 130530
407418 67687
210936 208891
381702 301402
27256 497676
149782 451620
10934 14103
108173 28376
476856 333372
299862 428381
72052 89722
379184 73788
13927 39153
43329 69144
193694 42060
323611 490275
396100 200237
140693 336191
2982 37644
368331 146600
448559 425381
195745 444389
287572 499793
485744 117076
399166 198247
461642 398395
215305 492169
204111 489151
248527 455720
416657 280020
197673 66829
365331 333718
81226 388396
76084 44159
50978 274343
496287 350768
459377 56888
451233 356421
495559 154721
483503 73656
209521 262205
78946 44428
450460 211592
14653 202740
91724 268552
376795 4734
106564 266195
234299 418824
159222 471565
442951 459402
404660 63243
409734 463062
165524 177650
445660 140334
394554 488807
481410 271051
463650 156814
98154 466242
232986 358072
71179 359974
473958 170673
242088 82233
244754 173211
454654 4985
28659 163319
383043 19567
224833 31198
458013 186301
111681 136208
311827 105733
9151 194937
95175 141705
313076 129693
14879 407975
268143 375706
217281 8032
312853 461278
147209 88389
49475 189446
306960 329921
328 172664
246448 360498
247890 153285
199312 259652
495759 169480
134489 470968
132914 62269
203202 213676
387700 260775
401987 214020
167289 88422
395565 231278
350685 189636
7661 181759
247008 489976
123649 217093
453121 103992
240394 88215
278672 13242
174115 347739
392997 82361
404095 458099
224810 261978
2895 453531
404565 462817
290195 200912
110212 233657
55874 353945
370111 459420
290731 206796
74516 203813
323202 165857
179528 279676
436401 426587
321632 191779
375644 468618
352855 335357
459658 168185
153940 303413
92775 368015
339586 263886
338746 428420
418301 395555
392801 32062
370039 149018
97050 116288
212862 238035
396149 446435
78472 172470
405112 38036
435475 236392
463338 169726
482609 194007
244322 243572
130558 435779
440254 361268
275957 38835
46346 16860
286282 58893
186442 485871
235154 495439
267626 110511
143521 214663
409690 399026
280776 476279
251604 29891
70950 470616
495690 272571
353046 255077
28170 201658
340157 490247
33053 219295
200692 175632
98810 173597
496934 332839
362018 63168
412449 284758
201341 333386
325456 42955
341394 494248
395630 396806
197701 176376
67439 252241
189730 261194
191556 197076
206280 133797
474907 258988
87840 431358
481429 450729
172181 286801
198453 48627
333583 152275
458176 42739
489307 494148
180510 256511
291787 5501
468566 301418
125075 44556
72608 483964
92432 449108
48736 304554
460535 359052
304448 64677
335935 227695
158849 128240
258368 36737
305508 462688
49342 265959
452695 103931
140503 412548
103072 162000
260609 312007
302863 261630
176548 49961
444262 101436
385300 418162
112383 415978
186079 133652
72020 436707
272186 120070
211812 125076
86679 271547
359974 332099
12774 36098
205421 86804
17384 261393
112118 297085
452404 433847
377400 423129
410782 209472
86095 28043
16874 492397
488032 446156
92888 337422
315147 69057
182242 112650
104089 460945
318769 111143
254658 213850
432192 81959
250065 98487
154032 41673
97272 238374
24001 8911
210971 415936
242692 238537
278538 461772
245133 357917
720 474548
482125 8376
140609 376724
326284 19161
157387 111045
64119 453375
65907 94754
266334 319716
392770 163910
307697 452832
207958 482027
186079 415974
405275 135347
222484 458923
367943 318267
149918 324018
6232 129395
475588 445206
462440 300313
373 221668
433733 395266
394825 94974
217972 437643
108876 432090
86758 33542
151778 428801
462232 89945
251198 171068
308703 258397
498444 86506
433452 379971
2019 132524
259956 109996
223552 269560
350637 57808
381459 477729
105782 404735
487264 278326
50961 13287
335118 435970
23211 474367
3857 455478
319285 252306
226352 67875
457108 79806
426496 189970
179961 144463
168322 46043
214189 64926
167792 479663
337968 61621
119205 3520
85964 433281
65277 76556
238813 259682
64026 233167
420191 43227
476065 180809
114346 385480
415392 208941
17803 259429
417149 475050
2916 420118
466305 91763
369061 143900
176932 230592
123292 96552
218209 410937
461657 25168
77364 216607
491580 273730
348737 208481
141752 170361
192685 469714
165910 479706
117230 69145
319034 148384
491262 170608
13028 371355
85302 274670
270529 157039
114441 416570
212519 85037
32310 240161
383532 452753
196202 306030
331037 161329
329503 450270
401334 420096
4887 259959
106246 367773
350950 399177
378614 33387
178112 388173
244525 338796
359544 227876
463160 269759
167521 344316
396365 445220
198569 270041
329201 27807
451061 119867
29902 311046
387306 31274
414047 371223
381722 151780
470703 491845
182328 485218
368104 375890
11755 177825
389159 302666
382118 286979
270400 101491
273058 461507
133718 139744
40478 193822
143792 409916
144929 351136
315514 363278
209768 301603
131499 218896
274285 189702
185150 307038
53927 85755
473589 32192
371195 274121
42122 485231
390398 377262
177093 279453
141798 257437
67660 7920
361226 6652
487041 429012
108076 221836
66051 411507
264615 318907
458352 42723
101744 37728
81954 95064
210272 126273
238591 153717
282559 186098
415985 308393
306593 425578
343478 255215
136333 469437
221546 291858
303619 470715
462232 388232
396271 199657
454826 346670
383268 225261
89761 368535
122084 302017
452826 226333
304624 373260
128913 103814
30653 253064
211613 361526
285796 170789
221295 69544
372874 431772
168311 58506
386590 145000
83085 107907
134197 234883
151739 285669
393050 266306
177770 317500
302552 484411
17542 155065
251777 97340
193699 372113
82380 59298
42320 128455
228610 24359
484876 317305
8570 101608
261350 370597
369719 126561
425283 55474
481864 248763
404903 220106
7992 305674
361853 327035
204930 211393
341141 430067
454769 222452
387781 23567
247268 121618
237332 363321
367512 182439
176963 163464
377802 479425
330553 476889
416291 381552
385789 125707
328328 32820
