2000000 2000
343478 829340
676222 156424
409243 95941
786031 881441
293175 199208
949833 458918
18643 601761
49269 371441
714577 26094
442122 710782
441634 194427
5503 84374
931386 425458
897176 144033
177949 441154
15302 766034
159358 156504
153778 767329
761959 791689
324955 598491
627887 390885
607059 420444
82723 832932
74703 134760
148762 724974
196990 703116
691888 772410
221605 754743
29700 319931
415337 495240
339324 777159
5708 827010
622437 648354
351273 633167
373078 367603
144341 323450
358966 886282
296768 431577
799767 839295
748083 703289
886541 22505
647572 147328
636113 546982
667399 731041
174343 212095
321736 842130
725248 720163
419114 128525
555970 250634
294868 131767
489839 233729
630654 312852
978081 707437
484690 428612
456462 745740
716100 277492
684476 204287
591492 907842
330644 10444
221631 774767
551361 935978
671263 706592
74212 686189
925279 416513
673964 270524
745950 796681
291086 992980
376653 489478
873949 223124
862720 390539
747904 987897
831733 837802
559754 680603
508065 842892
671756 320287
777797 393304
517925 70076
270024 131870
568601 501964
38040 438224
119223 919714
544808 190984
517790 152063
690606 925742
997265 32050
358038 325921
68376 523901
487093 804456
567276 650730
820507 236996
514304 644777
866247 943844
723870 118275
629316 730037
360666 713059
986996 385710
811098 829256
115408 989307
643607 565325
167095 767507
812809 635019
276691 231819
272862 146004
746438 170153
350480 618051
208434 455627
713453 823545
546703 568400
431029 656845
302351 608325
810911 257068
698631 286997
413600 500891
274848 931712
110429 797070
624065 817885
753772 796729
932406 172061
477079 779873
886643 43284
213145 912073
979914 233605
809930 258635
245886 716530
623065 394419
847045 66841
274525 948160
493788 167395
452716 303190
18142 652694
761792 206095
821766 232499
191659 338452
203171 978938
158040 159306
607013 323354
556307 331165
194602 458395
429659 731140
500629 280986
371835 531401
35561 447066
953003 890677
986504 973023
728327 652014
432052 920909
381187 132860
544213 712328
691585 81231
470699 588606
125982 603135
172818 36881
825430 102016
936581 322489
479960 274795
483788 403075
577918 264426
122130 948352
684871 209095
834239 169283
32627 344345
688543 441426
591774 111628
569993 832584
485269 736451
257074 444189
360356 37683
902024 820604
567571 581690
32014 7971
599232 539899
943640 19717
289120 770591
962049 484879
378107 953264
815731 39922
531954 538180
269407 641016
807489 715797
845673 268003
828092 210642
923355 869352
173756 244160
980956 183273
694729 325663
728125 748567
433590 502653
867161 41959
225226 432754
220872 7824
757225 950939
375514 615894
927305 162227
379313 155047
675509 737274
595426 707569
97103 632313
408156 770557
63061 267278
858127 245171
891884 469628
379235 921322
336583 804687
109445 810590
930902 580488
468566 476227
502150 74649
308993 797862
650110 896316
853250 764078
563195 990354
815458 647872
928259 356357
959994 717378
952924 854896
174725 756984
845520 59272
340990 23184
662367 417059
786044 610113
713473 893505
266104 712447
80857 602117
195052 419001
200303 977778
739959 648671
708948 947429
234402 764616
825189 609689
556975 866508
408331 362219
303968 914020
166551 294567
579516 316544
781227 903112
140174 427887
189603 878959
953100 144654
844832 536105
926114 826496
759407 474930
233034 307943
157466 497300
967227 368228
374510 425767
630570 962090
287238 56486
77057 178589
855969 585659
976328 294270
647038 714418
193087 853362
92066 211784
269100 979671
750125 457708
556038 533580
50325 123780
723934 721268
937565 997749
255777 475396
109216 154080
806058 786420
373028 835662
835607 231825
42067 444787
178061 517759
289117 650773
410331 811233
710142 304096
434813 835982
29467 149356
64222 149205
175607 328988
610180 888216
721288 526133
42206 464949
766428 403030
573189 511119
183873 805879
395417 140440
501389 990443
642837 886490
919003 513919
354009 929614
230878 202614
471115 920967
824034 130141
628885 837290
253845 251132
52985 748375
444362 876305
238904 933158
181470 204449
875509 930216
411121 999594
60501 243228
729146 812235
597674 993019
102175 377915
525771 525846
424512 779556
563322 480077
822153 115545
685064 68462
68646 483536
593497 783495
589591 680730
95036 39916
894488 814120
110537 488912
505467 574316
600735 786034
439484 930435
39013 660058
54991 61897
977554 176554
254077 65220
942937 301895
702312 746418
896112 50583
181872 472479
36445 488892
406322 137701
23658 676874
741110 824511
394709 914148
349209 372727
132520 88816
539673 794594
383364 6570
280508 517545
407890 311201
128414 15442
742581 910370
617204 201577
418149 276194
129383 456538
350699 642996
998045 606625
79282 299352
551436 633265
183302 709277
686662 999969
293604 513717
681389 67056
174550 272592
875476 925495
933630 227442
822869 412255
381037 48179
741738 52103
412191 979930
402199 101876
980123 871367
704969 894381
363040 67100
824142 200429
31777 294361
598970 305932
649569 282305
95853 424316
743519 469570
773450 368950
479716 982911
370479 70287
403524 605131
189638 267561
972189 656761
289158 45747
541600 61193
850325 337868
145389 655183
982786 69292
444950 715578
406887 137044
64766 929670
255935 493942
513866 890851
198172 44454
665094 109665
990043 104901
618728 697216
276799 232231
923019 119743
614473 103531
636682 75902
868367 899897
115792 358438
842459 362956
572903 545893
403442 614800
31415 925495
657704 866493
379911 440501
905516 827434
994414 105101
556571 45325
657642 923867
628716 563432
383721 482378
390653 347763
807188 933940
747425 241063
789383 991320
614646 999015
265434 120976
713209 532326
370847 140788
976213 438372
281687 389029
249471 842144
293826 610487
430257 814475
709391 511386
350192 737840
933542 160785
24570 347567
500680 333513
372178 850306
197313 120923
321361 976560
675029 192161
818947 880992
241228 36309
934455 421694
233001 406537
665270 568288
300909 349455
872706 548861
81613 253212
351964 198558
607129 377829
113212 808024
160031 365345
9968 537982
769345 994397
672680 968342
446698 200399
583858 263786
550616 877015
367716 360651
414950 594426
992145 64541
54912 197362
38213 805344
373008 306250
12271 741839
920469 538206
558509 327029
213469 936527
744862 527034
951077 636100
490692 846888
660844 644398
853837 572768
420422 394457
923062 185941
255652 140867
49884 633937
215046 649394
948217 961470
972576 221422
562265 199058
610148 345868
184927 270619
760749 136589
855558 253380
246655 429957
241612 103319
172323 841070
573422 409791
257357 537459
234360 394533
384802 881886
168446 877924
938633 343726
399652 299755
900811 972497
919042 75182
88027 974019
427355 385408
507262 622943
331898 632989
449667 614827
602159 5753
700156 494116
971973 91141
115230 524506
490215 635257
306137 549200
826014 930898
445994 961372
746366 74689
806558 496122
151839 149156
647764 159161
557495 980409
638405 78337
849195 652455
453944 457567
448307 964150
696575 800789
837533 375211
70172 860711
964194 589244
112366 41682
782146 538033
166326 513054
192148 728066
459934 115044
252763 369712
463660 896423
704908 586517
12596 316761
358980 830134
292078 733826
544739 419638
26149 126171
170324 324159
935930 749894
623612 180336
334481 656311
666903 146631
855120 84990
355554 756417
388698 190841
784038 696268
163263 833308
552371 948613
104937 592247
832956 683234
479090 420579
482411 875930
216761 948440
932899 763282
354789 639250
46230 221408
858197 622704
195931 269185
692976 541719
22624 207329
51832 165203
165684 326497
487692 410002
695733 701104
997987 484278
35024 425274
677399 712352
600999 181274
698435 185104
539152 990825
869739 111247
931121 638956
104367 767862
878547 749573
249714 841215
868312 940882
858423 694740
578414 274148
926891 449154
777118 649308
598103 410038
968383 53004
329308 918889
32391 470974
878665 72682
400584 101933
666713 421492
771478 138117
551157 565573
995385 534349
42431 887752
896067 42540
836170 19577
491313 482553
579919 243756
846685 168147
417543 571021
243882 244671
873177 483619
643219 806220
216922 459423
461054 236241
518540 81297
354157 761755
200171 814972
800170 992026
453935 781938
700320 893181
66630 482480
820337 600215
777239 710726
946178 433009
845665 335050
37082 979208
64890 696839
827936 131148
318156 328846
789446 221619
468150 67265
672384 641066
229860 17886
71209 317217
31997 392723
867368 854233
103655 271658
393703 17982
980560 806714
98899 203417
413627 291476
719183 411283
236281 985417
170642 627648
933786 937668
558622 732798
643603 303242
187808 947886
868719 708019
840628 143991
940286 905416
435434 712174
994554 264294
744871 14383
743737 908560
807558 464510
938072 501604
813966 513875
781135 192991
857062 264355
854019 143216
834585 588645
481863 173059
528384 119209
245498 719007
592682 997980
361868 8495
258431 56666
404759 680628
752870 214509
310137 543169
189031 38023
853284 132399
257563 431994
308486 663361
339888 715617
627534 13238
665329 175044
321212 509034
112152 463926
122887 390841
369884 289850
384281 24054
73204 429580
197759 580068
485926 981337
495230 356944
594085 666163
929013 160414
279155 657774
841516 474990
181924 178884
962862 19725
342020 141434
698794 435791
184280 366943
476105 502160
447201 876601
691998 395317
240056 648904
205345 420952
918418 422295
99811 932525
281459 368733
243240 699453
937981 465036
693530 813769
819456 249487
397641 808684
643910 437550
554326 656286
971903 252282
865143 720455
656972 103525
633355 42805
112741 383550
172200 511927
168488 673165
186808 387022
488529 91119
243139 224918
558026 531572
703498 644376
182468 759883
476548 970903
25943 891411
851237 605486
874137 170761
665164 43698
130619 175184
513682 167907
86434 990657
537597 401109
858212 19856
331981 58784
505473 430075
627762 182613
842037 471202
778936 967544
118589 847216
467304 497696
764114 653921
171398 971898
195961 811039
821376 531567
448807 726627
277536 743603
914340 785095
648744 433627
788573 167062
418091 762399
849667 467054
782784 83591
424557 281332
278390 140276
752398 667411
743461 870758
126397 343620
798961 528471
107015 572666
681374 344971
567407 480938
937081 270035
467287 285967
944446 663985
58971 312565
983078 742894
355092 607586
262439 412084
850487 124230
887277 991665
681333 556685
742919 573843
91262 682976
418128 794173
433196 703924
893687 367624
250180 771701
85300 124589
755548 481318
264726 98556
381569 106815
209999 443553
6320 856346
907999 173437
775950 897695
815153 123259
196843 735597
181066 244476
96527 960173
248028 324235
912022 270768
710543 362447
32373 801690
872643 522782
691316 937451
822731 99853
934659 494628
656664 791592
74508 762134
834864 814767
167512 573902
953380 169226
443107 163282
743262 895954
703100 357493
946301 271819
162466 856454
230972 808146
305942 871571
531603 3455
18207 445423
471279 93386
570029 697275
547127 664186
961166 512947
649731 140879
193892 342913
786856 676372
864955 521734
133865 86088
413638 792357
347051 671661
268732 281750
736354 327511
461084 24136
820818 995627
39522 486813
21387 716380
247661 623469
931912 975046
736041 253732
241184 869874
561388 347283
625378 635656
151005 517611
495249 508423
996405 812927
471278 798152
189480 400984
835706 463572
540955 879769
44135 176107
729382 60308
448064 407681
821233 27567
714543 290225
402926 401659
839414 860838
670107 78763
984013 877579
579766 992843
406131 689118
32961 562712
483236 230711
193087 35721
346467 42074
471727 708525
422167 657374
740388 621250
866712 937182
675564 705547
110108 353746
82524 324734
394357 699962
46930 155900
877937 972209
235300 665889
174422 988193
311678 25257
660417 65731
459823 572064
281104 856573
217551 125710
998351 491352
188202 5142
199776 499457
326411 457308
30563 232798
411477 723440
559588 232403
670750 801301
897589 330238
498373 863159
695310 206467
425467 422293
745680 762351
418537 959328
887126 455811
27816 964555
582208 247689
423633 528722
874186 72710
343079 120040
213572 511236
924575 312586
604992 41532
677400 331510
324371 976008
566435 992205
19842 864139
765079 997278
463318 223074
530114 555832
602256 503332
881139 545474
189575 900205
158498 594876
411687 205588
449024 397575
804113 519847
143882 669443
18520 789621
535473 176638
490329 313361
994126 480769
232412 862465
930620 732234
385033 51460
613973 436770
559179 336434
719581 442786
123238 265757
334333 617513
988480 504332
4093 166527
926481 697980
399848 898324
655630 516332
612596 62032
937653 903717
92425 267275
892394 228184
948693 866111
256679 781718
837292 819997
391648 466647
65901 754560
505390 101947
851912 21624
671376 37346
576635 393521
203618 248242
510471 35333
452193 228717
971825 929148
76316 160673
805515 303778
593468 343906
730144 62371
208458 853027
551675 256616
115517 450807
960378 147452
248641 15020
138528 761437
495996 769689
515606 765993
162228 895614
770283 179967
74598 150927
224705 335714
719624 84930
759700 729141
947580 562448
336014 192068
404004 557115
262432 618003
922017 127474
187691 849605
168970 665212
64324 496865
175291 864755
190033 421272
1734 838237
769449 450606
254139 417804
50132 731256
741481 980289
741513 950364
386015 671709
989275 83457
47367 759008
95253 89024
517534 615421
972806 384996
361634 856674
880788 111554
353544 540537
61408 1272
213849 412436
30854 257825
865349 223685
600649 902927
526965 712711
910578 311004
846790 444760
359004 645507
439468 531344
655483 406638
883755 238237
590853 697342
642665 791085
89006 942233
689055 280548
143139 976
401888 806048
941132 864328
568228 627763
587008 414173
43576 925686
325549 586249
932569 627677
43424 831158
206721 377322
81760 350192
468924 775603
543801 459069
332248 880070
611430 611229
201863 348971
293750 625187
133386 261852
12947 22947
488456 929967
789110 54372
274315 799683
746301 838808
11231 409600
297201 410569
733459 952152
104370 949409
11776 974437
702931 903940
988978 569016
517344 870976
973336 135042
930148 795029
976811 924431
721093 713353
851644 908821
787501 496601
918922 636963
615108 278122
579230 339043
905100 377204
922507 245830
9249 788632
161801 883218
635489 654706
41883 990161
957391 858355
768621 592147
237832 874699
475019 580347
343484 444882
254484 954677
27428 888986
410787 453096
408769 41029
61621 167167
354738 862580
54982 850081
419273 185601
753175 550048
823131 326461
852419 825449
471773 52613
407575 487664
386755 239661
984655 963653
741450 65761
194353 892316
947839 432990
531824 38239
833828 993670
971188 2392
451223 245244
244214 424588
533022 15011
296266 98470
243658 632806
87952 47104
102665 937931
773598 929210
953898 813584
727304 108738
757616 330258
189628 18580
293430 572030
45759 25694
765479 510385
100945 208373
632281 863056
814114 222876
394468 143313
737515 172539
307140 365348
641008 413959
210382 599169
237911 489957
84440 358448
857077 723605
207954 856443
762949 889818
548839 312740
989421 971573
726987 66143
165643 74540
593976 509691
696219 618420
492179 63803
550727 541749
32072 849158
798066 380731
302018 823668
320914 364553
30109 187564
202189 729293
557966 65170
716537 218799
553218 666555
219624 93140
204127 196796
696351 483684
421409 500431
144720 713186
397818 8655
989864 47434
523643 181538
691121 472284
305225 742814
456087 253083
627381 670642
425361 374739
445787 457002
904966 585038
348162 543567
286579 738351
206418 577209
250727 282941
839696 434645
364576 598067
34392 915498
802137 669142
323743 297760
391720 288292
420694 948383
76244 225596
794136 346788
130855 93588
600381 820629
492810 374872
964730 593666
649216 2848
665924 953375
981319 14443
128501 400430
206690 102451
819603 753135
824594 355359
439448 111831
946229 635368
476990 336719
906350 275415
508428 166567
313967 419804
369906 208392
6195 434098
844421 738804
56257 557879
117730 982656
199520 89653
943376 332902
169748 115009
299483 323304
903640 253218
482625 714960
297589 186961
761457 157211
76157 684496
215813 323274
645146 326268
925908 238264
78773 303294
810653 646108
262100 175695
172447 362700
885085 715755
646146 876279
562747 585834
558236 695024
323801 403207
731289 278573
634619 757665
738347 975415
114621 564403
512428 437678
523072 126241
411581 677781
126529 440885
115349 39196
940257 557736
834624 883883
567541 675245
948036 927973
778736 763743
135667 439838
161149 911391
275960 512334
336728 783594
315838 186669
848063 541472
260373 875076
478578 315832
925566 113391
405405 907806
54781 52561
41260 416120
68456 336256
466511 102809
279493 651000
32223 259577
2080 853902
532960 997517
708124 612842
78677 69666
66946 116755
201601 426669
820807 215545
945144 825326
999826 75101
740356 145692
229147 958598
986749 614217
328427 300940
641702 124242
4440 648985
969614 416718
618480 694181
641758 9717
708644 440171
197238 228262
19730 837787
712527 448701
309587 175301
641941 931522
647395 139614
990367 528944
84687 843608
88949 822523
476012 121093
419011 866484
769180 923677
275166 629968
600631 756364
178037 234121
456602 677859
752727 303915
668629 773632
262229 722044
763394 960181
186667 528567
909026 509850
851700 784808
178921 585013
606408 319636
369106 72094
273311 646532
876275 40491
991808 73945
283952 999656
203033 16616
355428 3512
541520 80038
312896 20243
963900 962669
285805 460259
677574 565172
464950 342263
338921 111306
758501 704759
860828 671281
631528 562197
362965 226669
736314 221444
683489 132098
958185 989357
329868 123198
742559 213050
738823 616764
774660 367908
823881 433018
476337 481415
127486 542041
513981 726365
491132 463789
580973 341675
928687 469075
390525 124077
154934 479061
889576 134540
644584 398452
779675 489080
78682 120118
296132 515438
751488 617026
350835 18127
520163 405645
263092 774300
783513 261889
437283 399199
830821 587289
220417 30217
972001 971358
384180 558783
244945 63162
4178 988441
606495 881275
258788 702038
582395 732358
899393 867824
141002 848400
257990 512817
80439 381605
461616 912165
473415 389398
523369 374810
315390 673157
228247 941458
263210 714558
566682 116129
173092 816369
558416 837276
644573 635178
754154 255967
391613 767613
805897 303825
926080 911921
573576 602612
696691 726904
707362 14148
153039 104091
751091 691680
646046 1749
464965 927760
637160 311283
56268 885100
927221 207046
273744 679793
799719 686732
559168 522718
883967 683893
328149 818243
877536 718532
520442 116584
175045 206973
59143 241316
962843 829359
471191 922894
761689 490883
540443 448469
954043 537546
518718 931401
501927 139263
22890 676395
336165 356453
478778 243999
785969 443904
56415 463697
748522 99697
700168 202747
223505 322480
43133 815980
43347 216573
391872 427171
234113 215124
649542 963449
368135 575975
250394 762977
971067 286350
936712 209722
633368 102957
465818 936240
658940 288134
798883 202286
490883 536192
693583 514710
16516 404285
493049 419407
301056 113482
988024 964847
939679 267613
187734 741241
655653 765661
478521 324805
864144 437719
956847 7049
440129 327471
525917 330919
778062 364398
282248 957539
905604 658796
29976 948589
143031 589772
252407 924139
128051 854933
458591 849863
261241 14108
933812 802095
732475 720323
75423 190620
909948 701694
358547 878443
472265 666339
366859 931952
6607 727229
698692 848122
218020 442690
706844 272694
635025 148618
820199 880657
145820 262308
572564 142426
190978 842577
812946 139553
830322 530392
423083 390799
120176 34162
972192 598167
378356 241417
712032 303351
445792 774082
732995 383476
116900 143982
515119 357424
547911 16723
866273 952267
1755 473477
801328 112120
364850 549390
601721 613437
284440 95063
311184 352617
494127 137304
139366 305427
200503 931473
689636 932133
247280 276326
951945 387764
248501 949073
758024 649576
842567 908058
528041 648481
396221 770377
812609 236264
430510 100406
120210 940667
31405 718225
702495 457266
641788 419190
827984 981214
206211 184073
736941 60785
863361 926802
652922 40246
9815 813654
754986 369988
384478 719752
905411 790516
159179 890168
225967 993669
147546 985319
439004 489899
476829 392723
744698 358653
4557 683273
179764 62105
825081 385613
356811 748835
781253 658251
6613 186483
316399 42013
825931 216130
609616 275533
327804 609961
330180 305931
135159 871189
855131 66471
754205 124234
908888 299613
295809 381078
162288 267565
877470 178828
680588 518701
422469 182639
926046 20234
545002 438912
361419 698622
881922 374894
855899 452644
986800 278713
458467 688622
741806 515591
96607 689778
382129 355004
611861 690408
744594 505233
941521 546689
228727 176873
140721 984116
235509 439544
986176 457807
395032 868009
696526 263529
423178 927549
429349 215952
952523 292158
752439 892387
120348 706008
488225 780431
601127 640623
72927 242084
928006 581257
249213 678772
161598 976154
319891 75802
440423 329212
709778 719517
779683 817221
522776 749335
979996 172636
330148 84538
922593 470780
877502 34453
757291 916444
316533 339651
580768 960472
215882 485966
390336 52892
764567 27301
41370 327310
161208 359520
525254 125889
92959 175987
172625 598463
756763 712846
518350 864721
559394 709992
666553 448100
656638 8888
620951 764883
899334 102136
126420 790808
594962 110738
568946 683573
386207 651139
484688 417097
712347 517836
27057 496237
16533 808474
871868 690197
987224 458968
704959 991648
744129 377053
727415 873029
182203 372169
242720 758871
684294 364905
748299 406532
39232 873053
17920 898688
53801 141032
265753 289855
848298 47343
588841 922283
266392 869436
496123 828933
352680 970764
359436 29941
161880 491945
697606 985300
886216 310502
122538 95396
49397 691158
154662 750782
681910 350182
713176 819758
204720 628720
924143 821898
365072 784051
910335 517612
234777 601110
834834 487619
716624 454280
797346 173528
772949 956906
60051 760258
683441 421991
237927 327690
704134 291743
272405 827534
115551 989360
14991 551988
222597 702889
496564 974570
240784 790305
782239 300349
791734 274760
786945 74687
192745 298547
370286 586500
577799 916753
333536 277564
758604 201740
186308 329557
740611 880179
380758 559106
366832 307296
232314 153886
14688 436182
188102 784659
222051 957361
19737 29879
496527 445810
470136 820405
927054 997631
983872 213817
589329 227466
997260 126691
42827 329191
651502 515186
338054 995325
726261 63067
563699 223384
453917 775844
962968 655257
306981 559317
750751 607579
798548 51164
930683 941370
298491 819366
414539 783569
374935 661885
199334 581032
586323 986360
452970 331717
958224 354873
977792 134969
520877 185257
799026 168971
621179 338123
850952 702701
450539 299300
565440 336578
536839 951270
398015 452306
781894 715868
135876 894584
866152 325156
873191 32418
945109 383170
836558 213279
164015 755307
823018 2783
501558 193235
280786 351405
249664 644588
307399 435267
606373 403155
801968 806744
267219 726888
493148 222830
87710 145761
787978 825496
411524 218124
698158 260885
541136 138789
458811 652554
89362 248867
467845 85551
939324 230072
347159 190356
93037 36073
741490 532130
730175 672535
483094 946548
297182 417860
494071 298473
987346 92162
516912 140877
373535 579845
305350 956467
491362 774047
713700 670756
929587 857336
896879 543686
503899 921545
64369 630832
582057 307024
973508 96649
40483 315278
700376 770991
481531 126263
959319 180663
969349 833815
453268 965408
475533 668672
945006 505509
598059 62098
519217 431941
666213 436991
548384 427946
324844 649153
409700 74316
940692 330693
52610 271646
718665 677380
791565 851799
401009 902155
196980 610078
721730 74424
881137 635198
8081 108223
644255 702402
676213 594296
890188 116322
253356 974331
740064 566088
112441 670564
417115 133244
493462 820937
362854 630240
826831 872132
612919 58594
373196 197895
371182 668221
118402 608721
171204 72349
824529 825286
497578 501831
326203 604493
181777 6093
559495 669853
324856 770279
14814 195359
398200 737707
227649 681315
149979 285964
721327 377229
402351 766790
831420 821003
39124 994131
883790 379795
222127 215605
708880 698014
118435 6031
820251 661892
451541 499299
517960 963806
992513 779682
63818 273361
413163 477949
700550 206343
289901 443325
231036 357803
21929 684416
744317 930947
845793 256326
288702 607394
227340 614964
868605 479343
66395 411811
914779 925380
62588 222895
833436 994375
665851 438904
548532 274702
251834 589295
586948 651320
66571 676252
137176 346272
769673 826839
920004 253408
330481 767010
430780 698556
289726 438408
727408 33271
924774 191736
641795 725040
269870 800258
488886 209823
762381 819469
952389 460704
936780 598501
822216 29978
855334 204788
831604 38813
178369 151532
896623 857899
526518 202505
733769 712536
975248 872224
585334 980755
272184 945021
79574 605573
128067 627486
491137 620312
302486 828955
809209 359916
593597 788214
169923 658583
416459 648810
347714 137177
246492 435589
494470 300340
471818 444011
696541 532032
966192 945258
216086 85725
259760 55478
694545 112339
86563 479496
537724 953217
43378 631789
536324 299160
168685 720456
478153 441609
329729 485676
466175 274057
808597 919125
900296 412180
658335 407254
820405 101252
22216 185464
357181 616568
829554 990544
210815 283188
415759 594428
283006 479863
762395 163757
523744 535570
164157 706823
876031 46044
487774 2482
156434 66931
673182 50803
59755 134330
810553 697819
300436 972400
618535 135740
988755 947376
442611 142028
178858 961444
715208 134418
834727 331194
526946 376989
269063 833239
263749 354778
765377 38502
679535 361329
558584 453508
813488 138749
616586 741348
937033 894868
974830 497174
365570 794384
984173 780503
339811 288969
376742 764926
902658 165505
563337 536030
844169 180627
616840 349324
909845 35132
424407 602755
570158 288327
433499 801049
994215 735631
614783 566677
599103 582631
696928 946805
322441 246112
523695 963087
694710 704840
979526 409623
366909 74634
334114 308388
864346 163849
76764 539060
706315 217039
596565 593539
701014 400291
291952 734669
206631 183648
395439 183809
704897 970077
150010 154512
6829 359224
896151 981582
41274 837074
725038 712439
519978 682886
286508 926732
48247 842200
666922 980961
727945 621373
855772 688367
647657 503411
312669 932680
559017 534679
764308 80723
881718 866471
964251 554910
430235 91696
966700 700515
181852 467294
753398 4879
592436 912731
469163 433378
724824 862470
793429 149667
510885 362006
436029 106989
982131 840900
43425 822752
389946 960148
257476 113042
452133 551773
625261 44285
859460 333343
26440 840029
467739 31012
573720 451290
435406 265739
187743 288081
938784 893033
166452 305276
244548 538443
612352 20305
559113 263996
14041 230181
962346 575715
519442 773524
823232 227376
102080 740957
156091 817836
245810 883936
29127 787073
484050 480768
735373 580486
190906 341855
343688 508394
884064 321055
640959 338352
164429 629530
848589 650930
905926 108121
157112 437896
42184 739914
626984 969633
537153 247056
477548 488204
289983 619154
275460 297297
216898 972885
608582 974160
225626 495838
155172 566249
463728 872644
886558 941514
984931 776688
717890 654843
975418 76410
596489 467709
852285 186989
448655 137286
952986 356202
265967 26153
924397 823262
936181 720463
535880 414230
895776 304289
209576 122437
859097 303219
978757 463056
217863 863347
867293 73755
182962 828860
94654 766375
843837 111843
191952 640598
766772 483982
358104 326835
594811 350728
363165 546827
75649 847762
567733 24405
477355 475438
864826 798657
448429 163616
170778 622891
543481 458258
448500 692033
147982 707737
439558 22736
61618 681795
53694 70345
472808 414749
354699 645262
786491 235242
869311 760575
341319 288666
112253 577516
452501 176776
500225 67270
471113 231244
877929 863389
783515 887330
682098 834498
831879 698927
52984 369005
177779 920776
607850 819724
997705 787114
784363 290534
9103 136410
357000 150133
53089 668195
164957 343129
913539 100423
