10000 1000
3992 1868
3681 976
2659 2480
4946 1925
3549 4730
3467 491
2111 3719
123 977
2454 542
2530 3694
734 1987
3800 2868
1127 3258
358 3434
4726 4780
2306 4353
2914 4353
3999 2681
2377 3332
3457 4315
1128 444
74 1866
2893 4763
2676 2511
2769 3905
281 2364
2968 315
2124 1456
388 2215
3257 1094
3582 4356
4375 1075
4038 567
3522 2272
4422 2864
1235 4895
1975 3680
4695 3134
3708 641
1601 632
682 830
1897 4214
836 1153
4191 1681
2495 2503
4999 2820
2736 710
2275 8
2965 3935
1910 1921
395 2863
1242 4516
2337 4784
2250 1548
3532 178
1933 4274
1842 3395
4939 2339
4177 2429
2475 4311
728 1072
1253 2832
1334 837
1082 1823
1072 2707
1772 1322
1568 4995
4005 81
1085 4592
974 1905
3430 1454
4788 2698
588 2196
4501 4394
603 1147
2981 734
2529 507
3545 3043
2337 2930
123 4657
3275 3504
2154 3828
1460 2500
4877 87
3750 4517
105 2521
1725 4104
1212 1481
2683 4444
2497 3533
1061 3428
2480 2578
364 820
1598 4219
4251 2332
1934 3268
3405 3308
539 2396
3284 3764
4933 1364
1306 3334
3686 4043
1109 548
1809 3512
3280 1646
2988 136
3659 416
732 552
138 4652
3769 4808
4586 4662
4047 2434
2055 3002
4605 3575
3042 1742
4172 4968
2295 850
2688 2606
1844 1364
1962 3025
4761 989
916 2354
1923 4985
4977 4764
2513 1637
1017 918
1006 448
1870 1762
4617 4026
139 4223
451 736
986 739
2355 1578
600 2399
1773 2183
2797 4703
3976 3202
3519 442
4581 1338
4260 993
899 1300
1019 4201
1062 507
3652 4298
51 1579
1418 4345
1230 3590
3589 2387
408 1311
4642 1656
2612 2366
2971 3074
289 2850
1106 2348
3508 118
4289 1290
2797 3684
3883 2203
1987 2911
1 4655
1238 106
22 3421
50 573
951 4865
3009 2250
1332 4522
842 4674
630 2558
2774 2810
3254 4378
132 3834
4566 4826
4691 330
4855 140
4928 1645
240 4201
2699 4410
721 1471
3081 2650
2310 3417
1598 1672
4279 1287
4083 2178
3774 4372
1412 4924
206 1265
3971 932
2869 1367
1130 37
278 1254
67 4212
2831 4329
4915 3787
4266 4542
3881 1438
1265 86
2117 808
25 2532
4741 150
4746 2471
1157 4219
665 3542
3446 2684
2941 3674
2077 2133
4149 2918
3227 3855
4562 2893
894 1464
1803 2309
2436 4625
4454 754
3180 1075
3449 4143
78 4993
4916 4167
914 2976
2524 2935
987 2213
792 34
3265 4943
1593 57
2934 2419
4996 3935
4584 3429
2096 4232
4432 1175
2640 2051
4964 3134
3021 1380
1632 185
4027 1179
4657 3822
3677 61
4904 4245
3273 2240
4245 2396
746 1364
3009 2433
1036 594
1526 538
960 4055
2326 1739
2170 3849
4258 3063
3158 904
3399 3150
1715 1229
254 3159
3682 2983
1976 2555
3305 1786
4812 3486
36 1395
1557 2613
3581 1320
712 926
2269 3206
4819 3944
2579 345
4325 3874
269 1740
2817 177
4787 4597
2843 1572
3552 2844
42 4758
4315 975
856 1307
4551 4543
3774 2027
2406 3159
175 2427
3593 122
1322 2339
996 2599
2445 4858
268 662
4601 3178
4819 1176
3701 2026
3356 1132
3720 1659
3916 4668
4627 4473
2534 1419
1775 3889
332 3423
1773 3103
2466 1058
213 1526
3060 1469
4955 1786
1917 214
335 747
3669 1329
1178 4916
1615 4807
1986 761
2912 4979
3787 1219
4884 4331
1871 673
4917 1907
516 546
1141 1943
3528 2374
3992 3886
4840 4293
3295 3674
1303 3443
344 1900
1225 2322
2799 1036
1993 3771
1445 4285
4577 4083
4724 1949
1042 1001
386 3375
976 149
2753 2689
1301 4867
1436 3149
3278 2750
616 1860
4634 316
1831 2645
1532 2487
2475 1826
1128 3522
1668 3904
2214 2220
3262 125
2751 4401
1075 3541
2015 4795
3039 4851
3663 4048
4623 4505
3731 4912
4643 1170
1079 1241
3186 4081
97 3137
1649 2707
2297 809
3840 261
547 819
3485 4631
2119 2124
981 2056
1696 3647
3514 4177
3300 4802
435 565
1640 3738
2722 1353
3855 4532
4464 4525
3826 3402
3953 1910
3202 832
3711 1609
2125 4463
1749 1634
635 3866
3295 4289
4957 3534
4324 4560
3098 4271
3468 2293
713 3787
1992 4849
1647 4962
3733 4546
3315 2126
3292 2330
444 831
3099 4207
4969 4699
2898 2326
917 2354
1901 3839
3557 1829
70 4233
71 510
1621 2867
2253 2718
3547 3586
2798 1289
227 3628
2626 3771
4315 3839
1528 909
2253 1066
913 1601
4422 1201
2864 2272
37 862
2141 1435
1737 4738
3953 3820
620 413
1533 975
4800 1188
1744 3442
3530 1853
336 1856
2918 374
1460 4022
3908 813
1787 441
586 3587
567 1141
916 1878
1477 382
3385 2285
2308 3178
402 3560
2721 3218
3322 527
4653 1349
1983 3673
4370 4718
2059 565
525 3095
2138 2337
228 2529
1416 4779
1247 4945
3889 2047
3062 2505
4419 3740
3003 1327
225 1751
4394 2972
4731 3837
4536 2205
1468 2066
2397 2891
2942 1735
1405 4322
657 2674
4388 2680
4864 950
2347 1366
4830 1004
245 3754
1387 1821
4732 4344
2245 1670
5 2089
4563 3135
3568 4439
3348 1108
437 3419
1650 4248
2532 4468
853 4859
3162 1247
2070 851
2890 1110
2064 1513
2581 642
757 1602
609 2817
3562 4237
4479 2289
340 3284
568 4807
296 670
3410 4026
438 831
4009 2592
2570 523
1107 1839
1056 931
3452 3252
240 4112
3043 2872
176 1751
1544 4269
683 2020
2930 241
4045 11
2522 1920
1583 4211
4793 3231
628 4939
2394 2996
1296 1287
2719 2384
1849 3791
4761 2983
53 2949
2174 1169
1660 3659
1149 704
3713 121
1750 1326
3883 1077
648 312
3964 3075
3736 4894
4321 3836
3079 3911
2564 2862
717 2510
2392 4763
2668 4855
547 4200
134 2853
1099 1600
2872 490
3283 4225
4715 4311
723 1742
3501 1402
3028 987
3330 3542
4950 3564
2447 785
2008 1987
4286 12
682 4210
3066 810
1941 972
248 2565
2152 2418
4063 1260
3330 2346
3024 2441
1118 1468
913 1388
2433 3691
4201 3923
4657 2545
1866 4790
330 3404
2952 424
2453 3485
245 4512
39 1551
4544 684
2598 3718
3048 53
911 2388
2165 4819
3161 4952
1372 2543
1223 3355
2493 3369
1873 2413
4725 2148
4066 2607
2474 2613
352 289
2503 2894
2323 1022
4790 1875
4931 1504
1037 1441
3884 3471
2871 1038
1518 1686
1589 3594
1822 3006
3570 1760
651 1662
4465 2828
2061 3047
4295 3822
4101 1697
4725 1819
397 4119
3818 28
4031 1737
2528 3947
998 1416
4801 4899
4758 1888
1774 4215
1166 1230
1049 3270
2174 2809
897 4745
1951 2275
3179 863
1466 3493
2806 974
229 166
2849 580
3349 2704
2081 4764
2074 3371
2027 3090
4297 439
689 1906
958 2433
2749 4254
182 3741
342 3781
1462 2860
3089 2492
901 3149
2101 2476
4885 166
3827 4667
3645 2122
1789 4955
20 2883
4377 3489
2006 2206
3567 1173
2374 3282
3862 1067
4248 1721
4391 1110
54 1017
4414 2762
4211 1760
1786 3066
2799 2807
793 4015
3315 366
2692 1302
4898 4922
3118 1549
341 1469
76 3455
4130 397
4061 944
4643 963
4072 4200
403 4398
1486 1623
1612 2331
1324 1091
4439 4428
3323 3713
1634 2324
2473 3630
4326 210
3063 4000
4353 641
129 3878
2016 3382
2589 1108
4809 2944
2880 4565
2537 160
4779 1804
2194 104
2855 2058
2949 820
2954 1246
244 2858
4993 3727
3201 3077
2828 4114
2199 3686
4226 4227
4918 475
3366 3857
1781 2292
567 592
2529 4433
3371 3484
1230 1320
989 3164
4794 2442
1788 3855
3317 3538
2862 4498
4631 4538
2885 126
2197 1782
2320 3930
4400 3971
4101 21
1107 2814
1169 2787
2386 4200
2725 2007
336 1700
3569 2141
323 4937
474 4253
349 3263
2721 2141
2167 632
3372 2033
1269 803
3583 4003
4013 4055
3585 3857
479 4442
2159 4962
3216 1205
3163 4390
4500 2907
4202 2433
2329 33
4558 2729
3896 45
1037 2757
1406 1412
4784 4035
2540 2593
1518 2025
895 4824
2966 2695
4468 2809
1619 2604
242 1073
474 874
4117 375
4026 2379
828 2154
2001 4874
4603 4314
4751 1254
234 2130
1302 1103
3243 1228
4687 616
846 4558
3728 3601
458 2894
3605 4121
2953 2990
2247 4414
879 4820
4352 1200
3375 1050
1250 2548
4699 4914
872 244
3267 996
2452 4860
1879 4909
4427 4469
428 1704
4804 3747
2794 3953
1189 4244
2666 41
3546 3387
4781 2369
1793 3497
2956 2660
2434 4378
30 3549
1536 395
2554 11
2066 2185
4802 1841
1697 1540
1520 3732
2252 2182
1510 3875
1048 215
1398 3405
1445 762
2322 3549
4603 4830
2720 2953
2872 1215
3384 323
1086 3692
2902 1568
2713 1883
4621 1928
294 4727
1066 3760
4702 3389
4066 4400
1997 3088
3574 1031
2647 84
929 4783
956 3122
2868 3181
4402 2603
3077 115
1621 1015
2429 4189
4368 2265
2359 637
3203 2847
3633 2407
2948 2402
2905 4318
558 4110
2460 1898
1461 3341
2493 3381
4506 3796
1663 1953
2514 490
3443 1958
3329 1019
2639 988
919 3952
4538 3485
3763 4217
2417 2227
3328 774
1693 4714
4910 2853
798 2429
3216 465
1102 663
456 3292
4072 38
2052 3487
4965 2016
1383 2765
4207 4849
3605 3288
4994 4862
1190 3001
821 2622
857 150
781 1224
2702 1752
413 1315
4826 3993
1114 3812
3570 4925
1444 1785
629 3687
2771 3309
3918 866
3962 1806
4913 213
3510 3797
1905 3259
4775 1991
1662 1825
4354 3073
204 2699
22 3354
7 1636
1975 1874
1997 2302
1084 3286
503 473
588 695
2000 1927
3311 4987
3867 1937
3267 64
3796 837
1411 334
4943 4224
4981 306
2309 4385
4004 3962
681 3986
4692 4985
4973 1494
3145 4135
1839 2026
3125 2688
2561 3077
3910 142
1487 2107
1098 480
792 1938
1110 3137
3276 4050
3626 1376
1684 2481
1674 3921
2464 4640
4196 1289
596 387
4011 784
1404 1266
4180 3023
2761 753
2487 1152
442 3953
2580 3096
330 1213
1791 3470
2517 4829
3102 4780
252 1679
4562 1638
3223 1120
2064 1251
3080 1000
3494 2929
2009 1716
870 3285
3924 792
4985 3780
1849 3280
1315 3419
3256 412
4539 1950
1439 1783
1906 1040
4379 2443
3980 2317
2074 3549
4955 4524
308 2872
157 556
1357 2116
1402 4002
3830 3591
3059 125
2551 2508
3355 4507
4146 548
800 2456
3944 4457
611 3252
1057 2081
2636 3315
1174 652
2479 691
2977 3211
4749 3752
2013 4202
2630 1830
171 4068
794 3764
1474 1811
3293 1424
2899 2283
521 3578
3949 4690
543 1323
4220 357
4832 4354
2827 1193
1319 1028
1764 3447
122 4231
3127 1401
57 3719
1844 4747
3062 1910
422 3796
3967 3521
2295 3624
1460 325
2450 581
2839 219
2230 1186
1677 345
1139 4635
4784 354
4110 50
3983 2120
4573 4573
2139 2905
3461 2691
1317 4211
1567 2337
3200 1262
966 3354
2226 470
1071 2008
459 237
1284 3942
556 4833
3507 1480
1352 3973
4434 1017
4523 4042
2172 3144
2913 4376
3447 97
3314 2690
541 4280
2756 4488
4965 4044
4488 415
3359 2303
911 3320
2146 1583
3228 1972
4749 4038
2420 1507
4703 4080
1005 2893
4220 1329
4306 4873
721 1998
3324 1997
447 1179
1546 3901
188 857
3544 1800
