100 1000
6 36
19 28
29 30
15 32
27 31
39 45
2 9
48 16
8 22
4 31
36 47
24 1
19 35
2 13
18 41
45 5
4 30
43 39
2 22
27 34
1 21
36 33
30 13
40 31
17 34
37 18
16 39
32 35
38 39
47 28
15 12
21 4
6 29
3 14
6 3
3 29
20 2
4 41
50 12
37 31
14 21
3 48
17 41
6 27
5 34
26 38
49 45
37 41
41 42
27 35
36 42
11 34
32 4
33 17
44 31
43 42
14 16
32 24
16 40
49 38
5 44
41 15
8 15
40 27
31 3
10 25
50 1
7 5
12 20
16 40
18 40
36 42
24 31
44 29
44 31
26 11
25 29
3 40
18 10
32 2
30 29
1 9
26 17
21 19
3 50
47 22
15 25
20 8
46 42
41 29
14 41
3 1
45 13
11 39
29 38
40 22
12 41
22 45
12 21
48 46
39 37
22 35
46 25
22 6
24 6
33 28
16 44
32 36
7 4
39 25
41 26
43 32
32 40
12 43
50 47
3 15
46 22
31 2
33 25
17 4
38 20
36 40
32 13
34 44
45 23
24 4
30 35
39 16
13 38
47 24
19 5
2 46
18 43
47 48
2 6
24 45
47 33
35 21
41 2
11 1
36 49
41 20
6 47
26 27
7 8
43 2
7 46
23 13
27 19
47 6
47 18
36 49
6 31
24 36
38 3
36 38
31 12
6 10
36 7
13 18
22 30
36 31
48 22
2 4
32 21
31 16
12 13
4 13
50 32
31 14
22 15
36 20
15 13
42 25
16 15
21 4
14 19
13 7
24 5
20 13
14 20
48 29
33 50
2 7
37 6
7 27
1 45
50 48
13 30
43 44
33 33
40 29
2 26
34 41
24 32
29 3
26 7
14 5
18 22
33 4
48 48
4 23
21 21
38 50
38 24
1 7
41 15
10 28
23 30
45 8
50 47
29 31
17 27
13 8
7 18
13 41
21 19
33 49
1 9
41 1
1 49
4 40
45 49
6 26
35 32
26 24
25 11
11 47
22 43
39 9
14 23
35 1
16 8
37 6
25 32
33 38
8 34
15 33
38 14
42 6
26 40
20 4
46 48
45 36
37 17
43 6
6 49
36 2
20 43
23 46
48 21
23 5
23 30
2 23
40 7
19 18
16 13
37 16
28 48
3 49
2 46
28 44
39 45
39 27
44 9
3 43
50 47
19 42
47 24
27 46
39 13
15 22
18 16
33 41
32 1
19 2
9 22
11 34
36 43
46 47
50 25
6 42
21 22
41 32
47 5
17 44
24 41
48 18
4 39
6 30
9 20
17 1
50 16
27 36
22 34
10 22
40 2
12 40
39 34
5 14
34 23
37 8
35 44
21 23
17 17
39 5
42 45
26 48
43 20
16 21
42 38
15 22
8 30
39 22
45 3
21 20
18 50
15 29
29 9
13 30
11 42
12 9
27 32
20 17
48 18
45 37
9 47
30 46
41 12
10 21
37 19
40 35
3 3
39 3
13 20
10 5
48 31
28 5
2 27
18 30
31 35
42 14
45 13
3 13
13 47
29 42
47 17
3 10
41 27
33 19
26 3
38 40
31 44
44 25
36 25
3 38
25 19
27 40
17 19
19 41
36 45
37 23
30 23
15 17
28 27
1 11
16 19
26 15
44 3
47 1
36 32
50 27
43 34
12 36
33 35
23 34
43 15
20 43
8 49
49 48
6 30
40 35
36 24
16 48
15 1
24 41
47 45
22 27
15 10
21 10
46 49
12 27
14 50
36 39
48 10
43 44
36 7
12 20
11 3
47 14
44 31
49 46
25 14
29 31
49 2
21 19
27 34
17 32
48 32
46 45
48 15
47 46
17 16
11 39
43 1
50 32
29 48
6 14
15 37
15 45
32 25
36 8
7 14
47 24
12 40
27 16
4 17
10 22
50 42
26 34
29 41
47 26
33 34
9 39
43 7
41 37
22 19
25 11
30 15
18 21
14 5
30 31
33 40
9 20
1 5
44 12
25 21
33 49
6 31
29 30
47 25
30 20
37 40
44 6
33 23
16 11
45 24
44 43
10 17
2 50
42 10
32 7
25 46
17 22
15 30
33 8
10 32
50 34
47 28
25 21
49 36
28 30
28 20
8 2
47 35
12 41
44 3
46 30
29 14
31 12
48 22
18 27
23 18
6 35
49 7
20 3
20 24
41 13
31 7
29 18
37 36
40 38
18 45
13 5
14 40
25 18
36 35
29 34
1 17
11 27
33 29
44 26
9 19
22 25
4 11
27 18
17 7
36 43
18 8
27 24
43 8
36 7
23 7
37 34
13 29
33 30
34 23
10 11
48 12
22 2
3 36
8 19
16 21
21 21
20 11
12 29
22 50
13 18
42 1
35 42
41 42
41 3
4 31
50 33
20 11
31 15
25 39
49 43
35 15
26 37
45 3
1 12
3 18
22 19
2 38
41 47
31 22
27 45
18 9
10 48
45 48
17 23
9 34
28 46
28 40
20 41
11 23
12 28
22 40
24 11
46 13
33 11
40 44
32 31
11 30
3 45
2 23
48 28
41 22
21 48
5 34
35 30
39 12
17 41
17 1
49 39
19 38
1 22
33 17
38 14
20 49
45 27
20 47
36 7
4 41
28 32
38 3
10 42
9 4
32 16
29 28
22 25
30 11
44 3
21 3
23 48
19 24
29 31
49 25
2 38
36 15
39 38
11 5
20 27
33 25
25 31
48 10
34 45
15 19
24 11
17 11
40 33
31 34
12 10
38 27
3 13
4 44
11 36
1 17
6 34
45 3
48 36
6 19
3 35
45 24
36 25
7 50
22 12
13 26
19 42
36 18
31 7
3 4
46 28
27 21
50 28
27 19
33 16
8 10
2 29
15 11
27 2
14 44
4 41
14 22
19 1
1 39
12 31
37 2
10 5
39 43
1 25
33 5
27 39
45 8
38 8
21 33
36 33
46 19
2 39
7 21
3 48
50 43
11 30
26 13
10 23
7 18
41 4
17 49
19 37
35 36
43 33
28 5
18 9
49 26
1 13
22 3
6 42
31 47
14 5
27 13
49 14
3 26
34 29
19 35
26 2
28 47
20 3
29 9
20 8
30 3
48 28
12 20
14 6
11 44
39 9
10 49
28 25
15 26
22 23
35 15
21 47
46 7
21 43
24 1
4 6
30 38
19 24
19 2
34 16
15 41
8 33
45 36
16 50
18 2
20 5
16 49
17 39
7 36
30 17
19 44
37 19
1 32
6 48
11 4
34 23
2 30
39 8
26 21
42 31
15 22
38 38
9 37
1 28
21 1
25 27
16 39
38 20
19 44
46 5
3 3
30 26
35 45
39 24
26 5
34 3
25 39
14 7
11 12
3 24
15 50
3 8
22 26
28 36
47 5
37 1
30 7
14 5
16 45
14 9
21 18
9 27
20 47
24 44
40 29
44 13
44 29
33 10
44 37
37 4
21 15
5 12
16 5
26 24
30 38
14 6
42 25
25 5
28 47
16 9
15 31
7 34
5 14
29 40
31 45
5 46
15 19
36 39
48 19
32 30
19 34
23 26
47 14
5 11
23 5
37 32
16 43
20 20
23 39
48 33
5 6
24 34
11 26
12 34
24 31
27 28
12 47
12 47
27 31
25 45
11 11
2 36
46 36
3 36
25 15
47 15
45 28
5 47
41 42
25 33
27 37
21 8
13 24
7 15
9 22
22 13
45 12
8 30
41 22
30 28
27 44
6 32
22 34
45 27
1 10
45 5
27 1
45 46
3 19
8 29
5 41
21 5
17 22
32 5
23 50
34 47
27 10
47 40
31 12
36 2
20 22
46 50
47 20
47 16
41 24
2 12
47 47
1 2
40 14
31 23
47 17
27 39
1 39
29 24
3 40
8 4
11 27
45 31
48 16
11 22
40 3
24 9
33 22
17 46
9 33
23 26
41 38
42 16
21 21
24 16
6 43
9 7
49 29
37 14
30 30
26 42
9 45
39 29
42 34
20 40
38 41
41 41
29 31
9 36
22 24
1 39
15 35
42 13
7 30
23 45
21 47
36 32
20 39
14 48
32 36
43 10
23 37
49 42
6 20
4 9
10 44
25 50
19 6
30 36
16 9
47 47
2 48
40 33
2 27
43 45
50 29
3 23
50 35
11 31
28 2
34 2
13 42
14 49
28 13
10 37
18 45
46 5
35 40
47 12
42 14
50 10
33 38
30 4
47 10
2 8
37 11
14 46
25 50
21 4
35 22
50 34
20 49
40 49
48 18
44 14
6 17
12 17
35 12
30 12
10 11
49 35
30 26
43 37
42 35
10 38
28 45
49 33
20 4
38 1
24 33
14 33
26 46
30 13
24 44
13 24
17 6
7 49
43 49
48 16
22 17
20 32
16 28
29 41
40 26
10 50
13 31
5 3
24 6
18 33
27 27
2 28
26 34
5 6
38 29
6 31
4 48
15 17
25 17
42 43
33 23
44 3
48 22
15 7
31 6
27 3
