2000000 2000
693586 3105
249915 177797
504245 832528
113665 892118
638903 618715
270831 176235
404660 39494
391550 973197
793659 398368
402290 575232
440899 571958
596318 890156
181740 193545
427851 829200
525252 183353
130446 333408
387012 221175
733090 870497
320187 441335
467515 988742
53864 402712
954669 129719
902343 957386
210869 752627
981129 681882
925883 643680
591864 620400
878223 708411
963651 104706
269469 883008
21013 456037
110985 181393
918195 136146
70129 789170
842275 24663
750814 316631
138793 159351
601807 115126
225790 436551
686023 315980
563040 865158
594906 793916
300959 628089
238198 405877
208778 82493
276595 115289
1493 612038
589467 417062
837734 327936
941486 116313
37004 998145
109117 745658
192202 302955
124602 645154
434867 809295
12567 869806
152859 535889
564750 913600
980285 471597
499114 228624
205974 874989
138994 483631
797243 904405
519692 845195
391765 164301
537895 362937
141360 953761
987723 248218
157383 593234
987174 809586
832295 895551
887735 431315
906610 203940
730956 811041
440582 518602
349575 276877
405938 494171
997670 685953
985316 576552
253533 287261
962887 373363
425220 333183
126891 723196
757662 877091
676331 422619
585228 992148
809826 855791
83292 367419
557105 612973
855094 241381
164218 628348
291021 42398
467473 124526
553639 574439
716834 208363
545116 576940
196682 65511
618265 905332
435503 481641
677366 896403
100290 627586
8394 506903
815790 340396
654941 191454
975699 793302
937775 576565
979352 154686
771393 293434
217724 301904
635676 686864
998692 295722
53178 907534
787902 829920
303605 298589
725406 895662
110434 565750
707098 954630
950455 512677
364094 155577
674507 55175
102325 853037
93413 945187
588861 871132
951867 938355
781827 436343
448746 752721
119115 255183
604945 290573
650532 390668
551759 814689
316047 506575
374667 53319
557459 959154
95884 954818
652225 662622
825795 203492
720751 219030
555366 897804
403880 393733
94347 371666
720072 629335
387427 989928
146349 416696
986754 473402
309280 237996
436689 645583
989318 535694
599813 213793
922554 907862
845114 620505
451747 493022
300615 6238
422090 166438
60457 999697
700253 246379
138625 44325
779132 506664
506062 705961
52062 741118
278348 13423
856173 923519
177557 553691
98268 985767
925595 350788
345206 589458
939444 258631
243617 437768
418479 637168
484253 890252
420589 992438
275186 57015
53030 826243
216944 912066
159923 355447
835388 371129
323626 343938
368743 395477
108737 377540
159333 773078
703255 3012
58909 252584
231213 355396
852796 330555
36093 608836
200057 72776
304322 553890
423342 757591
370734 668669
580359 204754
597649 841181
907055 392164
134923 214571
800836 388381
833607 959439
130844 820305
380493 57632
407499 404654
410052 916922
921866 45967
136218 428122
327065 408400
585385 683143
867891 676978
453051 479964
790793 632947
346203 775588
32737 62052
378195 897384
579550 614935
824655 677872
208246 636462
566952 912474
922025 799870
640905 454688
377239 110433
241263 327400
855430 365903
834964 611840
130427 662844
45033 826755
554496 844172
473405 338065
807554 945249
789980 386141
16579 597929
149334 876591
739615 364973
745330 47870
602169 991641
633120 257980
169379 188883
116740 348268
544789 938831
707315 504512
432966 921247
208093 308025
407648 426746
682489 137102
74898 463548
545120 395701
441291 166672
463001 181241
802067 47748
166738 992848
701687 559987
321145 875557
316019 949789
555956 274463
550724 666984
966831 699926
388232 90912
998138 445029
705310 734000
327794 76291
241052 803058
626032 168000
312083 492409
578358 761697
694548 66431
246085 516361
822111 585182
634447 608251
352527 268795
100989 999310
685427 183302
418652 872852
928131 67719
844297 53429
530535 143093
227677 451896
852624 351510
394313 336914
477555 504055
738387 563102
525694 286007
854717 948217
398079 765776
648079 493662
174052 519958
955294 670254
453176 560186
748337 502175
973979 550045
888702 919444
564072 927621
197507 225354
127527 80979
651280 886375
381233 174362
81648 965216
115318 434066
74597 351692
525021 59324
689715 250863
205493 465146
498505 477938
330624 646814
887850 448375
994580 633391
664046 20329
131334 682094
407627 798938
296495 576588
944655 793640
363748 230585
673101 800753
312503 44226
570693 608565
723077 495016
998382 892115
737159 555582
279664 77917
156055 24381
483297 927048
532267 471546
329798 935062
852622 938201
855085 80473
276203 714417
676335 214948
408494 784551
995141 423630
139137 112324
420330 205592
225943 305972
917828 154492
346110 607834
284264 661104
612907 856768
971080 901529
42357 498105
603363 462021
692613 744967
666132 453971
805125 662915
52687 55630
135320 209639
358511 572707
383568 411913
886235 525296
877060 194574
242683 312505
880108 707998
492602 258146
642279 32959
831948 790015
691851 948803
707855 332967
161797 940160
172230 661005
413814 536623
650965 537836
498071 587505
672695 327604
823590 608909
612749 802016
344838 128977
296279 658319
635135 492367
714523 736045
421524 323870
883994 712449
376474 494866
342398 75117
974147 597451
13652 726401
2339 974523
683075 378456
564376 419117
701668 895061
796234 274124
452048 20633
387063 47772
773460 194502
313889 427133
890586 58410
446809 568243
931570 785096
508153 297226
152316 601225
226513 442176
158571 28153
580037 305841
454874 852290
678294 884293
20716 685980
353064 759488
758557 101630
896921 437287
124854 57453
381818 701494
537546 696935
758108 3215
936393 309035
813475 305905
473867 799590
923354 173611
669526 945114
523477 116821
259013 169247
804070 235536
216909 300749
936324 198628
915745 460156
342392 232452
871451 594448
314988 207487
304104 152639
734085 626033
541319 752671
861502 810125
980882 634409
102273 974383
200777 795650
926109 951989
384084 543457
495865 781404
633076 7249
483843 22309
369864 829602
998317 245536
433933 159624
410822 101407
422934 460279
782839 229329
58417 812540
498342 698542
886576 288810
16268 473249
294947 154733
43114 919690
476174 452550
408549 139922
290998 742040
38527 579789
582885 867627
97528 593596
762364 788980
575206 329812
675344 808331
622528 570761
188975 99295
462700 127823
89070 202283
290632 480941
462181 73257
530362 504710
711655 348501
668929 381747
452077 741394
217157 758815
535785 465341
733472 865441
575695 399375
825790 404149
762547 196794
811463 994992
658470 431076
17359 932642
32739 881141
66956 890012
796632 545527
899241 594055
150089 593592
519747 206547
941343 247787
128531 218755
751353 78828
223756 690808
277940 507333
408022 932750
755878 771395
271189 440672
494105 536577
914767 878950
854631 521981
924269 24045
846646 587686
252698 622537
146989 308358
819210 516518
698326 108880
764281 387738
496883 494305
159532 13188
649587 372715
436760 805970
950920 274791
597524 123672
167359 541662
154682 347961
977457 550845
246086 903819
747905 153933
530890 207332
948227 119255
636380 608393
448322 764656
329527 769694
614403 364398
709901 555937
750650 571159
475010 829725
331242 290300
640501 964108
117987 85387
653691 566669
608488 844019
185208 402506
319236 842726
746692 969678
951505 608991
906721 153727
990392 68583
81220 313835
550854 768692
999592 737464
976907 781164
364425 639820
603874 8686
496189 305808
636460 809754
279900 796202
884832 242513
338425 357084
446304 423590
740256 775057
93614 152553
943994 417519
614145 81857
47826 840397
410079 441779
797826 845819
613657 914374
483650 945255
243588 280459
131506 961226
192534 120722
778012 731641
114459 466762
569632 937165
124131 742484
333843 458508
176443 595846
86694 360788
196734 907258
237203 898612
592088 878007
399778 822202
198636 500707
300491 665568
69731 25666
20650 790724
944849 120601
212884 582316
113867 744485
556622 756863
279067 382629
808284 750767
546053 323286
837623 841274
400318 34065
75430 403352
272495 358531
174106 568066
38225 613528
683835 38417
308564 509954
825793 665844
557539 470830
294225 314732
531762 4443
171831 386027
148547 492624
855616 57379
156084 957128
618922 53239
980942 553261
278311 485807
999321 917841
350555 568819
486063 75843
655081 915990
640540 584201
216834 574837
529903 354771
147396 82839
347217 449888
572475 931958
942339 719775
285481 469032
704948 335427
959220 709883
421795 871340
688498 677683
518782 350149
600940 511485
946538 659288
345252 783777
344925 838275
395796 530764
274305 693476
490123 503414
396142 551631
2368 558404
741192 730254
16692 582443
784729 17249
661868 355375
817549 978012
841966 203873
224900 276396
672913 731614
881391 901893
828256 143440
795384 391055
831135 565097
264455 851067
38971 217458
622905 930786
586557 108625
373602 182082
62973 82018
338625 606032
305713 258146
873483 86020
724438 253924
240794 748594
344086 694200
932588 818326
264519 580530
878138 67205
622044 709041
191897 16940
50626 237549
853308 906414
183915 882813
166165 405873
2482 599165
491778 709542
369187 749252
1841 498856
320869 299268
646831 695749
415212 498480
113302 411075
524102 3348
820769 324651
304603 75759
612123 843286
935029 32173
271996 658961
634815 496832
199139 39880
317389 347276
23730 884792
858935 70816
426193 58629
812557 662964
896746 511238
505849 450814
124277 526917
293922 521259
255731 63515
911825 335659
947840 284240
367254 729625
42533 583267
738829 575070
352159 756489
595767 656447
463721 523425
713865 466062
219558 372438
476242 461688
408349 251474
829974 181701
119399 99713
44206 600959
284172 514657
897447 758442
53605 470234
474072 583363
24356 597325
853835 904362
978303 709530
698897 220384
725480 888361
340051 937078
729432 978822
942764 433075
973426 986272
654898 109353
626034 604994
655533 117808
51367 147055
793911 912217
558589 622647
807356 164509
57405 318118
459335 162200
134336 609344
487133 666593
612890 752228
316293 275184
539783 92032
228375 583051
903176 518696
400954 696809
351801 884070
91058 510021
955780 201268
47967 406172
313848 734501
536185 826547
820298 809958
281311 419629
229841 914188
656865 227449
290338 785331
376624 490734
487577 587729
585736 399506
947357 877227
360856 218718
66662 260269
748865 314927
599569 439684
104250 690795
111176 326718
255093 83696
869049 450664
344757 120823
892695 555181
942359 667003
813160 902981
141545 833040
590826 134064
241821 393176
101598 598078
131553 74760
404124 83995
121893 853358
397600 328521
644584 549535
456849 649666
968365 957687
936814 164887
193262 128240
732966 935602
17854 223554
918075 284636
129867 142420
478929 404363
463197 92756
967407 680954
223923 265009
446185 579525
563495 382988
557928 224915
958302 543650
603558 120294
864083 695543
164758 537477
259646 959633
253051 383178
14991 415839
561855 514410
62355 475530
854102 887396
435896 207085
636060 832591
818771 562106
669635 993691
271999 630656
451493 784334
593543 499943
689459 367131
348222 273612
468733 664136
869739 519780
479459 824484
459533 210434
471652 388970
92930 139312
868668 291528
489701 544339
392835 900230
262052 499012
232689 455117
474201 837788
693887 495111
159828 982908
236660 163627
440279 245928
286242 780183
524829 630893
839703 387952
444614 716507
187139 70367
541613 925700
179382 147861
367083 501953
312438 721806
453706 813434
667216 980948
685928 513741
522088 852608
79413 324681
843646 387511
236098 784157
798184 920184
879388 981157
729749 928247
107988 953016
190588 665829
742790 653121
922380 750597
93793 55220
576970 252200
470997 926138
586476 127222
248049 513619
340262 749369
354472 405420
958575 205429
41758 258967
525284 573978
675558 541321
379848 539038
287651 942863
862422 298353
603907 149878
98487 25704
847554 400211
999653 56714
670314 33876
782309 813952
444786 37850
727073 989288
386682 36811
143636 327898
550046 434687
762162 363833
568023 852920
405381 492272
166892 154144
475008 234240
33022 341863
886550 719878
147409 790403
875754 495481
422434 573729
6264 701310
698191 642646
165903 523517
382493 54918
36901 770650
200772 603916
233243 472864
30523 184742
928200 783602
49402 487026
659690 926970
734484 842091
656327 160952
712570 182534
346355 675951
58821 206762
775696 744981
316328 443373
856750 135926
415106 89665
489183 799433
798450 313891
812359 759690
488906 515034
508387 504723
213326 388495
128173 80303
942285 137045
335592 607876
165863 509866
193425 158083
620417 879100
29225 541539
119234 106294
267760 956355
938029 702608
672790 702356
784558 177357
373207 120665
129351 525117
915516 973150
609694 959029
773054 191048
241178 260875
107472 613322
304625 564672
781745 274215
822375 192417
5364 949966
568041 508797
514891 229643
504541 101135
228689 613434
2895 396726
84487 796249
712291 46245
991481 17774
421547 741141
711039 742120
586834 758096
923740 36714
293515 457044
575416 851962
711289 852396
591050 335884
665845 342624
103055 644991
322425 675758
881158 57403
53182 829189
11186 877382
109743 957014
458011 902499
497228 694188
522800 246000
812562 225004
505391 459924
866598 759522
129933 11615
949102 823370
173003 703118
403750 280665
265963 773735
77483 795626
330109 732405
807563 652554
121468 771362
299720 101871
4919 799404
336736 610715
317055 597777
921875 177754
685422 531682
452226 199243
919353 138215
917586 272476
254221 367114
840650 874665
864466 914673
105322 524873
784021 616035
104148 750705
391716 489081
603533 887442
117961 799831
260783 722753
219005 966409
557587 195226
936848 623117
505300 395402
133255 349082
309279 83306
90671 430645
465803 942740
621246 81495
758434 807750
308696 518635
650278 356791
114482 393385
550949 371395
957536 293568
835437 154127
29597 473249
44214 17185
88554 584508
14077 696804
867689 428015
472583 484754
754166 136121
749167 582321
790314 737257
248802 583075
132388 465401
23785 487650
45436 344690
61058 805279
826914 607390
131901 34626
327919 912243
17729 331657
185725 862901
246718 651455
985660 149333
238911 492760
835918 732875
20789 894920
948184 918535
253054 999890
93107 395183
139192 676582
278541 784450
488577 494615
106442 582893
1181 332800
676279 327393
579984 358610
638865 338216
466357 943048
196018 788388
240394 620438
75699 17309
614169 793185
843863 177659
47154 210045
214499 683498
787172 283202
503000 616994
238306 604894
70618 666146
214395 809033
473779 255808
648236 349878
169306 923388
738075 985726
444898 845747
594199 737771
226174 423730
886441 262877
827772 704228
930329 372241
20494 923198
102478 507949
471865 575671
413301 174780
642878 65975
733116 371434
561503 849390
275287 144255
717917 42802
983216 562553
165276 159550
429354 109457
179974 8123
940895 990371
873322 101256
959450 493259
453161 681321
838709 605246
56433 524229
63105 342885
950828 486387
652137 766270
685268 643588
95565 772149
613008 120266
937448 28929
545713 794362
643668 919052
187438 881015
577962 6820
588066 244486
608922 75531
602764 520753
316466 95358
365483 385637
74980 240368
119191 461796
416317 767744
15323 45618
83300 996691
663678 11241
426376 476055
842294 837082
767158 887155
891927 588379
137880 359878
3781 602213
833142 793206
475174 75032
560205 65456
871311 992735
239320 982584
534924 4553
428530 314047
656021 415004
264104 576992
899900 771344
381270 128263
889940 724685
274490 435056
729015 842590
865152 814325
332674 72924
452 411460
13592 557487
873557 362004
411820 540175
113813 69315
907404 585536
594037 485951
249595 854980
857196 67080
161555 580691
990139 411940
325263 424194
292197 228731
549846 635075
844616 918551
962106 264288
111885 673734
871143 194358
523120 344428
3905 393272
65888 684984
61945 609454
781696 907845
799491 544118
344781 737290
893585 341595
744022 663846
954213 569507
407568 177439
63862 742550
449052 916445
635947 128082
586210 586215
214530 584944
502866 291401
709432 279143
631222 533764
494029 116790
902494 269494
939815 809811
614742 471925
166972 12669
648850 625251
673736 137085
360388 183253
571131 275826
793220 625186
367935 642596
853767 482447
235750 908661
665310 427229
842127 809234
535817 253003
79871 516703
75191 317900
413776 167288
858493 877099
971248 575736
736916 383810
843472 996983
792396 518875
614704 569175
719492 802942
937680 528623
110255 349602
768778 865002
555439 136041
339168 381371
195306 596159
186818 694719
759320 438409
50605 486356
570706 143144
280286 328574
150913 936866
929096 138286
20418 411790
497502 64799
931315 553259
487128 507351
326361 432891
154260 125522
662323 554633
695854 226957
344689 629574
291387 77728
711666 213044
613981 340380
350215 513698
559965 768121
259400 630401
801146 436481
237979 468745
527058 230646
799129 431918
601741 360954
465148 591068
994143 158173
616689 79768
265159 314326
68489 999507
433729 81770
955323 183544
324002 995116
743913 922617
981585 315498
516895 846310
253456 215409
707009 105621
162603 718919
115980 851663
131510 20060
397410 439837
302784 258623
955092 822960
479438 543409
622761 778423
932724 21579
145053 129723
473324 315048
960772 829226
850191 780265
659102 851274
922258 376189
485443 905819
844109 127970
938258 392689
9770 493802
500886 789231
249340 343799
136773 282408
88452 140827
739705 143548
211733 804365
252245 912440
990966 946376
396756 727697
107648 763182
740880 624126
529739 73722
289700 572226
721404 470646
648929 478706
194552 695211
419472 914239
84512 766076
180165 227555
725943 638579
605449 753909
29075 998963
864069 47273
88574 699696
157146 497671
384197 442752
513339 660678
803723 427507
69099 381277
954530 620172
484494 885039
520474 493613
881957 496942
367841 410515
558368 228247
111439 642926
354297 128620
871978 329759
939493 811835
392675 108652
732285 24054
833989 683250
684225 147691
775856 300747
291665 586416
817426 26999
891661 345142
694509 677807
954842 800053
448996 553655
157278 528760
949197 908238
961985 346737
964560 264078
925483 396461
774047 488077
346063 344147
883033 448864
573271 429808
192470 501746
423296 189103
776849 110959
544601 633039
967772 282129
786722 583087
896871 429001
524002 60365
127261 409120
935267 641030
579717 520884
648539 305620
173815 991955
625908 114823
692971 868757
195020 825945
256469 58438
425468 886787
67222 56198
418037 174384
101550 523109
973929 128220
333988 658368
238156 915939
92045 632619
325508 14213
435316 400923
643214 753956
365731 458559
572718 77995
753511 703106
445786 316500
770447 247058
179486 226485
583250 59875
506585 908582
352881 114730
157774 718614
497747 652054
786857 685141
193637 912566
552820 904860
937138 973557
725272 704520
352786 486529
287185 573847
856092 489878
243861 172709
681024 407713
799126 492411
177042 887352
469503 83365
220497 872612
643668 325521
507915 543421
296006 318285
756716 849582
305086 295757
421446 541466
991082 467750
79232 207985
523365 398226
241749 870742
357096 111749
758744 915150
531796 211698
38233 308560
298916 627262
64970 621431
138601 14451
954123 935207
421478 39221
691207 579816
374390 341952
165000 83672
394222 803978
17814 511368
296759 945469
85261 630394
747637 736766
876458 443208
832154 661604
674873 725917
55715 162418
966426 185642
440311 981847
891063 808628
372384 257591
914721 114261
750559 417089
849475 791239
48228 281766
904028 428123
417572 653748
890554 180040
148545 52518
683210 214715
909016 869126
424745 367395
447030 364822
741705 803261
810634 634773
841790 647141
722410 968382
607747 67318
137108 961689
818000 262212
29354 242342
256470 189143
557092 984311
35422 987708
72635 534777
152627 415900
25150 936585
268987 833962
657202 95187
590065 505419
670866 558382
688188 255025
504954 949455
138922 441143
109967 915355
209596 696510
863168 361925
369473 533325
205291 513138
747456 733974
293818 207140
277231 400726
411017 216360
938176 973900
400778 520367
698691 29819
156457 664987
71827 436754
543754 564751
988867 362199
768433 681200
215577 688649
229489 236907
799620 829801
177016 204052
664187 893114
162276 885041
137394 272052
117102 671536
358868 769387
330866 514107
169877 667149
979838 844593
999085 366401
373270 569460
893283 856731
998392 50314
89150 649834
604008 550170
265588 312635
214481 625134
319988 197790
256654 995729
220679 940253
430696 860446
428059 366852
378824 924616
11037 394807
807509 587180
984742 948468
855128 28382
122504 205773
498968 544067
681273 126717
279542 514818
775677 83915
752323 372790
579113 841077
633147 832915
222878 588706
344514 224255
5890 552413
416547 680668
44720 70973
309601 410143
57189 178593
328434 686015
291333 51524
529175 65479
767249 279718
307114 704950
492334 137543
550685 288928
429589 998543
57595 28630
356892 338364
857123 463884
986120 371065
468626 348496
879782 714009
956697 855881
353277 308553
98067 753905
581760 210829
346353 415293
58655 817021
833305 350338
882201 590939
369077 467585
769431 128811
386008 979913
83035 635080
871868 317415
468136 725016
753827 438567
165560 115804
857509 905107
774360 34233
982669 227046
129122 528262
437824 140421
143943 434962
671156 958791
98696 937693
953461 741410
90510 255417
433864 939672
341643 406998
178829 740384
101319 737401
125802 385290
329286 216676
319266 384139
659239 31992
807669 17494
596587 276681
244380 769510
203170 746668
410083 392708
770492 555525
532665 705283
813104 900672
98027 692499
221438 150134
208726 228939
851917 100013
262247 893021
309846 782531
210664 484140
109098 262321
841045 74364
644994 421387
645883 171542
7852 354546
669462 183782
491663 172583
889119 59413
673138 874267
793039 425807
104973 262805
527436 251876
246692 912162
553304 962098
698497 746595
304497 355182
159546 112631
179570 807182
459631 339867
976430 306055
334147 58488
656559 44934
827846 950154
37076 780023
702796 170082
67383 956348
57545 402405
339664 459038
389262 143514
913395 226704
392095 742046
713296 585233
614052 591497
180877 168321
871187 392997
401945 945398
501590 331002
565611 542390
656918 207785
286979 726386
769288 83929
606204 113872
868262 414191
139090 55869
378687 939391
829188 929797
608268 692180
861160 925190
554100 697790
491740 321200
585071 532876
4474 722132
430094 884601
697507 859994
332687 905702
678632 631097
101166 301598
831383 444864
535984 822405
142331 545703
466008 128851
146374 390306
822819 143435
20374 323580
665524 34900
243998 347416
922583 247555
814705 223439
611634 484026
648888 70704
528876 975936
253919 737993
149598 739209
732874 430371
181941 839584
472228 828619
702315 634925
134425 603062
11948 763577
806564 266942
319387 165010
467173 869857
899599 141115
40443 760816
616670 965223
707526 941021
650452 416626
878621 676138
317748 132866
250464 316688
59436 306477
156203 228766
310788 328870
237812 28885
645087 476214
721541 441182
466204 765620
41152 750389
315595 519369
241080 320508
447545 57166
38964 882815
125366 137256
619874 199349
922174 510191
222753 57870
825004 675989
316975 24827
708059 460692
335423 858720
886274 893380
429910 540439
549454 628873
606225 877566
802889 892797
495640 581534
466148 790172
998445 897182
248639 973527
196327 554742
223385 306317
395010 810432
341171 605264
746214 43285
224026 519759
326003 759504
978914 6825
623447 41535
372922 361869
427050 447631
484674 497547
383189 38670
71608 199329
748701 309514
81017 863233
83486 793792
215443 881180
732385 500988
430185 484171
466107 810200
814262 445870
400410 787063
338887 881445
562663 584004
938654 295386
485756 966923
473042 288179
524817 915507
314699 790326
371342 39594
444772 455256
691476 399565
839298 910675
298330 569267
703793 835565
686510 852668
767169 839615
649339 613667
10390 47909
266650 470092
528921 91896
759728 393181
974635 900138
884271 369912
553991 290190
682686 743674
679016 146302
690302 284127
741569 167877
119578 923198
83663 359440
443118 379759
608990 473827
673235 823721
356748 376720
455430 430414
75528 853882
925932 346523
679404 507711
56363 584165
21826 661697
593128 365783
202525 129481
301117 449226
651817 965455
729824 677699
392705 781894
44474 537030
937909 398771
371127 703372
331452 730174
344945 967083
192828 625627
100155 372172
467555 330905
330030 235834
876743 706909
430298 808212
250806 380411
934294 242778
566757 256396
277237 556736
97464 826871
635977 261849
195685 642162
22825 352875
973766 269376
198356 103731
876159 614434
660874 241401
399003 866802
514694 458936
227562 785991
801206 261210
334947 238854
907918 809009
859140 302378
570795 689192
97743 709375
597254 198190
456104 461700
310110 759802
835388 707549
416624 270117
640128 404775
816458 391819
947357 328054
217149 938310
696088 926940
542244 710361
126487 615913
891963 127053
988052 53918
767491 115056
712467 949655
498309 797598
576612 385170
847713 847249
197511 804349
883292 159744
22722 35675
333310 373566
162295 140264
665152 741596
578045 12034
971396 614099
301260 839865
695091 353814
163475 95763
522258 97656
158933 336312
775312 52693
690722 434242
857588 113661
935646 549482
993656 622388
678387 338792
998172 937889
529984 987502
421642 122314
495569 682003
405222 653199
951925 850621
632283 618156
683872 287042
712481 138057
732599 714659
19583 736997
727458 907427
569066 24223
895979 978047
193938 795210
292533 9454
29787 71631
937849 566698
413943 498709
276547 492439
429529 525883
911847 650815
609750 968681
627556 137545
589855 198089
475877 218024
468580 470031
700229 769246
614693 214109
771377 703141
506511 780241
155591 737425
464669 520397
957702 928358
138162 644341
897794 220351
980553 321075
774687 351711
634683 777664
392578 842610
698219 648784
951332 21955
28481 576904
287852 85718
607703 640207
370475 841815
664809 862632
712474 854783
533458 256877
312459 85054
457253 985398
892718 422096
26165 326918
76365 172826
987729 80335
238251 928387
663063 671756
201472 300336
844856 782444
167211 846436
889236 62592
445227 92967
341653 742125
325023 722690
10739 535339
399597 364362
804488 947824
840579 487586
797418 865015
251570 862173
924521 318121
404989 480879
39673 484634
898957 10631
562845 550849
453785 247659
163974 922450
807291 997483
212234 793744
689414 399207
676755 454493
42283 808133
173876 975369
98915 707198
209179 832890
70794 165971
162400 549348
66249 261129
376709 328518
789773 612019
286284 814847
415493 383792
467119 445252
697569 85204
825691 138214
279147 637359
415366 186420
616826 377590
95311 479291
40716 125326
754493 19342
369475 831288
140844 818036
903947 157164
966988 664843
274180 214597
488542 383014
69849 382182
378204 352571
16275 895633
719140 481975
78860 396599
207813 129927
816824 324056
818542 208849
289077 326907
560837 770506
468635 762224
156232 610639
868602 543885
388715 731436
346589 949555
421967 715803
416830 275287
995832 911475
609354 291227
206851 12645
152165 982717
936660 187385
666730 410849
241417 674411
188503 664036
865679 996235
591852 429015
183325 430117
388459 792751
242639 695546
597342 119631
611937 818627
990502 127883
639896 652631
896472 740500
956389 717724
216008 237626
266302 147941
151661 87658
5406 850370
79991 334154
479170 1282
911475 72038
983380 31210
233098 236235
254888 158795
778277 793630
634092 742695
617357 532530
325362 670670
428594 971788
163340 559448
244126 972452
831952 884728
337097 306890
454840 575792
433505 50797
510629 330374
905251 305368
883215 126837
85074 204717
820000 415958
239856 199902
512727 294885
154608 725546
877967 674127
408960 844615
198271 93843
408566 895092
4128 350917
117225 808014
615073 352099
721084 92866
227821 53563
624698 735106
132276 622384
478745 465372
10867 31790
224899 525790
157989 420625
251203 458227
108636 725409
878608 482926
255436 373882
466969 679448
583329 78192
558026 569822
21853 897088
296469 673645
89518 985180
246190 747110
478428 823634
866410 217019
558019 217495
363109 331481
495281 917887
795355 840120
97503 551202
978169 782824
99223 774351
679100 866072
499324 346483
868936 756800
655426 52542
445326 875630
810022 728523
200683 682187
