1000 1000
315 20
50 246
464 130
148 465
217 88
390 141
73 205
261 233
105 12
2 179
441 33
243 282
230 215
457 437
97 198
440 298
276 46
61 97
255 89
430 412
58 349
442 424
77 378
411 425
234 404
486 289
263 438
323 331
85 336
224 25
90 104
309 138
497 496
347 161
205 240
126 146
84 74
497 484
33 108
337 113
335 226
460 334
401 251
441 302
393 220
373 318
299 488
424 97
415 294
231 272
226 384
267 323
105 240
132 106
386 69
20 171
279 141
334 23
495 210
368 150
7 188
456 257
396 153
138 336
202 355
456 284
378 203
44 261
439 246
263 328
450 472
108 60
311 65
157 260
307 305
181 424
344 90
431 134
137 468
79 487
79 39
20 374
51 145
142 499
383 19
279 11
112 319
482 302
373 245
33 460
149 81
473 279
443 178
233 348
387 121
199 260
461 466
469 415
131 443
487 465
19 193
403 418
121 138
74 263
362 445
461 74
201 355
101 362
6 271
10 428
293 361
312 136
161 69
244 184
16 162
295 182
77 65
96 292
117 81
269 13
75 265
177 51
34 8
143 310
108 95
219 98
289 490
208 240
45 293
246 365
320 335
190 11
75 5
498 10
131 96
345 101
273 279
182 385
49 225
110 270
475 290
225 183
467 443
180 75
431 348
483 348
170 16
25 454
417 41
239 26
290 110
113 28
275 106
45 116
181 309
120 16
343 275
294 286
433 270
496 151
302 345
3 428
310 103
400 202
32 238
284 48
182 334
274 418
90 454
353 153
424 360
60 481
95 199
165 315
142 468
309 274
271 217
444 281
25 374
393 460
485 258
145 472
106 11
328 436
482 52
209 459
163 31
255 458
137 191
364 431
380 414
235 37
406 371
266 345
307 137
242 60
191 98
177 489
411 323
92 215
4 365
113 395
451 31
239 476
254 397
326 248
415 291
487 333
173 478
303 403
310 433
299 174
147 427
170 51
54 314
149 57
273 290
110 232
316 371
491 357
370 33
361 16
18 406
184 323
367 175
248 376
150 150
278 301
406 423
495 288
422 66
495 361
56 465
265 142
456 219
239 275
374 313
321 227
68 348
265 72
259 458
79 331
242 330
285 72
124 225
309 300
498 212
213 223
261 441
353 259
22 9
121 382
132 352
171 5
141 2
24 454
131 124
204 19
40 29
158 268
22 164
49 86
220 423
24 250
96 235
212 438
448 287
30 190
141 230
10 364
357 432
4 272
449 47
385 422
345 288
192 71
260 72
58 484
58 397
131 183
439 12
333 182
185 318
479 357
322 264
270 40
11 346
318 303
481 404
424 295
442 6
266 408
140 13
187 321
170 474
60 479
24 424
105 80
10 364
370 119
475 453
93 340
331 207
453 446
90 436
374 253
312 181
425 134
222 492
59 142
499 39
402 294
260 198
142 250
5 438
397 211
343 262
19 229
404 316
125 466
294 292
95 297
413 493
82 278
229 246
252 84
311 292
293 376
470 178
255 4
353 155
308 409
212 200
256 274
57 2
228 472
201 4
388 419
269 372
174 481
499 231
22 469
227 439
269 257
83 243
289 257
184 78
140 416
171 63
83 30
58 483
59 411
104 498
111 158
468 495
263 487
111 493
132 378
427 237
469 404
259 154
460 114
32 312
46 114
409 125
409 264
329 255
462 150
148 94
217 301
428 144
461 261
457 160
42 115
64 67
129 338
274 409
171 132
81 240
256 245
311 379
406 169
238 458
229 177
315 309
77 369
33 118
497 444
485 490
93 225
305 231
18 18
352 415
423 315
288 416
354 229
478 273
235 46
459 500
487 369
347 64
140 289
207 122
79 287
58 69
131 151
203 484
174 312
230 17
62 438
54 92
181 341
348 343
470 453
152 182
470 69
410 423
245 322
191 7
282 220
372 353
474 31
134 423
55 398
465 112
400 298
266 290
13 499
84 277
279 489
414 323
160 60
361 326
143 372
309 275
363 37
231 355
385 193
242 492
88 333
354 164
252 194
209 71
12 217
189 190
267 145
344 96
53 254
484 116
91 483
82 239
39 51
164 178
424 278
191 310
32 86
183 115
235 211
353 268
327 291
390 231
127 475
422 256
18 488
469 40
422 4
182 237
78 153
344 51
251 53
9 384
337 131
464 257
127 92
8 479
304 281
176 303
477 19
257 260
278 322
236 235
267 113
135 190
23 63
273 229
335 73
104 179
257 139
451 330
396 447
231 89
358 282
474 14
145 387
242 462
276 35
154 343
66 380
220 389
167 198
122 274
64 371
460 101
499 294
497 186
43 107
378 299
259 99
184 447
371 253
216 435
14 276
95 346
158 40
332 67
401 323
242 264
45 263
169 202
75 12
200 379
27 236
485 455
114 475
492 229
356 275
52 105
177 238
111 340
66 17
491 61
31 205
496 8
387 34
277 411
122 241
271 13
139 276
451 86
215 172
472 324
86 78
126 252
475 453
173 228
396 254
402 275
422 254
67 245
172 266
438 174
395 36
496 134
385 161
421 321
36 458
115 147
407 325
42 174
52 51
208 437
116 205
175 353
13 159
114 227
233 225
458 224
359 85
63 284
425 48
279 97
483 254
45 377
294 98
304 408
469 365
187 100
494 97
244 110
492 143
338 46
152 326
310 297
310 181
276 329
464 174
53 443
100 127
209 282
166 355
467 118
168 453
284 92
414 211
38 292
405 101
67 103
288 117
350 235
152 445
83 464
265 119
410 327
86 482
392 194
175 41
69 208
251 285
59 434
278 185
84 137
238 29
375 375
24 335
305 346
57 151
176 10
302 277
63 230
185 440
392 294
134 439
144 154
205 101
75 117
382 439
68 331
94 235
366 240
261 48
127 385
204 9
131 179
28 366
70 89
201 18
317 177
488 97
59 493
129 420
21 68
349 58
223 83
204 477
224 35
295 70
302 99
154 205
477 279
232 281
10 224
111 166
156 499
18 264
359 15
60 157
306 68
381 134
285 422
395 417
80 114
267 443
94 144
380 109
69 340
387 43
306 291
380 472
285 392
495 330
227 468
27 291
63 380
297 421
201 329
299 214
164 473
150 137
27 454
455 174
329 262
90 63
489 353
72 150
65 65
115 84
335 21
195 240
87 46
182 332
424 485
494 187
136 67
412 40
283 366
131 193
99 24
252 392
300 168
141 259
481 462
390 78
476 383
185 114
405 146
51 162
294 482
330 227
456 467
62 181
199 65
55 367
192 122
231 163
320 220
494 37
232 371
344 428
129 435
103 142
406 96
234 286
147 400
427 117
64 421
358 41
167 319
292 80
488 11
154 232
348 377
232 203
288 367
395 486
195 265
239 195
262 143
390 141
155 156
456 120
463 364
288 336
120 162
394 351
265 355
65 150
206 25
38 443
368 492
474 303
391 2
115 488
80 473
143 48
326 313
110 151
325 234
484 177
21 331
185 102
397 284
173 131
325 291
322 223
238 408
166 411
346 90
251 225
173 412
486 200
2 5
463 122
311 284
373 267
36 286
24 52
161 297
455 204
191 317
50 215
201 21
217 448
381 165
336 396
256 474
41 235
274 385
217 322
394 293
284 477
332 148
46 347
12 278
125 317
274 454
292 123
462 368
209 419
364 108
306 211
435 345
241 417
234 380
363 264
384 445
452 389
270 13
50 212
22 435
12 395
329 453
325 150
3 109
263 174
162 173
364 164
74 92
371 101
144 358
1 431
384 95
154 333
85 121
434 465
469 391
242 173
178 353
306 124
52 311
17 170
213 21
430 480
394 314
473 256
37 492
397 263
295 171
416 136
381 454
338 25
46 75
454 263
153 243
12 471
112 370
100 179
71 281
376 261
267 446
185 254
108 399
69 178
62 182
410 60
348 113
326 329
437 99
491 411
132 376
306 282
101 41
65 168
343 180
414 318
279 215
194 158
39 94
207 86
184 472
409 267
302 423
355 44
184 480
168 378
317 318
221 74
30 334
474 13
443 203
349 175
42 336
69 412
31 63
97 271
89 444
77 447
471 126
126 232
243 139
230 442
34 42
88 48
263 277
161 190
434 287
175 300
299 159
73 500
14 164
348 444
235 480
30 249
408 387
118 93
437 228
384 348
231 85
352 444
292 417
26 335
52 91
450 379
32 10
35 415
75 338
80 483
233 354
71 154
390 397
115 41
200 478
48 121
302 325
214 232
18 148
72 158
263 175
258 443
292 361
293 342
348 429
360 74
351 458
316 290
297 224
338 125
3 298
316 130
191 80
185 480
46 15
346 438
356 246
250 151
420 54
469 38
406 273
196 247
305 21
246 38
137 171
167 120
438 188
452 483
439 367
183 219
302 455
358 333
136 342
323 444
394 307
175 192
318 257
252 90
295 446
364 176
134 191
113 349
471 158
498 37
234 172
417 121
58 249
423 388
483 275
458 411
481 394
209 384
21 33
143 153
188 348
6 357
379 31
81 302
38 413
194 81
60 184
313 497
161 471
367 219
305 273
232 198
199 479
24 211
182 272
428 252
316 497
373 158
303 355
320 84
