100000 2000
10164 48549
4321 14923
45666 48254
13215 32744
38633 48867
47616 32880
34665 11137
9547 34080
18468 9735
11950 10222
16326 46582
48098 19993
45517 28136
13319 34521
22701 46906
17596 19337
10848 14501
702 36586
9654 27238
12035 31514
703 220
17688 31593
32659 14344
4259 12777
42738 32274
21954 43148
33609 29860
7068 2786
43165 15623
32525 1636
17597 13426
1187 27517
38285 36762
19684 13738
8893 19471
27281 37042
9019 34709
34528 19898
46770 35045
5048 8609
7403 35843
11223 40119
27584 7223
46917 32539
31707 18927
34675 15284
5108 10174
13081 27997
9065 5639
25288 11820
34541 29617
43495 2309
45352 45295
24406 17688
48623 47867
17979 40812
1381 471
22690 9091
35362 5995
46763 17218
36580 7638
23949 9380
15747 32405
7639 7529
47720 17864
43894 32916
23019 14802
19994 8566
14144 30015
3211 14580
24035 22572
30443 44753
34360 17682
47036 2203
12871 4481
30654 37278
35736 24851
4599 15118
34431 6714
19320 12579
4068 48445
26921 43922
10065 31421
42109 1335
773 112
19397 28076
13107 38947
2310 25993
24451 3010
47542 2578
21056 37800
5042 41905
30288 7232
24104 5433
1111 16934
48363 7742
18529 3434
34455 41127
30970 2896
8659 42564
33361 32948
37678 1876
28369 17692
33174 26311
14694 16701
3474 20869
42008 26894
12796 13937
13892 49103
10937 49801
45504 24152
45753 19691
24561 45242
49845 45293
47383 39950
14816 34676
30789 18451
28707 1569
12678 34413
27686 12526
12667 5127
17026 8070
49478 45480
12416 23480
26568 2024
24436 6667
36690 46518
28051 45689
48852 49501
8271 15631
32343 17636
45856 31579
3455 8198
16059 45219
32983 41509
40645 17067
5436 21328
10186 43261
10112 24681
5798 44181
28810 18899
6454 25910
39648 21232
47577 43791
47686 5299
43094 24446
21465 19449
17027 21035
32837 26189
38266 34415
37660 30550
10537 19448
23909 13388
49806 12620
19257 44259
38182 3815
46848 42613
44508 45242
23864 27492
9145 44831
9496 30931
45544 23935
34950 12131
13053 41946
34789 27865
25458 10783
19031 44819
49608 37336
41090 32365
34772 42909
21391 31127
44662 8276
6557 4838
25096 6830
13703 1851
46693 16128
31264 13471
43228 22800
27697 46514
23768 31926
23209 23668
4412 35790
31944 16836
20635 5829
42896 44748
43611 10981
38343 47582
32558 29860
5485 41732
45039 49349
7978 30467
36453 3732
4863 26034
25610 29969
13147 37543
31561 486
616 15397
3898 36920
16908 29669
38725 30388
43888 1305
36063 26611
27270 14613
37315 21394
13305 36074
7433 1807
47682 32283
15496 12291
41681 37814
33997 14803
38451 15938
43387 25584
24503 14688
37692 7557
43480 38861
43074 4628
8286 7178
10935 42225
47921 31630
18619 24891
43255 41019
10865 10213
46175 4971
45392 10835
49070 3136
34778 18132
24686 5694
6828 15483
4945 26460
7761 18078
22679 28763
43700 29146
19612 17032
21250 1903
21490 29725
44767 35232
2657 36632
41085 23555
34524 29828
49085 30844
10125 2987
17081 22864
27711 13866
32729 32100
6600 18522
5861 1837
45673 499
28391 33249
17811 8454
27198 444
9998 23725
29589 36859
20143 19715
28927 35607
7709 24419
7928 35596
41409 13537
42095 4234
24845 12678
46200 22518
5587 26750
35543 24385
47380 40401
21219 9358
37504 30874
20266 28217
10168 34373
24406 13337
20229 20888
22211 26555
37646 22839
39262 40415
686 31322
4833 28279
44662 4017
7442 42036
1591 941
1809 31395
17548 45758
14409 3511
4249 37383
33274 19611
38065 5098
28802 14112
32531 7502
14048 43111
25882 48880
20015 23869
45160 7069
12969 1447
41547 2783
37362 49316
43757 35660
22337 25985
46868 31053
47973 31606
35763 27890
34369 40327
38665 35113
4310 26773
12645 27316
33570 22517
32161 35198
6864 44150
6548 36702
27881 49646
24439 30746
20466 10926
7629 12434
42675 26472
44192 19335
10286 41438
48507 40330
37652 5278
39180 34958
20391 40798
24833 15781
34535 41303
29193 30887
31255 17467
49085 48100
30997 2386
39140 23090
35726 4268
9029 41278
46596 46114
26720 26866
48295 27966
1995 18645
13080 12473
27883 16652
10517 13901
1835 31469
26932 31420
29442 756
30598 28819
22007 30376
28168 26881
46364 49657
5448 34459
471 6811
5238 7679
32488 24091
9743 30926
19569 18894
11948 18790
24982 45619
34154 12378
14681 14302
21459 43325
30093 27794
32403 8204
2892 34672
31191 37951
41742 42907
4285 22625
27543 16212
9485 14311
4626 13686
4395 43050
46397 46527
11813 22177
29286 46313
42826 25081
25600 18831
5581 48611
29237 3086
11181 38544
33132 37261
47915 15692
18918 24258
31446 11916
34967 26524
44107 10151
32940 32346
4268 6803
14644 48434
20043 7211
40052 28842
17270 49568
5926 25611
3575 14209
28865 23794
28256 19068
29629 30101
22215 16260
9249 3641
22900 12999
9516 35352
37244 34828
42110 22966
26515 30439
28537 49563
18077 12239
40298 30257
22293 15186
21359 3112
27030 21701
34341 12917
27229 2561
33350 36680
44132 30814
48572 37021
20717 21949
15594 46318
25342 10187
40862 33867
41061 28250
48906 2277
41362 37627
43185 13466
33521 17904
47772 38917
37868 19517
2096 21637
3186 9408
39687 452
37785 33201
30272 45230
2987 34963
35421 41972
16244 49314
46083 35625
7374 17212
7210 34042
11999 45365
18176 6752
36317 28477
32097 31293
48439 49505
16411 2524
46471 30780
39190 16933
45880 812
7015 18635
1846 37347
20346 1360
31763 17924
24318 45275
14473 31287
5553 24589
18568 26371
11832 431
25325 6221
5910 26022
21884 27828
38966 7719
12389 34272
3596 22786
47210 41377
34953 6429
31786 32984
300 4319
17177 46372
18336 9940
3923 36509
14447 28157
32551 689
30939 25091
15317 37408
6648 20268
22494 46681
17165 12850
45020 26239
21633 49921
45111 9458
1648 37411
9214 47077
48525 44357
21341 48264
48775 46031
632 29526
10018 28461
25071 4603
47809 34100
37245 7154
47301 3385
10353 42013
37264 45723
35601 10670
35223 26809
33024 23034
49924 10085
24109 18909
40536 28778
13392 15243
12418 9122
42674 19711
49953 15938
39438 1295
25571 37221
28811 21926
32415 11872
39200 32583
4742 35673
3194 48763
29638 3244
7422 40744
41323 17051
28379 7032
48361 40988
39250 34427
24844 48680
27013 29332
26920 2461
45794 14763
41681 5651
36080 44705
20305 17387
43256 27267
47756 9149
34761 4321
38248 14402
37635 2918
2993 19546
20482 30420
49603 1018
48492 6698
28895 37215
19874 14629
17830 48491
43653 34409
45738 48430
47533 44198
5221 11128
47999 24142
20731 19623
45614 43846
18497 37549
40308 10867
25102 14395
4429 47909
27918 19505
21363 38170
21517 26852
44775 25211
37017 7633
43919 39251
3596 16129
41255 30219
925 33157
24604 45298
36848 48225
38959 19830
43484 12081
27577 43095
25313 18534
1867 27419
5753 48400
14550 13885
23140 20968
17787 44464
33910 13302
27437 11202
33629 27286
2206 39663
14674 220
5701 29290
37184 4093
1951 18554
43741 10271
19308 41797
25550 47641
11990 28775
35285 16975
49554 38916
3208 11343
23729 18229
48132 45669
13026 16632
3088 12499
36019 30423
15396 15416
25244 43260
42265 36771
6665 27215
40595 43228
49094 49697
37057 40372
25554 28272
9285 41233
17780 36146
21268 21926
17741 32609
42961 16976
10685 46602
4969 20820
49939 49697
22964 32873
3835 25089
26748 9341
16859 10823
28746 47781
35648 29485
34001 24137
8669 1846
22410 40485
25702 6465
11835 24666
41466 42302
23586 43086
37435 17800
24666 13139
4243 19494
34148 11608
40590 20248
30963 47531
27260 25647
39855 41623
49236 21808
43637 9729
20571 12328
1790 44369
41970 35361
40186 10050
22478 48280
39302 10499
43818 35965
11674 26247
30809 45724
27468 49172
33994 30542
699 11311
33775 42865
25661 20233
35712 37148
34997 27303
15583 23582
38003 49287
44973 24572
10440 16016
9572 39819
22363 30308
3018 18407
36437 20044
17801 8531
6755 40525
44582 40
33941 42697
22582 11907
20916 40717
35460 19902
21385 17779
19104 23128
36856 2030
19676 24324
47733 20078
31248 38466
41536 37422
21273 14039
29358 38280
14876 14711
19001 40492
26193 42610
44043 28632
4107 30465
40889 43759
11754 41945
15494 12150
32481 5169
28624 117
26714 42360
49953 24522
46222 46681
6186 28407
42138 2301
38359 3713
4457 22521
11352 48317
32147 2111
8752 33780
26057 2818
43589 1529
23840 26346
4481 5746
29310 4022
41740 30648
49014 17169
12679 21105
23850 18438
14295 36764
39359 4510
107 15997
5190 17728
14080 47262
4594 30373
40858 28388
18504 1756
6169 49547
3247 17750
5326 10944
13931 33303
16678 12769
34607 12104
48652 26417
120 45084
47804 22602
16226 11385
5512 3244
34647 3245
13721 24566
43674 1891
5080 44966
8386 30896
45006 27362
23807 2924
29226 12469
22220 21779
47145 23890
974 32772
45218 31084
36143 18208
11592 4857
4483 34093
7120 4510
31106 17479
6851 41018
22278 39046
24264 37458
19447 37336
25594 14482
12141 27765
33325 14641
26471 26781
27446 1629
21702 48223
33834 4682
35716 26218
47991 19595
9267 23745
31515 1581
34590 25618
26520 21892
40319 32927
41480 24819
25748 46444
28857 25881
31432 9261
35781 10457
13676 34574
285 5086
10694 45282
45717 38413
46350 10924
27454 27062
237 47323
49794 40704
38603 43372
16202 12270
46104 47508
14005 19444
15043 27515
16332 44802
31610 8095
4129 13967
14979 25353
24184 32209
39589 35866
27767 1924
35957 38575
35827 22477
14736 20512
38639 46495
21741 26267
43649 44914
10508 2786
24011 40959
44323 12173
4999 28759
48789 49425
11259 27222
32132 8848
6520 31168
30933 41397
15667 26829
41178 9397
46958 40563
27249 10580
2494 45018
17185 44776
21209 29609
1293 40928
2068 14061
5273 31600
23180 9644
31288 9897
26994 37340
35276 47475
29693 42201
32185 43023
20840 41664
5015 27635
46385 20726
4854 36156
35335 47392
28891 25355
11059 29818
40333 43646
45910 34747
3663 29705
34136 35098
22437 8863
44522 10555
16648 47291
25066 19532
45090 48782
37482 27583
39075 47092
11374 44378
17553 29096
12659 5848
22133 41840
22746 40759
2894 8347
14225 1567
8466 24058
19229 12477
46846 1371
1283 48150
386 32439
4315 20603
31043 28082
22490 26157
37529 37800
39563 28604
37831 41003
33746 9736
10901 22582
49660 22354
26977 41380
27581 13336
22129 32354
18325 23545
22192 27061
18063 15640
32966 41794
10518 49465
34068 40232
48285 30455
16242 4344
354 35740
6669 18163
46221 41916
12615 4576
12084 27281
44605 16635
31244 36759
30527 48857
2188 29411
19577 19932
47055 20266
40202 32909
46811 4211
16374 7302
7454 11062
35249 19256
10146 30678
8165 34696
23684 28333
37351 18886
2990 13924
27394 29569
4956 9747
13141 32835
19759 15797
32375 3156
32195 42271
4117 5466
41599 17306
22860 5595
41504 1265
26935 42971
14425 49224
35234 48309
30296 11407
46935 19671
26365 24372
4704 13904
16086 47802
10194 20852
32033 26624
17368 29762
21006 3136
34204 4280
7573 22264
26915 1880
3037 40834
49498 19467
759 16557
11898 40754
17314 35615
17063 44200
11554 24051
32163 27832
19091 30695
5383 9268
8727 12145
27581 15092
35408 2903
33818 48931
45052 38239
39684 48456
19192 18351
49931 49076
39133 21527
10818 33871
10698 38673
8896 52
4185 45764
8995 14880
12527 44818
27775 29983
40845 31277
4434 9133
9041 36171
1593 37772
47148 23415
34758 35366
21896 40506
48317 14435
44922 34304
4337 18127
43890 11146
146 33083
13203 1455
44318 43346
40804 11040
36363 36528
40299 44153
16961 46477
34909 9701
30227 20945
42407 5225
31757 600
17882 12297
804 17436
27688 29489
49395 43697
46859 45494
6272 12657
32131 15131
22322 23298
33730 14961
21665 36028
26559 23285
12175 19056
17499 35369
3134 35416
29350 31471
17131 38918
4672 14882
19517 16600
39566 9150
27151 27652
16933 24964
33154 39247
40042 23774
3358 11393
3694 25511
49107 37241
8091 23809
40601 41183
47044 36561
25787 2980
529 41262
19035 36693
11762 98
14052 19966
25692 39406
5451 5420
30443 14075
14699 23064
29361 42236
26629 14685
37869 35557
6654 17452
4560 35742
26039 32734
28591 20042
25669 3888
48219 12069
47929 13450
16484 13395
4281 31184
1927 42031
38569 8641
29358 34263
1110 46323
7147 34987
12798 15756
37856 25480
48899 19877
31470 28814
21371 48086
29961 48720
25693 6438
36119 47548
40927 11014
47091 2008
32414 49096
34825 39793
18857 10303
11206 21509
44703 11364
15081 16933
4063 1675
24281 31279
38702 38487
5791 11150
22045 34471
7633 37384
15667 23362
34951 6746
3839 21789
48501 42402
39253 4412
4590 31663
21392 29728
15731 32
16351 29648
2638 2613
18082 14475
17622 41765
30159 38304
31111 2127
14637 31170
205 39466
28646 46963
16934 29296
13055 27772
29092 40839
38283 32490
36631 47073
29955 14114
26588 29786
32729 40015
104 26133
38181 21359
48080 17937
43043 36861
16522 34386
47251 35888
1018 39392
15766 43122
42819 34806
21226 14742
6959 24071
18227 17370
4377 47959
13437 44280
22588 41482
3696 16048
43849 44209
7381 10667
16100 3712
28483 41670
23999 39409
12268 34431
43722 24050
1617 12450
40613 34223
29583 6579
2629 3403
19750 27740
27353 25971
30933 4981
7168 28066
44610 18484
32229 38468
33246 46436
13553 37132
7626 37424
20851 28258
25397 17299
48819 11310
49640 38998
13644 5580
9421 44249
39058 39349
49533 30159
1369 10535
24309 23360
32848 44366
31633 34878
4096 17384
48326 5870
39625 36348
45175 25569
34340 8596
49209 40304
11099 5445
46636 47814
11961 17132
16621 11186
32770 23770
6039 13834
13220 45544
23690 40610
42198 38076
21279 931
15895 32857
8742 45839
16494 47846
9157 21282
13789 26482
44625 44014
44889 41230
23047 3533
46219 42962
14505 48591
38439 19321
34854 1224
29644 32896
32336 14166
25846 44149
20468 22305
16283 28367
37220 37852
27462 48917
13506 26352
4854 5865
24500 44857
26687 36852
36665 8781
30970 21436
2192 32760
12907 41661
42743 17481
34330 1910
7836 43707
45056 13885
5789 39461
38779 31423
47685 21742
48345 22891
44211 37548
45946 42258
47245 39222
10561 45579
9020 48712
11752 31355
139 22863
20394 30045
1782 10486
23546 46369
28513 24945
35087 22938
37919 44586
8672 49343
37369 33031
42407 6641
6318 9894
19887 3659
15873 36595
13913 24424
49959 26823
48329 33414
916 16376
19862 45720
2576 29376
47540 43082
27646 39310
1616 28200
30266 18671
31885 23831
1575 8391
21659 47150
26291 33833
40443 47526
37761 3072
7121 25110
32741 28012
35758 28290
670 46299
43229 23652
47534 22456
6969 25054
35437 25028
5927 22473
33718 26247
9104 11865
34235 34650
40519 43724
11458 43078
41256 43480
30172 45266
11181 20364
8684 47094
34444 35157
48777 23412
27593 7671
27632 32717
38446 44280
18250 7000
11661 48565
48321 45457
8638 21962
25121 10818
39719 1191
34162 11574
43567 43699
27787 47696
30141 42844
30167 14656
6753 2075
40244 793
43923 39851
43253 46843
26062 31026
40077 39410
34591 31690
20917 6838
41548 36992
21229 43045
38972 22467
37424 10278
37603 31227
40337 32213
41566 10502
31217 44671
39026 31281
265 15560
12367 18745
37953 28681
23253 46556
16358 36268
46509 36539
10381 11627
49782 1
45858 28321
45743 14060
36727 44379
9805 41277
21619 34304
33157 30017
37347 12433
37792 38569
22781 49870
967 28455
6037 4551
17361 26745
40475 20920
3261 49309
29700 13819
18436 39929
19275 40965
48323 45726
20713 35932
30621 10438
19575 31666
27922 46947
39201 33431
38019 19839
27823 6190
45810 10142
37694 8420
21866 13633
36302 32586
44048 12681
25498 32586
38362 32024
12492 17388
21175 29781
21874 48152
5558 2191
4056 17802
6868 19241
32851 13092
19813 446
44267 38469
14534 24052
24139 692
3138 48953
4948 9774
47039 32676
24861 3578
49139 27251
33512 31814
19734 13363
3147 23823
20495 48262
48107 32336
26409 29109
1876 33448
2817 22855
21218 33043
5164 46276
16533 19434
17426 33968
15056 20298
24641 29837
45286 14391
27017 35284
41692 31357
27976 48048
36549 13764
7640 18151
24927 32599
44299 14138
47391 30937
2785 11143
6958 4788
8744 22918
14036 49792
27318 42002
49984 5019
37949 43353
7595 25709
4337 14588
26290 34240
26836 21362
30664 6666
14436 34208
34458 39038
23329 39996
22865 23672
5159 4158
38504 39279
1384 30365
4806 40974
49035 45390
39400 24798
25795 16020
46551 35943
10769 490
29132 35677
27754 16395
46586 19768
49334 15539
46949 7933
25735 32184
3675 12894
46214 11612
20067 22696
37756 44389
23981 22826
11859 46053
47915 18570
30386 18890
27009 3130
4725 44331
17618 35115
33983 49638
4096 39183
6934 48167
15544 9239
45336 2850
42070 6994
38917 2581
1075 20236
30997 19960
2307 19167
33218 20640
7960 38923
4214 40395
25265 19067
11499 18299
22852 6056
49829 30894
39596 38778
24197 24725
14093 27382
24565 32622
13550 695
2689 18620
31174 20754
3958 34803
340 16719
15986 24429
43908 20772
44062 45475
4700 26949
19870 44366
49603 3754
19860 24772
24423 45779
12997 46985
17098 17909
13338 22785
48756 7725
9236 37004
6028 3801
15102 37443
42773 21804
651 8973
20912 26873
36171 40217
15746 8328
13439 25306
40846 20984
32297 21523
9407 21260
17063 43477
10624 39224
41453 22504
42470 8845
11076 6149
48871 4099
24124 35629
30202 30132
14504 8939
21668 35541
40221 42981
27373 7773
45870 1456
6279 25463
33329 29385
34689 18246
29412 5012
17264 30917
47067 37456
33096 40883
44577 37012
27358 16036
14869 27689
37492 23164
27825 38834
25255 21614
18412 32424
23087 29408
21970 27166
1910 2916
37494 13489
25765 46573
49809 12307
29538 34903
47965 13594
9586 48918
33493 16337
20848 31359
41533 24947
44930 29561
7566 14540
6808 29742
49083 25598
37350 23178
2638 47242
37056 14522
19682 47299
48896 41497
26817 33162
32499 18520
20603 27917
3114 20247
23490 34116
40177 48009
18998 37089
4857 6713
17907 44437
6661 16157
48105 5711
21849 19649
13388 16262
33618 23550
10203 17130
27832 38483
19297 234
40883 28959
35853 25619
1466 30436
22276 46957
37842 19122
36073 41874
7796 43682
33685 27628
40415 269
32755 28609
22082 46629
30506 33899
12608 17024
28986 24346
39175 27202
34593 47232
45789 35152
20051 20186
28362 38549
116 9128
42797 41206
49042 7457
21581 48771
18507 42545
17642 40869
13230 20916
48605 43264
31544 22324
576 42799
747 13662
32040 27313
23723 29720
19960 36351
46779 6971
42764 18010
19396 2390
6606 42903
7537 21302
3113 40402
19512 18489
49205 42648
41089 4256
26564 13459
27182 23101
24754 48151
26948 49148
34995 2861
17652 3552
28003 34116
23958 3574
13484 38412
8924 23916
18469 4305
19141 9685
34287 49521
36664 34982
44976 21483
36370 22552
33284 16224
24684 33246
37338 2142
27981 31902
21721 4483
8593 17733
19229 2469
31521 45906
13114 5826
28272 43943
24972 10043
16187 27306
10434 12553
28186 26296
31724 8579
3964 22803
4161 32391
3114 44061
19337 45538
36017 7760
41990 21030
36774 17057
36657 13127
11373 21779
36539 3099
42139 6039
27815 6623
27622 33033
2558 21888
32973 9165
49745 32671
46270 32908
48865 16977
3466 21814
20921 33418
48753 19538
41922 35720
46428 44008
31521 47276
1801 16479
15638 24521
9092 29064
19320 22747
32813 32390
22391 1787
45916 30374
24403 37271
40990 26338
39183 29930
19990 25130
27427 16225
13525 10282
14931 11315
41564 5081
10835 32775
34431 39765
13949 40569
27596 1287
24086 294
34623 49577
39697 9267
15231 10861
9538 979
46099 6407
22564 9862
15632 14935
8224 48182
36474 48134
31895 23841
35145 1199
42621 13864
41111 1840
49201 7978
26589 16959
25836 7927
16855 22366
4329 45743
30114 13079
4125 16921
10216 10974
24985 3540
43613 32166
36726 40083
6235 26402
10240 16108
9126 13637
23452 12326
7611 15151
37281 3587
22735 39871
13038 4707
31953 1615
26017 13369
35416 2604
29853 12240
18508 25825
6511 25720
10950 33482
29997 1969
2910 41170
45124 28209
15759 5279
44234 370
10528 25404
4426 44051
39538 22380
35630 23348
47106 23957
7876 8885
23565 41696
36679 8550
45157 9604
39419 35185
37136 1890
30693 14357
12603 16849
20928 5265
36548 17150
47403 46808
48981 12342
18418 15938
45458 4885
47118 19344
8799 30668
39842 19277
14687 49684
28639 41465
38384 16153
32841 39924
6956 43660
25575 36348
12906 48023
24956 21629
39022 41622
6386 24379
41833 27084
30720 35065
44963 31020
12632 37344
33037 24393
18316 2842
7925 26314
34417 22235
14449 42936
7987 31796
7368 7903
41389 31792
7785 7855
31147 49105
18628 12929
4709 35019
17332 43161
12882 20291
6605 10476
36113 4620
28747 42712
19333 44761
37529 44937
33514 43881
22871 21689
15971 30189
5891 2572
34472 41295
37269 27217
17430 48795
14836 34950
16449 16045
3227 9044
45075 37331
16395 42479
31780 29629
27298 31075
42313 33744
7839 8702
46176 18075
1138 3398
13610 43557
20377 483
13949 21566
23174 2513
362 12550
8282 44463
26192 42914
3325 37337
1580 4096
24061 6929
45190 30499
42971 46490
47792 5226
38871 19302
2230 6659
22687 39120
8182 11836
2962 15515
10890 22316
48042 39874
42825 48846
35131 29436
20207 46087
24253 23170
24691 35346
22079 42264
29908 34212
40843 40833
48317 19194
38871 35258
9908 6882
2554 46150
22412 36304
14438 35225
42398 9170
36947 37150
23412 20738
35611 37797
49376 46766
31587 5594
24270 43172
40590 30750
5354 44240
21494 43105
23613 47527
36824 35988
11318 44489
29051 2236
22832 4667
21548 3217
13219 45122
6296 46232
19802 23887
12536 31080
7378 47276
2511 39857
40528 18004
7856 16309
46149 15193
24232 30273
33509 37651
31913 31189
31970 30709
1021 42333
24792 11271
16015 41950
31747 36901
45623 19704
32607 36393
18953 28156
47644 48129
16144 47457
6832 21791
19281 41986
8865 13541
32771 20041
31694 6501
45615 23177
7347 13375
37810 9620
5406 48558
29889 19686
16670 16744
674 17637
22857 22851
39448 10733
13944 3093
33257 22475
21939 1292
7939 44646
27581 43353
24886 45919
39932 25327
49688 37740
3871 1728
36486 23849
14847 41614
41189 47163
8421 23669
34221 28657
18390 31353
6216 8166
4844 22452
1693 41791
40336 39814
39925 25688
30192 29701
43725 43514
4191 27880
6403 47396
40881 26220
37624 13715
42170 22286
16557 33443
12064 34047
5752 32415
31689 43261
33728 44677
35732 28395
6247 17640
40424 27478
13862 34383
18866 29760
6870 11216
46818 31932
38546 38766
21414 38587
28627 47595
24831 23182
286 24378
36888 12555
157 11798
41043 32958
1676 10540
1058 6595
7690 25925
7783 46857
48263 47725
37665 45996
4741 23956
24656 17826
47109 21790
19930 46965
29841 49334
22350 44859
16359 22321
45818 35601
11353 23253
39576 20432
30370 44465
18856 16688
31689 42580
28761 5652
29477 8586
8303 6482
32270 33047
5882 11805
10878 2819
34022 3823
41340 18379
42589 48704
3462 13584
7656 18917
1823 14014
32179 31109
37571 35572
17196 38757
43884 3726
49866 27792
48927 14953
27581 43007
6640 2594
32641 1958
29138 34291
18022 39049
3485 9010
45802 6855
16859 10134
46726 24222
43987 30764
20065 39439
49670 25353
48580 30168
17311 39906
30553 44582
9424 34514
13854 34989
28651 10810
8718 42530
15861 9992
11477 35172
15677 25386
12000 1381
24397 19156
29001 10570
1460 29184
13547 42981
23231 23764
36728 49991
45381 23768
15652 41975
16560 35732
46549 19311
41605 18353
38979 38157
1460 30260
9013 29457
48605 32186
4707 6515
47232 6766
37161 19674
38232 42549
42284 48100
5840 25095
16198 186
34530 22831
19206 2262
2939 23981
47765 4048
1486 47197
48252 43749
27146 19244
14510 31879
43516 21396
6849 20507
34400 43663
5329 13033
33480 29663
4751 38005
35307 7745
38400 44114
14654 45251
40503 38790
21508 44424
48761 43418
28112 41402
4533 38048
3295 47825
32659 7166
10122 14217
30799 36197
18197 30371
3651 17090
22636 30176
19332 2800
26248 34834
30638 19768
30580 27853
21388 15521
44742 4621
17057 12862
17920 49084
8346 9571
377 19470
26762 13541
29930 6761
37253 896
28233 32662
28762 26915
8832 40366
6997 24570
45878 244
25662 26958
17996 294
22883 27398
11806 19087
36644 49411
47964 25038
46699 20132
31016 10643
39286 5864
19743 49452
11804 21523
24479 10011
31831 12371
25523 28808
42498 17011
34224 40874
3683 5177
48474 11284
30783 9471
17650 29704
20765 5839
32420 48590
43385 19788
21743 17822
42683 37593
44837 3735
41146 41738
28088 47483
48402 9726
39832 10916
16222 23381
25340 42076
43695 30937
3095 23816
29333 41964
5987 39581
43936 34042
42874 23844
43123 46978
3089 49783
13652 9948
1714 6756
46655 12878
8966 28024
19518 28584
13077 25984
45320 18965
