10000 1000
4538 4956
2758 1243
1069 4813
4777 3297
2762 1483
3028 3272
4665 2106
4880 1536
4797 4882
606 4721
467 4370
425 1368
3129 3935
3329 2411
2266 1042
4077 3748
4956 4281
3488 2122
4460 190
4334 3340
3336 1987
740 977
1041 3954
138 640
3778 461
3025 2461
4281 454
4403 4802
1628 3359
1748 4744
4745 1961
3799 4826
357 1605
216 3381
2978 3592
4434 1656
716 2727
3748 3641
4069 2515
3010 2226
4436 1741
838 3439
785 2460
1917 2734
1 4739
1666 841
4445 114
3280 4598
2706 2015
2817 2475
4448 185
1974 3824
3420 4483
2718 4296
2344 4552
4844 3083
836 1675
3965 1013
1167 2295
3364 4151
2171 4246
1387 4767
2701 1823
1437 3698
3451 1412
724 3220
4766 2619
1146 2236
561 3753
1287 345
2820 4832
1569 4955
3100 3604
1580 4347
3598 2273
1378 3526
1935 4753
4011 2938
4780 1381
3664 4229
3207 4099
3410 4691
2628 3514
4120 1086
4584 1650
2519 4513
361 3261
1774 4319
4593 2251
644 1422
240 4113
3614 2281
2833 2959
466 78
4649 3230
551 1005
3337 1481
4710 2480
4153 920
579 4159
3949 3308
471 2419
2256 1294
3077 1741
4284 2809
2142 2223
3385 4146
4342 1206
4211 901
2975 2720
2920 2123
4831 2423
3319 4835
1300 42
2023 1705
3623 4504
1371 3063
3257 4220
1834 4464
428 3475
2365 4732
2882 3802
3335 4170
3608 4627
527 4872
2922 4769
4350 4458
3183 3753
3367 4905
2062 2972
4784 2359
2627 1198
947 2469
964 43
3110 3788
379 3580
2159 1303
2649 3241
3241 1111
3511 4534
2564 1159
1263 2723
4270 1107
4194 4834
3111 3615
2806 1312
147 1817
607 2173
1665 1848
3123 4684
1579 1253
3013 1739
1206 1041
2805 2201
1134 3385
3798 4954
617 4223
3053 3616
796 4898
781 494
2805 4709
2531 3634
3359 561
1317 2987
2321 4171
3105 1963
975 3093
4399 3012
1245 1244
862 2517
3982 3814
4606 4544
3760 1092
1132 1239
302 3962
2573 169
1193 4579
1313 3394
3892 429
609 597
2628 1481
4238 2800
1992 4939
1513 2179
69 1723
520 1748
216 3262
3750 1257
1722 795
2147 1853
2349 141
11 4540
4263 2966
2812 2484
3658 409
780 509
2572 701
1043 2810
2107 2721
2722 1943
3650 2536
3199 1841
3016 2528
3168 2022
4740 3064
2266 2920
4461 3173
3670 725
2470 3032
3145 3909
78 1905
4358 1992
3771 182
998 3052
2612 1090
3493 3465
4012 2761
2824 427
3505 2556
1763 2239
1060 147
559 3281
3093 3158
2164 2780
3600 4894
2760 741
1954 2792
4741 423
3584 141
101 1480
3189 3910
3572 1520
2340 3587
2401 4877
557 3433
4043 1185
641 2989
2049 4574
4507 3066
788 3258
1211 1108
1513 4518
2845 1454
315 1406
854 3593
676 3142
130 4066
3815 3932
2763 3681
345 2942
2460 1401
144 1907
2947 2580
2162 370
2226 4184
3971 116
2500 4525
1007 1582
4367 4804
3549 1266
3382 1995
3663 1795
3975 669
4895 3102
974 1566
4071 190
4312 835
96 4149
3669 2605
4863 4157
303 3452
3431 2119
3676 1781
4008 3576
2970 2643
2400 4022
1810 3722
1012 926
4788 4339
1286 856
2415 645
1946 4974
2079 3704
3713 621
3034 3811
3842 4593
2673 617
490 3288
3530 982
930 548
4454 1259
3588 1612
3053 163
4803 2387
958 3437
2173 4772
1454 2665
1301 247
1032 725
2327 497
1508 2448
4414 3796
1151 2109
3176 4110
994 2302
588 522
290 499
3565 4988
4238 3339
1606 4248
1305 4395
314 3317
4593 3939
2942 3718
2709 1855
3385 4257
2424 2981
1128 1421
1016 3065
2492 3711
3415 4129
2377 4306
3723 1606
978 450
392 2339
1142 2404
3556 3112
2472 925
574 2091
2724 2123
427 3741
810 3103
4431 750
594 4916
667 2054
2709 3535
1488 1668
4843 2815
3094 3921
11 1357
3396 1325
144 4112
943 1829
480 1045
2614 3333
1882 1405
70 4679
311 1034
2508 3518
3371 4439
1270 770
632 2776
330 4429
2642 4240
395 2475
3447 4182
637 4698
634 2700
3069 1565
3588 1734
4933 2657
26 4849
605 3144
2439 239
3415 1691
1766 3042
31 2361
3225 1016
2587 432
2380 3704
871 3000
1607 4905
3097 4415
2105 292
2735 4243
1706 4599
1540 4776
3145 1210
1604 4609
3152 589
3493 4462
3998 2947
1869 2421
2538 3570
1363 2187
3834 1977
3451 1032
3680 2665
2419 3511
895 4904
4513 4515
975 2269
4885 2523
1714 3241
3351 2822
940 813
393 3901
2261 250
4190 4599
4171 3281
3028 3992
4664 2752
1647 2500
2462 1286
1903 4524
3539 4272
277 3133
4585 2923
1457 1671
352 1915
141 1424
318 3025
2296 2492
1450 1470
1683 1410
3680 2100
344 906
2127 4047
1947 2354
1677 1663
3268 1797
3052 935
4532 2714
3259 2612
4102 2797
1497 3239
4720 4395
4509 2328
3240 4864
713 1055
4921 1865
217 766
1793 1461
2144 854
168 378
4381 4808
2642 2108
4276 4318
4282 851
4242 2503
1511 4135
1511 430
4692 1657
3699 2211
2176 3164
3567 838
620 105
4283 3564
4978 3111
862 2917
94 4943
2535 1203
3398 3117
1570 535
3253 4148
2002 291
3335 1071
115 3509
125 1435
1731 26
1784 567
3938 2789
4809 1817
1414 2170
4483 93
2560 3742
1680 4280
3868 4205
2876 4398
4019 761
955 102
2870 1395
3676 4205
3640 716
3818 2181
4959 3815
3626 139
1767 266
996 1412
4113 2075
4949 4801
3013 4381
4716 2482
432 4622
4488 4288
1702 257
3771 354
869 541
4798 1986
1552 4510
4116 2050
722 3645
3876 336
370 103
4024 731
2280 4157
1657 398
4291 4591
371 446
4340 3017
1553 2950
700 1626
4328 3735
1392 2980
2738 385
1636 4145
811 2112
2481 3000
3411 267
4699 454
4506 1653
3289 3732
51 2973
4868 4820
3738 3791
2118 3972
2068 1974
2353 2713
3855 3829
2454 1117
2958 2752
1848 4211
607 2422
799 200
2561 2147
1978 3048
1234 1309
2896 401
809 2399
308 505
1340 2477
2529 1561
4102 3264
2694 2636
484 4225
2441 2516
2725 148
2116 864
1917 338
2578 232
3170 1643
1742 4841
1316 3347
1972 3986
2279 4645
2557 1448
1799 2197
4434 141
3852 4604
793 3342
3576 3890
2751 1257
2343 429
4514 4276
4192 3411
1531 4780
1675 303
1022 3727
4627 4993
4613 1424
2713 2005
2845 3614
3656 1743
3234 1605
1242 3970
1916 4743
1218 1014
4726 2429
4549 20
724 3073
1373 160
1678 1738
2027 4182
2223 4564
3790 4346
1809 1867
164 2592
4798 4213
1710 1907
3007 3235
1959 438
718 435
2555 1834
469 2244
461 3774
1156 2434
2637 2850
3579 82
3503 3263
3555 2108
2442 2970
2643 2054
4214 1387
4537 1219
3735 4052
1414 1272
1347 3992
3080 1900
3063 706
2289 1684
4774 4514
2077 4705
885 4316
33 1239
3818 2686
3863 4748
4403 1721
4218 2037
2461 4
2827 130
4571 4863
3320 3542
3289 3416
3290 3642
1955 4413
2333 4788
2848 976
3101 1510
3745 1773
1638 2051
4423 838
369 832
3538 3684
1063 1796
1967 857
454 234
2552 242
4271 1567
4222 930
1143 1687
4423 4642
1512 618
2052 2274
2187 404
307 3466
2758 2145
2673 2309
4568 2689
3190 2222
2807 4303
1230 2944
2221 487
1799 3839
1851 3434
4474 4767
3498 3717
4925 2931
4921 3543
3260 4309
4449 819
1202 3402
3542 340
2378 4632
287 2350
1981 4499
1625 2748
381 4237
4833 795
4009 1042
2348 2094
63 4277
2816 1275
993 2788
2608 1244
3629 3098
4582 1945
2019 1476
498 4603
2351 4641
3439 1272
1752 1767
2994 4971
3583 3611
2799 1978
2235 2653
675 2266
3764 200
3791 740
815 3395
4211 4128
1799 2549
1854 2277
31 4917
23 532
3002 2362
1032 758
4737 3881
4169 3156
4805 350
3952 3634
2542 2716
1705 4575
1001 4228
399 444
1310 190
514 1182
883 4013
4332 788
2069 896
2494 634
3040 89
1634 1763
3597 169
1241 868
3005 1280
3203 3270
3714 3084
2304 3849
1871 3804
1217 3829
4901 1302
3996 3044
3394 409
4588 4991
2807 3106
3704 1594
4829 4798
3585 3215
485 296
2040 933
4047 462
1913 4046
3148 3151
1585 4856
4120 3993
1803 812
2349 4317
2691 1603
3508 828
1692 2265
2225 4866
90 1993
3161 3129
166 1824
3897 338
2589 1868
2780 3588
4840 4038
1500 4764
3208 1455
2838 3488
185 635
1917 4239
1858 3777
756 1669
2883 1676
3614 1221
494 4930
1649 861
2858 159
2933 4351
3905 3179
1011 2527
1488 651
4798 3916
2452 1453
1448 1254
4969 4421
3608 3720
4869 1709
4927 4244
4609 3732
1334 15
1622 317
4693 3271
586 4128
30 4851
318 4831
4377 1523
4314 133
2213 3953
905 1958
3273 3238
639 212
158 925
3471 3028
273 2585
625 4013
3688 2182
1938 1399
458 3195
997 2149
3694 3496
929 1183
3411 2714
3742 3990
1775 136
3524 4775
110 1769
638 1327
2624 1705
2267 1263
4210 4431
4338 351
2345 1998
649 252
4241 3804
1482 3338
969 2102
2685 897
757 76
970 3229
2434 893
3908 2829
172 3911
4603 4880
4066 257
3320 1413
3556 3415
4702 4791
1060 4835
3684 4062
2219 1211
4935 3641
3751 1277
2085 3030
788 3733
1524 1072
4176 4417
4025 3266
4704 3383
2757 3526
2130 1171
4029 4672
2170 906
3901 4300
2903 4377
519 1666
3538 500
59 2600
2481 3816
1024 165
206 78
273 2609
2660 1941
3062 555
3562 1790
2011 766
4672 1819
972 2302
4704 2727
1007 1206
3217 3991
154 4394
4114 2541
225 588
2189 479
3428 3157
239 3440
4353 62
1575 439
2072 466
4726 196
2503 763
1504 4837
1855 4407
820 3863
1683 682
3100 1462
4760 4184
2829 2529
3618 3332
1204 901
2391 2815
473 4593
3120 1026
3576 3744
1619 2301
4068 1637
859 2003
1305 2520
4381 1323
288 1420
2975 3872
1219 1071
1545 1245
1756 447
2931 1776
4251 763
2994 2220
1573 2228
2469 4969
42 4049
3076 547
3634 1961
1790 3033
1173 2980
3768 3990
561 2536
983 3952
1123 4704
209 3799
1215 1817
1397 1668
2965 1327
789 214
1977 1426
431 1263
152 3546
795 656
3555 906
112 3767
3082 2417
1400 1077
2086 2353
2624 397
2286 2711
1228 3327
2543 720
2024 1995
1242 666
1626 654
1643 3514
1463 3699
3230 2958
4171 1939
861 1851
205 689
1642 1576
3316 455
311 4158
4887 1353
3229 4125
4427 461
1 4683
718 3319
2727 1905
1708 4528
1890 2889
877 2962
593 4639
4200 1433
519 624
4597 847
1375 3901
4125 286
27 128
683 786
4413 2551
851 4303
4790 801
3731 3707
586 68
2525 4155
1673 2515
2750 1934
1025 4035
2537 128
2253 211
797 4264
3779 3469
2957 1917
1236 4952
389 813
4227 2883
250 2462
4642 347
2421 1150
4729 2189
3720 4246
3895 2380
1424 2014
3359 4179
1828 1456
1075 412
1256 4831
649 227
2512 1536
1197 910
1371 3836
1690 2573
2672 2514
2587 3443
1927 933
209 873
2544 4118
2701 3708
608 2935
3816 2582
1217 133
4776 1419
584 3762
3260 4032
3740 3627
4724 4081
4255 2416
4096 352
2152 785
2279 2691
4086 2758
689 1541
3939 684
4227 337
2599 3279
950 1762
4252 4612
4030 4889
3659 4587
552 602
906 464
