1000000 2000
445593 385832
262487 320871
250720 31872
301608 131067
487054 238613
39859 65649
161863 44972
445546 7420
270975 301094
92331 480717
454453 110397
305360 451944
442089 29134
162531 203123
151542 16654
460653 453627
459875 448147
425951 85361
278885 68582
125762 72927
154571 77583
195271 245069
238427 292750
270301 461567
19107 476436
73890 397286
405696 452068
23671 170458
214614 284514
325152 14216
414845 211025
231283 80166
338985 55151
497095 25541
276304 56869
351142 356577
28321 429769
359233 89846
141765 122342
370456 95469
324928 370359
186031 106691
277500 61329
432835 224694
117941 178016
165109 442820
425972 497794
66301 461854
316188 321176
232216 38058
158146 410851
261024 416407
242645 208389
156144 455022
158835 358016
396202 442440
367813 217124
66845 375392
471004 216775
494729 18573
254556 317523
45315 193963
17147 397581
30603 480883
317038 464377
424333 459972
441749 347623
423336 261580
274334 415386
423095 340018
324321 209750
66893 132547
409373 102469
9353 427433
460632 258105
378313 39265
205173 179845
405013 281863
183118 346357
398047 434221
340893 111569
276404 236243
174712 422941
82046 418414
13967 405991
266408 290060
31895 470951
115265 43551
233682 118797
305577 121522
193315 295340
247486 428570
254559 140568
445456 44907
400297 202123
138142 482602
94826 30775
451812 433202
266315 48205
52287 191463
83912 490507
429010 326559
439039 486997
76266 184032
92764 276594
164277 427549
215952 112692
374857 13723
431318 331387
374786 335350
2523 363539
89929 292641
254788 354408
296339 63458
131858 81042
276721 445031
220586 490113
326528 100073
9789 109420
441939 340540
399376 356243
376692 446687
361951 19036
431451 291036
220269 19347
167948 472938
406113 440840
79521 494102
260279 66280
442134 72989
274907 421961
88786 91911
93921 209188
299741 67168
385301 11141
175350 72750
301344 445313
177993 111436
477457 390673
156488 19194
436147 162532
121507 57220
171680 395
229601 231040
286845 282163
335869 12350
368969 9812
161209 102736
163945 235175
273538 29599
15698 5064
421366 403136
67035 175975
91739 119500
216272 484145
226939 103727
189074 27634
486402 409463
375657 244198
221704 413181
367126 369484
3966 262086
221434 392637
256035 97
276783 483870
438164 162775
412568 114645
25759 286223
414936 194746
122234 141990
418943 327643
10929 9655
257500 310434
261352 238428
355224 28605
122901 336273
150009 427222
33 283676
18626 296739
146523 490693
43617 365789
482634 164581
279618 30193
226957 476537
31330 95823
190563 283093
417757 120268
208041 148582
454979 315360
443817 337844
467599 350135
415398 319550
152894 164421
50939 20956
220188 51499
58940 196584
197859 437098
186910 102473
204844 108734
365622 382366
261479 410414
34374 477899
368070 9357
465753 381776
254670 320106
369515 450609
203060 246264
121102 146789
34392 46127
119004 359409
40049 398208
290545 85194
250004 186277
414001 453004
54275 494191
394841 146069
80153 218309
425276 450656
140853 167081
211619 443280
303638 245960
391911 485916
329025 215347
139376 129519
116231 296456
35473 274680
360464 18140
11900 485388
89075 430491
19917 133148
44687 302250
167754 251530
268607 286586
37856 385074
440404 440679
89972 387223
409825 247092
150890 79337
395776 351824
442633 200081
28992 103058
366762 10392
297271 178482
415963 181480
77975 39092
257019 83544
337813 127989
340538 142399
299828 349331
59809 218067
145143 78705
414238 142052
66497 408028
478592 6124
26855 461991
379984 32187
143957 251817
287773 307388
352279 55656
234046 178057
264411 213632
127800 294095
186884 41650
203950 17589
31746 386295
122274 338546
475001 279292
439332 488218
197190 374750
229631 165205
387396 295298
14793 232445
269602 354821
254920 94783
353520 499134
88303 219545
291705 146133
340191 229221
346349 51705
191827 366957
456944 425600
416578 498214
28139 102148
386731 67506
480476 212867
386230 222753
456722 211184
56098 106745
125553 165416
344341 107030
224675 47671
340053 58950
87676 17525
159763 373142
165891 372387
111875 156786
143317 251995
413736 35442
260188 342552
369856 230135
259923 410223
168633 193401
465018 52313
460224 291187
137911 213457
123523 204327
251955 220817
444419 288318
377451 369627
406273 301462
39848 316652
261148 53631
78364 98211
47942 370565
309965 431714
485077 2786
73798 416819
305753 317133
305609 383096
23530 380922
80472 461281
303963 475885
497633 301808
412 450886
244834 97761
378458 55936
87544 95860
489616 183074
462037 31978
446710 227622
365349 484836
338537 434431
115828 332115
165282 448127
398451 214384
277502 30757
302869 256780
423564 103290
133565 384090
276531 206207
397286 352592
475424 442977
96125 408622
399975 428883
462206 105196
334854 88778
426669 193194
480444 474830
258330 407226
313236 420196
377316 293922
389830 469824
264560 183613
50681 263771
56670 88302
463283 350557
149361 230717
315288 334719
193189 440085
287465 224895
331690 148880
202870 271188
417338 447160
474688 51646
316998 466166
389499 407187
123425 409991
442338 267014
96780 224463
280646 401956
431813 25664
355948 123569
302834 454952
373739 237472
431537 96308
468239 104569
300314 84243
322271 21532
78702 449059
413207 125474
225637 263276
52361 186792
273867 330688
411613 154650
10731 324662
65189 421840
287975 291910
324635 329487
499836 304410
82005 446257
252491 346542
200408 67065
90954 209796
309835 354191
324801 217264
310812 51397
165850 189971
389900 414209
423887 220416
21824 397599
21662 195776
341361 163866
11279 152902
79507 350798
244476 483184
100624 60931
146111 45467
327028 5408
125336 87423
151027 414259
166783 172065
253361 1496
452567 296300
185731 274243
222598 169648
264835 149621
263984 279761
202019 393022
191903 327856
298670 229829
396727 488694
256804 403041
396818 356229
453700 313849
204516 285736
355401 339928
400285 393076
399276 386839
293862 173335
161388 40233
325811 401818
158817 169145
79026 142014
172926 353107
375130 67896
470621 98477
282302 45534
394875 110350
189282 428839
295933 185820
158763 262538
242768 231968
313064 353598
380771 18233
49953 165206
89709 437577
315182 139436
106723 407082
469076 237394
267577 14018
451278 465159
16680 474580
99559 82521
442942 371469
126684 276810
245848 394777
264737 153104
397194 466472
406140 185672
10552 219493
424678 71504
260630 90194
185509 6238
46401 385767
406009 2999
133727 33425
441564 199108
455595 199306
410500 411291
355685 236689
134265 76400
25432 488324
386935 459327
360933 50368
64999 288183
341850 210938
390767 137897
382618 305335
128084 223983
223287 245194
398642 312599
85580 191956
15994 232725
492676 477683
264015 120674
362043 23126
71930 326359
16012 70594
194792 356337
350276 76033
376905 332396
437253 469556
429173 164675
146810 164928
238525 412921
395088 96818
244552 251165
475034 449868
230841 52640
330757 255232
443628 79223
252425 129404
397175 316703
478753 78736
462465 488449
392665 208544
273281 109945
388447 431394
285462 340906
399627 200667
338103 198401
249837 97544
152929 309349
379358 49179
73235 230919
247137 463910
70131 244243
276843 482708
493214 219891
163407 6054
498611 319554
55360 458675
230210 434581
146705 300017
263090 358951
253914 379564
199963 396655
93676 244802
318836 409255
419476 493380
212036 467603
98805 297125
125534 427278
498727 15686
325202 224871
350642 194227
384390 207946
387568 132024
223589 144299
403654 355247
10830 261484
487961 6966
211075 163384
451334 441267
340789 226994
160796 191426
453199 52105
181771 375634
466000 129650
491071 489349
176769 415513
343020 427358
48172 456892
432227 46856
308515 121944
416910 160826
305605 42804
209168 124389
227959 282181
3485 329
65967 350646
336211 143522
480966 419241
70132 224381
66348 210716
397163 253814
278439 471565
88268 458834
294979 9842
413613 459442
142674 208166
123419 457126
481137 191032
372807 466998
247045 31806
157665 78662
205355 48364
12379 311574
457002 357178
178695 74351
467318 230512
268923 233542
31718 499492
363540 263260
418859 312628
399326 421160
63743 470691
64083 467140
262741 272178
331346 376380
125020 43864
10981 222110
148821 319831
290122 109243
260060 292642
211332 482279
195226 138846
303426 337617
309258 393507
123258 19646
265577 377203
109571 318807
262055 335584
476210 448726
253791 464763
216170 151004
289418 486192
70227 295208
106399 481887
303522 141379
424514 374961
485442 488042
87373 86171
18076 366503
400431 101876
203427 256034
146201 373185
351578 330461
12269 461499
189299 234216
436863 121639
388321 160324
303268 265976
328190 61029
302550 81716
206219 492658
325751 283306
181599 79882
130742 188579
54072 266080
300944 334169
13283 216620
248597 231574
429400 264947
467592 350408
246930 390492
424714 259190
228749 494005
177042 292931
331832 136681
8020 3497
290702 61045
490582 340185
51122 108555
151936 495570
472626 378927
295332 209727
462229 373558
190675 159406
408230 444349
1485 19038
31503 201060
56078 343574
421398 44052
272890 114851
40641 126459
30466 76235
429496 395040
457436 456276
396394 343361
100106 487007
254585 256576
304745 375801
119143 294514
215331 109349
104414 293503
7334 86239
381161 42226
485688 163064
390132 353239
25158 186927
58973 145444
131910 281637
482333 85891
482337 375598
183741 297898
490663 195754
51985 485846
496968 226021
390074 225869
236041 12327
243881 466749
191957 5303
98054 188038
320872 119767
486399 498763
469388 112733
270104 117726
199262 137007
489181 489305
382389 450528
238148 323591
237022 442625
9158 439646
98359 39411
227519 184762
232433 176941
98641 460770
43051 264654
122949 392294
271065 183305
416612 484037
428720 423728
173073 215911
280193 361925
134299 287042
145544 180867
181325 264895
351994 469008
53927 458429
123920 16680
73105 214001
459010 82027
27421 273205
341133 337747
229650 113557
363147 51270
169855 300642
442651 92293
99246 221847
298134 7712
314793 493713
428457 468155
106223 82868
299033 286965
155624 35460
641 255037
297876 193477
363394 249764
23895 300918
280350 183236
445964 86257
83191 188458
414976 212710
68368 123872
391614 177397
420693 167854
152877 382299
432400 431465
136863 125202
134747 375066
132306 244360
353230 414450
176372 111629
150232 359064
439217 132165
256433 141987
357920 160457
189949 348695
248335 67682
192448 348413
437672 68197
229370 322174
441561 473931
347152 243644
315297 317298
472343 252281
229179 112529
389390 274630
126851 13075
417001 205774
341256 5133
185598 203665
81717 126662
60885 131991
387779 301081
275906 490864
201435 49724
311020 329857
458291 170743
351425 233955
138893 47817
70997 140889
425761 265545
481484 16575
125048 210544
290185 230512
13752 353006
415717 268378
153500 15169
208420 51658
173149 78398
37034 436044
136631 54570
132018 376567
241802 331505
11404 479095
350038 487747
61295 77074
63312 352285
251936 406451
227105 290106
229229 59446
3973 388416
254819 342561
19482 166189
268939 356346
58698 277965
472512 297614
91554 120552
105885 375417
229729 72203
454812 63863
293221 246548
349343 442458
158371 127204
237813 363640
261631 372307
489603 83118
430110 18368
469748 7137
190666 494684
282445 286707
473062 413620
183432 39749
297369 433983
263027 299834
7604 148450
401868 403331
63843 32423
441702 141238
403539 365958
428656 423417
9104 327162
320761 91221
165678 260079
228230 152409
409615 490659
419988 327328
261113 486696
127062 302569
30764 112857
83099 338247
338735 176081
258262 328986
237023 235488
16745 186279
82150 213420
414861 34930
60754 24244
39486 256447
495519 112693
100198 114388
33093 378633
199406 114887
499499 396046
125909 321864
200822 45689
260782 328394
177500 63004
265976 467300
125227 356672
480252 187403
64842 326183
74237 335659
271944 464079
92305 55920
327044 26031
292803 363672
276242 368778
292379 106891
251183 440766
225553 261592
413118 213576
178755 421004
209125 101332
161625 147367
472101 19288
21960 225929
171146 285155
317409 469261
165487 222518
205165 108188
39994 338227
479723 36950
310971 150744
118171 472967
203819 44306
252104 424317
418349 169683
394540 260752
448933 211788
29210 140782
181812 176743
98879 35831
110150 309199
152828 297986
94791 52869
206216 298337
48466 160485
65891 398252
392573 46120
420795 446082
494974 1926
308295 295445
348967 135395
146788 316311
11249 249958
149420 156644
454145 297218
94068 88024
477597 105795
367094 272653
319621 291858
361372 102728
425729 1441
332676 205491
232039 465018
154831 77439
366652 149069
251915 480300
7897 243178
294721 447959
189177 104375
104340 141581
42546 386276
188430 208449
401397 154020
261021 184452
488387 415787
38907 155759
108478 407446
423897 389394
314620 167181
74383 137862
201736 272475
312735 227195
474768 257829
448241 362478
177415 178896
265896 46506
225182 144026
292541 180265
121583 153061
415852 200865
182661 85589
46608 296475
146475 275450
474556 300733
190469 316920
321521 61577
430716 165156
16719 443435
282646 252246
456922 451718
205704 285605
106942 492749
446899 379393
400861 450929
245692 176259
297681 410714
370869 368968
352836 18549
296565 411519
434018 158299
308272 372730
475167 274748
250256 17021
287649 303189
478527 47666
964 217353
480346 11977
499892 64409
415115 458864
345658 449128
77506 47507
206099 489597
476988 35248
224669 380987
161732 242392
24642 97830
471813 304706
177744 9916
48037 280494
166941 291056
57244 325538
325326 297284
69315 34423
496676 188544
322001 460630
227398 362656
174013 398210
87267 251668
40732 423221
61396 75973
2796 414888
857 72334
417104 349818
164429 485773
274954 470614
400600 95274
222189 27281
357040 217869
440174 440436
405435 167254
451425 434509
148163 68379
342130 484008
254650 426421
453323 314488
396474 463946
325530 496406
392660 443603
187721 457133
115536 411585
176186 472218
165102 466624
155344 313329
31065 458436
320546 168431
478429 330843
208980 468688
26802 56087
83240 299770
71734 19009
210736 310964
200782 422398
497471 242008
380952 344273
152812 217012
361856 398607
231750 252018
423239 411124
77835 381362
162926 295883
213497 156931
486038 475129
203729 73888
352583 276255
120 436279
392932 249200
305789 282303
321820 214541
439454 425973
113940 338740
422802 245019
314738 338897
382075 497808
17271 182873
55960 335160
177491 429528
96774 332883
493691 150862
24389 90170
103142 276788
13485 223206
270450 343315
443967 266321
269014 29805
229466 141930
205995 464042
331566 145124
401652 364488
238737 441501
301291 183458
365334 393364
117355 119936
94342 918
360544 146887
281254 426223
382418 190812
212521 15858
192648 310010
179466 423016
382094 294071
367327 6391
389715 157829
88594 869
492291 471586
398686 41895
398359 259631
423899 188921
105616 426376
435994 423544
339895 49069
271927 325719
499328 402285
165939 445776
223826 156865
252410 124046
267074 35482
413902 349307
65788 86187
106588 91324
172462 480972
342634 32722
136965 319032
125312 407856
18143 476031
357084 227991
26139 441115
322237 4379
221831 13197
231003 58830
465373 19038
78379 325648
269932 160323
318260 312898
216837 52930
395680 106298
300112 368156
311372 118380
434737 438309
428292 163201
180280 48446
267491 231297
276954 71299
809 481439
229258 369705
293818 102438
250740 334733
220457 111399
41372 112660
342067 302397
451505 143031
415556 384322
115612 402176
33390 483177
29410 336955
447235 409664
130396 492418
335622 152479
410578 86411
70603 156119
26764 191951
14280 82259
106937 167701
13128 403170
18729 405418
389060 416215
127353 365495
115965 392059
57895 460774
393257 473345
119184 213795
59689 267330
395797 391866
71877 468992
262832 37476
114290 469116
423696 90722
368719 72642
477593 158926
66065 12504
318094 306295
361833 278885
154818 304056
306962 252231
373806 83724
189429 371354
466237 424710
133906 151090
183494 489832
6661 264265
66517 443646
95920 477345
423365 482182
130307 78164
334245 480243
352136 377823
255503 323502
379813 164804
97911 169029
43257 461290
283319 412242
222624 238482
72453 152956
385033 273634
250477 330037
27877 480890
288722 97614
377955 436915
237640 281619
343426 127242
398245 301077
342392 109230
214167 476024
395482 417955
455912 337489
35750 232570
145070 355543
7159 194233
161976 79727
107139 354668
110355 287269
21054 30660
150883 453194
265833 59550
255741 456451
250009 450913
27202 218497
443341 478872
278619 365869
458637 460466
93534 192463
379420 24770
108250 310806
305663 18839
63539 291634
204476 337090
49418 433856
472300 104231
253217 473130
62103 202383
483425 467108
400438 463872
231084 35832
89565 489434
495127 176527
216805 415098
442851 207600
48765 367465
457254 49320
175163 280272
97852 35082
479407 379258
166097 53998
258522 117471
254310 489733
306050 170594
311121 250234
371042 231078
230826 83763
332022 63467
416263 396010
124446 304373
452620 21867
121397 392932
146789 22905
29281 154309
299035 347172
70251 356963
80221 349250
443757 389457
29299 499097
241676 35174
174599 254467
73500 342085
451661 476821
211176 434511
182703 472192
95831 442894
290560 337142
305376 25220
391101 341009
98431 377426
123224 176272
144980 471354
319575 62303
342270 319225
86569 484995
25187 427060
307494 107984
30969 152288
350123 274196
248037 331262
468854 149864
194141 42846
178959 124498
290539 146789
69192 317350
304173 368007
75144 215404
363742 283057
192246 197574
32510 330401
307378 274068
232654 192382
498888 4208
485873 187023
116977 298186
349493 326667
264834 36130
140504 402508
133838 343492
447687 37781
197206 372874
329824 257336
440659 428296
432049 396576
405510 316917
412473 16220
16790 401070
277397 112162
254686 443094
282330 24218
166515 493744
357519 296397
174421 29855
169110 55406
290870 272438
42546 12507
212662 42802
142652 492141
240917 417825
162919 284285
43014 297780
181038 250924
92026 48975
272172 59602
369044 60017
302324 416909
471027 122651
458439 319498
394777 169271
228906 234788
68956 382185
296738 472124
439072 365945
222911 304157
342625 273014
140030 346262
90764 419566
151864 88164
308008 62424
334403 298670
196636 206911
255861 33119
374140 65152
360468 461462
325568 378974
124072 338370
17483 411685
47382 179648
168622 99492
89247 193171
355553 183011
243714 227587
239672 186546
788 379766
98846 352689
34277 400459
300657 355319
423056 474271
402500 470424
97266 78261
291364 120038
218317 202588
428984 106031
466469 210311
75277 43157
311471 407945
259921 237029
234414 138347
435513 454689
21397 308359
488632 41917
182031 370910
101571 159217
239844 365961
147494 26723
425297 434406
335431 481649
435625 313995
159882 146194
198314 486786
25598 264775
34815 119684
90568 87580
50817 19296
170289 127237
80232 443894
99217 448371
24107 2886
371492 37598
328402 31848
469095 423801
60789 381572
441873 215786
50800 390686
101895 451353
378268 365954
480124 230305
432184 360836
88640 106051
221667 60902
445459 236305
349365 481228
172143 33235
354658 68049
256111 183192
28518 216900
427052 457921
29918 283438
314753 211267
497322 55942
308572 336219
74664 318048
463320 21806
416176 1313
462328 318170
25474 498732
43102 345634
31398 134264
383777 235698
5588 215556
191767 263552
495739 99586
245552 74171
427619 196574
165113 16995
459173 417944
307290 256878
283088 417238
290118 238013
386020 114540
257998 380486
5811 231387
351528 334361
272527 201056
127709 151936
207710 172574
3949 293608
148141 362978
231383 291832
56792 207580
440496 301745
266251 133406
18853 486570
442932 208600
164949 296828
99813 224192
271952 285629
368760 136962
93488 52099
112818 471295
230814 205866
299628 9656
372065 376197
133179 471412
307402 34862
275585 457621
437264 117735
353526 483562
276129 155441
446564 198370
317870 439038
421632 442580
135393 28769
214753 100018
486705 326628
229632 878
417979 247151
230316 403449
112203 225326
277419 270292
174506 463352
129021 148806
125103 102230
5824 8971
280996 123335
481488 110423
390243 250594
370064 247897
279987 73755
319049 443898
235084 110496
381046 273547
347813 356690
199268 150407
69591 483854
326302 109964
187731 496350
248448 448314
377173 335266
38336 395041
297154 340254
33877 283776
435077 108993
92850 3219
21211 142921
303130 158351
484193 384541
180084 46417
476266 179945
255146 404105
28908 175346
390168 54251
173779 227588
1742 498512
304124 251694
463564 488013
383235 192068
255123 67555
385449 79469
318443 293564
498906 232634
229031 291636
237221 457544
192363 456312
470372 205540
318489 332934
471237 157444
435142 12420
133973 408742
32249 270604
347473 226147
320696 482225
239970 377830
160491 160992
313876 33672
334880 132345
195407 436498
338334 9053
485456 297869
296891 330159
279900 295745
403595 293267
433157 7734
407749 262578
153918 247757
138891 142779
376580 174883
244912 487059
199416 471449
427480 160195
10381 41686
2947 1147
426822 292778
310433 134093
226414 414977
134271 344301
389652 212793
308407 371015
55552 42067
55917 128079
231380 293502
151870 32010
320213 489647
480412 407224
337893 239631
472683 259282
257360 203514
166001 15113
202467 166888
64610 238806
494802 228978
495566 23349
369604 81194
284357 41701
397123 135186
56248 177049
54961 281003
263812 118381
427865 115254
216361 425017
57437 385114
296091 85240
154798 206730
142394 324215
72098 374964
233487 451297
783 164805
173031 7660
156106 64473
477776 79210
130560 282165
8842 374249
214994 234831
89134 452180
123453 3145
28895 349354
423288 320370
236118 142824
212954 367332
261034 118586
241211 251646
250901 71238
30371 167286
320732 35347
115506 423243
43812 226150
488885 50490
259594 23140
178949 387136
242661 184087
203830 300433
481190 327237
454702 305575
64843 392082
208589 231237
376359 426297
260867 44176
376699 56351
156142 168766
294948 10414
263662 294700
11815 494305
342209 365144
396084 347738
110834 148246
194259 171707
214262 30181
55214 490084
4512 323084
482135 467487
258347 258691
381263 379004
73987 239283
422439 21744
192410 251077
273241 335500
317060 448325
359439 301399
331361 73775
105038 279689
286540 205338
139225 321736
267266 128329
186515 299073
314226 233269
280664 426154
378721 110267
248194 95437
217876 366575
237906 191854
239823 247790
302323 215068
368102 50126
299701 310833
337931 453928
458536 148623
131402 57608
36221 174132
202814 88996
74675 443599
55582 279292
289236 154190
80631 410670
309628 340085
227856 52836
410167 22708
273198 478815
416174 219262
154845 225028
410637 54657
93121 12864
121120 144720
108168 337047
217370 2260
421185 400115
59411 487921
327748 107704
188587 103474
262946 28008
234400 366365
259410 102441
44887 44545
316869 29099
109186 447578
118382 334685
371146 78648
391186 43598
414839 184136
417933 162687
396868 296824
13797 213016
434036 319032
32920 104976
89720 388779
161046 445013
480708 409868
254117 148839
250545 184940
406485 121337
328163 394332
417770 83063
335078 102699
365893 426430
39013 291787
422495 21351
311518 329217
432090 466834
118324 145694
368699 60428
164571 222466
144855 179313
343445 63567
433594 434865
406192 238895
363607 353977
339465 30693
70611 234249
386981 430235
46157 418670
148838 305270
192966 79876
112665 20586
126185 227673
478865 41501
280855 133925
26580 393739
89351 117285
263582 41401
477259 77909
207015 479804
447831 203905
76388 261648
322343 482292
302380 250391
43271 57639
102374 214756
102121 478121
281757 488844
280356 204067
406219 210569
240602 335538
237083 274013
271205 451749
456093 42027
419557 61930
6538 448526
174015 3389
412717 483267
203817 162751
66263 190123
18087 105051
266347 471699
130943 366425
407335 496159
326988 397245
21564 1335
373379 397365
356619 451247
305605 498434
11836 255461
123977 170863
210208 48899
278100 429772
122397 60271
310448 266928
483113 197871
308203 28980
335024 47613
440941 379244
308909 380417
7582 308302
40582 213588
49044 28996
278179 111726
163433 251675
316517 446369
361372 221092
8956 365819
393086 230115
109751 332768
431019 165033
197916 63293
454808 439758
92497 228034
426107 248843
228821 234697
136393 355939
287524 343172
307964 107033
448538 292953
265750 148535
412745 64011
487449 175507
37631 374383
467247 316124
32003 384416
211859 466743
165794 133175
346099 162486
378488 335417
14892 263728
283139 171735
163911 223110
239822 389506
487218 308751
357789 80493
247685 352616
66680 432009
33366 255143
56155 430950
160394 164130
148358 199954
144797 349958
98885 344793
19029 268937
249780 312119
18767 189999
142922 139541
418067 195267
26012 356442
319714 298922
41064 269898
28746 143021
435661 164190
114591 222379
466628 76857
155679 387334
272441 362170
217831 111754
441598 54583
33405 275328
19874 366841
480564 275021
16487 75866
342262 58337
316748 37820
63655 45032
46542 317526
196095 159983
129966 257480
159713 126697
27588 261346
425366 277446
158303 446386
349114 157225
250530 211669
60655 322970
280151 18072
387292 396228
318639 245461
59294 76617
355698 60583
87672 468975
144481 439562
63966 466076
11160 443253
404022 344112
492396 339316
464422 474428
5665 59256
402555 86535
254409 416361
182088 214318
487042 398215
69965 466462
160976 466065
33343 334094
91939 445027
35497 280130
215035 244087
440855 344059
478738 255361
134924 154153
328519 230023
103565 328373
175405 146595
473330 413713
267599 498973
387245 161505
103335 240174
89488 298242
21001 234649
59718 6267
100939 193266
356211 243650
197732 268561
191747 385255
320155 430787
72333 128862
105427 411900
266998 69768
267368 208433
247542 486100
163426 338548
294817 185431
268251 355407
35048 131376
64233 299286
141245 347749
291864 472828
257037 310960
21375 274910
488065 242063
97411 427271
218445 291243
430280 239122
198523 87371
397843 42137
253115 452657
32100 119726
322377 443774
224053 42140
170150 366996
252704 424267
341753 480287
277465 356670
432520 47987
150166 265699
214609 259638
445718 68652
114994 332838
430381 397120
360238 158041
328095 144864
84991 82241
66906 373736
435870 475815
139716 80864
6721 401101
56885 432041
294070 208519
280604 271818
290059 461828
314520 239910
329167 345016
339636 97327
294692 124760
491896 225727
496455 328339
472431 154736
81535 320172
394470 428914
387753 450443
359376 423904
33414 194583
227494 475798
204893 82179
329761 58070
493464 480604
7956 20579
105121 283195
358335 275355
331754 303773
464394 409363
95452 186381
346124 197305
458210 241174
318906 330567
4037 103918
441891 296362
112277 307884
57591 498788
272190 364838
61056 470724
124558 443959
303543 238777
134081 284137
36378 169050
93921 365730
491754 267446
362345 358539
347140 204958
139541 182550
338076 424160
315906 129965
198674 418990
311877 231149
307499 338367
143450 92047
268661 491648
183194 83790
385620 312283
249203 388225
388676 191879
245764 294413
95560 323161
498908 389045
460011 491724
112816 394171
75074 442697
318664 328063
476317 186214
164993 273584
221855 495169
446988 273652
266516 215975
265923 318148
82751 368250
75845 239095
265971 242163
435792 430226
393185 54325
185675 498076
396083 6566
338099 478628
485714 450008
72255 17357
98246 129610
448851 204897
316913 248396
21310 433255
380001 185830
54643 180691
357922 126583
354273 265045
107278 139195
387950 232934
269847 315031
273932 60382
49263 480515
351850 132652
230916 9435
479225 118938
36365 288137
455965 134013
369692 222877
425439 452805
67819 476786
61133 198812
412631 164924
103561 401069
19234 261848
161181 269718
161307 82300
