1000 1000
84 210
455 479
92 341
318 441
115 207
269 19
483 440
330 204
176 459
309 273
123 44
181 291
342 11
287 10
173 392
129 1
342 489
308 328
110 376
420 115
228 457
49 248
22 272
207 423
29 473
468 214
352 55
20 60
255 86
89 65
230 226
446 335
226 431
333 364
107 455
122 156
411 46
397 319
320 387
159 451
116 8
360 383
152 84
499 123
275 96
54 198
334 472
249 134
237 121
68 105
389 115
410 308
283 468
407 432
213 108
177 464
145 258
453 148
356 106
136 13
75 69
163 409
359 376
18 346
138 271
200 119
99 387
207 489
241 490
77 374
113 415
277 279
32 497
349 205
464 96
210 247
55 27
349 248
90 206
451 441
253 320
204 104
64 372
288 142
107 170
428 295
413 76
183 346
412 136
375 17
398 354
38 220
365 92
418 311
421 336
321 336
326 249
319 318
89 37
347 106
469 324
500 159
371 355
178 305
64 430
77 371
4 315
239 462
404 125
315 140
196 283
266 247
425 283
157 133
181 345
175 396
332 112
114 467
224 492
301 497
94 44
356 427
445 423
459 354
333 280
387 41
238 100
163 458
150 270
171 324
412 147
453 459
432 454
30 131
256 210
347 443
470 296
24 474
418 364
51 120
72 445
424 376
254 436
425 38
124 329
434 33
353 443
56 452
488 162
279 204
428 497
143 49
324 221
311 459
408 171
154 144
410 475
25 44
468 113
286 173
187 160
296 275
92 220
196 92
218 475
309 220
253 321
165 415
162 276
281 341
10 260
387 121
397 256
313 222
94 461
272 61
58 183
271 259
37 112
217 370
287 20
459 300
411 165
179 469
144 293
312 465
330 253
233 202
159 52
396 480
262 458
205 79
219 463
35 113
161 262
357 250
253 164
445 352
351 265
317 94
118 186
231 116
7 149
37 260
58 303
67 92
285 50
464 31
457 436
194 86
125 401
142 377
414 6
167 476
290 287
430 240
359 299
191 324
472 2
97 161
447 41
412 87
438 36
145 273
177 285
85 164
321 265
30 499
82 290
371 163
441 347
197 175
335 44
114 105
395 12
261 244
294 350
298 75
300 22
250 163
80 298
360 310
137 492
462 289
219 77
483 133
20 266
270 223
341 242
33 489
301 486
222 478
135 129
346 46
460 433
204 21
380 138
479 204
42 287
479 159
465 483
271 485
26 396
361 161
265 138
370 120
318 136
182 254
341 99
289 269
173 140
399 400
80 329
476 362
348 278
222 245
84 186
188 114
479 263
39 245
376 282
256 170
323 19
222 168
401 139
335 55
452 79
21 334
312 495
174 23
450 450
217 84
372 163
356 372
377 132
443 183
443 488
431 181
7 76
204 357
176 341
189 432
52 63
325 37
114 422
483 298
241 392
68 387
68 97
214 470
479 449
282 60
323 45
239 181
124 106
387 59
103 38
427 363
154 440
277 246
7 146
306 187
419 419
380 161
187 346
336 77
207 151
416 102
468 431
349 489
299 332
435 357
470 283
25 2
364 259
292 130
441 91
409 30
278 420
106 343
383 227
292 181
299 275
390 279
487 371
375 271
255 143
57 225
71 127
256 226
128 272
43 87
153 306
218 328
289 192
367 335
389 24
129 316
256 367
121 407
297 125
118 314
214 9
22 419
383 393
102 16
141 420
80 471
72 436
391 228
166 475
208 120
386 232
167 231
378 253
50 205
174 110
165 43
240 348
369 45
47 347
476 215
406 62
134 63
283 467
53 178
115 485
380 300
348 22
102 67
66 160
263 134
367 204
312 339
251 487
231 107
7 301
83 50
426 192
235 264
324 408
429 12
14 495
228 229
237 331
284 27
68 72
114 268
351 392
281 45
433 368
493 107
470 19
403 262
47 18
156 222
370 148
483 28
497 16
253 32
489 15
412 484
443 118
347 460
249 454
400 113
95 381
226 208
314 121
269 347
381 109
305 172
399 434
425 426
453 401
261 109
74 142
244 483
69 23
197 270
45 273
220 297
124 145
335 190
499 266
271 215
319 104
128 343
85 476
130 145
89 457
485 276
474 47
78 226
135 328
70 137
186 438
168 218
198 194
108 88
382 198
215 228
94 265
38 144
73 174
37 233
53 238
402 275
182 103
365 91
206 321
156 175
462 15
395 28
31 414
450 107
464 27
7 10
16 298
28 295
182 70
96 130
346 338
110 317
412 171
212 160
23 238
493 454
297 485
358 225
305 238
128 326
319 407
483 449
343 77
248 258
233 256
480 497
336 168
334 194
212 206
213 322
466 98
353 81
108 206
286 233
419 18
147 201
132 403
403 17
411 124
330 317
180 75
65 419
414 178
183 489
486 474
236 134
387 460
64 481
308 400
249 443
406 439
468 457
70 6
271 480
29 5
97 348
470 334
419 9
454 207
115 234
465 44
250 384
79 31
176 474
268 244
47 250
285 429
243 16
282 273
390 468
4 497
408 225
499 212
296 40
416 201
2 125
154 231
170 407
107 304
198 454
273 49
257 155
87 399
221 241
303 190
463 13
461 49
311 447
395 118
346 171
201 455
114 184
219 253
209 179
21 164
370 65
44 48
449 284
265 495
193 17
23 236
463 38
100 69
327 322
433 252
467 313
48 200
235 150
155 24
90 387
355 443
26 480
451 202
343 107
200 288
173 234
264 263
249 14
213 266
63 128
92 230
186 436
27 420
290 393
253 165
155 36
68 481
497 458
308 326
463 323
443 287
494 414
451 186
253 313
384 312
135 232
423 97
92 176
430 25
340 363
292 445
447 485
74 106
170 42
59 106
456 171
447 94
289 40
208 40
246 396
417 312
496 261
90 143
434 230
327 362
264 96
377 353
126 306
41 225
160 444
234 84
330 287
346 429
216 155
117 304
196 280
62 345
482 154
252 155
482 165
168 162
372 60
55 54
25 434
361 392
110 385
54 48
110 23
145 27
276 220
34 298
148 490
256 253
174 306
151 181
139 245
6 89
10 485
437 391
1 423
328 455
277 41
163 82
166 302
375 369
363 433
375 207
401 100
263 265
401 125
288 113
338 138
48 46
34 13
289 188
424 213
79 365
358 101
467 451
390 127
194 273
465 189
469 150
205 409
429 390
432 190
349 332
295 93
413 71
71 249
277 217
109 61
364 370
367 420
410 34
207 95
250 285
250 390
364 46
175 299
263 188
492 359
187 102
249 13
259 463
211 317
353 24
217 359
160 110
406 363
200 128
177 249
318 216
457 198
413 421
140 370
133 230
215 36
292 19
192 330
178 121
26 396
474 206
232 468
476 351
73 29
83 238
78 188
451 178
181 170
435 235
234 254
46 359
281 454
232 417
378 93
260 486
480 238
419 56
197 136
99 433
473 73
13 216
45 261
197 472
8 81
99 350
5 275
157 227
264 143
356 225
189 288
490 233
295 202
221 321
44 498
158 76
272 416
108 246
104 380
120 131
78 2
159 184
480 312
278 118
485 435
184 187
441 151
494 326
210 288
44 247
475 323
193 245
355 452
164 244
482 130
292 218
322 146
44 107
278 51
399 167
248 139
317 66
146 211
136 70
55 255
342 405
466 123
47 362
75 106
156 56
328 131
290 118
375 134
476 251
53 361
368 305
123 33
466 365
482 257
396 354
172 350
185 167
442 469
427 453
473 233
195 35
73 494
113 127
215 404
246 35
309 59
472 402
360 96
25 104
325 250
54 245
461 353
348 94
478 206
301 301
269 2
315 135
440 126
41 375
425 478
164 65
433 64
335 251
476 485
44 162
47 371
371 81
417 88
476 211
144 67
445 332
178 53
327 470
221 424
47 450
45 395
323 66
292 314
451 96
477 482
194 168
427 279
274 139
389 346
121 432
208 243
221 498
362 197
171 229
421 23
391 159
20 164
470 283
401 79
83 237
307 392
72 193
295 233
149 164
297 34
70 424
363 368
217 372
235 494
464 361
292 77
211 27
108 313
203 96
28 470
23 445
318 417
392 220
497 297
304 351
426 132
200 328
104 20
89 174
430 205
150 309
148 237
376 95
205 366
264 452
75 187
195 396
274 402
373 84
348 39
228 121
319 143
363 397
66 310
484 392
431 470
67 243
416 141
376 484
40 2
101 411
264 455
15 299
111 84
475 420
152 89
51 487
488 481
134 440
282 275
452 244
65 47
264 156
170 160
368 130
100 473
470 495
384 387
282 18
209 27
154 315
476 386
330 221
77 217
221 32
120 144
411 415
328 363
187 395
492 49
380 238
290 58
429 346
386 287
248 254
303 41
14 466
74 345
248 383
92 263
264 447
86 368
255 446
452 20
243 296
32 443
446 311
145 32
350 324
164 187
411 414
439 138
82 156
275 169
264 169
216 277
304 459
483 466
296 302
335 448
187 33
176 125
91 374
388 495
114 445
248 467
464 481
467 251
128 414
244 240
45 154
190 353
259 442
389 425
144 50
97 50
83 189
337 368
324 292
191 178
4 108
436 77
387 494
445 254
287 435
253 272
445 56
373 161
17 148
297 143
322 300
462 422
