2000000 2000
3141 663
593266 918194
423858 91506
131540 438719
582122 224953
858619 185729
407647 488457
635356 36149
295698 260914
149936 391087
379775 961097
658683 73109
488730 271004
749655 369487
621629 617325
973387 809761
921810 612554
221256 695364
719770 685495
750355 651506
700987 318972
561612 409718
911394 55128
882229 84155
54600 438220
439031 781800
127719 734669
752509 264846
158860 269890
337293 595175
264793 661132
18403 270820
938616 985614
676063 835856
926065 771070
260635 779437
362712 344673
318280 651920
984984 356402
655732 992869
68680 876424
571205 550742
311590 161851
622328 979762
364231 103228
766952 743529
527902 299704
413480 886496
584675 175200
209143 250512
977180 574758
177185 44394
888062 723493
635605 969666
497032 984255
804580 213499
303446 648242
319108 688077
981611 601739
681596 301885
265476 938327
262141 392529
864165 358065
198384 276044
731673 496831
815674 16587
870008 525128
308415 401108
41387 924270
268923 658764
348786 221676
155267 309009
239699 722943
478659 373609
259259 101450
200603 344218
336568 674676
114044 713635
203771 717697
169636 770431
236486 611732
802745 921204
831222 459306
43534 572061
659786 993917
400660 758269
149244 390715
645861 762653
612026 69006
557492 826499
430766 950495
904258 976742
927445 258110
632764 887661
704132 946635
478354 999428
156962 937848
128937 5615
649080 468892
725949 853484
116887 404957
333205 151705
158727 950361
465045 991036
231342 880572
940368 446121
100821 658626
722230 952177
363941 207358
606002 612385
636550 769792
193406 455191
763787 580227
757243 591686
836345 642218
732703 886642
748303 324625
679149 169822
580516 168299
527007 422505
343546 368179
484585 913973
489691 426584
309740 20580
979954 98948
86304 805620
205233 799335
55852 72336
102582 271731
855639 910666
621857 639493
854286 598830
31110 838998
26250 378296
193962 541243
442482 91213
638941 146621
341145 203222
670853 153732
362422 473186
278326 567684
752766 766952
536327 201295
870005 787402
601769 373819
208691 643966
733821 85493
939402 794548
819247 684214
886267 421199
354827 609751
892117 15390
194260 555507
621117 536979
66591 887274
374115 379963
688952 746736
913540 914219
723676 241106
51069 336002
31046 619869
760190 598540
643880 688965
164366 278957
16686 330218
223003 168585
499275 217756
192359 259430
492171 832619
274323 702143
222098 965141
623078 817042
372657 211496
567395 445679
595615 882214
558655 40589
637379 368288
22591 428737
153804 85387
305269 399207
20974 982873
221484 316769
947845 340906
111745 883046
290869 45943
951989 258036
364828 115860
687381 785264
904828 501130
631151 151584
982385 477511
234231 368140
228317 580938
196678 877020
713957 91902
541887 49490
824327 4788
367573 449554
563760 294019
276036 137121
601862 775613
772092 912421
608550 539685
214802 232530
109197 873434
919471 112834
183089 333946
318801 849034
247699 121055
22111 100053
243542 622759
358711 266604
248987 818025
475682 727628
595772 108827
521784 914800
327867 150558
258924 486167
849371 15166
185503 854235
97357 51662
717557 398699
422401 690390
694185 207601
909575 301804
485014 860070
832692 769402
447620 113456
249740 349436
267251 920804
939352 276335
53700 576210
518403 764338
415199 425656
215472 97903
514287 186264
3813 741285
724969 145387
450008 60455
912330 310668
687902 494720
942609 443408
832687 387296
612149 150370
262018 523043
510219 581908
659099 963716
63264 573223
474440 776828
74824 841252
670102 596113
170068 403475
206271 550630
594135 735322
840564 561433
190287 241619
11983 841267
245989 666237
316138 965837
737176 117090
107943 429079
285846 157787
284616 705046
867764 475068
712814 278119
349872 709552
814580 964337
603455 210402
504607 800645
295962 748923
9519 612600
692467 412851
135260 601200
398327 977752
349275 45626
596402 857454
380571 402194
722406 968109
36247 261325
741918 16407
929757 369039
205988 554373
959426 348350
199316 492922
631069 896275
73946 186937
507290 908906
889120 639932
48555 606389
17474 668568
786824 883287
295325 397852
720374 821071
39975 554870
799755 228852
320739 65460
592857 808381
16268 516243
950774 920305
404324 445445
273225 258009
83350 22965
638576 598341
664459 150020
337116 764178
133021 810808
398051 519773
660550 359978
30475 314575
561476 910040
747595 573064
782953 893777
627787 664475
787620 356291
260259 416517
553972 77312
852453 693853
859367 419632
978448 938385
132875 310782
39619 327612
656587 562136
225709 709662
616734 143602
105660 498199
317764 156087
913770 767083
424843 235545
408327 103213
775704 835611
209248 128871
52826 436724
612473 632741
411605 590329
491446 431863
948775 959503
498082 899368
864779 41629
847445 495943
60026 781059
718585 972304
712305 529180
849072 481883
347906 395003
879952 461987
755930 401834
519882 910308
409004 606625
745302 596320
969458 177214
701779 993448
698212 703126
645784 191362
431731 321609
675922 456872
68230 543987
177628 134087
746867 487928
54530 727941
121605 26798
327490 319872
914928 767749
734589 944009
892004 914380
697503 55947
976145 439839
206901 98188
672796 305331
794154 716324
405916 470457
448688 603295
145646 630512
291229 458655
334493 371258
338574 917094
966186 337151
717338 180530
384530 440000
696568 177715
12081 327725
84259 867882
212376 999203
509734 812758
3341 987652
316358 456987
728125 725918
653761 191620
960364 995896
79029 28829
871001 791229
228182 425031
266336 799613
925328 414858
353395 536169
453221 73953
379848 405084
1693 920654
986763 826391
248027 776487
141353 38890
629446 296845
851742 869549
293963 532187
783369 721741
671260 664589
408235 973532
580356 256828
691660 263728
376877 768938
492813 63349
251903 172230
793638 958112
272646 970255
66081 165372
272390 693345
831281 527684
415414 655617
632649 530761
734219 874954
702015 268246
440463 423091
76507 996088
733605 93494
848232 725044
817830 763825
839989 94364
693835 259393
682047 139557
127243 3933
452687 348972
23675 816669
999038 791313
749960 86601
88212 733736
869519 928339
421472 698166
384227 141441
800282 533756
269326 46180
78857 909357
627634 840315
64013 385170
472268 917399
487325 374451
173879 795041
493866 611506
978711 641487
496046 445239
293329 216763
839123 91625
174512 55826
319789 72683
416621 993227
694340 177658
832903 98061
324406 947376
410042 503925
294626 36240
93250 139657
458979 320928
589563 200304
154996 840087
135440 438177
703660 250940
573811 503309
911477 311908
891364 535765
128882 882614
551213 945420
761933 641503
302606 251447
803955 206970
472700 819877
625449 253031
566928 142142
740773 7382
508541 332206
778064 217716
942812 151477
318271 110653
426978 827505
30421 438940
356653 459253
96822 210111
747572 650870
815753 100072
906134 226352
224900 904324
4422 597252
702077 688377
793643 902011
570532 57478
473692 283140
63995 999
579169 527934
501170 707196
355110 566484
427775 457447
38688 415186
731223 671529
759017 360371
624453 449073
304461 982199
114680 206478
207988 185713
110564 632748
975677 75065
56483 391962
911678 985465
606413 442590
415943 62778
792250 184797
284061 207875
866975 423995
433799 521075
969642 601041
72719 750701
504022 148368
609739 735480
539919 8824
753134 602849
743381 949935
161866 581138
782246 466829
613645 163995
29466 649397
400819 402808
729101 827627
167900 226369
274597 5938
832586 329786
452140 588250
225044 454092
842326 174887
148420 240019
584127 232137
540079 801646
438304 292371
107985 653540
672351 945013
235345 804322
725020 78505
861956 332744
757398 952366
459974 912365
549641 204251
904722 498525
91131 67008
28166 183451
483015 111961
824145 356583
723495 829889
180386 839898
220286 835341
857369 654987
832231 835831
997256 869408
96903 418851
870523 940456
585393 35673
486285 348016
44999 427482
168587 439813
564258 142229
207712 997135
557561 463262
251612 822947
766867 703188
89450 655979
537463 340832
563527 804139
316049 28024
774322 539860
800726 455347
287334 655155
168142 310316
207312 307626
125487 872772
473201 208941
678086 799087
570056 727178
827125 348664
692665 4111
228464 833488
962897 431617
23086 939237
83607 136870
436870 286337
708027 487717
815248 13898
807918 741318
256881 341970
856430 172671
161078 634101
806473 36617
444343 876472
911841 381587
740852 902216
18502 79293
841804 998661
924717 86611
790398 712159
465190 380889
538834 130163
686573 379858
301907 368193
141000 256615
69709 583281
950152 388033
657354 635046
784791 352852
649420 98564
848204 30420
253571 8123
703710 815779
902608 958457
411037 70439
370815 518887
14451 854030
236583 154505
162093 10990
692653 739444
616491 230327
270111 867797
68023 253734
696688 92921
3332 212279
133184 595382
845916 544527
375385 410778
989616 37201
645786 523291
298157 172154
923342 931407
76270 673705
784676 703730
757081 462312
240381 430697
878864 808086
870810 975659
16371 237883
773418 807556
336892 747141
657981 435749
294976 470737
235734 839381
273803 886787
859846 884477
169437 84113
713897 341820
714815 991921
87977 184125
929029 311787
693218 430561
318478 81918
65839 398554
62057 726150
872784 263978
50231 364528
728460 398303
389649 570027
338069 550314
682483 559659
881250 226796
823930 936964
880473 541331
718979 885409
783443 812166
115646 130474
534887 886507
679798 646164
284203 746752
647329 221696
665264 213276
659036 249963
244582 445384
131873 539726
732173 12293
509185 115251
829533 256325
843856 563744
188711 388869
8959 179398
24354 939178
759561 782654
671202 18157
56665 909511
179523 107075
120385 665758
650497 574462
915851 62723
353645 45318
340092 555218
955590 910149
291918 223530
95196 142905
159897 112254
68963 606854
955401 341555
470478 360608
255053 595914
895813 348037
701041 825493
77335 171490
308810 620269
834387 137830
763333 899268
920030 602702
93833 178581
791467 749902
949506 967028
341259 259398
991276 257695
915041 376271
945903 470195
64373 799293
756014 669362
447851 716758
251710 458385
252070 153180
947140 872529
417756 808141
939787 401405
364050 395775
441657 581019
62940 803694
114205 671642
540829 383244
897802 261936
160349 295392
433327 114201
501923 68424
561548 811753
32795 52863
321055 531566
612645 836624
16164 715898
854204 31919
579992 204024
67427 456830
242688 277408
437460 316964
743858 170826
956934 692593
694715 521100
227251 462458
520492 846197
179420 188680
806535 526337
280671 618918
880332 572390
373759 867382
68506 623183
378760 722769
645693 607612
215306 96126
58660 554307
105808 99228
648563 186730
692506 895306
794690 943846
546176 621565
996644 48544
767203 488735
185759 361450
81958 220777
364622 733184
461606 949324
521287 741839
955436 199542
449119 663519
629618 533910
74384 927041
283104 348586
791169 775024
296273 386806
228226 150258
184741 422245
836472 375132
743921 440637
630570 461455
586829 660245
26674 21724
481404 793008
326128 965938
792658 717871
491664 762973
879270 656719
255976 313780
133409 685381
257346 631228
662183 697906
204884 24655
124402 58943
948607 557165
637251 324380
996443 735229
502029 37432
422561 888534
215807 201710
397888 444056
669134 413055
719088 880429
872943 897560
339977 102980
238025 474510
571907 644417
10874 481971
869223 113610
348669 279900
262853 589289
160644 693235
295105 545255
673081 122122
431292 354735
559341 849662
366616 439738
497043 885944
996894 311582
541610 861781
170340 846333
850654 940055
993820 993710
388403 239169
521050 748758
284833 57954
602913 960657
995050 789984
694158 248619
848134 555247
144888 63282
617613 324734
877335 889835
254302 917507
654948 626332
667850 834864
203934 475237
679674 171797
283796 215004
422299 852088
940199 621278
995903 620224
355899 501382
74631 383252
70386 69055
924180 476560
582223 70734
912817 201058
90448 152891
996237 799463
92153 303152
347668 397242
908412 393501
410714 427462
670142 328176
240849 847272
186132 900883
18660 960220
662065 38853
802053 414286
474057 846408
510593 930492
144912 226477
375111 948317
362283 720353
765499 712829
766665 825367
952614 152287
771689 342289
529767 277639
251930 826521
711025 123953
12551 324531
581134 722105
224096 848958
982631 91484
113851 965392
153834 447282
60711 700525
625113 350706
694916 477012
757815 499985
257697 787133
574357 217810
504547 519192
235390 812263
597544 961949
539030 215598
186713 565906
697988 432012
340817 628357
603032 461138
142892 281807
9964 634274
926880 657249
948211 758563
357975 405227
265462 950320
9143 526187
252955 416024
314936 357510
531426 528361
550879 173435
447787 189699
543953 930306
100227 735748
795156 944763
75749 416223
388558 618334
607520 933410
877717 522868
551902 929638
484781 371847
709962 764938
196785 480814
210516 892626
237810 884714
731762 281039
620658 378757
707357 546924
13192 551410
247994 141642
386258 60090
693686 631082
698961 978291
349519 578558
397199 971071
42747 863710
63714 846900
478027 779491
995510 637456
246888 591537
909031 898783
507352 724973
897250 334609
889582 510685
238730 862810
566014 928923
797735 753789
266843 561990
876949 974001
564978 915780
314772 83504
398135 530959
961788 336009
745334 232417
834708 655939
751609 798372
14818 55678
431877 389457
178827 131325
617215 176269
297129 247704
119356 385325
227377 112857
869946 784477
29391 201462
751811 212316
953132 530603
201200 62415
228259 3243
287011 97139
334265 633820
131548 328336
479768 528581
958950 592725
340324 90991
289384 560740
543022 179857
670773 48142
839892 753490
446578 84453
122480 286106
675528 524112
762219 56052
60773 427266
79329 973278
174710 729528
853050 183887
109333 751532
418831 527217
446220 575128
548235 849162
447808 167014
32174 97218
367427 63568
666086 878624
828347 549264
26928 923763
649551 655569
588949 41857
458544 15601
425503 970231
939714 729644
462507 129261
301034 276277
450358 343176
307570 791311
495575 472808
446249 865323
400033 960210
261728 530280
740519 470362
416513 134042
16532 659192
182706 497448
296904 488077
582029 286162
174174 330217
909855 786411
437001 458824
411635 508015
972083 615260
173300 635542
428568 436253
182298 825726
405087 119909
643623 956848
997092 947874
235341 93555
617105 163152
262340 206658
922125 546889
831579 320084
222231 192893
719363 419609
738573 507341
95908 477056
623657 584151
73405 325818
114590 722760
988748 589232
879304 38062
860736 550552
383445 330056
677445 937710
170047 276145
393324 821584
813182 360100
851009 771453
603358 406530
214434 320123
476364 793166
812087 818201
216284 394358
175548 85344
15634 604542
39900 606069
185383 262482
38542 392943
588263 551018
232440 387911
96568 778986
566879 544159
960075 193677
97305 627858
173884 429101
148872 154853
199586 91741
652102 793759
519101 687396
595112 730258
232803 530556
495492 268994
5870 242831
797395 712151
712400 1498
581241 435079
172700 707555
657412 937598
74737 242285
284804 376
763873 814777
633799 297471
536177 684931
300095 400897
711636 316742
126492 420703
465619 18615
116704 579258
615948 675844
682720 782244
54148 50267
611975 856301
412425 873412
852932 699246
896702 148982
699435 98558
431730 481142
52648 123898
421384 172155
210004 437793
2462 186448
347118 642240
946928 89663
820693 233461
725470 912004
412962 506796
910513 915812
591901 948242
423033 413891
482850 658914
588822 464122
285254 923616
520728 553278
755960 720726
491005 883531
49003 304058
250299 461640
21023 945668
115709 772430
135395 437504
188809 623593
159291 928500
622111 817833
242482 364273
27207 85162
387446 880346
21299 496218
749917 623301
837575 970225
758035 652670
618738 404857
143299 312524
279281 64490
703520 1260
873735 166407
372264 372377
496234 19435
509735 16523
461441 145243
923203 963406
190048 308333
770115 992381
541823 179202
795906 388775
849279 315598
67056 522128
203234 251388
253101 269738
805855 976410
154841 367691
150505 854843
367207 706748
987045 335126
880418 375104
262027 332787
124716 119197
727828 50897
982565 804114
276509 172894
452259 226365
534940 362356
40918 375883
693095 273618
946529 451885
429274 776433
414499 931343
440616 60472
254671 688630
468401 746065
932983 723383
752859 431495
716295 97595
280770 176513
973920 306104
240069 760943
541393 228654
490039 199359
722230 795035
411064 335233
435479 15988
30781 619995
552484 469034
548508 262740
414017 93098
938464 674539
662237 221822
595343 938578
463810 574301
102355 589234
432648 26090
463347 914695
540968 269276
842002 120818
493664 43690
52870 114549
294401 503237
907649 998286
486400 696177
724607 882555
637838 433338
124892 597928
499847 711620
103354 698485
543721 252161
325633 505761
75737 892164
99468 115103
462661 286442
803660 515708
119375 544141
720220 470563
472710 448052
491747 660537
951923 135803
590908 609559
777122 449776
13912 826363
211556 412606
62672 378951
738229 436782
572224 985481
406729 400744
405067 259129
761870 448902
544828 772492
922170 135188
547139 572581
40460 560415
81055 209338
279061 7579
933841 245570
940277 680028
848276 674956
698403 953020
438588 590349
946260 518873
604545 261119
923100 659129
578308 597908
591307 177991
381871 628829
669259 182282
726050 880570
957858 38397
922656 60318
239046 586282
496421 556731
174998 581996
190657 208782
115139 683743
418537 461174
219024 758917
834625 5962
496600 580803
569414 922331
967735 547341
972386 243072
728420 711821
434019 515295
256315 795220
732492 387678
31459 588854
294360 4379
218325 955760
704649 740330
854215 821311
889978 80697
889421 409226
369722 443292
340199 503106
251795 466820
755344 337748
889497 815544
580953 201177
531895 248274
181820 90135
104242 954980
916256 228064
673042 82812
630590 56265
150368 470732
758894 536378
381524 806104
46452 342432
494927 755622
433823 507073
381652 744434
462740 586111
921254 264282
787512 206285
64508 907684
886517 382593
776297 320224
515053 806536
919199 429533
704968 177134
903790 416016
213834 130782
302285 271636
737446 399309
651494 941830
779504 28904
151797 457957
216292 464833
345282 424258
307662 422968
206354 885725
612875 801902
16147 733078
311747 231420
637833 775742
676379 15706
642222 518023
743829 939265
310973 694712
116590 823709
132255 781536
14775 432803
113398 970294
917733 803717
829283 868153
744559 518835
214299 91713
557877 894835
486087 314990
956956 624272
55143 139725
121656 80632
332737 931561
646788 660632
25195 367643
833626 108629
200286 451589
68209 225977
286199 191
734215 714170
997970 839724
75303 889342
959649 62642
226468 629445
416357 935026
744272 296229
457769 93683
393819 876365
380286 363856
67656 778957
354518 980823
822884 911205
302791 643121
435218 236454
448597 340534
184371 102604
538556 680075
157719 822283
471911 198065
90651 67959
545689 736610
112614 416131
296090 431794
69540 233623
524486 887330
379489 209603
955616 298344
697895 413038
80646 479401
125318 985884
640530 944475
50243 976797
802803 439569
872689 49480
512079 843716
234489 513145
722935 590202
612021 701451
838050 396801
881748 231375
781824 939622
850374 318598
508543 944524
709782 618295
338073 482367
802752 123101
391324 916671
490421 354557
443000 796224
931890 311775
204414 771951
286930 450956
375116 648407
566363 27211
607319 770982
287358 143672
953213 649810
993910 733258
975936 895731
565206 31677
497039 753877
212746 872026
104133 201390
665468 882618
518910 987772
930254 544366
431912 879528
987475 421816
596216 981463
500050 478633
40496 787735
254920 719126
910274 432491
711617 112811
54652 218617
402352 30629
521899 446221
468425 422611
97636 223661
478965 412225
760006 241851
289169 643780
494010 240222
699611 275932
691428 454940
95065 906998
547873 666352
138236 25640
385986 288553
88071 134249
477122 264760
52998 750396
421814 68022
635021 533846
377897 655239
14299 714732
224329 165328
991955 312136
250210 895260
421148 45073
881588 681451
729097 632838
957192 700014
623884 827436
980457 204643
87471 77912
693406 238881
226082 306008
908042 762104
55588 929253
558148 264765
372046 800619
432551 976797
707107 820144
760547 635992
580706 626822
145088 677994
428027 813325
477188 811128
435509 144851
889339 932073
811944 368092
820986 753646
335207 249539
936669 173514
841411 96905
692158 443643
950067 155578
582628 303303
639650 800741
588753 982051
663876 309963
193383 855620
884178 599187
116771 449793
119482 716509
35700 591786
753534 40572
307650 165737
43269 823499
866554 754390
360542 382666
52377 382687
147343 642341
748074 340922
299367 396470
786122 146692
495448 447947
289195 931864
424366 965727
376970 971868
5732 995929
918866 203356
976918 679391
615464 360705
128686 167619
666408 565141
144313 818535
576067 465246
30094 560321
942318 534713
312616 582601
136829 277037
482000 556345
214182 20553
992585 623685
510353 269409
328256 421409
543131 998218
151167 819811
224881 420100
514293 162323
286142 80879
308336 410602
429561 110601
249321 276158
594368 883763
819157 631327
691221 394571
434043 680141
744570 34889
330194 409890
293421 829835
604061 881991
456938 969867
384904 350545
811632 778210
586975 877287
500432 163788
790090 827353
140560 416994
360097 388756
888963 743865
732287 272777
573973 758490
870304 623662
515592 740134
210963 828287
803929 872642
833057 681447
152917 965915
650600 894764
975172 659454
37285 476094
153725 294426
114861 826838
959469 220235
527779 404930
302313 643457
779785 442014
379741 609332
153716 24046
915680 497653
85893 841465
217672 388414
137749 647653
774398 759141
279236 538665
452375 669934
956716 248334
452170 766080
738348 496985
319363 358242
885992 286121
551920 3088
952762 987243
590953 631162
623227 751455
782850 428761
983550 112931
269463 904742
734578 82879
189757 203150
441641 586999
680914 37938
543376 87880
358623 758397
350318 743726
141629 70355
1728 895880
797143 944492
622579 295343
670785 559531
915906 182338
420974 553416
29155 460361
483106 693459
637606 155576
93718 182590
60870 327820
753647 561612
973882 21605
827954 924204
417756 164269
261905 804626
603122 923106
325497 832170
662321 687934
843770 106621
296084 407230
75560 158299
806956 224570
243121 892820
961638 860275
406482 288656
929863 605489
980442 241850
6145 993209
406903 534925
565065 582749
147276 441893
832014 292204
492924 112468
140476 669002
212187 523260
219486 68021
997077 859546
550048 57301
453350 688704
487361 176556
954254 715480
65779 559470
342794 397718
342199 77857
993083 456544
789251 777396
400437 950279
393605 480232
435917 27737
118579 700047
962536 209658
52787 611948
815257 466027
618415 915249
408475 692837
773192 228656
86020 395476
868678 297403
669575 889459
263520 507216
515841 845107
912211 410437
826626 220920
488534 194537
866277 344703
142691 710011
859446 792015
776053 941508
47242 881625
629454 216238
466151 495834
51039 207882
435277 51703
548255 602712
309545 165036
81351 919674
77191 539757
421031 506176
254230 677507
960246 608860
38351 581142
635605 92471
41966 540180
37820 224958
874564 2337
833310 664183
223424 577382
207538 61981
143185 118666
146988 486472
605870 945761
275786 355944
909659 220266
574757 141660
92190 166345
837639 286350
55970 404974
186541 205160
790724 599017
113489 153185
217738 943871
765559 60447
255195 971943
799704 44715
616153 447733
404217 981012
958034 138260
84036 761342
36343 479742
620510 99619
650348 67867
463278 333735
368372 97644
467398 652420
398508 316876
763792 987923
977694 509578
686407 344484
878921 779574
243387 803796
293468 954852
572669 777436
492086 379582
511087 370287
745859 391616
717051 570007
808403 17711
195469 385865
968948 653284
255014 946530
160661 932032
388892 674371
144594 652995
346765 561956
706805 145102
893807 945567
861948 203796
53792 543140
171520 224825
427676 711319
230969 361269
178901 376438
156102 877958
105807 945832
859359 71006
582538 210325
333669 677626
736792 358617
52856 152733
545606 54309
81115 107515
239751 453480
864230 183924
303870 698795
749979 864648
984245 367684
411900 309852
256452 145473
981226 302321
423266 351915
310053 123909
86306 17399
177898 86547
652973 435443
777109 514501
658180 421507
688623 999542
739875 9418
987173 714378
497054 536104
134128 511867
947484 538868
602696 127131
289083 335699
305541 300118
838941 20670
644128 182590
231044 449456
372115 351961
512051 394035
42578 308800
557169 133591
629477 405145
456688 85522
351996 960357
558037 988921
11403 700084
289714 489464
316402 337797
118448 485685
768925 469314
700053 104262
685498 905574
853474 415855
49702 481017
185210 729156
241560 451280
257773 618922
775324 279784
386013 453731
616859 496272
156640 663216
324131 459719
103045 86901
936872 404662
555304 469180
104243 188163
107296 191731
371733 744651
801054 994945
946953 935997
715850 846118
602791 588253
145536 298302
968828 396118
245597 700518
116839 956231
497224 160122
564106 382140
566397 451773
161836 601881
76479 862146
110287 46389
189224 268528
724462 64124
367062 766471
1410 674202
144721 46736
284759 859536
331503 583003
895937 674688
877020 238397
916264 441534
354407 533963
35618 195573
264538 620446
34166 209215
263722 771602
875656 493753
298825 546946
58372 94356
37814 287867
736817 207383
636528 290093
493052 803067
606918 228761
817877 22563
95264 719087
66807 427783
778364 49425
316636 308905
723526 254647
8159 22296
100299 868504
559858 734858
786404 532305
299552 663086
500384 997960
838049 639685
767794 888911
108721 698347
804612 987531
742933 183313
823034 827030
657910 873448
606272 635662
716412 230955
800292 764870
733709 694241
481469 312635
897489 949605
786097 478533
128224 908042
37141 636501
367725 325879
736893 552799
72578 240946
781971 523691
31272 556904
888400 469750
667696 706015
640807 121355
256231 554018
9104 127874
947200 39124
76333 765959
194783 239908
509375 606810
51857 213411
376867 792223
684330 699498
395679 181871
756820 372643
651863 537571
674829 292635
493722 539313
151431 891207
796841 293609
611888 322419
476678 824511
83032 785043
458081 300696
910815 138809
693460 42543
452845 142696
211279 872599
364990 862338
728932 660678
317422 291231
599165 102708
15663 788935
717725 126145
853155 285279
585076 724062
792743 877637
733997 75079
347844 971694
784500 287440
505973 118007
968914 903758
298185 189699
957767 581574
755747 153623
210031 391086
263069 392006
27082 439574
705141 873835
879029 492346
453201 648134
566189 745799
965025 74341
313039 480374
548850 79078
671125 646772
50809 126291
640389 389474
653481 570072
851838 595557
901345 557172
873362 340125
704541 994249
17974 67597
351150 855951
199811 542696
57959 449806
505119 64486
162023 382539
709570 920366
321310 127646
924703 944143
810022 759151
897241 116800
195679 549856
638595 63799
877719 613529
838686 925461
684553 874577
145865 405107
211191 796288
762491 292406
307713 153898
572057 768471
826200 449340
489090 959052
681784 179881
661727 454792
50740 693941
635127 774873
483936 794975
452244 841133
421544 472833
381876 512190
562887 813667
75522 905779
168043 980676
790981 217473
683434 544668
62613 523194
375844 273380
399759 806006
718156 615293
117996 381675
156347 470191
697409 842783
965571 486181
207695 232650
386202 484463
931479 603325
196739 446913
191304 534660
241051 349391
610585 602520
390249 407836
716949 943100
356544 564034
443421 312730
45707 919805
258345 690134
892977 458317
150628 405089
197412 749270
297594 479830
268765 52120
125884 206125
716831 145079
716466 312609
693355 210146
335542 139700
748383 357771
29579 473762
360325 229240
713038 355994
288602 54336
81859 251131
363385 4273
666753 48797
783318 439452
998286 40493
115743 722277
983071 606181
328439 330211
990195 122968
382364 722010
638361 993211
327497 583522
521218 532834
648896 886730
29339 892639
788921 980950
235920 889101
804384 942262
219048 854726
