2000000 2000
852871 542810
852925 650641
21979 243165
328652 392862
333048 732761
728116 215065
8002 133345
47714 413898
585132 157657
601728 21569
342487 460477
937136 456046
646638 562069
234795 652453
12519 335273
333347 730942
348726 176577
286293 369997
452349 258469
311849 20683
862420 515046
857896 491340
239040 637676
779365 652841
485551 307273
703161 646737
684668 476996
397679 593998
690468 941822
231877 469773
74710 807866
621108 778529
36734 871322
1082 992348
601725 881762
490364 449233
528155 226481
900931 398472
878392 815228
454677 564315
127972 711606
358464 575007
140175 61087
281050 770585
98085 693483
612761 291800
44609 657494
426180 470767
34490 229539
728388 285856
111570 484820
190672 579525
742663 649884
147201 139524
990685 686328
635724 691320
453344 969699
715956 639187
974427 807141
882816 353897
250987 82983
733918 243172
9620 862833
253092 200313
603772 690077
424868 282600
859976 419177
864821 246630
782130 607050
931684 262232
367442 229652
773816 692478
840375 299296
359010 255875
853614 696433
698589 769737
645740 823225
697865 514152
370000 461943
846673 233322
492776 659973
204379 888091
235615 952853
426032 949270
418335 203791
984083 543124
506821 851798
160966 312959
544772 604498
998719 835566
829047 81053
24241 504622
14955 498801
746947 240496
224461 375657
144356 883425
51660 328607
527301 134406
212722 978745
313755 890428
117880 678796
785181 20245
535836 660383
903671 219792
249004 357161
988661 383641
14749 71548
746745 560241
640145 793685
859558 261737
768079 169492
259021 434190
808996 585485
57191 164224
912487 828337
234128 327653
867003 363421
430940 933175
421578 809969
23251 928064
471424 589113
42647 571806
413811 871027
603218 528894
777382 484418
213708 824387
705953 252936
820823 443439
779396 74558
744219 604541
242196 148909
8541 706358
114552 411571
385285 159718
881613 835824
96675 609519
282805 432228
307960 732519
480220 414296
904645 710372
95864 815196
495921 974298
446967 78448
283742 72111
529276 938166
316835 333481
399653 660980
143602 800705
30676 53907
249680 9707
684277 524239
104767 525192
331322 930543
990546 16707
343466 784793
923753 342936
112087 576615
710566 757074
503214 13326
591824 766386
834833 400944
435526 989448
678748 805452
454133 300269
534180 56511
903838 868332
525585 622508
136761 171869
309133 992964
182288 370911
916941 58585
208246 943991
417551 590380
92363 758530
557569 719758
413337 423789
865771 825991
525014 101825
918173 395728
493052 161983
34894 956828
203455 261800
956874 51737
560145 332279
948716 99324
775696 529588
45855 465107
443540 214985
215663 502973
96918 498610
789878 585950
32018 985131
662753 982989
170461 902899
848198 883341
701868 128989
392288 714944
727260 373550
140650 141411
823054 34191
715145 236653
485531 324515
746829 307734
290971 549768
290593 106096
502084 179019
565136 928270
582884 372206
153504 783374
421350 707609
625770 358996
582435 342850
568861 177470
233902 851136
925410 976020
737451 834385
922661 12224
110244 77269
795378 199166
175301 640839
148543 89362
990478 177671
121962 271418
302988 321259
361709 94062
42672 782042
992919 641057
974894 497284
917545 737859
630693 213356
302451 601819
740082 693856
962449 664717
825367 998623
659186 632640
159621 879073
703120 127298
347995 203412
820184 974200
844114 536813
186988 751135
640047 713634
854561 420878
278211 667783
748659 449766
152050 441825
48178 971876
424486 167063
921526 901949
940372 618216
253739 24547
405643 877518
565042 5005
919715 244061
901494 793495
327904 416872
66086 369543
705421 252852
555755 599611
37537 312746
926643 308012
635365 379935
837078 649954
629936 476883
368634 826915
682940 424087
639357 531807
121122 370979
549933 253898
962748 952322
528046 25272
321081 887466
594604 18994
386884 770130
908293 510865
939476 598000
121459 53140
976104 347941
115752 369894
5197 268014
382900 722760
451197 701964
643549 456875
163321 797713
112494 523204
624307 152674
840121 619536
10097 741568
71373 90559
423568 998679
754523 977574
792148 736864
826980 248198
468809 246629
139972 805606
678111 614412
103004 525920
508487 931762
243153 245534
444532 965652
681116 939198
848831 936348
108714 484002
308316 496940
456539 901014
420569 533879
375178 712504
984265 849533
119889 824540
912468 937735
932453 912354
96881 865391
253228 553674
740832 440852
920643 9244
678253 850743
299875 520462
835604 412889
970453 674509
571766 584044
167183 398797
125366 580385
70781 945707
969116 206336
190073 231187
967165 780420
446758 732467
608390 988236
271886 14517
478815 634751
789793 9173
566368 77293
623144 706546
295059 584214
92043 469246
735151 563831
279120 326705
938651 865601
238036 773142
544275 437882
631186 346352
90024 620476
879230 199600
715404 851339
596281 999016
191812 540799
793125 241810
476491 922440
84276 428798
352069 280195
336444 97601
387609 458354
816201 381007
863874 718986
873073 944674
73662 683981
156167 557679
252814 735224
353155 846798
655042 442503
867990 714705
664759 137598
43317 54026
534862 954279
335644 215522
530721 114015
685387 828572
397751 42041
948394 81669
316708 967468
520884 628506
461893 434609
875311 252745
534500 257146
619210 306004
944506 652554
873503 165086
848403 515491
964261 58436
942001 436613
973977 287001
285331 466262
402594 94563
230780 22240
453358 418523
533891 347893
234601 579143
18690 590926
932960 356951
499314 307968
804796 568402
971201 262276
657691 417599
343997 640445
258658 304311
18846 799811
437701 572390
68658 983856
44756 3240
673076 696608
118655 51864
346791 112728
650713 658786
574898 594203
362117 619312
741668 911537
334502 552115
544127 967786
156822 668334
914748 792130
545959 847844
949655 529650
234068 347300
773615 802782
574449 680423
370432 196330
845766 900471
995865 9479
350101 255967
300302 235065
280741 613602
232096 160752
376662 72557
13940 26356
869613 638906
317296 574814
847571 58006
658165 422549
2878 351032
586250 669352
221643 375045
62834 592098
804125 940193
972790 397658
759450 530633
355123 952598
888746 539283
104 554987
818366 62555
789349 933755
288203 285516
472701 349758
39199 951690
488986 604673
64858 324320
653703 896579
296178 15352
123440 471508
497177 1307
135124 931184
162271 9001
5194 693103
993262 535891
508887 424927
480497 757752
752403 202841
829334 662715
769108 592733
574080 955640
384786 708541
596232 569843
951187 97559
668692 107985
382632 227324
167667 80174
247850 576404
17741 556560
544221 396766
418026 462306
413574 60005
768538 16865
979453 222540
590044 952646
704068 768944
397434 879632
405541 752473
74794 577723
493105 347638
272384 712008
425894 287992
417726 411421
897599 856862
270868 800670
913157 263364
5805 782656
586982 251701
629838 358345
850576 296651
300650 213281
946337 194983
38658 198756
48286 791916
984379 804154
989452 54847
188158 684359
325540 100431
267390 890776
147276 215794
560715 404122
880261 647662
768905 590096
799377 340964
837361 215374
767430 843178
605558 725773
940306 334695
931973 251869
394896 34540
126808 296281
747550 35009
317493 791417
270481 407719
723551 113028
445880 987824
537014 40414
363420 891479
569603 831501
287731 372204
532725 820595
43465 335765
703509 547408
509574 839051
503051 518735
518290 211899
592859 998538
737295 16836
512634 463093
520858 224329
362445 481082
371682 470052
419162 385366
480259 415640
428716 85632
434706 131893
271682 597678
449182 998925
348335 260109
130309 562340
145363 632012
496702 444645
470485 856707
890544 974147
206446 47881
226463 908443
788254 584567
840456 490646
348223 480108
521873 723270
389925 813536
265395 87263
766164 227523
157564 504032
705895 957248
568412 178670
240829 632454
880746 378869
336307 228413
398708 204218
781629 299553
726150 416536
317480 92165
383852 89396
596495 448807
250710 162149
266365 593212
457624 583881
389261 498970
540114 34447
333064 256196
871053 476191
29161 791331
237960 98670
303020 869651
351668 710533
51434 650493
420919 406822
476056 172902
888535 895141
923024 424700
649299 865183
603729 725154
22263 117583
485630 208254
620173 440519
134424 162975
570310 884319
505269 349905
250548 946061
205517 857498
850195 442653
345247 172536
804092 44398
302065 204176
337445 449199
884558 697192
427788 102747
688313 202151
996116 162619
61967 866405
140296 116452
566445 791392
277724 178995
108006 5828
868167 432995
560550 403789
686019 846363
549780 587655
673677 24378
316220 416659
807383 535583
744458 70997
30896 98564
240835 761662
745983 215038
352409 1125
116830 239772
296710 276410
838424 32145
831340 63124
634228 343896
899732 991767
724791 191797
883438 382462
275922 114467
510188 770277
700137 256234
153558 109048
341845 435699
547505 392725
587945 578052
664206 195918
639337 616300
344000 657347
137947 479367
86105 10441
618518 650144
642226 514332
384423 956646
467082 468381
436793 902949
145859 68288
648096 259377
596846 706651
720843 950703
1528 974450
318259 258969
798000 773652
485751 274547
471620 87562
664124 345973
947132 39672
643910 113286
565958 920944
782121 34898
116352 738698
905653 99554
72234 373260
87008 781397
822082 493309
813037 401981
922846 496319
111215 641296
358846 78810
946805 35722
801328 174208
163913 998951
619874 394459
20581 504126
623078 658527
36804 85685
29792 252394
183099 415013
246213 351369
623174 657827
289363 848487
318703 145684
209091 601546
924922 469810
366626 555985
750251 205813
102010 815414
320380 698552
557085 992632
885377 920128
96698 851205
87961 872086
618804 781122
234877 558585
113601 754292
530660 800546
141621 262925
144874 97333
406966 992946
902673 422537
385398 503122
866291 487062
442588 668242
330202 206311
107346 764126
295195 978036
917983 766503
189009 829578
249955 290485
234497 835102
813856 633242
280413 277201
604159 132556
383914 583701
909557 584063
491294 288474
928362 419954
149170 50930
507104 681218
78101 40978
803039 3045
785031 206306
450611 923586
649300 581043
311666 384431
435379 498958
319791 280290
110662 350332
43926 121718
625356 35864
831994 671823
753431 585901
180457 678242
260446 166869
536353 759483
683290 256924
255614 624164
678741 625730
910092 562126
425229 531302
937887 35495
527360 506464
653494 875725
418277 68991
454514 382361
843484 572182
39032 565462
139066 234061
359136 366206
533060 662146
757913 584681
258470 994847
15132 76975
439311 629278
904565 146747
18327 939437
711052 695966
599078 765693
988072 576111
783249 517877
503286 312081
801925 416272
396115 109069
404740 465122
781374 842221
716784 589449
25757 242483
802865 789394
596956 95062
264167 112795
650458 118204
666208 454082
983278 511004
903427 278981
115945 324462
21375 232309
601843 884095
200966 753100
423533 982157
853631 957281
274147 412031
533519 890839
694434 96195
887207 747861
920840 895753
919736 269653
17840 781814
873614 549336
956124 807502
791098 80155
454116 125179
653548 569114
875417 343158
682066 693525
663853 469145
492139 801606
328105 499056
289073 489173
744399 777886
821655 725325
529180 835416
566993 573656
824747 962034
703801 830700
533882 705040
951028 789909
309084 938183
586795 598119
904697 711149
799092 546145
604681 145691
151247 804581
693703 756284
388739 691472
313715 984552
535948 231649
279481 532372
877066 568321
53265 528683
168071 570227
933279 761047
784604 512655
98748 948862
468273 100684
750823 48367
683690 367837
222852 984191
307410 38527
242341 885283
530208 978100
164704 660233
340793 819186
586931 759432
722390 51186
423237 183032
902886 544419
613978 359614
825236 773604
976308 633386
785779 161359
95793 489184
762002 588636
977392 985296
858905 455449
826547 668316
758019 127270
981753 241132
660 929922
539570 397683
370888 381870
60802 767406
658687 759793
285105 678872
566678 291234
287216 280999
336765 152708
527028 37518
638099 344877
900406 359964
70406 394321
929330 897049
265244 365028
782479 941773
925836 13929
881959 237366
159265 542987
588448 552058
82773 505872
187255 727776
19444 899140
340561 475295
259546 912572
184587 818770
607566 738665
780830 519346
424786 239677
177409 569328
561348 668673
914987 270283
740871 478569
669641 23043
194531 39956
628135 604103
471935 520792
271857 671168
810703 837498
816775 8291
143389 648135
244267 547543
451059 433778
139117 591701
562492 660023
3594 918954
314138 812645
827477 363974
543676 824325
3532 718265
122009 273731
335800 82122
11184 228116
148495 109078
646730 985416
279591 256285
980472 155324
605802 527885
586924 655116
327797 657073
837535 955997
917945 504840
481256 481794
767048 471948
458429 227849
627184 3988
959494 307463
207860 610812
101814 746463
370102 520837
241773 412474
744553 579758
473707 983077
174918 978449
140403 827353
175079 420394
202773 621578
154931 869055
147057 416926
127529 891263
86743 395542
637953 554482
648904 200435
282126 677982
524447 571850
942669 165669
721786 127924
12071 624960
529307 670587
195042 384970
273094 411700
369472 700598
633682 172113
386589 854188
630916 821351
593439 277000
173344 360918
584935 825278
69289 838619
281547 599221
394417 849692
785814 351990
135659 500902
923325 228712
381197 199328
197330 429641
21264 41007
116290 108523
313128 547106
832543 561374
243135 744358
110628 622151
998832 553506
250926 304280
296878 295758
746589 519471
988384 508756
927742 682823
627957 936445
621263 684104
110151 431412
662407 105922
75764 78613
683770 570236
484758 258716
591752 780081
128232 746770
64271 268797
345099 908022
369575 898961
12037 848297
916338 819761
392306 349757
524596 928199
698255 504547
399130 168704
459941 821546
700552 425484
546657 242176
761004 491398
938322 822816
6955 834226
31966 654244
303202 939889
166259 322435
562959 138290
489162 633144
760884 420096
944279 527764
670944 446337
449215 418972
273059 965536
440065 587487
17212 852627
824398 327459
929892 714643
367027 674256
822122 709665
404019 627567
907320 383556
687199 490096
248366 615120
670083 630476
471985 244280
672211 850637
341554 972898
553528 411627
876766 800058
136811 524849
309950 38180
32332 913100
37968 822638
650 805902
564200 813343
123434 939585
140166 735379
43666 816283
689469 612373
413116 785409
564669 633219
648409 630443
924482 643059
424861 988496
206747 315819
750500 850411
186478 369635
119142 724906
777711 336804
14206 572805
870646 386662
813677 905003
426834 522038
424352 17716
302501 928440
631180 854388
716631 201487
505195 257062
521731 371238
318036 206272
960405 124246
826480 850229
101493 644158
454975 23856
269286 353142
511779 184109
899063 521411
373575 816575
565243 478731
235231 310530
653970 571581
191020 389744
76717 608043
959991 26133
232640 32094
434599 503021
186878 215826
359237 762765
433714 53975
416216 495627
360720 927606
453499 786977
523367 91385
385368 531049
518109 655592
412808 407810
254609 261493
231821 699874
908561 510142
493145 965533
692398 40348
580854 85320
936146 475874
244391 649260
622568 395909
439910 783215
261869 569771
184712 295523
682601 571844
493198 61672
869683 227789
490972 339580
612317 323278
961352 526708
670106 856320
255817 167190
142957 512293
754254 730977
294048 294805
460336 380277
448113 449951
861769 733138
641023 110021
769251 982223
402777 244411
95174 76667
872580 767217
648706 699312
92084 625521
296117 20736
246593 706519
478043 658825
790081 1903
650234 2676
448918 101256
966400 581439
395580 652881
443607 939956
435371 872465
313337 333436
451672 953506
498343 954093
375198 465460
89642 984246
481793 782885
819073 39830
654815 642197
423368 628567
621578 963544
429429 960832
725473 400524
741867 759433
606587 10144
790396 949762
189402 44063
560891 901927
835876 230606
583647 270207
642906 675266
576307 867938
987786 915551
365538 542566
911880 33609
108187 141641
792086 515281
987705 381845
604874 377670
908287 819323
695175 748086
891926 713740
312215 380188
60048 941414
515253 313247
300576 377644
81595 1199
362031 104223
566991 941972
390256 12095
261468 992154
549404 37819
641198 492232
663377 97243
492774 630819
535624 953319
523868 550621
926363 907827
592590 613834
347491 137845
841831 589168
330065 999019
797393 494903
337378 709411
969839 240958
159816 550908
488463 892354
346384 740665
27106 584787
372445 432766
402149 133710
353621 779215
441820 543193
148222 388348
288429 365183
451765 699409
760052 289542
22239 757667
349522 15213
907164 640188
118078 504962
883307 386657
421588 207797
610771 153530
570515 456842
978523 571431
256251 620412
747652 664155
637718 257137
174748 265797
611263 508612
761448 668169
985948 631397
724198 541730
310766 388382
602181 348989
331539 204754
563725 180297
624563 761103
370178 120067
948971 904579
461594 469392
594304 247490
561058 405438
666805 965867
942508 222163
860048 94501
863716 856435
127961 573441
650169 470427
501678 97427
289619 513800
667972 350511
457799 496566
26177 559220
81249 123415
30247 673242
378156 668373
943922 809156
712232 375821
465913 46942
91193 927892
145094 416375
731174 124676
453752 431588
658686 164571
563289 927589
170371 163880
259993 992697
933577 68806
277152 360609
516880 296440
992792 634701
201515 670279
733688 826649
14700 343817
785959 464058
451469 409035
195916 848763
133467 364092
776440 746083
867302 994893
542692 321031
150376 548183
266715 309317
667877 920210
10635 103334
829058 375616
396115 91923
742219 860548
516093 594871
109206 733890
537552 407264
909821 25334
668614 149706
949246 983241
259176 131725
873387 705110
148071 612128
31156 780034
106945 443730
790830 204353
524248 849673
613558 652855
281642 358232
957992 217101
198964 768855
531758 745664
6912 694885
535869 993681
807698 430819
40545 809582
514238 708543
619953 691079
118346 734891
203543 355230
377799 159457
357944 197809
623128 630955
131143 77025
593070 368580
804003 770968
171591 614701
654046 949636
316377 828991
140670 95639
432342 662845
402514 16853
60761 45731
217311 378736
444943 463290
918382 838436
982275 496509
115840 382193
668211 289357
433752 187630
578281 407938
768631 60557
409706 668872
580111 884
508418 768488
387101 684372
409980 607891
840661 847563
240570 995923
316777 774890
996164 112846
577461 402142
866804 524222
870620 188384
64146 395220
654316 773989
496831 317127
547433 371436
862394 865044
532264 789445
535609 433961
545874 740305
328575 875067
490422 268581
195836 991567
868932 674685
267792 407447
487043 766949
876709 356759
907938 536361
237510 959
354801 495894
195712 238575
194497 483913
322167 669189
272977 508617
680776 825732
147772 792338
22299 573260
272915 504619
741107 487060
846195 568593
114779 737261
828224 842644
653881 680723
374256 492425
178110 340403
156223 730658
494596 351961
177059 862174
517103 954623
861732 108504
275150 695757
76380 434087
760366 515657
357051 188748
724283 64663
219974 797756
138676 546833
647314 383995
893376 636769
237741 962966
473917 822502
293499 18770
10148 814243
727483 950521
835444 44540
833069 506401
733819 606731
520496 905440
525420 978928
186201 829897
313375 368775
305622 949172
100875 884262
959513 136418
635730 671903
475913 732915
488633 145517
326661 42628
783205 297166
826756 824704
206631 970792
88513 510669
780693 386093
487539 46672
870101 350117
565171 301029
780898 454980
198783 13773
141588 213908
86128 461475
1706 141499
364369 788285
720706 391591
923057 386799
517380 349565
281481 282753
926813 17001
294794 320947
462300 98076
66257 744468
460004 769481
893088 963003
330704 38822
921678 869675
257586 969886
429895 272496
606262 786713
543913 6422
755829 460919
847133 193680
246546 909208
636501 847473
193358 934078
438160 252113
622786 308380
336524 731244
880350 998130
704291 131935
755583 127991
82362 904594
492515 133034
149602 205379
313047 91657
550103 6646
79995 233616
268688 495190
667799 615039
312941 370035
266762 800525
596696 673087
583798 225705
180552 432345
256092 812851
501867 439086
78802 859277
864552 346420
94357 867610
992298 823782
343275 499781
182756 547580
257852 17368
133788 833015
954196 275217
968197 434058
658962 310157
906029 680379
99385 704600
457085 276779
581801 178035
144923 62272
345013 221222
946740 173625
235161 352282
269289 157969
546430 190160
454129 782397
693108 615192
84186 701769
385520 1582
900395 737198
724069 663883
293374 223181
610439 297266
733271 624079
890329 658686
8020 890808
104779 81520
738671 316305
9318 239415
402181 546974
30330 562149
383554 760047
834436 258728
564700 733548
702473 473143
338368 941137
137229 898847
310004 701361
437347 759931
450007 141967
945282 991610
4213 493214
494503 726545
351704 335294
706077 278899
727729 410931
210902 687202
514246 557138
496145 865303
705933 922336
184016 465389
745596 646471
438714 42691
343009 383141
773718 623699
315500 478875
392558 711913
580560 752171
884408 165967
174091 974022
391623 687228
768738 829430
10839 163345
244524 528524
916026 726139
456189 228474
329880 307675
576274 916540
427650 997147
521246 273052
629556 873211
917809 654777
956642 215783
741685 132836
996446 463593
857342 723260
720703 503666
485514 369772
749977 835485
377296 300609
782299 766618
819964 966421
892848 542532
660185 423690
58001 272234
832674 765987
407206 870869
429895 660069
901643 988476
655078 405850
46838 275669
830061 38931
709578 22885
817947 734873
334177 794092
745886 319503
548662 540747
922842 337966
704479 393551
312049 571161
993171 474035
70926 26465
225463 613821
746728 66043
854458 351069
458877 377574
702393 396515
846571 656542
956094 559832
693156 402384
794753 579017
566163 426604
396906 580751
364118 473160
386783 46276
757199 878229
325332 689837
100731 223311
526193 640026
900589 609197
585043 335035
748928 49411
221682 962601
589218 722749
113971 399180
747865 987149
883755 587962
62715 483634
766153 349321
978083 373574
938089 579865
93814 64641
746129 802881
467571 650013
175534 832084
759690 13763
459051 661627
627227 349049
899618 19823
346819 511506
994759 417381
847957 132323
89602 111105
466616 275610
164775 27255
359226 265492
370635 580196
469905 37894
694391 703908
296428 110044
497520 835781
263177 581896
103676 987044
454208 276614
282748 35888
909774 252185
625226 665051
704505 757321
709886 249126
918600 776326
729168 267816
206223 793097
627829 819579
133872 368408
717460 370284
31099 304275
833093 557058
863769 884496
857808 633997
661756 409898
306145 422034
202985 711884
723127 502063
998694 178983
476960 465731
219930 511322
17473 526862
410629 726270
94413 305189
116158 793246
285594 101681
9267 885413
398773 902692
601638 74820
622833 511411
393868 26471
194963 456314
924442 194953
920892 769911
694541 792492
327099 439633
952993 253493
391442 884979
281542 720906
918411 827689
20913 683961
223023 254618
848640 584864
282314 172165
241624 60346
767132 237437
429898 642185
126727 709381
601382 199776
712982 501920
834872 6038
231195 862949
44326 945539
491955 922696
390699 135532
884993 601867
368378 487564
656667 218897
739816 305905
911577 87994
703569 883940
93418 829805
913494 277295
258867 876753
99348 841532
780395 400988
582083 316497
213920 391259
548693 985630
380365 153348
549042 996057
930506 704028
23908 566649
825464 908248
950096 815614
321673 410661
978339 204028
510728 375603
223015 890565
418318 726063
692557 572870
32614 672308
923807 993268
513491 428502
303285 188198
320397 305678
228642 796399
372603 980787
968176 743394
891384 932720
668874 467079
239819 979658
514608 475525
732942 128868
740528 296478
1732 460568
912761 464693
40814 995891
872060 86586
343181 120713
962923 31775
724671 407778
800621 672270
334373 842720
915822 710912
779428 884825
928258 490447
802354 482952
126965 934492
809644 141150
285874 180449
658774 69545
192010 954700
166194 386244
429619 208113
20370 490053
782404 800570
91753 45619
894659 948046
149078 650757
658603 462246
93991 456590
64927 158266
397622 727862
167098 435610
788297 33333
296340 397524
240620 73382
190339 438712
232182 910490
543909 646765
795052 623540
955054 177475
285648 773441
121509 879190
323013 115139
640105 897724
549664 710149
198395 372604
817221 472069
718426 980120
378903 130445
41646 725295
766325 19585
935658 701227
768679 711158
832966 906172
789342 814261
249364 174353
967194 181917
260666 811651
718142 168178
874315 618374
891310 229730
944345 204427
788431 105446
602373 270556
494016 441218
56686 557467
736057 847216
864165 841291
825727 22196
61711 807737
349800 817616
53714 134356
960985 828724
658228 769301
41683 252487
946055 100020
176152 35147
687763 553829
956971 249995
361272 691166
111028 166346
452772 465760
711517 872304
79258 430326
577687 905893
556434 583508
450265 373167
850297 77742
969115 269221
578418 877662
150112 858797
646147 172209
407124 106694
50890 15330
28802 233289
166514 927913
6392 488946
291232 945021
623015 81770
395637 103713
536175 955143
181030 964398
899303 732602
102090 436794
370635 307252
800074 806340
687036 882109
785920 951057
90567 5196
40853 671339
178536 344167
698477 42004
224762 142801
871283 144209
469218 146802
9147 514962
23920 330466
876466 465630
580103 947006
207398 265049
18756 484033
307676 922395
727861 982182
901217 847501
851703 512447
92404 462626
589564 787571
395119 976869
383212 4456
892874 831209
890960 488117
616345 86729
371639 563020
847792 428376
218472 160071
753074 870951
805716 808263
261986 219221
763620 745487
904812 204981
588140 898996
856573 750504
750526 919983
139495 911485
649588 829871
766250 865601
241527 374808
775998 180304
422274 368981
22641 252722
566516 204500
655308 469831
247665 81106
354397 560967
40030 262258
314266 285552
787497 250707
770719 684781
666693 880915
638550 244717
617117 900589
490218 641892
15302 41007
823561 813184
491336 385291
313298 675101
632601 148492
75612 256891
587759 808943
58005 312983
897760 301937
154939 879285
920334 425908
815750 186444
360269 330792
901229 387150
884549 294618
728798 584658
59758 764663
134100 201769
310579 475535
726276 900186
596409 387607
803850 293123
577042 196743
311174 753383
925170 958928
563069 989779
236917 329072
524844 577309
730606 911342
29396 758646
748285 76407
347894 332239
54427 173434
654650 322757
598486 908350
8005 215001
776373 715615
497765 999084
15117 505800
701325 156091
420472 441057
851061 35064
448324 380044
18813 88344
987049 663661
746717 564559
926700 284340
913268 835161
696243 353012
61153 23269
936693 466725
3576 81751
577391 129048
234911 372891
303014 274163
160965 432640
685752 971922
60043 169666
324812 475546
733117 273141
885953 113023
50403 765158
883299 672062
132641 933503
680351 385396
620673 40174
896776 466520
267685 601339
624332 391953
383787 742934
493015 46640
641798 88998
157228 555802
401805 89526
669117 529563
114042 935288
406870 488357
1414 428799
879913 871589
126025 697444
122797 568788
251605 386364
962084 960800
196337 339312
804598 862812
562388 855525
246904 854692
693699 448079
825926 941312
588845 615631
597845 907321
255462 289826
542406 794745
305626 7525
206180 327211
275236 18648
256088 219107
747788 689367
938105 179357
75332 580364
367403 454317
720410 46758
689390 431305
205954 522245
820519 223132
701363 785711
671455 351659
13095 84110
426808 741471
822972 978110
426610 847014
101105 4326
661173 701252
164719 782993
985350 303668
737696 836309
935891 936315
188488 543944
51374 63435
433946 812169
384993 611205
10440 647294
203841 254767
670101 718200
809925 254482
183562 879279
675036 637368
377168 608808
364506 494021
42508 948983
187653 276261
842798 3539
904681 706648
967473 12321
742907 643687
550268 489491
16908 674693
254467 132623
179723 840064
935066 80765
545593 314432
765513 327311
879309 5190
36367 762777
837034 34812
992447 669691
322388 919718
186875 576900
270933 526071
680363 168883
312777 49457
933103 631725
39513 947721
24417 282234
