1000000 2000
105322 372878
323361 36526
433350 78157
242892 96082
191030 311512
114294 60872
56102 105459
330994 129488
99828 403706
483979 367327
242613 345628
133489 11460
212125 57085
477937 462406
216323 421695
76501 30961
197017 332905
261178 329292
244452 469345
138162 165072
143953 181997
122990 311691
53239 279687
93864 469316
220657 71312
379657 91254
121503 376543
37856 93751
7794 478970
379557 69196
474432 400190
252409 260849
343122 228459
232738 85547
297564 451331
467077 155622
344923 300621
92773 188704
186974 168779
136448 80512
35536 72466
81508 456645
129181 198763
158141 125795
411346 63510
477037 117514
308489 418975
344327 369919
134827 23994
231027 237065
265810 395036
3852 336712
104594 309870
24184 128825
144900 227125
405194 144777
411120 467714
214815 398129
422756 29332
232367 386022
340285 332013
317229 163117
90536 376214
61924 372617
428008 382259
132658 410706
298967 358364
394462 57224
83882 432534
457560 456515
300094 352633
187762 192029
219177 317210
101337 297537
238706 464871
227650 369587
464761 324647
460830 431696
227507 472298
183028 17302
164559 191530
444549 456549
427114 114601
319744 337405
314019 484506
265864 363257
151831 136009
310830 498161
369002 40570
463988 428325
490988 217213
414213 490852
45653 287118
72693 483617
10901 160901
385909 340576
395270 305237
361679 400495
78249 97593
451214 297576
412054 273773
17293 293141
278493 316703
493848 470387
250542 215993
191091 187533
450835 485448
111477 57347
488198 210757
95599 379417
281764 22727
63152 111913
122872 385487
402362 290237
166902 202984
137627 488847
405073 290620
50028 466281
29554 452440
290187 92902
495002 410992
38406 174553
434645 141803
55353 102842
244922 266677
283988 93205
425934 102287
31773 334602
289295 110837
323050 150581
200945 154143
459171 340125
317684 408961
402757 241033
76455 28311
99984 303880
11816 286977
349192 315752
422610 143023
195814 10254
91499 357972
342123 477237
295232 65208
108553 389168
12548 219486
421552 167941
27362 495585
285228 2437
220972 277717
328182 378177
415665 383202
330562 148208
263091 121260
369713 25507
114884 61967
95448 179540
355012 357693
44458 267988
146864 222082
258320 128167
31005 19766
203828 188834
348916 154802
218285 353880
436779 203431
476346 159493
293637 218505
467299 471479
491071 194280
489420 378091
246491 409786
460928 49866
174150 145249
86240 11327
247397 496379
189848 480142
302888 258282
9013 33610
245502 447031
196849 334745
463015 444180
184925 193280
241429 117638
188257 6215
163888 139381
314372 493631
491318 147567
153657 366469
117001 49755
215333 69488
209187 330538
450893 1023
204499 442703
381933 256066
103013 374226
444411 492140
456597 55732
385544 377358
5077 125316
475268 81640
301280 91022
45598 276266
487175 328747
204330 250421
441425 225941
93116 143704
337318 408821
373735 302743
195985 482609
411016 299258
433348 407016
189923 31762
209709 201177
199914 121804
452563 265323
316572 192005
307703 297673
29552 152352
126009 472258
193502 377883
383539 317707
328532 348085
461591 83713
469065 281024
87243 298927
320017 124299
196256 243494
375318 345422
451121 480131
479764 198987
84543 133278
319508 108937
126216 453203
103943 481289
148655 459397
362241 271211
85358 358441
294154 69103
456180 245851
278391 80398
89738 368215
47108 468402
461964 285963
354711 365312
234874 351764
340444 488673
381835 469796
4060 435987
464576 11688
218759 494048
460591 499332
392376 491447
99653 39590
445236 55974
68291 439583
155770 434132
303691 394288
422942 298848
126744 425997
247222 311690
55118 102879
301656 38733
338159 453023
407097 266563
356121 409798
428742 464162
334463 50648
201310 290815
160572 39698
115787 248870
395233 23537
353747 499535
68089 276362
309307 345198
124826 58889
288202 415430
38805 293862
417985 36697
403380 72155
401448 368658
65369 425493
118299 468303
140474 43404
158317 342674
18897 194078
67663 388436
291967 149792
355795 300457
88240 201231
194824 55753
352788 453250
11942 281060
252476 109086
81446 208858
205731 446186
43926 294525
299067 488362
28532 27849
180654 458999
445566 193495
336818 382218
469019 42867
107721 421092
74335 1431
288366 272109
237056 420057
469035 288131
13185 275356
405508 424280
106108 32416
268798 425863
382377 32366
142290 205060
239209 424805
348280 214816
125498 129040
61722 255553
375151 229703
266501 103614
193499 319210
261174 78688
42099 176081
30887 413989
465204 322351
385106 256636
114716 329671
18956 450934
337717 78366
365105 21256
432770 439010
406280 294505
456458 326989
312457 223661
5235 74588
123708 281238
177302 357089
411898 311015
142648 296400
15249 245099
246242 262455
274252 109262
238546 237510
75207 284457
234647 79410
326375 346514
79786 133461
368809 71876
297343 80808
393649 63849
84577 297959
300329 276794
233864 380499
338814 81945
61059 282171
303377 85469
148390 65728
430658 478801
202610 4461
493867 294163
361061 334412
34695 393142
272652 299569
143137 200913
6444 179011
210957 90452
89885 33474
124670 349149
251536 349128
411586 404162
97932 118616
70021 271190
181980 144473
421100 377790
369036 157522
283970 478653
51273 111834
455523 232499
118567 481946
97410 490021
446613 459474
158864 185482
153208 342373
445505 99356
118408 23410
267275 312439
222743 124014
435476 338442
494092 148729
481050 236142
131124 328791
254522 189632
168966 396381
435912 205766
136288 233234
193799 346675
240445 6814
185562 412793
316404 279403
433799 87404
229572 443739
287086 237843
475665 40646
111934 417293
285566 199721
317708 465808
9646 403597
13667 20583
94267 442707
468039 90339
205220 334385
290178 436805
213798 396978
71071 316875
192965 455971
413765 340098
388262 284144
152191 403233
478174 361897
448199 87872
52074 429589
440136 335822
322695 267515
343742 327956
493553 451549
18889 229895
277681 174465
38402 23092
326727 327954
104523 268742
362783 329874
455020 6022
199621 26453
321194 171666
457610 461022
378387 24081
118890 153365
64584 86166
235455 236906
4875 462784
133538 212369
106444 433739
139330 103456
122064 333729
329660 204320
40416 173325
31243 163717
7829 329070
311792 87238
410808 132528
147969 168042
122427 299116
42386 375517
120267 167504
3744 456568
182393 331286
159400 432649
309996 452658
488113 124341
310343 373216
74034 390830
450662 455378
295172 158957
17509 54409
27486 375859
68465 291277
180653 368750
306244 465107
439727 33096
437292 277139
95126 174838
132242 353685
389274 297706
335491 235802
247640 136544
435252 172879
344708 277188
318258 162142
487831 365222
426832 296698
77505 241284
92117 198978
215627 465127
136118 382269
186227 298505
380974 331093
433082 81909
412999 240723
440639 66301
435895 126979
287473 431887
396479 308636
103663 61875
494826 76890
329734 92114
69602 231559
157756 409544
98392 33392
55801 487572
121727 168737
243691 219123
69044 251503
139784 428325
124749 38746
56606 204381
390411 381275
314098 156823
301986 130337
34931 366603
435450 162743
328479 272244
491642 293402
335498 279741
4194 107293
160561 236355
337183 24006
284211 46238
217600 332541
409714 9418
213277 105558
285868 457012
262565 363355
461614 483563
357659 320596
276764 201784
84447 48202
420221 64808
148366 115624
144809 476080
347540 183633
61011 59742
49218 175651
43195 478015
375976 228783
475620 163471
431900 403266
19656 447193
202789 392416
173461 456254
112368 322745
134398 248768
205846 282888
496368 453899
354093 182791
409589 21990
321073 275615
498550 243661
26862 336905
398647 218233
474916 323662
60492 376192
387722 112181
297726 155507
230595 122965
399132 890
346101 269337
314211 165575
451266 197233
413711 379025
120085 144381
194355 403446
446119 53515
447953 37835
333736 280340
365657 319095
278685 173435
429432 430571
293928 161458
12735 169607
74370 395700
304924 44126
235983 124908
360759 258785
55315 89124
274311 39014
283558 415295
157069 214820
249789 233305
341960 275139
275601 305328
430413 486660
489119 247114
341427 471146
465213 393167
78849 366984
243118 494406
234674 66609
157338 458368
8485 371730
327022 212658
32498 106554
104047 237972
386739 302436
124810 126049
374826 263367
284161 352162
493480 469403
443884 35347
29661 492110
419469 30701
300953 8663
253716 215176
465140 28550
330970 370066
54714 236732
200747 97157
302453 43817
273351 244485
83693 472404
187341 227935
33897 200557
361786 460149
351227 190423
110190 436055
446159 158487
185851 280825
174877 187032
54038 339769
360144 414515
173379 6238
288623 205444
432078 49442
444321 165105
346029 290558
280615 163700
27591 473380
423896 301252
84794 27923
379334 263119
166694 315873
345511 185469
5998 175701
457915 107476
446504 383475
224870 353328
117875 464986
82638 38489
151816 29448
337837 335512
438374 161097
231677 64197
215886 49720
46413 479825
29504 87974
376121 137794
163399 463638
257957 65208
138045 415982
412887 425199
5490 37109
134968 332642
36698 114859
291186 152269
369584 400469
100172 424733
257439 37868
40047 163006
386366 476647
139420 467087
168943 20806
163375 61815
214100 260548
154543 407144
291603 83971
142332 243306
273244 75
249719 277033
423493 94703
241364 252769
67767 147745
216401 370356
388438 422677
198463 203096
113953 96659
378967 332925
400300 26495
202336 62309
354903 289113
234961 191941
464696 156793
325118 157236
47420 258528
475545 272469
431333 344442
1086 241081
78474 414558
67177 289273
386299 439844
212354 10583
462751 478440
322469 344232
415704 309794
491867 227498
446737 427401
182992 167989
217150 114579
89395 197862
428441 110687
447700 293187
167996 117991
37229 228307
336680 354698
108492 160367
401826 279461
275646 307371
189789 120506
220147 237177
302780 8996
235384 457059
347014 389890
17419 427065
231336 183873
118177 4083
477832 9107
458283 163959
448929 412412
443096 349921
286346 56559
98970 26772
411527 185354
210940 230152
413595 296868
296199 255420
441899 94623
283743 226132
415077 375210
405599 178852
332966 32919
428521 116527
227036 475557
318298 166122
436257 323094
179029 193111
389724 209969
435758 436190
360514 330020
29606 220523
461853 13125
320928 100988
393346 82253
344241 51177
488673 106236
311493 283491
326212 68350
290868 207136
155761 475077
404625 444515
184491 99751
182304 340984
211739 297493
127953 402422
308775 368029
216526 248669
391623 403491
22301 28275
83873 198219
316769 496845
157285 69991
430148 108970
14369 229166
24861 328649
12540 497082
317603 35497
413298 321152
417147 263115
446685 187088
132346 455459
231550 347115
6671 37124
279615 123072
107104 375874
164129 296106
305818 333886
29279 65925
178915 340432
130895 33937
268680 404137
410584 64096
431891 62889
454389 122791
415468 414288
241728 133462
447019 139969
219084 324680
482512 14964
330066 330054
341057 435358
33630 4678
265009 145350
402043 486286
401768 244800
456541 151341
272601 32087
239563 343966
2640 22088
57938 380643
30917 318505
263861 377382
155873 401821
224926 188538
157857 161235
34789 70511
4964 36657
238224 281871
126893 287543
292519 93108
376461 276298
88561 377445
389554 100324
1617 483926
414667 25506
240671 316755
341966 417870
253077 241699
331602 42118
268993 457226
336969 142104
324735 170551
409529 64606
159503 338692
303327 27866
133367 499382
344387 51016
364250 344906
204044 28232
493727 430328
104886 271294
115511 211144
180477 11092
462380 440371
37103 372915
329484 66046
86267 36922
374650 65760
354898 130295
158310 400542
259600 27698
403020 183110
351509 285176
85291 171727
452395 204414
299680 448844
196886 433705
461760 378550
312872 140387
264894 271666
396946 316818
41987 465400
188067 342411
423533 245734
328366 152454
457425 88708
88381 104615
133936 458230
274211 261636
499894 148991
268631 427023
252164 491422
260931 401386
462994 474162
316568 12977
12459 351268
485072 497358
31394 121596
205895 424600
469735 157937
226224 106663
57787 389984
279221 157661
475109 193312
207617 14040
260405 359969
430239 493867
476993 206551
41091 458410
236914 331531
422527 28119
266637 457068
212479 229464
407247 50999
260951 121896
271296 227204
71654 135725
36359 123895
1041 320936
470215 215790
385792 131228
20922 227333
319653 158601
65600 52757
259715 305522
41701 206110
90935 116107
126303 32548
268815 255403
364375 37575
199945 176042
207630 179466
433441 383798
254426 275064
329726 1158
29382 239827
34167 310507
469973 452325
149124 335207
497323 471697
5852 280420
494884 167961
395420 270382
130836 18839
311972 89242
430167 4944
346555 423890
198710 483547
281360 193832
86139 415512
162278 278835
188801 273988
184625 376612
27326 369694
204408 326912
346430 44711
115464 440453
414577 383423
363936 218118
54888 15287
479996 218153
317744 429331
376406 21623
32534 204224
277483 386225
8265 355793
463584 351631
278899 261809
34457 441386
158688 270139
474551 72731
378735 469265
323856 464038
432603 34207
147094 189577
86929 299062
436014 411927
490123 59657
58312 440994
428250 341970
170681 62984
262428 295357
215083 277011
374776 479231
109930 126023
216673 312059
275071 361324
128349 239621
390064 383892
297211 270027
189881 24938
248645 420296
46423 431171
437122 416027
328949 341281
3078 467361
418453 29890
5301 426284
453878 136065
425676 33961
189528 322098
180532 361285
23676 318491
86636 272415
360024 39913
111783 202428
465403 366284
118910 352995
69501 160706
197451 27591
188702 419344
10071 495645
113677 94834
90678 395229
264079 20657
54108 272888
349812 40140
188751 356592
225108 73000
372605 271324
490294 394850
226719 79546
453691 370842
363510 190630
53805 378602
347756 40586
198098 367337
146465 42677
498268 104677
482038 401302
139878 482291
273671 400675
138226 250756
439493 382893
398191 318887
279308 327187
36535 256519
162525 32817
416270 449378
240476 210844
474627 63656
321521 406135
456135 154889
339002 464243
465055 83628
418235 468975
137460 116382
5722 125036
259216 301888
185986 246692
487142 181831
103392 330790
223308 308536
248220 345937
242503 226267
84748 365712
373388 277121
90134 135095
432538 211837
363815 2839
138619 307462
468911 303927
370045 330555
463521 242660
375623 415111
195544 83799
445569 43066
265064 291628
498798 37521
455553 17333
220767 388144
476104 481414
149148 472339
151647 51616
60569 331670
281792 490912
455048 87358
301702 346236
172285 187518
137626 88587
257133 278242
251111 173446
423463 381109
367327 192740
498246 223085
281562 103163
456298 446967
102686 156701
240822 376922
421477 170734
227285 427487
226923 72951
225220 345325
223399 212892
488811 193757
420249 333106
313583 229154
264690 411429
320485 382
52775 242437
69927 164157
89874 14352
377046 443482
402563 198733
105852 255701
419890 481339
25521 278452
316825 231583
422967 92944
312053 354911
340846 199400
193301 223254
498602 216994
408958 226454
114915 10022
339954 362599
332655 364952
488703 16402
385687 411424
108823 478820
231986 319469
319802 249324
331231 28597
73165 245350
398392 254048
248645 218550
128736 141895
126805 298657
321627 395508
278830 435128
428048 93469
261862 3731
370891 385862
431489 370224
221645 434162
44477 210103
223121 495847
201972 237760
264265 33158
469339 37339
106406 387676
445559 483719
407725 402791
282847 232820
248975 141654
271043 212435
152253 99084
386177 310852
454494 45054
417937 191564
438442 71179
81635 127213
285919 391069
178956 104483
485568 149793
193299 7275
132979 192112
57930 57887
270045 335967
6599 52512
457949 242560
212265 298106
146109 52527
373195 361627
323048 59331
492243 221301
25710 355514
354458 473136
349408 483317
30456 148528
61484 29137
1182 141807
22632 189207
238732 1469
30123 300026
183648 498147
136355 171367
70140 317924
201646 187099
480749 489299
238672 248745
296419 94526
305134 228254
353748 485414
274994 5653
237096 155767
102003 62516
260646 239337
107641 226487
63541 244017
335684 139463
221218 211341
196879 45345
362236 44668
362840 362984
163233 25482
321571 328926
25944 28837
90322 169610
80089 93285
219276 94618
128699 179915
445829 200480
331914 24328
353330 134223
453189 26966
249737 409417
352288 21768
128999 227310
137350 126485
288116 150352
389963 228940
388101 452526
153157 402738
416480 69866
82398 231051
71476 436734
210000 105951
257946 440511
228106 16938
342332 409860
62281 226554
303331 159543
135992 241988
102178 178722
55233 307938
365996 91336
152337 471407
109009 359266
113536 159502
390414 76756
448905 377700
440356 161322
357899 73067
15162 223480
457735 293145
158970 25590
112962 327324
136474 434808
51138 280579
90353 88961
77413 312058
206884 438151
272968 377000
70786 241302
331454 197902
5059 26462
366453 389241
363111 436709
228388 441610
161379 372126
103317 292588
31684 130520
359076 311362
160208 13393
242318 96775
478344 281981
41194 279583
72988 442064
289671 344343
90065 287763
347195 295931
254790 327649
306663 169756
172819 337719
88370 211876
410461 331224
469288 87526
198586 441932
73236 179622
455847 496713
271862 309081
216740 420157
11829 225856
429804 85280
233041 365642
2871 419801
387636 432932
33483 68310
455924 70002
387312 305591
404648 65240
16956 7948
383184 136252
411186 46010
318382 88108
202507 85419
368602 40357
148671 388479
251770 59951
213404 109110
145514 92806
297750 62532
96282 81454
474711 111959
187721 266533
83661 368876
288417 63846
218450 268507
15188 12455
313765 221404
112190 328811
46356 52781
166993 11917
312519 10857
8187 319428
60074 9363
43771 138889
133259 52314
377043 387069
139492 388543
409171 360917
161104 195285
194552 115638
289839 408688
195314 277735
41358 377019
72512 202929
429152 438706
187480 486295
67962 205944
407742 73377
401787 449843
397708 427035
237586 125330
322453 464181
316229 406240
2537 385092
485376 33902
478732 343628
411503 216288
170648 33598
484723 440042
444361 160829
424111 132299
74687 54022
239386 258722
237417 393849
488365 377989
447298 405857
402910 473309
145157 196929
488580 276188
423946 86446
316514 228412
422118 1205
471565 123362
79971 146226
395257 253220
484347 176581
209571 476010
16628 426939
228636 229491
89203 384084
217169 154903
94475 108168
382780 362950
376136 74319
139517 351344
206994 135926
169247 115813
465538 230801
432739 134264
373401 264607
55555 24077
493211 195654
207848 22986
490245 21356
302979 216161
487685 89781
331573 224186
213888 416091
244389 356388
9912 406180
281334 421952
122518 179821
55922 256942
113444 395283
427575 204778
209607 162009
198956 120335
337420 15019
389897 421117
351219 129233
421762 477527
72257 85326
113142 374027
72758 20081
468302 475492
355263 395157
200700 116803
235365 318758
388149 311291
482172 230255
335761 229520
50093 162225
442626 309834
57378 329259
150267 259704
304903 165331
70892 439400
423671 51331
222589 40991
70054 149452
481504 379442
349902 83456
222501 276936
130925 251106
250921 49592
251256 273467
462823 358370
335854 231814
360854 472533
455482 132057
153482 91300
191203 34005
47480 126543
390923 58729
275816 128240
389153 173159
286598 112968
455866 121042
240337 279930
431315 472987
266740 441740
273657 344677
118014 490111
105395 243185
254751 429883
130387 169912
46954 344379
388853 374766
424681 199346
289021 38716
363535 481579
76345 181333
229072 475838
152301 93282
417209 474826
149805 25767
262593 44189
185974 135617
83822 455370
126371 32550
293619 494719
174913 119308
378190 149444
261851 465305
203265 475862
329098 88291
144508 291679
270440 396842
124641 327461
295492 367765
497713 137470
352560 151393
66289 316029
321473 68187
343864 453699
184740 164890
224245 434712
3282 44740
91446 236117
28698 237654
235664 213647
91476 413950
97670 311363
56637 431566
188876 130119
456613 469585
417630 429076
21379 244554
10028 344904
474999 137366
244690 497676
91150 183393
346196 131459
473111 384320
327628 46533
73117 308621
466666 248583
138418 313605
81117 475471
495750 277111
467221 145518
31204 131231
132434 25149
314384 258193
414968 403342
405059 396791
194276 484866
480156 268279
210123 264824
183238 200012
402702 420645
296138 484134
25813 479811
63576 454239
228455 199177
386446 225708
274157 258733
123085 492291
209058 335885
193268 212774
439643 297867
140260 4295
260913 347895
483372 331829
241341 29166
474294 96129
145977 260412
389680 26469
318994 489701
268883 347189
435218 443420
473554 100298
11231 393334
371204 70059
292913 388450
125305 218448
7098 490323
235458 381478
495941 177635
265562 250366
327429 247242
410688 222368
221075 185613
134824 238624
475442 43687
119259 316376
299682 258839
122537 126141
395049 462347
407342 127659
135942 96804
150484 180359
486375 119679
164352 382497
473891 25245
338448 49538
22236 373947
418385 106632
210824 446903
66603 406691
103531 344615
206844 123056
254795 111859
382985 97714
174631 336054
106487 454435
24193 443656
413645 247744
117201 222832
20575 300881
125944 317029
73350 283788
487547 342894
284749 247942
131547 85904
477857 319898
419168 25493
499928 184042
497308 196973
468537 128368
275744 229641
175291 210348
17223 257158
202793 6256
385083 142555
70291 227087
493121 132705
162780 268224
374346 240150
53360 366427
322784 136001
495524 350792
153551 22207
118672 191508
387782 295120
475033 144541
494186 391475
166028 404990
415882 32547
435558 112145
95097 112410
477739 473935
422207 122357
17461 347851
338345 197648
450930 455197
228319 262388
368574 452183
381876 58349
231837 428334
58045 438654
52616 101510
190375 143850
362780 256739
3972 84
44661 422971
430185 453048
93107 483631
386644 338387
118751 98080
439439 480812
299663 239124
276735 196336
17749 206070
68701 118351
27877 13014
307647 370843
176823 456964
395253 472722
118479 107501
311519 422678
401330 186485
123753 482591
403097 111311
49487 410659
496235 93865
271058 420758
224158 305388
17117 45059
205025 113590
136461 215127
330268 476643
435071 142706
102068 494477
88125 381942
349400 376827
395203 199228
312418 456820
301419 126801
100211 122980
472457 385925
325963 407314
429557 68682
190914 166581
4772 252311
465797 343294
238028 111832
250775 458730
243520 203906
439869 80885
319351 440809
133060 262569
238789 217757
91765 158372
459388 384093
59289 211295
200893 233247
366110 56200
148523 232742
155425 185270
238908 430098
427707 277787
238855 368348
8259 397043
210840 482232
299883 111328
201812 284600
133463 429376
280531 160875
187256 332627
217985 197656
425855 173574
176735 254904
122589 29679
270261 43559
235012 452830
13879 416770
13352 9456
65300 460200
341462 13568
117430 224979
306744 70070
48404 445866
486049 412644
494039 471334
275438 283462
64071 496027
412234 259152
48551 381605
63842 353977
134399 353704
323580 295523
133906 388186
413833 342482
394448 402853
415613 300267
205641 404686
163225 139920
197657 330913
128245 295908
448356 194421
217110 156236
483101 396081
472628 325236
48552 483701
437068 37681
306714 480273
429294 334672
496400 27877
71244 330495
447248 148688
116300 317493
466697 369699
256123 295366
370951 260675
294534 42977
16278 330404
128930 436227
16163 206644
239089 3363
79225 303467
402215 260642
228783 181358
493812 453823
23273 93744
413124 66555
314010 328530
126415 295812
489556 495104
217846 233132
367944 6774
360056 103770
102471 156214
34553 48203
38437 488839
388325 42556
463815 80174
319538 186749
169837 338263
499238 217903
79611 51843
91137 216257
192614 422933
278248 379228
390881 154240
460918 404497
14409 115572
337885 185910
73821 455062
416145 65591
54176 38783
41038 352573
239500 321417
224991 447951
88953 294849
26834 140616
476902 183332
235727 62145
36697 262804
33244 396522
48969 341531
268440 138095
39731 192529
30277 186896
488394 369944
190517 222965
174527 494676
357372 42180
34679 215166
67068 494776
150389 57755
251347 185259
494735 405982
154499 235963
68239 289551
337080 134767
469891 26536
54470 72688
106502 342902
429474 107956
383402 221178
268054 309559
455445 201186
277646 290438
452476 219304
152369 217281
455561 130781
388654 193626
127709 6162
13719 468086
180664 233873
124429 441015
144118 432719
127503 278465
153630 297941
178154 69062
294961 260324
375324 211141
345734 165474
356303 136772
50062 211417
263312 75325
117590 485057
475120 141955
387235 221585
272647 326015
335659 365046
251293 25507
7899 98739
92368 308043
217421 389115
175233 442698
401250 116739
73087 71806
165693 179594
499577 172399
38870 409527
201115 378470
205675 416887
49164 159616
203260 477210
37146 136718
362476 216112
147380 101008
200949 384424
317571 210261
383493 319828
433659 342926
50851 485069
420733 499103
396640 203297
2510 314057
77747 249948
39746 299118
58526 453575
63315 117125
376575 478757
100005 387460
206360 76726
459590 400871
285926 386945
351688 437417
182944 24712
87224 342696
229260 120386
142105 163492
34132 333232
128947 33987
1668 401395
145808 10833
376718 170535
389685 11846
188245 465623
269243 486018
383620 491079
402066 273553
396417 141780
391777 162759
430722 77564
237946 22014
189558 249756
275279 47334
333196 477199
134548 165774
455299 86917
394911 305483
230181 207402
342520 65600
323914 129868
483082 158263
7085 162113
444049 126508
127867 337072
136138 430828
92756 378375
417022 342930
302886 63154
449157 331102
492867 453577
205709 221776
134282 108152
62230 207241
75625 78800
382144 159421
263616 157459
344693 381599
7553 455770
56822 200266
373562 59867
293617 39953
50837 464989
361386 436031
20189 54526
172803 419335
326654 323129
326567 82494
239863 173381
67532 70360
265254 48090
19704 99687
192068 487206
59334 498832
295308 142596
31628 335224
347894 414899
134818 404133
189874 60712
219764 198428
293902 14981
220579 219511
373425 497299
438998 472668
127796 485724
368852 466393
387637 165899
79924 28361
6014 455604
164202 192944
443597 135836
350427 453751
59182 174415
296551 379026
224784 168148
401049 330093
141260 106049
491583 378374
212024 99882
497830 97529
495350 311320
356769 82030
67001 248193
36273 493642
114340 321777
391093 220859
413507 250372
9166 332021
201533 244079
144633 26981
409622 18659
228285 481255
154454 30621
326232 119724
316158 37759
370169 392544
393204 139521
429157 339862
462383 52977
49094 132573
342377 268956
263878 325275
148949 116113
434838 2706
484300 496733
49130 297112
359651 110231
300915 296971
110134 333881
316040 223561
426046 314958
196964 193173
335750 472061
302667 71211
289801 451882
283183 482669
252664 307254
173046 177117
239342 319841
9713 135848
492423 394513
300538 305051
302197 146991
132521 250683
488304 234223
118008 218776
129756 305155
202491 8153
309614 304200
263758 205239
379861 99287
297100 172460
6617 475793
162541 6042
11324 416848
14372 11006
102999 270309
418502 290584
27642 316896
308295 429026
182450 190615
470079 410369
179615 478787
374829 8753
486932 88075
460999 262452
7168 303986
429103 424339
319210 4842
345062 442556
294189 473640
470792 144730
350469 176219
325853 379502
40075 194675
164000 26947
61276 144680
209123 474134
248010 418985
465582 143981
158424 479844
260084 294455
347627 168771
389217 256531
84255 481450
372587 173761
402989 336177
344547 277019
285769 102423
67560 437109
266897 167254
391897 129270
390518 318433
219030 53776
453300 179393
425116 130193
456905 388747
68683 472534
126321 144395
149167 268991
127106 147187
249282 304936
156012 351094
14821 180518
73653 396242
339356 427981
432591 112275
147079 67611
176180 18920
73729 85523
125061 36323
55355 352070
40781 154302
