10000 1000
3207 1017
4338 689
1517 34
2626 4516
1539 2552
4318 2692
4711 4958
1309 2685
2804 2317
3521 2060
4312 54
334 4627
4492 1991
1769 845
3213 3299
2454 925
3560 684
2939 428
3522 1066
1237 1192
1276 4574
2128 1602
3733 3410
3747 2836
3878 2100
608 3781
525 2445
2699 4728
3854 2379
1036 2823
236 4860
4678 3435
4308 927
4492 919
704 4380
2494 1606
2583 3477
1471 2178
4618 3196
4206 3356
2068 4735
2829 2795
3516 3499
3402 1281
4270 3416
525 2470
535 2337
2829 1660
3700 2732
2481 257
4504 2138
1655 219
2168 201
1028 1340
1929 4110
3973 4233
985 2480
4713 3424
4515 1577
1369 1711
3361 4797
1697 3049
3873 3957
745 2400
1590 2386
4624 4770
741 3100
4394 3258
3355 4632
146 2228
31 527
919 3841
302 4215
369 3281
4443 1177
410 4278
4715 3187
304 2924
2556 4767
3499 1008
1845 1263
4857 767
1139 4115
1238 3405
273 3532
4711 4777
120 4782
3190 4431
3986 2253
1740 3257
3531 1726
1265 4637
3975 485
856 3316
3322 716
4281 4271
3051 2298
3716 1944
1186 3061
1365 2533
3886 1152
2505 3882
2217 3109
1328 2914
478 3583
328 884
3491 386
638 4967
499 3713
4829 451
3119 4188
1997 2837
3753 2005
884 562
2240 1476
4845 2237
1383 3879
1720 4910
1846 468
2203 75
933 3515
375 185
2347 3417
4856 2608
3480 4287
2638 4912
4941 4133
4469 312
2416 1251
235 2146
444 1835
4225 2842
975 3094
4380 2988
3093 1068
3310 3492
3011 1633
3310 2634
2187 4321
4681 4544
141 643
1473 1049
1544 4586
961 1037
3852 2771
3672 1228
1981 1637
1174 4403
2344 3927
3323 2111
805 2713
2673 2550
4501 2424
4877 373
2503 3614
157 4470
1706 1138
396 140
4549 3284
4867 4120
932 3584
2831 606
2006 1333
2908 2701
3640 3014
2912 2011
1927 1495
1240 2667
1834 1154
2251 2415
676 1220
1858 4604
2486 745
1750 3720
3765 4194
655 1661
2430 838
671 159
1399 2193
3937 206
3417 3434
3271 2404
1076 959
1437 3927
4776 1651
2421 348
1345 1477
151 4061
3216 3237
619 57
3078 148
3453 282
2736 277
1249 3401
4109 14
583 1746
1296 384
4430 3196
1692 3090
4059 2447
2156 4293
854 2686
2669 2867
2937 2207
812 2792
2959 1291
2346 3654
2825 2576
2179 676
4222 1428
2506 3960
28 2599
4112 4034
562 2734
1933 4032
2960 3971
4202 3512
3409 1639
4603 4150
4390 4717
783 318
3967 3675
4658 2475
3163 2012
978 4891
1157 2415
4361 1429
4673 3163
3400 4657
3811 4879
3971 1347
738 764
1777 3321
4871 3124
4180 98
4848 54
815 4686
4703 3981
2969 3935
4092 4315
2388 684
3161 1382
4424 860
2309 4897
4073 136
1799 412
1898 696
1299 3839
3495 1619
2875 3924
4056 4547
3946 3251
2901 1548
2241 4496
4783 1120
437 350
2702 1692
1818 4086
2164 1249
1440 3886
4720 4696
4524 3807
3289 1814
841 1353
2977 4513
3158 3680
1988 1237
3876 1920
4974 3163
3473 1744
1732 420
1940 108
66 1078
3530 3549
2281 4026
2287 4707
3219 4314
2864 312
1885 3692
4398 1035
3264 3083
446 2994
2613 2598
850 1973
1495 4867
4257 3827
239 4004
2604 2631
1054 3882
741 4619
2170 2366
30 1167
1416 959
1401 2463
2784 3799
302 1159
3002 2814
368 2758
1282 3048
106 26
1601 885
3194 4305
894 2004
3755 518
1251 2315
147 1765
1108 371
4400 4201
3913 492
2750 167
4847 2106
4607 2503
2715 3260
337 2373
2212 794
1577 1378
3200 3835
4867 3170
1623 2503
2501 3473
3891 3827
1916 4916
3192 2992
2866 1007
2070 3373
2515 2201
1921 1133
1458 3748
1337 1190
3886 3846
3140 4836
416 2416
2756 1789
4214 3643
4949 2994
1762 2381
4771 4150
3461 1536
2527 875
3328 275
4015 1979
4576 610
1183 776
3993 3415
2934 1202
4777 2600
4934 1546
1846 4784
625 2794
4290 1132
4029 2040
2002 3646
2559 4638
1683 2002
562 2725
2260 3714
830 2038
3844 1114
3008 489
1143 1374
3225 2809
1683 897
996 245
2353 2472
3861 1017
4258 1306
3903 4022
2201 913
2006 1537
4785 3887
2445 1978
669 3993
2414 314
4766 453
342 4697
4389 393
4715 3719
3731 4506
3294 3177
2123 348
750 1590
97 2223
1271 595
3149 50
2205 2758
1401 1693
2271 3036
3983 4004
3117 3230
4387 2505
3708 234
4940 914
201 4658
4093 2910
302 2657
4470 2687
1660 564
829 1463
1851 1637
3314 2571
839 266
3545 2443
2708 373
3713 937
1579 301
4637 2047
4366 1442
2695 1779
2271 3259
2580 1895
1759 1542
3661 2884
2435 1064
1994 1751
2234 691
2423 4619
4068 3480
2434 1882
2356 2898
3076 143
4140 4043
2664 3068
351 2693
3135 4785
4998 1263
2240 479
3003 2102
1867 4711
3932 2459
3512 4152
3998 3799
3307 195
1972 558
1790 4848
4273 234
387 489
1830 941
591 3882
4450 829
2747 988
1458 4009
3574 432
2174 3685
3643 2503
2966 650
2343 1704
3610 3497
3327 102
4312 1733
797 1723
3714 3691
1402 3245
1874 1946
969 2745
2123 782
4669 4102
2245 2259
1347 3010
1380 2035
2158 2112
3021 1641
123 2656
3445 4941
490 1409
2036 4318
974 4180
3214 4720
3898 4420
2706 3242
3553 273
3123 1676
1924 1781
4238 586
3172 3394
2319 4352
1813 2980
2334 1922
4690 2119
1537 2724
1172 4651
4896 3697
751 1657
4881 4632
3588 2754
1817 1640
881 4930
1355 972
699 144
864 4800
1481 2572
4124 3286
2006 1212
1672 2943
2973 2687
4694 4313
1782 602
701 4644
867 2398
4431 3268
2757 4854
3860 1287
1406 2511
2246 770
4418 3066
1036 4084
2369 1619
1008 3027
2357 3445
4794 1135
756 1730
3317 1183
3987 3967
1619 430
2010 2342
4102 3655
1038 3790
860 2454
571 609
2585 278
1536 218
3089 1463
4283 617
4623 476
112 2537
4298 4321
448 2929
3065 4131
2434 1598
4111 3636
4926 4804
1294 1700
2858 2191
2111 2221
1196 3174
682 83
227 4104
336 642
2612 2381
4051 1585
3905 2803
1250 2596
748 4071
4229 4955
1519 943
3708 2142
1492 1642
3382 2669
3051 2682
3315 40
3528 2066
1524 3317
659 1776
56 2517
2646 4237
1534 1047
2710 2571
1797 4993
1777 3016
3589 3807
1981 1208
2085 574
2012 2944
205 4433
2070 2394
2430 4966
721 909
357 1945
1410 1167
1240 3626
4859 4929
2677 3313
4439 63
2346 1520
2495 338
3435 582
1268 3447
3107 21
1027 2428
2066 2154
3193 3647
1500 4713
4945 453
1615 3454
1790 3602
35 764
2893 148
4681 1248
4243 2794
3052 2347
5000 4024
1672 3782
4815 1117
2095 1551
1095 3472
1687 1367
2683 33
2936 3410
4245 212
2728 4543
1003 3613
3358 1262
3795 1702
1487 3242
1555 4958
3421 2944
877 3590
4081 1161
3472 1025
3636 969
907 1189
2413 2461
3606 2050
4408 4876
4649 1980
4513 4077
1015 1691
3610 1265
648 4941
1657 603
4685 1506
2807 3156
1961 3411
4677 195
52 4014
4522 440
1031 4415
4203 3502
174 1100
2346 4286
2388 649
916 4696
1689 3980
2534 2235
1833 4555
1360 4118
147 1820
144 3025
3885 531
2063 1627
3019 205
4524 3543
880 924
1177 3080
3631 2958
3370 4478
1943 4505
2981 353
3882 2663
4509 644
114 4825
4977 4187
3423 1561
769 4342
1039 2344
1560 4979
3444 2282
2016 2295
3641 1022
3488 4975
265 3490
2088 1838
618 4166
4988 3403
1737 2365
3614 1190
1191 1978
3544 3924
1688 1712
4242 2680
2456 1135
2216 838
397 3200
4704 318
2472 4892
4992 4620
827 3599
872 4820
4417 4370
2285 3833
4659 1508
4353 4827
4799 4705
443 990
1582 1193
4929 372
4389 3481
4126 3800
4016 4438
2920 3624
1091 4090
2867 4777
4191 666
1479 546
1979 4470
4786 298
255 3415
1993 3327
1831 1105
4828 3271
4839 921
2748 1896
2412 1467
3888 165
735 2052
2111 4788
988 1064
3067 3803
4175 1069
3823 514
3047 1886
2071 4696
1080 4491
3714 442
3761 3720
2948 2162
879 449
2559 1212
404 4235
4772 3258
243 1124
1188 4910
2347 4487
533 1419
4047 4382
722 1420
1977 156
3527 2674
128 720
3785 2320
3314 4885
115 4455
3077 3907
4721 2826
3773 4582
370 3643
4361 4614
1977 4619
187 1356
2004 2522
1071 4270
1767 87
3094 2347
1821 4676
4469 1146
3080 1154
2693 3151
3059 44
2070 3566
3305 1099
563 2274
2402 1206
902 3414
2302 124
2799 589
44 805
1465 2019
1876 3762
2282 1771
819 4938
3776 4511
3267 4880
2488 3695
4507 3426
3357 3425
3814 2186
823 3697
517 4803
3344 2150
3928 3221
660 3739
3715 705
2569 1522
1992 24
1036 2338
3867 1081
1409 2390
2388 661
2885 3585
1217 945
2278 2348
2646 123
2766 1232
1571 4049
4099 1294
1067 2924
1696 420
3817 428
1213 4610
3222 2092
2448 4088
416 2225
3614 1894
1217 4393
4022 1492
4591 4057
3484 259
3214 3482
3149 3886
38 2912
4250 2498
4094 1129
4362 1383
4168 3354
4760 3585
4037 3684
95 3227
2194 330
3257 2482
2230 4961
2589 1314
3771 875
3857 138
2841 545
1739 3494
4028 2283
1317 4997
4756 664
2230 1256
4099 1114
4008 2472
3289 4639
1105 2708
1684 773
3534 378
2656 3428
2065 3822
350 1798
2788 132
4150 3311
1367 33
3649 4679
4219 2301
4554 2394
1464 4404
1013 914
2592 4569
4420 4900
2998 4685
3353 4803
3226 2612
2083 4236
242 2733
3534 3630
2086 2322
2003 2298
3427 4645
4965 2285
3067 4888
2044 111
4557 2212
4305 1294
4159 4174
976 2588
228 4927
2993 4117
574 2534
2279 786
220 1262
2729 566
3907 1999
2396 1808
2453 2806
689 2037
4716 4939
2632 1855
1897 3121
4895 2120
3238 3520
4053 1935
1239 3184
2555 463
296 1374
511 2918
4042 1031
1593 1118
582 2684
3440 2037
3763 1043
2532 2663
1358 159
3481 1204
4069 2187
4079 2322
2990 1200
1761 2157
4321 1311
4908 1024
1846 3409
3344 4736
2635 3457
933 293
3084 183
2297 1976
10 1220
3218 4200
2603 956
183 1732
4459 2544
2212 675
2992 4426
522 976
3370 1252
786 1736
628 749
2421 3851
548 3926
1829 2200
106 2064
4836 4939
3406 762
3959 2910
116 3724
3857 1028
837 4702
878 3791
107 1550
3650 1549
618 2947
4368 692
3309 3472
3623 882
3481 2108
4857 4364
4492 975
3296 1384
2813 47
4554 2584
4252 527
303 3132
52 849
659 4237
1648 142
3831 3307
2944 4169
3045 1007
2495 2409
2602 879
4062 2611
1397 2260
2632 4974
2764 2485
3548 3984
175 134
4699 1970
3688 856
2369 136
3716 3197
2990 81
3443 2684
1797 3754
1375 2502
1966 3243
3580 1819
1855 1163
2695 4900
1036 341
764 2475
2532 4835
82 2318
1601 327
1812 1852
3088 1680
417 1277
1900 77
1612 2074
37 1919
302 4845
1087 4768
4592 2586
1976 1913
891 3591
3550 394
239 1172
4656 2086
4727 247
3843 2682
4092 4276
2498 3
1531 4337
864 780
4904 3382
2600 1211
2586 103
3685 940
2905 4111
4792 3209
4196 4977
960 372
3165 2005
1175 274
4468 1881
1635 1781
1428 225
1627 1701
1212 3384
2775 2864
4246 1864
3043 4026
3820 4144
4720 2737
