2000000 2000
557553 195754
361780 791464
187881 985226
558684 627900
320414 523914
590572 232273
815775 92322
525029 775282
615598 731966
624135 712875
816014 242842
316025 922130
627170 549053
475060 340166
921115 64888
694936 258088
223476 947424
110162 452302
23434 525552
932521 17229
709934 774104
831777 447522
138278 522488
67298 377621
570798 214752
380849 475966
242076 744763
433118 86365
706057 397968
489763 897023
994790 913700
762247 403625
112091 625894
490607 666848
325877 983432
578839 734558
624213 133111
988932 449437
611469 887707
464821 784286
980852 619894
311897 208830
259741 671574
440782 190153
746844 276165
724497 210245
115796 92222
759894 610769
227393 41490
307358 965700
768664 621884
366071 713978
493900 693007
431040 379511
867604 429476
607863 812549
407876 847355
568065 675842
932714 960001
303467 782409
263532 713732
876298 765135
325397 467433
232204 13069
580779 255815
304978 477647
701426 14533
179814 910364
115366 565167
383144 29615
871100 784039
605976 885085
679726 333502
882282 456188
893192 437774
674185 180237
374891 26465
244678 168332
311678 427278
937054 14888
749943 669282
741911 877778
2840 954313
558802 898100
232719 637
659681 771633
703286 221022
533036 236212
484424 81104
323452 227285
522144 597502
257695 886533
678163 469396
284598 844000
561502 298287
411159 778648
359679 116189
303290 548931
399465 950692
588655 106281
821070 957052
281870 616763
377606 399757
820606 816014
873974 921481
117884 729716
999548 506942
852718 99583
368938 286176
57108 2485
147675 855331
743565 810652
59992 748
986319 88050
365954 914643
841468 208130
296234 187205
725619 551093
397050 87364
653645 383680
696265 894491
456665 865993
708112 792829
372377 276647
901449 904424
757496 257803
742252 217206
776474 222995
781629 208681
197376 595270
655148 76978
478478 795108
789089 49844
652637 608392
786411 871221
875844 576394
390140 261982
587362 57909
43275 734693
797032 7814
476723 939451
637314 454411
442832 906830
575542 682510
101547 767040
2527 530173
672864 82851
707005 629426
550252 185061
110397 895279
643965 822221
160577 257257
772118 949253
671018 730848
328093 453277
562749 936095
159977 54175
579576 108155
836504 100144
122037 852646
418883 597995
93235 512950
278454 841236
359535 83477
20819 641516
795083 436384
226095 672935
937130 302880
948527 169911
319818 860058
721833 391858
186959 846673
850847 836084
426619 639299
976467 844277
149226 163103
119412 900586
623597 912081
333803 20829
794849 254327
246910 930894
642617 644936
975487 216653
407542 274355
208658 217463
511714 991614
74984 448697
529727 541614
436348 922558
386133 344780
546108 221830
234786 819164
441714 829595
273409 99709
611207 526258
849149 72367
346621 531951
787600 269477
877982 760243
20247 834313
318403 170259
454934 425855
856326 207528
746988 582371
37264 231317
835303 780232
861150 103261
151391 212367
941370 78408
227463 393125
324352 729927
223929 165939
588128 895642
942811 313971
964395 817962
457734 454236
729676 909803
709211 608580
753560 177680
330506 960368
241917 243998
710179 417211
624854 166096
742637 295004
66866 274167
138953 548021
30537 218488
600186 873692
579280 601672
115472 707800
131831 953772
371563 146267
36042 603781
390884 414244
107729 35433
48117 941886
985543 34811
142929 674376
997828 619984
216212 952035
115741 821252
440952 203065
663536 414439
667602 982556
952539 434159
97213 17162
265093 880130
551895 907797
295831 431897
287315 77730
635934 211787
243455 634598
286032 361555
996420 543054
652747 519066
648767 105715
119113 491341
900018 940326
486090 79086
3463 537782
976306 318388
638263 23258
568414 739611
435296 948101
707524 668453
839146 78557
930364 662226
288951 790707
994086 629341
482011 116922
552239 91883
161837 383648
516926 172115
697923 71219
784029 554073
73261 712948
468643 733034
733287 825549
952643 433822
296618 138095
25569 63031
162958 744774
39248 114488
751163 474821
441489 322521
69110 770294
933661 400171
900111 195626
268576 930463
343660 408264
686261 434861
439927 446267
44720 243556
468543 975066
914631 723379
858747 747801
133898 815287
176383 960097
873786 124204
565254 204352
196733 674585
400621 241641
484405 959314
714547 430202
337042 938447
907324 757737
908112 429979
618421 853147
827123 860641
195318 616708
251445 642332
755214 65088
651301 969006
785987 604972
892285 766841
439073 786126
598202 275292
176613 102194
365377 743034
180154 565166
546680 858212
340307 521702
476458 511301
721167 516324
129076 117949
997711 902748
279956 388093
593952 162014
389596 470322
198387 963362
438195 71945
15950 266707
962378 694949
291605 46807
74850 69717
508851 309811
326774 124063
593967 501378
507748 480832
642430 570925
677647 968757
789637 48567
591306 695289
360164 711273
175840 828977
212554 325301
244656 468988
239205 860959
465848 170784
605918 586467
822069 545105
873936 394948
792196 341502
616980 194736
858760 482106
470056 227594
96028 836398
300064 900005
45891 654631
690552 646580
254327 829658
805798 181873
158895 529453
202955 199513
653521 58576
34012 697895
284551 891700
692083 565269
27741 266990
3142 425215
476749 530491
878931 622116
717032 289950
877010 275006
416213 48620
911758 630694
297202 61384
801468 646059
617905 296746
933170 141209
387012 188202
729145 216866
803973 263057
318679 495035
725926 120900
163627 822644
713717 332400
224819 937536
790279 72419
254170 937191
243723 315916
495533 168643
692368 662413
704594 273861
924656 147311
378959 41541
638800 852492
563827 119373
41715 226585
707482 143285
219800 409065
815362 558705
438588 699462
271907 655079
408264 536416
862683 863998
111040 1667
140596 681410
112079 575839
286804 917277
418318 423716
620546 642066
797724 339798
366505 44680
919164 572027
901231 771070
502025 418689
608469 14095
771116 264003
562048 774244
317603 336272
328173 949265
845650 542364
422311 768695
779636 136668
796427 985010
819481 546145
467114 771955
504823 508550
148911 549180
57131 473774
346902 993827
513034 614083
601258 889989
134520 279702
186073 705235
638279 884185
111781 586441
8251 796215
21570 586856
121283 810254
334868 289251
456181 713212
216597 886385
314466 567685
552433 917326
789947 521150
134397 877388
795439 4018
967160 321009
978386 268673
208772 591086
980933 660534
480039 693272
589732 675565
188437 417249
579399 209995
827905 464246
685200 405039
47486 30265
929801 553154
894436 996484
268291 709577
49179 101374
674381 640398
503321 777177
284684 815167
608567 196465
761234 647581
393198 85099
812089 821068
170728 714579
424126 832145
35230 23049
555772 917511
751640 96204
163896 833856
430401 933510
505455 659862
784580 344880
862795 849553
856504 821245
329510 678458
716801 878102
804413 935863
380514 514874
837290 587207
999987 400095
290569 434161
697331 159860
931942 470167
458128 809542
81355 955513
587088 891550
726139 453732
838983 67858
749075 69830
438775 943867
582822 236161
724409 857491
806605 879671
534345 911596
959037 831217
838853 738099
240599 836796
568966 427988
158987 40786
6605 7783
76823 416662
487551 35968
203646 71404
872849 641908
907781 919826
908789 73810
137342 997214
693038 688067
459639 870178
542989 814177
685274 555234
557802 348127
670031 660613
267515 168751
877191 296350
554989 213915
167547 242758
672057 585586
752672 171209
686606 965190
195585 398690
942998 954757
567595 858413
326750 560477
367292 283685
276307 588751
65454 951167
509295 616360
915618 722450
220610 471570
307461 305494
839063 854509
913241 964854
877333 219463
936289 957219
534313 547749
328533 317953
687582 437554
337453 893369
564697 853345
124525 904572
969698 782254
197657 336168
445262 417146
384947 249977
698359 661087
431479 888041
697766 254279
198779 316949
789949 300213
695851 912476
1598 876845
731709 239146
616933 192771
465551 15105
803272 307843
505723 115939
692897 301518
575741 900635
629972 424987
487910 564527
279732 948987
592203 152587
322426 552265
875310 801727
155508 563024
277089 754231
801543 585571
506036 878458
912674 615045
914200 621902
490143 432017
370211 356185
424797 767695
797643 972686
601217 370070
966990 244204
339904 346524
378468 578156
5465 145603
186725 329158
459394 380245
374483 178657
465574 818333
502897 830652
924910 451425
436154 224277
597496 501186
766097 968325
958104 803112
923582 279356
712384 269619
377333 381150
221320 979924
855328 679609
254341 720693
218352 583048
185924 831672
218322 245691
568796 924759
382830 171576
858749 66206
260032 47393
997729 983565
697025 692529
866128 575725
591555 159985
383325 48567
865034 952033
423078 814861
679248 878322
784301 912224
767828 367052
544206 370709
301955 444481
134430 78779
803675 277896
989749 704326
287657 239343
290088 868171
871206 871761
630978 373804
740223 776512
723549 316639
778322 421287
845409 751962
192509 912057
633894 852559
554898 374212
166356 231752
700413 525535
700708 641516
605529 669041
489697 788636
796037 355365
135985 118348
464105 858530
237335 126594
400325 613840
585676 820451
160551 90551
636253 690358
55990 876187
819761 853206
514078 549369
228733 737107
56278 140545
318147 747755
793749 693877
415160 49539
58822 461503
50740 314185
93401 791738
531845 297818
266217 782279
394877 105769
164129 3452
527696 17812
993242 148771
365430 967744
73812 745192
121158 394320
727426 870306
649473 900268
788849 169774
102138 648541
198396 200597
410391 329793
43992 831198
72489 616995
139550 231600
177526 122938
257417 665093
66468 571981
461245 129682
132182 395503
925443 369015
955667 151758
345401 189811
189683 755670
817943 585658
710681 141699
699149 81532
967670 948357
536265 592479
83341 77071
534985 539537
539150 180482
815663 668322
513090 333262
839536 874628
612253 496279
482819 631161
613778 426843
176646 946177
768911 297792
296524 645483
857743 534230
111102 561457
297323 55740
647828 650390
2474 297616
131559 274355
100188 773963
993670 574238
400931 972169
888629 307788
437960 403576
543673 423921
86902 55583
286699 809452
42985 491236
76658 555456
904993 775280
195226 892127
201850 456213
506903 988891
615253 855364
878288 561795
269966 754131
553466 799715
855107 800641
870607 749506
190678 331366
903683 788997
50886 133327
261383 19469
344834 981250
962233 391173
809672 648497
378961 782830
898432 921515
679431 737822
4798 39605
247872 160697
783883 488352
43414 694667
711905 545861
313210 729954
467662 682456
926428 550842
639531 122783
730215 555558
654735 974753
118225 24443
218595 79752
463944 763330
620002 662791
676624 472790
591557 385008
119371 2353
649273 226166
840762 181279
421179 942487
744875 939704
430380 62549
691212 824846
915132 120458
978386 464348
225384 774230
529304 390766
352357 215655
30778 662159
770185 138324
174570 74549
734629 224204
111957 413926
840754 826363
532265 616691
809766 141951
78683 834328
932153 870704
568660 503979
53011 917317
209171 326947
456972 215986
490386 843086
241431 252632
859407 184752
462968 738492
986480 488206
951283 226010
150750 108946
70871 91900
932770 75884
933592 604450
237185 518912
413113 440032
791344 270017
28752 654420
826342 809643
820274 760153
992168 651867
537971 940245
80959 805276
993694 376374
743040 201722
791822 287102
621806 179351
934503 902078
199301 998375
425736 32580
890181 954371
944522 477129
63742 31133
411918 266456
476483 981067
950604 224542
387633 576047
360069 800573
63543 338115
670604 295494
792663 116667
997572 571289
19482 487481
940134 241589
524793 494714
453335 618656
928230 162471
286609 439357
867018 497043
875349 894146
37674 469488
776780 108888
269639 618062
696160 817464
131937 390705
469064 849352
361079 668214
925223 116718
205900 409416
762630 676212
263006 55064
184490 899040
877531 194111
769878 791515
459134 257458
416336 793854
593004 776987
547281 111068
28248 71332
366925 226337
311134 150104
484802 226052
185159 486106
902178 144925
683395 589763
641244 113062
758098 946281
851417 266096
526460 600887
351378 82985
746604 128337
453011 640441
232045 361612
145791 814094
204269 128259
440814 284513
793867 848818
837192 597841
705588 139942
239767 430826
51940 881552
959448 548445
759000 475291
23806 685102
503786 328546
533739 450690
8798 411606
167640 353017
338901 182042
93892 350915
239000 686
32315 877370
17026 870040
643808 560159
737106 718817
447143 223795
869938 845145
995956 683911
873778 680636
565799 900713
538566 367343
856462 211278
67488 1738
656889 539250
937649 463376
499585 111426
774027 232187
258103 150490
924263 925541
997168 781875
509621 424029
530888 656711
358691 231725
703462 351005
757990 914013
425811 355242
389839 366370
353365 178676
810857 204246
971001 247158
986859 90382
472418 969044
264978 951410
767361 605717
292530 216098
55694 888633
613326 991299
145391 537135
12853 909972
670398 421534
662410 363008
609211 532249
332491 572152
105050 469069
245830 33372
459832 930187
566162 78063
255819 523804
545600 477650
55654 360689
158220 747858
632557 19346
927219 206699
438727 209242
345298 753792
580694 155980
610373 991480
349891 108746
638858 647861
247873 853737
435871 213827
404319 542013
217428 743673
647271 540330
561188 44782
823315 653332
587985 227200
211454 137461
421260 548850
876202 615140
809189 453783
144894 946403
101539 261497
762814 385408
118134 964151
301390 51642
199925 120080
13816 802080
484206 617593
199372 355734
913868 684414
490795 176173
674191 964587
678958 252715
198981 950847
210296 324717
604671 81656
591753 71860
21105 723030
265528 493080
979548 611925
347197 823620
717296 838787
32188 836980
27828 24924
874140 220589
981596 174359
521374 651116
572766 400204
793926 465524
238054 731554
328187 857228
226227 323863
504226 528733
483426 441624
25282 565786
701433 990556
73991 796781
722902 432291
777836 11760
933899 394612
111814 610936
228626 183350
300470 277864
20510 360308
590200 360380
652856 904561
919387 131401
806725 926796
138549 626575
71217 437634
810909 969376
302214 492497
878914 979232
970475 993575
855588 602345
552062 441703
983551 189709
147202 549586
142190 776721
847220 889437
82357 28394
272780 149909
431165 924161
974621 653729
673798 888406
64192 740738
737622 232901
38539 842720
226858 380847
193876 107865
486730 193240
655793 554901
778971 17130
708931 632822
44460 780190
465408 699423
843820 639702
70482 896996
120322 920323
387354 784995
880381 265087
418364 276839
526019 100150
165262 744345
10018 938160
571775 567524
695106 890969
594480 726588
621483 275948
233796 526566
805431 14039
454214 909359
761881 878665
501097 949209
51149 336992
884326 304409
365805 62945
323642 596958
904077 609204
685575 137097
666727 904391
260367 200479
110216 532607
914183 39130
290980 16120
198216 690362
451570 259492
981520 648691
357125 306258
478185 999148
203649 205573
594459 324328
889817 27869
9615 867221
661490 524098
849252 948703
639993 269986
56154 859842
805032 132647
941937 847524
960742 162198
293261 498013
32354 752129
691075 216614
895411 971500
869999 337123
472581 815829
518163 635045
333203 700500
436485 420004
188663 408447
522482 37511
140019 590021
271383 905774
17146 402241
835203 51530
724344 939434
838355 49375
287636 448726
764333 370681
763875 970982
617104 47947
64328 881483
968090 268737
328813 559671
173523 21182
72079 334762
22420 934422
307597 886954
730236 568604
729551 753974
968219 36652
119114 651824
655479 282218
78132 704229
299945 826402
971517 754387
238969 832442
399420 812301
348925 596697
394193 686113
996763 223021
623439 7088
670299 239295
647429 145957
961116 307768
611817 441911
511942 685673
54105 659286
15295 550873
130285 112326
30651 109023
69324 813863
985688 814451
358335 248633
499630 332659
523512 657016
526510 545931
744696 445695
47189 682857
162607 895566
410586 15796
314144 592233
715946 622363
737133 936703
50561 614891
575839 597936
798671 155303
181307 461594
891187 692880
844247 139999
9709 966618
295163 963913
65280 536487
774553 424594
864469 201196
21997 839438
472958 268875
257519 16854
257107 713259
472123 199455
30418 119801
941851 860889
575977 418841
691519 216176
468164 99102
212798 630649
392948 374978
549797 530071
857865 788755
872649 716216
147408 699629
338231 854868
523552 618186
4047 884511
218180 17798
985341 145510
842490 756723
308267 651935
759247 85928
119251 972737
611074 772015
310566 163766
893644 907535
6558 713145
139289 484170
576328 134631
492428 186298
59573 54225
124231 391546
112981 2787
531101 800950
82514 391893
615822 739097
686036 92377
159744 489267
310081 713830
638375 229516
480243 844400
125609 334811
872758 482908
257276 256404
967470 716720
432891 578063
236895 178479
366065 648463
295341 767173
120870 313989
239684 670418
654861 186049
619064 454423
765688 596052
735764 64886
962697 352076
315124 506100
509188 293926
173355 88833
459154 425698
343848 668686
855574 311105
137977 736634
704036 849901
77880 705143
40243 286583
885067 813141
879555 415656
452026 10912
92177 674287
389351 901323
785938 344716
684349 89026
392842 367706
528839 560023
533601 344883
986710 963818
813067 121518
473735 628733
849276 902109
135304 436528
472894 680024
877901 904255
940626 47830
978118 614858
31022 687037
542100 187601
817654 780142
911392 223900
871440 865878
853992 679205
487471 150831
122622 608106
181743 749700
197334 797929
614071 462816
339433 546282
749119 164297
97986 890042
221633 546205
89559 92304
264142 632209
56836 5346
882528 623937
997575 442803
86657 186083
726849 707722
349834 631384
116367 920669
494838 220904
407462 309748
895703 203248
466606 976042
781949 446657
469997 364602
968787 490949
66331 840276
510631 972752
931274 791414
562991 97882
88046 847972
758742 41439
374194 167326
933463 587881
443376 204769
709484 193223
263435 470275
946059 820530
583527 90083
808143 704946
209038 478588
322337 602475
114428 278935
505803 103789
738985 870969
110107 950812
720235 274803
484498 306475
147071 225545
272129 139053
939662 752793
376611 30937
817457 661579
757740 533093
80274 673146
71206 897205
460948 473185
395123 107455
313852 241755
742921 943537
787285 949777
467420 132537
616223 457444
979417 618763
674405 49951
968357 417840
997520 201702
348899 274505
126258 133356
439781 371319
381153 67166
690304 917776
535117 604800
123590 131062
56095 66350
648444 489584
961758 516003
27849 369579
699480 312364
562050 43881
583786 458764
423439 963423
934133 444497
214560 999877
46113 718686
571892 366137
998440 604694
928227 711964
98510 234640
808589 685477
887504 763228
627314 938146
544663 183772
11249 674095
904944 467312
523371 551666
458677 494754
260079 46390
706410 893600
71727 376964
921656 944074
807666 497748
574331 259126
185749 462526
579186 982340
308545 265443
580317 763701
502988 843285
971528 971498
625560 89446
244395 304444
218603 627654
676147 983955
856093 426711
616189 664448
476395 832153
880017 275447
129483 320791
614251 216302
718594 845023
229759 467102
122014 778311
807661 329391
373398 701015
217408 920560
148309 948043
882461 147200
277269 331378
959767 150803
340811 111477
103180 260718
996739 971453
164630 96488
960867 804077
367471 899852
537399 191376
162495 166322
654937 842914
598880 848882
687459 361236
613913 823020
740171 876935
476046 140110
871485 205671
37503 974653
276892 281263
441229 490796
480470 337939
121030 408629
794183 852359
953406 89333
42944 193887
473446 385000
643105 193611
353766 280463
997896 989318
888151 427331
576187 871502
901112 668375
272016 774096
307335 4489
959683 322529
548398 603284
90499 126701
275981 38918
878062 631239
204965 808446
689332 880751
686956 392630
502519 33824
782548 474423
698669 952007
796171 361304
526648 783520
833429 251060
551237 144799
892827 502991
644710 816614
46738 457385
861445 516404
836026 107152
659527 689129
154857 282412
553458 552536
567380 291821
886503 71937
397432 474222
542686 719578
596654 990647
522010 696481
824752 492699
145381 861795
70202 364423
774308 118548
191198 254952
436341 158031
509531 926979
454590 918675
645090 234675
400004 623618
948043 471937
952697 531523
404341 918679
347367 6827
268326 932796
905258 284272
260567 104915
74936 13046
98215 491141
648552 864136
280737 979181
585664 863510
203766 817167
798796 836247
671257 399640
251232 204939
913372 423645
236046 777276
362482 29313
222216 866892
21398 976250
880710 388260
410394 29970
443954 188996
44634 791994
564653 639255
762580 498363
836432 464677
207442 399848
313895 744461
173931 725845
74587 919046
908561 488975
528930 922983
500797 32406
834412 860509
427037 207585
749136 105524
759931 125993
375844 805382
911446 888224
365824 656580
505030 737672
645578 797747
702080 716936
837167 380493
20965 840451
569077 389099
841596 939336
444438 191207
855575 27951
778858 526778
171156 437353
583059 284182
66922 98996
462706 43150
32318 367585
348 392185
252340 806314
870519 99148
655249 831532
629646 402562
758745 354691
824051 60302
682568 554331
172051 289832
870628 183124
591122 325504
25253 489970
430915 702862
283318 909544
516691 182921
905717 477839
697268 304482
301608 214872
894764 31574
657693 772063
175671 448085
291398 869052
162941 555915
31125 868698
525055 595459
275565 985566
128900 799636
884623 892785
410159 580618
792623 181445
572944 404739
770598 710262
341906 399650
174963 571803
928855 898900
145500 507490
224516 658365
193861 923916
175802 872725
890330 353340
45194 288315
873143 24439
142441 850613
170584 310607
506557 541730
71931 64818
431360 9271
125283 10165
133515 945181
508739 650320
644097 262502
840396 685270
815508 624477
993025 787599
210765 827177
360987 814466
828411 520738
533735 999001
778395 138627
481569 453170
317096 283436
219014 710908
807404 947044
894565 983203
791851 190790
917449 144413
540939 420489
424605 936201
596128 398824
849995 862793
281228 510999
291847 607984
182073 112608
746386 11651
724212 875759
127653 808664
365384 325808
598721 467206
718854 303959
336210 138472
861155 863958
272017 226157
617601 458313
370324 64293
472789 317372
993656 722127
258949 411999
513211 285933
189637 380152
937076 616945
166842 40803
439519 214063
797966 790764
167610 2300
739063 595116
599284 465600
259700 588154
609193 854471
546096 125041
507745 737656
102767 852609
632269 467731
811859 43695
43619 401594
792713 397943
490558 80927
974521 729051
782252 390181
21256 130516
159035 952300
269968 87298
154273 747087
77878 925478
85157 441321
592420 490704
744386 318471
92190 123794
996444 457289
862795 365566
877815 786494
123438 223643
630528 932917
645001 755806
801800 539075
223501 597335
918154 221688
34426 715595
830592 405576
973235 617142
622477 750268
949375 467453
599455 176074
368312 828113
175697 982722
433067 991828
129569 667706
331371 853307
963418 288242
525186 17076
548188 897359
645851 44908
100398 244796
554676 156380
531058 640991
929324 891446
754865 930089
955036 471159
235874 663942
628817 740191
931246 838032
545453 466115
22852 269609
415711 454431
578770 98928
903798 545181
182206 855699
980181 988304
866473 314196
885313 293821
377653 185738
602016 77167
707453 74915
286215 522044
931909 445446
491036 729311
877183 275736
108372 879948
717272 137604
440968 597839
754063 649028
123488 842472
792787 913843
298588 172784
486750 861532
559883 967477
446485 449725
617940 189128
251183 604521
594084 254735
162482 982662
302724 932296
738545 32410
854781 924308
615145 735387
852762 438629
927577 74573
414522 495597
485711 116353
310382 660834
949232 548896
196177 794426
709900 321401
93082 67738
891163 968473
178762 252435
745318 36969
114041 790260
424665 881198
317340 899338
882449 539239
909740 627999
96636 206335
507344 165030
54978 561644
370390 300710
987098 575925
142050 993745
41896 88412
627147 248270
288206 425336
385261 706754
6128 233287
641968 705274
99792 518924
510850 536868
330728 59837
925067 128577
549588 293153
827246 188789
48028 222019
364105 358420
114415 622102
436463 286429
921687 414930
251162 430814
381955 412672
556738 79369
891936 408636
586503 936938
150281 966936
680616 268308
607171 674396
870602 717972
306761 722476
728728 173424
350734 333904
371849 761492
320111 594832
679838 368328
976716 88421
307895 879737
889972 355579
11510 940231
19816 931928
870087 489474
444457 735178
884647 821487
738390 520636
144997 400281
636141 506048
395957 78058
839911 646492
114485 109302
359415 973979
835905 519475
150639 759168
178144 865725
17754 594380
714084 633688
512836 289604
165655 915737
778605 508919
841492 42176
608830 423876
518459 255156
258349 973019
359077 152776
450077 637501
594160 723356
849863 472876
457467 371764
37536 617413
979539 102370
595802 953628
552931 506088
155502 261983
328344 542744
198560 94488
913973 594275
649959 678850
459548 71937
761656 860855
250306 356574
970268 841112
528567 14884
186397 642867
250162 496993
921065 394953
824182 840764
731694 598770
367300 520056
177711 881338
73101 373152
378946 406479
674183 376352
103927 209963
577861 506984
866048 949230
558145 747013
474836 380985
774313 235203
184390 650542
640121 282345
368185 275599
523679 219039
172304 15978
261014 456448
425570 831088
267018 512457
749324 72998
55991 304068
703774 176803
146823 340277
439908 215508
92409 696210
350642 279654
792484 200183
271053 364168
843464 702025
988288 950827
514889 178588
698356 211159
718253 364642
116478 230593
109155 133836
116084 982126
731117 789110
946824 112025
753482 839094
107881 949806
418707 412227
961288 162656
405775 300801
986386 162936
714461 681219
548508 620935
144837 173740
709335 359390
497791 344338
55292 567706
926385 429819
270822 780465
383547 122561
263026 927032
2585 739709
210912 604798
633757 884047
359864 479761
723689 350733
235352 593438
780405 841695
835342 999830
905342 860380
508620 153231
94559 795980
488884 883651
969946 251763
72447 11715
925689 462917
829285 720401
630653 629780
52766 709088
265966 442085
146301 683058
673269 222823
868685 77442
75989 57681
564176 90528
286831 513052
697947 369770
289071 70696
57729 578836
159312 332248
360556 434285
267017 630966
402835 349880
392729 509215
501323 290720
978469 973161
907031 699941
122691 46657
963525 823123
162265 572991
545220 136662
178778 619427
531804 125691
871067 270870
37316 509790
454994 427984
509994 660160
422189 276102
273925 704600
719685 24535
720648 9659
499634 608329
96254 544597
934781 809363
145590 3588
372974 234220
813728 320996
85330 816222
689534 288981
853955 170090
789122 902273
149482 404879
455062 273505
741759 428402
919064 967160
978616 494246
687996 377778
710872 619958
972278 277700
760950 520947
335703 228773
376424 753487
961211 434823
784686 746463
368032 452063
325232 499935
163812 135214
492366 866110
690266 819576
353998 206524
185909 803132
824112 173764
748697 981932
494335 839504
286224 92365
317266 143549
330113 851957
773758 311518
430412 761354
824157 135625
219462 579850
844939 524002
475950 752645
840261 733405
272514 827641
784380 145825
323615 753327
371756 639143
325247 137816
480268 355049
831078 875519
258498 865754
793477 382497
853875 997043
174610 95982
174846 538379
699551 929877
881744 583786
537340 387846
318188 836721
385450 25791
138087 356904
487394 136776
440052 610886
753871 581974
5540 263360
874843 241335
783663 874095
267389 178810
474232 701521
779947 833606
110128 48034
783396 853629
730106 199734
673294 834398
747792 575792
968287 41806
551838 872927
710096 30263
387854 308747
521685 500026
616297 899643
817074 36768
364824 535147
856830 867168
519281 767373
196743 954519
295213 780084
114016 625389
962848 8772
770951 320339
401138 268048
36242 287471
569190 775120
620249 75687
178297 221580
506062 591159
52056 768186
941340 50238
399263 991996
490269 83758
734760 203221
180100 32480
978105 193974
393400 112316
136942 737522
338315 363963
236908 739773
513530 668914
838511 974982
280895 345075
