10000 1000
2366 298
4117 1949
1559 2306
3489 2081
3549 2736
3688 3737
1744 385
2981 4309
739 3765
1728 763
2579 4400
1427 445
224 1556
659 1260
4576 581
1742 1408
1063 3971
2900 2916
801 1363
3655 116
1252 3688
1289 3178
2117 1345
1111 4885
2244 2930
3017 1882
319 4244
4691 373
1428 1449
937 2501
2703 3840
1998 1420
1441 1911
1443 2354
1477 1739
1797 295
4510 4494
375 1013
4305 107
1161 3872
2344 4662
3419 2048
456 2148
3598 2797
4061 316
1935 2874
4224 135
1682 1374
276 2028
2559 2051
2715 2415
731 4806
115 4238
3098 573
1947 2686
910 4595
3226 4509
3951 3096
1209 3409
1619 329
283 657
3689 2608
3497 3971
4660 3550
4116 129
4119 4414
905 3778
3742 587
346 4137
4386 3346
4821 3226
2141 2681
2231 4715
4247 1725
1150 4147
1121 3930
4550 4601
1110 2411
3987 3533
4916 3906
4114 644
2903 3032
613 4004
3528 832
4116 408
3712 4925
2772 3864
2336 1676
2418 3523
2945 300
2912 3974
1350 3555
1310 1320
2234 367
1620 3571
3547 4706
2118 1249
2226 1128
3413 2809
966 3611
4090 2424
4668 1439
2617 3118
654 3896
1690 2653
2570 2549
3947 3896
2089 3861
1176 3051
4855 337
2036 962
4778 718
498 2992
267 3456
3621 4591
4243 2751
4682 1395
1886 1268
2703 1847
1198 3864
2736 931
1719 2309
881 945
680 4906
3857 2845
3983 87
1559 2767
4767 1680
3636 1689
4744 3692
4774 2646
2195 205
4710 1178
642 4221
2446 3688
514 366
3140 305
4140 290
2376 4220
4531 3616
1947 1867
512 761
1751 3309
3444 4579
4733 3693
2206 4505
4400 904
3709 1356
4406 500
2499 64
4948 4063
4265 1668
4641 2390
518 4182
4389 4003
1081 3167
521 2197
528 3790
1296 4745
4092 3735
1989 2241
2602 3797
536 2079
2105 4296
2497 2257
2039 1265
3563 4616
3938 4796
2740 124
4354 903
4868 3578
787 4934
3388 671
1300 2503
4059 3260
100 3224
2820 896
1655 2521
1400 2762
3772 1975
4625 4256
86 156
2609 4187
2532 378
3362 2350
1382 239
2737 1802
4543 1296
1336 3345
124 23
2028 1982
3150 1968
4149 1759
3790 2942
3676 3545
2805 4986
4302 1646
1971 4386
3526 2041
3508 1030
3141 3603
173 2762
1482 1645
4485 2337
3827 2154
3420 2919
3455 3273
3890 884
4477 2658
600 984
4382 1646
2868 386
4590 4344
1349 804
1547 3526
178 1297
321 1662
4155 2987
1135 1407
1247 172
1282 4998
1261 3611
1872 1823
2292 4817
2617 2494
285 2864
3635 2528
653 3199
1831 306
4396 2665
468 2045
2842 4766
2945 4282
1544 1210
2441 4847
4138 1575
3547 3926
3817 4776
4301 2280
2494 185
4918 2115
3757 4438
2382 776
749 49
2548 4148
2054 691
4871 1665
349 1007
3469 2568
1952 2089
601 306
2196 1596
541 3002
4118 599
4020 2561
142 2338
2375 1973
433 4313
135 2025
1451 1577
1640 524
184 295
2641 2359
4144 2006
863 4462
300 1791
1942 4675
1360 2739
1888 4270
1473 4566
2499 4998
3724 4238
780 3517
108 3301
4954 416
3501 2968
4418 4056
217 329
1402 3932
35 4102
4052 2554
878 2303
2650 4765
1816 2556
3933 2812
3614 513
4813 1765
2371 38
1329 3018
2773 3776
2828 4606
82 10
2717 904
4459 1075
4077 1982
628 2947
753 4027
3801 1525
893 4917
3988 4970
430 4883
986 2084
4287 4682
4360 4130
4355 1081
3354 1139
4516 2553
3585 1054
872 2804
81 20
3065 3463
206 4745
3623 392
3118 3410
940 3928
2656 3265
4358 1761
957 1334
482 4616
879 3963
1827 488
2024 4079
4154 1525
2448 2018
4968 4436
4188 2940
4724 1983
2494 885
4211 3192
1408 1285
4353 3020
516 3846
490 3174
3995 1570
4392 3622
4275 2603
4007 1069
339 338
3044 4685
2718 790
2326 1738
595 933
4915 674
3519 700
2111 1394
2859 1224
3953 2015
1383 2398
2845 1793
1964 166
3540 1171
1326 2856
1561 432
105 4092
2560 2718
4058 3122
4205 3062
6 168
1291 1574
1840 3055
4260 2012
1251 1534
3457 1797
4009 4099
3699 1849
107 2754
4308 2814
3262 3596
1984 1481
4106 3009
1837 1432
3673 493
3278 4812
730 511
1468 1352
3090 4472
3598 2696
542 4833
1728 3340
1407 4175
74 4093
4882 3663
3197 3102
4127 4414
399 4339
3459 1649
4333 3447
2211 3233
3530 3684
816 2164
939 4551
2250 4105
4032 3972
3719 2468
2146 2501
2631 1783
918 286
616 1137
2548 2208
3054 1209
969 3449
3660 1761
3291 199
756 1022
341 1844
1826 4105
3014 612
4159 2645
3495 736
3862 2029
1904 3470
520 3405
114 4580
360 912
1272 2892
987 175
1388 3898
4038 3426
1049 2606
3136 2230
4085 2821
3852 2187
884 2647
4530 885
2102 4758
2203 2083
4787 1644
495 3014
3162 3703
4630 1871
3202 1585
3896 1442
1812 4558
747 2188
1666 360
1045 4420
3827 3672
2556 4352
2700 2847
59 1716
2603 4240
3861 4652
4134 1455
2915 899
1659 3499
3112 1255
2345 4971
2942 1063
264 1206
1606 4087
1715 4273
3792 2568
4683 679
3268 2175
3443 4303
4594 2896
233 4003
4386 691
4867 2700
2404 3570
4003 4554
3815 2784
690 3631
3683 2074
1327 2733
769 1969
4655 4359
3032 4169
3014 795
2029 3081
4849 3285
193 2123
4531 2118
381 1517
4096 3858
1684 776
4210 2292
4044 544
4433 3504
3794 2128
1090 4934
2158 4987
761 4701
4499 1310
3663 3959
4319 3390
2296 2762
3811 3859
4729 2862
4244 1961
4760 4507
4525 3901
3257 4473
3304 4980
3741 4290
3392 4161
2894 2653
4541 2509
1705 1163
1852 2739
4253 1758
107 4454
2304 3733
1742 1511
3947 4434
2411 1114
4251 4161
3236 3696
3161 823
3380 3393
4212 3365
4571 3432
1734 2053
4219 4268
2480 774
4110 978
2712 2421
3184 2098
3916 2512
2582 1700
2629 2992
21 2017
925 2697
3057 1944
4205 3619
4952 857
4230 778
4521 2545
1463 1375
205 3529
4513 1251
364 4147
3148 164
1395 3788
2807 3227
1073 1090
2011 551
1929 935
3717 3281
4649 4902
2374 214
2221 912
2740 136
801 792
589 3529
627 3849
3960 3331
1152 3743
2720 3386
618 451
1913 1520
246 3463
2062 1270
652 3937
3349 2959
4613 3125
2832 4892
1723 544
1786 1886
329 1725
2871 3739
3971 773
1847 550
3172 3276
1911 2316
593 3278
4879 4859
731 921
2965 4283
645 4266
1920 906
2901 900
460 2544
3517 200
4024 1510
3309 4132
1777 2959
434 3407
4087 4616
3113 927
3901 675
3053 4528
3486 2091
2533 1670
1840 2137
4925 3119
2482 3097
2111 304
4367 397
2760 1398
2360 144
1448 4205
3739 425
3561 1451
266 4534
2808 1012
4462 4135
4806 3336
1368 2531
45 4786
3794 4091
2612 3149
3645 2820
2179 679
223 3750
1851 1719
3492 3427
1725 4849
589 3483
1936 4389
4389 3313
2104 4905
1688 1020
2572 4757
476 2231
3103 2066
4121 3813
2295 2000
3830 989
1501 4752
4119 603
497 330
3162 2205
2798 390
2471 4700
2756 4877
279 4953
494 2478
637 4716
4549 773
834 1332
4850 3879
295 3138
2950 4265
3230 3861
2186 3028
277 1537
3754 3631
4348 1021
1434 2987
1862 2453
2696 4389
3088 2488
959 3020
812 4120
2146 3533
4226 4634
1743 4984
4005 4257
2649 2937
886 716
3654 3963
4680 846
1199 2078
4124 520
4913 3330
3576 2931
1048 2439
3488 1664
3640 2393
3723 462
2472 852
1813 4399
1918 3501
4396 1516
646 217
2960 4416
604 4688
960 289
4710 569
2748 2591
2495 1754
4531 945
3218 1255
4663 4940
4651 1785
2703 4217
115 383
4040 1967
3235 1101
2465 3285
4943 4400
1012 3311
4441 3187
3660 4661
3761 2395
3820 4324
1534 3291
1852 1682
4169 718
3828 2061
2373 2109
288 3620
3220 1905
4253 1871
4754 4970
4785 2849
1580 4129
690 592
1288 4852
2777 4675
168 297
394 2592
3216 1778
3902 4133
2042 1808
1112 2141
68 4354
4160 732
3491 386
3586 2525
1023 88
2049 3673
3413 4267
223 850
1039 4502
3292 4858
4111 45
955 2724
3044 3200
2699 4171
1121 1623
1323 3384
4071 2289
4926 1882
3735 3007
3910 364
1725 1373
4476 4300
2174 4725
2321 1083
579 166
4181 4703
4896 2318
2704 2241
3245 1834
2558 2636
3970 102
773 4992
4067 2072
4983 3318
4625 1426
385 1929
25 4448
1760 2637
2594 4077
699 3009
959 2517
438 596
4852 2189
296 824
884 182
4071 1931
1203 2120
4219 2020
308 4756
261 2111
1685 3556
4231 159
1663 4188
3399 3349
3144 2473
35 936
4487 3715
889 1184
157 941
3234 2566
4829 361
3281 1623
4145 3661
2175 1242
3863 3947
2236 628
473 3454
4996 1320
517 4661
1455 1784
2140 1134
1729 4160
3993 4931
2365 2560
2088 3766
4276 2643
2413 3655
4876 1996
2924 4477
4512 3909
1125 99
65 854
394 691
4113 3505
2749 4511
2312 4459
3033 3607
470 4104
1994 2058
3450 3707
109 1742
1780 2891
3172 4674
4820 469
1763 3028
1448 3746
2892 2194
1111 3203
51 2416
3512 4157
932 386
3190 81
4800 2837
3949 824
2981 1086
119 1124
216 2878
50 3109
4967 3919
1892 2519
4492 975
852 3771
4293 2513
4361 4000
3223 3704
4837 3738
3378 1599
3304 2306
1809 4613
2005 2498
1570 3936
3277 2188
1878 2982
4224 1537
1010 383
2208 4742
2853 1760
4585 4894
2693 4167
52 168
3802 3254
4780 2104
720 208
431 279
2126 1771
2800 859
4037 2731
1738 2744
819 1603
2740 3516
2712 1971
3218 4317
154 1695
1939 3581
3551 3343
4901 3234
1876 4920
1360 865
1773 4117
3687 401
549 2007
941 2385
2504 1058
2826 1256
2505 3158
380 767
3109 2131
2941 3859
1087 1297
3267 2325
4373 2231
2963 1357
2329 4105
2534 4974
1533 3136
447 4417
67 1760
735 1076
4645 4991
2038 2804
1425 2175
1675 1293
2365 3274
3084 402
681 4629
529 130
1507 2827
2380 1171
634 4503
880 3350
1757 3558
4103 1556
4236 1186
380 3227
3463 3882
1957 3461
3915 1140
2451 1255
3777 2892
1483 2974
922 3787
1054 4038
270 815
3388 1445
2141 4947
2620 512
3097 4367
3291 2975
218 2288
3522 2617
1556 4494
873 1171
4812 2719
1036 4699
2196 1048
2572 1413
2200 1851
1292 3210
316 4741
1545 999
4711 843
4294 465
4506 3130
3672 2001
2455 1820
2655 4047
585 3335
1247 1501
2573 2352
2764 1232
859 4883
3615 1521
1440 3233
4408 3841
320 3222
3250 1572
3016 2762
4102 591
4539 852
3845 3633
756 2205
31 4809
4867 1556
3456 2124
4116 1695
4584 1568
2998 2964
3204 2950
2673 4566
3221 2043
2468 4774
297 61
4957 346
1126 2519
742 4182
4457 2558
2028 958
4519 2105
1458 2630
1725 1409
185 105
3409 1176
1536 432
915 3949
3033 4642
3044 3839
3313 2925
3035 2457
2891 4087
3082 2258
1343 3826
1238 3223
1565 1831
4057 1936
1808 2354
2584 757
4080 2838
4130 2112
61 704
1101 686
760 1524
1927 3351
2077 1624
506 874
207 3583
3354 523
3910 712
484 2951
1081 3448
1839 3797
4552 2523
28 1737
1340 2308
1196 544
146 4900
2792 1988
1453 800
3489 4219
2084 4963
3531 3833
738 1595
4196 2456
2000 4266
