100 1000
33 40
14 17
16 22
18 35
50 46
28 33
47 40
24 32
1 23
24 3
5 42
45 23
33 41
5 4
38 22
20 44
37 42
32 15
43 8
42 25
30 32
38 50
11 24
18 30
24 44
30 37
31 43
36 10
41 46
15 26
31 40
7 19
16 10
36 8
17 2
28 49
44 9
42 36
6 29
11 11
31 26
5 17
2 48
10 2
3 11
41 40
30 46
28 8
34 22
34 43
30 30
27 14
17 31
50 17
34 50
20 39
27 27
18 43
33 2
41 21
46 20
6 14
47 38
22 19
35 41
19 6
17 14
21 39
41 41
40 4
31 1
41 12
44 10
38 22
1 4
42 11
7 37
17 40
37 8
22 18
26 49
38 16
32 32
24 42
1 39
11 43
37 8
13 1
4 45
11 38
36 36
43 10
34 12
41 1
18 43
6 1
19 43
31 44
33 37
40 39
23 13
48 34
8 40
19 4
41 34
31 7
17 24
1 16
4 17
13 38
11 25
15 37
6 33
23 15
40 34
5 43
24 3
19 19
23 12
9 11
13 36
15 5
10 30
49 21
1 38
50 35
38 5
6 11
25 15
32 29
2 1
29 1
30 43
47 13
42 40
3 12
33 29
16 24
2 12
38 49
26 19
40 43
27 30
34 38
9 39
40 27
31 39
5 46
48 28
25 32
43 6
42 7
29 42
30 15
29 40
33 26
49 35
22 6
31 48
10 6
50 15
33 36
47 34
44 17
14 7
23 46
30 22
28 19
20 31
29 22
17 33
12 14
11 7
21 49
9 46
45 42
4 34
37 13
43 41
3 29
43 7
43 46
12 40
49 38
20 35
24 38
9 12
6 8
21 36
2 47
18 36
25 36
42 6
18 16
35 17
19 37
6 22
2 25
28 47
6 45
38 39
32 8
3 2
45 25
9 5
27 12
29 33
21 7
16 6
23 4
10 10
15 31
39 35
6 40
41 41
25 37
31 49
17 12
31 29
47 21
48 7
20 31
34 14
27 24
24 36
30 29
2 34
41 18
43 17
32 2
8 35
45 1
26 31
7 42
4 25
32 7
11 12
45 45
10 36
7 44
46 5
38 22
13 24
17 36
4 14
43 2
26 42
35 45
43 14
41 4
5 25
18 38
47 3
6 20
19 5
1 40
48 4
14 23
50 37
25 13
44 11
36 49
23 28
11 13
29 46
18 36
42 41
35 25
16 31
20 47
13 43
29 6
40 8
33 34
2 18
11 3
12 46
7 14
3 2
45 1
42 3
20 43
45 43
36 13
47 27
3 40
48 32
46 47
25 6
47 48
50 21
31 1
40 24
2 21
27 45
45 24
6 3
35 38
19 15
46 26
31 26
27 13
20 45
39 47
38 30
26 27
28 10
8 34
46 48
27 47
41 22
44 16
7 45
12 38
3 21
38 42
23 42
11 37
29 39
26 48
48 10
8 7
36 20
29 2
34 43
49 2
48 2
41 12
38 29
29 38
11 2
39 30
6 29
11 29
6 16
26 10
20 44
27 4
22 22
5 17
34 36
7 2
46 40
44 27
26 2
34 26
19 4
3 42
28 31
35 21
43 38
46 11
23 45
26 2
26 46
45 19
29 16
4 8
18 32
50 20
14 20
37 37
20 1
18 48
15 49
50 9
1 9
18 1
19 41
37 8
18 9
11 12
6 22
34 1
21 5
11 22
41 14
34 13
27 32
41 41
22 45
2 38
1 20
45 34
31 23
40 43
23 28
25 15
1 9
39 43
48 40
42 10
14 13
23 40
29 45
26 49
26 46
50 40
20 15
20 34
6 17
39 5
41 5
1 40
38 45
41 11
35 8
44 5
40 3
18 44
43 50
12 10
20 46
29 37
1 32
14 17
47 32
43 5
23 3
28 44
46 36
17 10
50 42
32 14
29 40
14 13
42 30
26 14
41 5
22 38
22 15
17 32
31 9
27 30
34 15
43 2
29 15
15 31
31 28
23 47
47 3
28 48
15 1
24 36
27 31
45 36
30 42
8 3
40 44
1 49
50 6
18 45
38 43
6 15
48 35
35 43
14 50
37 19
49 27
17 36
36 20
18 39
39 24
41 33
49 37
1 17
38 16
48 40
38 46
42 19
5 8
15 12
1 39
41 2
33 47
34 5
27 15
49 14
7 1
4 11
2 32
10 7
46 49
33 23
4 49
27 32
28 23
17 48
30 10
22 27
26 13
22 2
40 6
33 10
37 2
1 29
10 19
33 16
26 1
26 26
41 19
47 24
18 34
32 28
48 10
7 44
47 15
37 44
38 42
41 30
39 39
34 26
31 35
14 3
7 32
30 18
24 14
10 38
18 27
39 25
41 24
18 22
28 15
37 31
30 50
7 48
8 34
25 36
3 43
41 45
15 36
46 3
24 4
19 36
30 34
27 4
39 12
31 14
31 34
27 25
18 45
21 26
7 30
50 35
23 50
45 17
13 47
16 48
44 7
29 27
34 26
50 40
30 8
26 12
21 50
32 28
38 9
11 12
8 48
17 25
15 27
42 19
28 24
35 21
35 19
34 25
29 31
5 50
48 19
44 32
24 31
5 46
44 7
46 2
2 43
43 13
46 46
33 13
12 33
5 14
28 27
37 44
18 35
50 31
8 31
5 38
33 19
13 35
43 20
13 31
17 46
4 17
32 45
49 31
40 16
16 49
30 50
15 50
1 19
16 26
4 30
37 37
37 13
47 38
40 41
50 29
12 48
9 1
16 41
40 19
43 26
21 29
41 25
48 13
7 18
35 10
36 33
25 14
48 11
23 8
5 50
32 48
31 31
18 11
12 27
19 26
16 29
22 23
37 30
4 48
32 45
37 49
37 33
44 12
50 36
1 1
32 43
14 18
48 39
43 27
47 16
26 25
7 34
5 46
27 43
33 19
36 25
27 8
42 9
27 10
36 48
41 49
47 13
1 7
35 24
25 3
14 2
19 6
48 48
20 28
10 43
10 3
42 8
42 11
42 15
44 39
36 45
24 26
25 7
39 16
11 50
12 35
7 27
4 2
31 23
30 45
3 43
48 33
44 13
3 28
12 41
38 42
47 43
8 21
22 18
17 8
19 16
36 9
48 25
47 4
48 22
45 29
25 16
16 40
3 22
42 6
29 31
17 20
3 34
30 27
44 42
10 12
50 21
42 13
34 2
16 37
50 7
41 44
3 10
40 27
10 36
40 41
20 6
20 14
29 45
46 22
32 23
3 20
30 18
10 38
49 38
46 37
36 34
11 26
4 14
6 3
8 7
11 27
22 27
33 30
39 8
24 29
25 20
34 4
45 18
33 39
1 47
47 44
40 27
33 50
45 41
11 9
25 44
19 42
26 36
2 36
38 8
26 34
16 10
25 45
24 46
39 9
38 29
34 32
20 9
24 3
18 26
2 7
7 45
36 25
47 48
33 11
37 9
8 39
43 48
36 6
27 6
39 40
32 7
29 47
48 44
19 28
44 34
15 31
7 26
11 39
32 34
31 48
37 6
28 11
16 32
35 3
1 32
34 2
37 32
4 28
23 32
29 50
41 22
45 13
40 15
8 44
40 8
9 14
24 39
28 31
27 11
30 20
15 30
33 6
19 43
36 28
38 9
19 15
31 11
34 1
28 41
50 8
35 28
27 24
17 28
7 31
7 40
49 18
31 14
21 47
29 25
21 9
15 1
35 46
7 36
23 23
13 25
16 41
42 42
28 49
26 41
27 9
23 5
19 23
44 39
13 4
28 19
28 34
15 13
15 16
28 39
6 4
6 12
45 15
19 25
36 27
24 3
37 39
14 6
16 22
47 48
24 14
22 37
31 4
32 32
24 3
5 28
13 24
7 13
18 22
28 16
15 39
45 36
1 44
35 33
3 43
2 25
21 46
45 45
41 21
30 16
6 13
3 50
21 12
37 20
41 15
18 26
24 8
34 3
31 33
10 2
50 34
10 36
6 40
35 37
17 20
46 39
42 5
18 19
13 37
10 40
35 27
18 14
24 7
15 4
32 49
2 9
17 46
11 32
50 37
35 19
32 21
26 29
8 12
41 29
24 1
1 36
33 23
22 44
9 29
50 20
12 36
44 34
20 17
43 20
38 24
23 27
43 35
50 11
5 47
38 9
32 30
33 49
14 41
21 37
1 21
2 8
50 29
16 45
12 9
49 2
46 20
27 18
41 6
9 8
6 19
35 24
9 42
7 23
45 6
45 31
19 44
35 35
6 4
6 39
32 15
8 31
1 39
4 48
15 47
9 17
35 31
17 37
17 14
18 16
8 12
16 31
28 12
40 4
18 16
26 22
22 6
10 1
40 17
10 6
31 50
47 20
8 3
42 44
32 10
2 45
17 48
16 31
17 18
36 14
33 42
10 12
16 41
30 28
12 3
43 33
28 22
31 49
46 4
6 38
37 47
20 35
13 36
31 13
24 26
22 40
45 22
50 40
33 37
49 8
48 33
30 6
33 42
46 12
44 37
38 2
32 19
1 7
15 21
