100000 2000
22258 31562
48566 21187
13489 35401
33227 38304
15770 29090
38532 37693
24188 45237
39859 41920
14241 42300
36755 3870
41093 12880
811 35982
36147 22696
45384 7325
21939 49846
3320 13328
33188 9425
11496 9637
20675 12909
12871 25743
49094 12913
8990 31084
19878 30358
20304 36243
6918 23272
4902 40583
29022 43771
15402 16349
18758 23908
43074 870
26670 49763
17410 43723
1514 10938
16829 14934
36862 11393
46503 14094
3683 6883
9667 36578
37270 43674
3395 22873
5852 44056
24659 21072
484 49604
38225 18086
20228 10389
49034 33655
38659 6511
12341 45879
28950 46939
2271 10419
218 36487
37047 30810
32527 42403
1508 41709
13021 23693
19056 497
46689 26499
37265 6813
42677 29442
33135 25846
9556 22118
6997 33080
6420 5116
44547 20692
40026 2835
36955 8585
28028 17996
46159 35638
24717 16473
2892 821
35273 12225
12273 21363
46211 19317
40013 26167
4083 34888
5976 18148
46311 38216
48265 16430
24252 14067
37569 13410
14484 16492
44702 22725
35790 4248
43403 26765
16534 14943
17561 16384
20251 31137
10056 34658
20095 2377
334 24231
21095 48701
9650 11941
511 22072
30726 35417
36657 18257
32915 35030
737 9775
36255 25509
23354 44543
29098 38103
2478 35580
11315 9341
24536 2772
2661 18877
29137 21242
5827 20841
16 21075
28650 2589
49608 20762
48497 24908
11296 34131
6337 22619
33139 32562
5224 30241
32489 25980
7829 13894
10981 21279
6856 522
45968 26922
20974 40071
48901 39433
15421 42697
26129 34589
33777 30469
19659 26318
48959 20584
14111 34591
42226 26871
34126 847
26020 41641
20786 18681
46768 38845
3425 47870
7164 24464
27627 1506
8228 16236
45348 15072
17157 23790
22767 16033
36306 16511
11515 13420
743 23560
15614 30227
48888 14764
44605 31321
39398 25054
8046 9764
35881 31865
38106 36217
12403 398
19664 25870
44694 45029
43631 47187
48020 2626
15636 8397
32570 12424
27786 23250
32862 35481
11396 28503
6337 33032
12826 20820
11370 42816
28550 35959
42691 27425
24892 20184
4306 42068
9408 2250
20010 43558
33413 16812
27955 24695
30233 18817
41696 31618
10208 9206
47598 38458
8657 16246
10260 24718
32560 22261
17886 35637
12014 40323
8578 2704
29974 43436
46135 43141
6035 48406
34161 39690
1665 31480
39176 32530
16901 2516
39807 19164
9942 13869
28984 23241
43657 25280
44284 46248
47556 6250
29623 24328
182 30930
43375 35292
27994 18726
33546 15289
44010 22933
36565 25577
6392 6228
46977 5331
31810 35873
9775 43281
40536 33522
28507 10613
30742 26669
16564 48916
34472 9935
15488 3305
13061 48199
17713 42284
12374 4847
5177 49964
20303 26546
1773 46213
592 40431
36146 36034
35869 4573
26348 34501
45464 37613
22533 11178
48858 9539
19877 37183
42488 18834
45299 5228
26159 32684
42669 48172
17941 36528
48430 25182
21436 47197
36542 29495
23477 10408
11854 44234
30604 30595
30722 30324
10308 40032
49324 513
41024 38583
41701 32744
49166 30643
20201 31869
13395 44426
18885 28
1893 26285
26292 40273
34261 8331
6349 3573
27887 40393
30603 35897
12499 31105
6253 33329
7240 21948
8400 42459
15824 17694
35341 22254
32890 33943
22329 11034
32240 8317
16372 25303
37344 8197
19000 48728
43978 44565
539 9837
19360 37597
34837 6792
26168 43502
15399 33730
36547 11721
34812 12147
41746 31890
33234 21949
40161 33278
42155 5730
14064 45373
13209 49198
38110 39312
21605 5465
13561 21019
37281 47306
12631 19957
43019 41221
33859 32558
24270 26768
7260 14882
14750 8419
44167 9076
42265 28353
3234 33099
4753 1891
15043 48995
14498 30794
45041 41227
34116 21520
12972 6268
14919 28859
34004 1341
10238 7823
35886 7849
25221 33041
45650 25373
40717 45088
24813 28730
32303 37726
6854 37271
25877 25895
10202 23560
30172 4035
15614 5938
20023 12956
9356 1747
33894 5292
11064 23491
36986 16959
28240 23670
33553 26448
48223 16302
46143 38975
25173 27026
38007 34895
16503 18120
25301 15699
18014 38309
32609 5637
23856 42289
49642 42029
19790 46870
16622 18366
23284 35119
9986 26845
32999 3827
21334 10499
14190 28373
12444 48326
5874 48415
313 45355
21102 25924
48398 15282
16993 26842
5371 25653
27732 11516
28648 8432
1616 12614
8859 26253
2512 16082
34754 2952
36860 47678
21654 33255
9628 19398
6625 9550
39430 25965
87 27389
35049 2644
36734 21827
48694 40129
18718 38462
10429 10260
11372 48525
18747 482
18102 38014
26644 24700
30843 37048
6728 49271
14159 30387
45127 21568
44300 25725
5633 35143
45298 10346
31704 17356
16660 8962
34589 21402
7563 44608
37494 49772
43112 15528
5012 20548
46473 9994
42848 11419
7090 30349
2235 24509
12893 10573
45129 46023
16588 13949
27803 40646
37447 26984
34644 19118
21115 5582
19469 39878
22745 27865
43957 35202
47330 4902
8993 49528
23140 47299
32455 32950
5178 25483
46634 7730
19419 44001
32477 25288
33583 10587
3815 6572
36468 45759
32260 38985
10001 5531
5175 33453
9997 1476
40104 13326
49564 4157
43339 35504
3558 35617
8020 19206
30394 5465
13813 4395
3421 48877
12521 48182
26616 47165
30130 32141
49094 3065
6402 48134
31861 39675
47350 13648
17583 47017
21915 45908
24399 48586
13132 30967
25829 30037
25034 47849
12799 46413
37630 120
24270 2713
36711 28970
47907 9691
40601 34875
40587 24767
13309 47515
16274 47053
17900 24989
24454 31523
44982 5579
9144 14984
43103 45019
40777 47724
4897 31311
26484 35632
49585 12273
37121 7437
32796 26587
40859 3231
5712 28315
1262 36437
22234 4337
38630 39340
20315 6552
1325 35456
25666 45800
27308 46755
10752 36019
20887 32002
21717 23219
1860 10715
30254 34627
1774 5316
3795 8612
5723 679
877 28893
22574 9986
41023 13934
6483 10736
2761 27449
39752 42972
24024 19127
30222 22125
23754 36441
11617 153
49281 20616
38380 28888
9625 19215
21580 5018
24993 18638
21372 25447
37786 31756
4250 5028
25988 12343
9372 39275
47234 47764
44889 10407
41493 12012
17217 35538
26447 40052
5909 29929
4639 40531
37667 15603
30493 16827
30427 36604
29444 19239
17901 14236
44028 43215
19879 13445
24775 27216
41998 26211
20967 16184
6408 47749
47121 29273
31795 27096
13113 10477
29825 25928
20120 47559
22569 8434
35817 36384
46188 3578
17255 19908
9930 13672
10597 32906
20757 29441
34171 6103
32242 38994
7376 14152
11143 1922
23082 4000
43884 7631
30598 44074
40677 32966
22510 38572
37990 33407
21602 42213
42847 42801
19749 22548
21916 13471
40040 12264
4163 30601
41287 13018
2464 30650
41387 22924
35788 21517
910 18929
20522 40084
45037 36646
48118 819
3961 37140
1872 7488
18894 10175
14904 49767
9725 3231
3848 27781
47811 15726
32187 37491
12508 44584
2636 25692
18043 8809
48052 23392
14534 32088
16734 1650
4186 43286
3489 13400
22848 42762
38003 16290
6806 14558
17069 34836
5136 6244
19311 35352
6198 35379
13651 31854
5341 13376
22864 24859
7593 10533
40314 31652
9977 22936
22067 21284
26952 38402
14460 35720
35037 3892
37786 45317
500 49629
1871 3121
48966 35429
15748 37374
39803 47735
3054 26870
34189 18540
14470 38625
5426 36249
32386 38061
7297 22260
24557 16198
7430 39115
8774 41920
39723 12341
24342 2669
19810 37401
6906 34065
29411 41823
28133 32766
158 3438
13333 30463
17225 14215
28746 14214
42306 8557
43642 12572
808 13340
22081 27620
11353 45177
9233 37096
22802 37245
16988 15775
10775 10719
14570 12189
48170 10459
48295 18981
8982 18336
17442 2286
38290 24554
40423 28931
5469 369
32584 4570
16108 19364
42908 3016
10625 6084
24231 14001
28721 3539
15382 28016
15547 4519
2837 25634
22403 30823
7753 13829
11843 2200
37313 12306
46840 17155
23043 30011
6693 37476
37703 36942
18329 22033
42976 48481
4364 21354
1147 44197
32698 8322
30594 580
34794 32975
10989 47612
23528 32753
5103 27765
18069 33299
4229 34108
45389 30227
8137 14815
21347 19038
6895 6720
22040 40614
33176 41463
15004 46944
48509 44384
12310 17708
47566 38699
22355 17828
2441 19528
49275 49504
12694 31582
43948 29038
18418 7244
31459 31509
30531 24438
3717 11655
20138 15487
18487 25038
9456 33165
32948 21925
3828 12055
48447 15440
2396 32134
7279 27800
15846 24121
4691 35561
34366 19150
42167 49339
8266 33314
21256 37757
19406 25199
13229 21904
32613 21961
38805 47472
11222 48567
45914 11646
12139 25341
42813 41672
29953 16050
17074 27184
26501 10665
32705 24532
23502 29771
7340 6372
47536 19506
651 26576
7524 4319
9875 4372
27276 31476
32236 44365
7090 33504
45235 36048
20630 26230
10136 5993
35904 42707
20458 28189
45131 8792
43335 21375
23966 37004
2504 13447
27028 6812
46640 14825
46010 21658
13384 13467
15541 25986
28021 30600
22621 28990
6301 49244
5550 4027
23631 19125
24513 21217
18351 26142
34715 33093
21006 25681
33837 44208
16791 16176
12769 45403
5455 36058
31072 19702
14647 20332
4110 47628
21515 20065
25704 46616
39416 2541
44107 1025
11459 47278
22372 14151
18676 20852
11610 17542
3676 2515
48727 33520
8723 10763
44513 40364
38224 47019
9223 31179
27804 40240
47721 12004
15992 45204
22553 5600
47176 20323
24229 13395
20146 3345
9355 39518
20161 39682
831 38508
33525 29148
18010 162
26898 14076
34844 20472
35544 29351
45767 7648
18419 49198
38153 2659
35065 24923
5359 30631
37971 18626
39194 19626
41024 14575
7022 39728
13348 20057
2298 42051
45567 35414
7091 1383
32694 5214
41615 12596
2366 14959
22409 28300
4945 48486
32278 21426
42152 2870
38290 43554
31039 15054
26626 15512
40206 10307
34226 40083
41544 34290
40786 12484
47977 34784
15353 9490
14954 14088
46685 13792
35308 17085
2893 44221
44801 6061
33988 14212
9501 40323
16027 47994
28592 7132
30917 22430
24406 19349
43191 13501
4799 10955
7944 44638
49381 2883
34043 49113
6816 24949
343 45512
30911 9258
33408 48554
14520 15859
9338 41444
1186 14486
39280 15271
11398 31764
24548 25473
21174 21259
48514 2147
39828 37762
23698 22726
35895 41402
29202 2892
38360 12842
38109 17804
30610 42765
28149 6990
46506 46999
9956 26691
17758 47588
10057 5977
1391 1194
33529 16586
10523 48175
14727 10900
430 20150
38177 46617
9989 583
48281 15338
40976 6106
6850 49884
9 27277
40672 21155
41900 49868
24388 16710
13207 14346
14467 6447
6824 49688
26146 48950
24626 3067
1040 37690
20083 25494
25769 21476
42343 28025
26986 32276
25446 46350
6665 20075
34082 4285
26435 40414
15886 4819
49733 2925
45255 939
6872 24714
1481 5558
36217 11390
21571 24653
20955 13507
33759 44663
23305 36079
38606 49015
32113 13059
6265 31862
1308 2365
32496 44053
3988 40383
19199 43286
48897 40892
14329 46794
7456 31792
35152 41210
48601 21913
29723 21236
15333 16752
3815 32515
3419 15052
29369 9399
10707 45310
5780 35853
36823 4825
34912 47971
992 15789
7019 906
30680 42675
40052 43250
41233 28638
49062 27077
12531 22658
17998 48694
20090 6670
46160 32152
22558 61
23514 37133
39626 28997
39328 15937
40788 22662
10954 15265
34097 1900
38348 13090
12882 47394
18391 32437
48297 26480
40831 38721
17025 33561
3693 43826
29331 31785
5594 10322
34071 43046
25364 44991
4601 36934
15730 41934
43155 4228
27188 35446
8967 3506
5261 34747
42874 20724
2387 19689
21808 32913
17463 17612
36550 17811
11612 32175
15117 10866
48293 8995
19142 33530
18416 35745
28986 4327
7633 6446
20964 3519
29505 31399
16621 31647
37010 48282
23878 42761
1551 46127
43850 46166
45221 42669
21516 23926
3362 37595
15079 25590
37749 40406
27677 26012
6162 35694
4282 46718
12113 26092
930 41497
31341 49325
37611 3891
44134 49402
22725 48885
30153 27396
31712 24803
39319 45645
19865 1618
34694 8169
40955 48246
26479 28519
31955 18051
14590 16160
30880 37626
27918 5825
8415 5214
35545 32938
37760 9651
26999 1888
47807 881
38914 31967
5786 1048
41168 48663
2269 624
22867 5826
12525 24624
3965 13945
37204 35430
47780 25461
39629 21551
48835 11837
10461 44802
13262 15792
498 9509
6409 6929
23221 26091
26944 22768
898 21431
22017 2625
31697 5044
34652 45733
31176 42987
43531 11404
8449 44101
45544 23364
38699 23198
18075 41825
21659 5818
28503 26337
46469 49392
39890 11501
36671 17405
44403 42459
43476 15568
40480 7788
23723 41711
13896 24143
5467 37493
889 30905
466 13380
15206 33888
43115 3263
32451 21151
39851 17507
18874 1273
31964 9009
11944 5948
20823 40512
410 32745
7389 40793
39007 36931
43526 31064
48375 18786
30108 24694
24848 8003
42038 7640
6550 14306
23743 10962
18388 18133
49996 43388
5166 6071
16810 46541
39583 13379
20559 23205
3535 7770
32900 15274
26498 40350
5283 46199
37218 49319
25782 49616
42096 33923
37325 49215
37604 36975
4149 31288
18802 22078
44896 2224
17448 23605
7224 24322
49144 6187
30129 44476
15811 38351
7490 14929
15802 41867
49123 41487
41726 47158
38848 14445
33496 3595
27701 46427
39421 46692
15174 46222
22821 37570
20965 44612
44189 41315
10782 5788
5411 15911
34326 49747
32975 47623
24 24645
27244 29434
25311 36711
40701 25957
43389 14015
20364 47206
1069 39667
4388 46349
27376 24980
27275 10386
30682 39563
42440 17925
22835 44553
12104 49689
1087 29677
30364 19752
32762 6367
18528 40632
872 2204
30003 44182
19681 6102
16738 23358
11285 2415
29659 23629
34033 39236
17095 41555
21534 21386
26622 44070
13734 26662
19720 47299
20917 9083
43642 11955
35700 7165
45927 8872
29735 47232
19759 32577
4075 30075
49544 49169
37028 42448
26874 36234
48583 13720
23353 27821
8080 49020
1640 18387
18719 17560
36271 22310
34543 27309
40376 26919
3742 48827
510 34283
31934 14341
569 28077
7529 1855
5271 142
7838 16835
38829 24998
33192 14896
32978 46672
45745 9218
21181 12364
33616 24276
29988 38387
47514 27834
14729 19278
8209 31106
7912 39939
48151 49328
48771 43981
11508 15065
6818 45436
9597 7892
11253 34918
18975 9416
45866 2683
37449 35374
43714 43177
38174 3249
4060 12449
39151 24962
33564 45304
44687 34974
15525 16620
19578 26487
45597 32042
20820 6213
27351 36949
42011 12671
26994 37880
26993 45242
17292 34359
28389 4872
43063 17726
24252 39660
22001 28959
46295 1077
18274 18882
22037 32923
15574 13591
45921 3354
8219 10419
22377 37756
26633 41882
3363 40929
16233 44284
34575 1900
30930 47769
25277 19959
1348 14388
10958 14975
33533 26582
17207 2105
22689 8769
31943 23179
44598 4301
48245 40082
8262 27129
10490 95
36713 48342
11434 12544
9032 17433
9435 32858
18147 32985
3916 46739
41880 26883
6032 29310
34875 38103
17253 35085
13152 4346
39648 29088
24170 31087
49985 4293
44784 14674
40827 18424
9798 36281
7689 39474
9405 23588
48678 48898
45000 20099
47887 10126
19744 2600
48355 35307
28990 18425
32043 31653
11478 2656
41693 17956
22757 16707
35147 2276
39883 40507
34006 36668
10394 30292
37808 8600
39170 11289
33823 45081
10566 40808
43283 28258
30655 26286
25632 43496
1592 48918
45984 12203
41670 7161
15843 41512
21506 36126
12556 20843
44898 29451
30536 6717
8000 46399
31098 4143
48187 5373
9426 45882
12435 44702
8840 44481
36986 20290
36686 32477
42216 49402
35818 25851
44505 43082
33904 38346
39742 42322
32325 20833
48848 24004
25373 5243
25272 22204
11312 19065
49843 1455
48856 15037
48292 3531
8823 42643
6708 28409
15448 1338
41166 29735
32513 5838
47462 13517
28956 6617
26697 886
25712 21776
27589 34730
7102 19902
11941 24418
811 39381
7036 30752
34299 1509
1272 12479
47152 38947
30533 45814
4208 10823
23675 47919
23538 5107
2937 28876
27470 12021
37706 8136
42359 34033
20299 16267
32726 30296
12572 21411
47571 28651
18677 6991
13636 6193
1498 24058
5553 43301
27452 47108
11757 18772
11426 19462
47284 17005
30219 27115
16006 27315
11119 10938
48033 41157
2066 17327
23183 14237
43585 43298
27870 31126
22186 15305
27385 43831
12196 41541
44201 47324
16772 13059
571 30162
33120 44760
23212 40528
39287 12162
6805 7293
36037 18971
18716 42721
17487 32894
49088 37010
29509 37210
33313 49268
31679 47855
33011 16413
26925 3180
4152 40453
8761 2666
48666 43884
40975 34909
9340 47460
44008 4246
31391 15863
41411 31372
44758 15504
14788 34260
22732 32970
26620 40037
40826 44545
43756 20544
24873 38936
12001 38922
39794 7995
283 3936
47119 2217
31819 40640
25640 5136
22439 3389
3257 14886
6188 48592
41040 21779
38121 4752
47665 38143
5663 25120
41919 38057
13243 15457
25115 34327
48125 45591
15743 16161
34095 20404
46729 12605
13448 27268
25913 26673
8145 45988
42619 14041
49778 25745
42608 47621
14532 3473
18216 36002
5101 34247
37314 41474
48212 5496
37711 31798
2434 23796
447 42361
37133 8688
47635 38195
36184 16663
35740 20881
27412 22110
1637 18242
42131 1703
33152 37217
4527 36600
2642 12043
47633 47510
46692 49814
4516 20402
20100 2142
4818 33994
47037 17044
15142 46807
6208 26339
6398 30638
34546 18294
14343 36091
16794 21033
29558 33903
295 11044
29857 1680
43232 21905
31660 31741
18552 13667
44897 3422
44758 10319
31336 29246
45907 8179
22804 9879
29933 6232
29393 40023
38789 38463
3636 39319
11229 15173
36471 43730
41726 15253
1661 25770
48649 49262
13263 1808
31236 3384
33309 2102
47372 9456
8037 43704
15270 484
23696 43155
30399 22363
21190 42933
38894 26568
25025 36740
44428 13042
13546 32932
9202 10738
18680 38315
34280 39975
25835 10977
12430 1321
35260 5512
21363 37680
19914 49560
42089 15453
8235 45564
14243 20302
15964 25777
9690 21270
35413 3920
3314 6770
621 3756
8976 31819
11201 39767
44122 2343
25906 1532
31199 26698
23099 40331
20915 45946
16080 3483
14534 5950
4456 23562
8138 19549
38505 30603
23967 32857
34642 10022
43895 12019
33534 36589
41446 40831
13345 25233
32872 7030
4421 21686
43841 30873
6352 48497
42399 219
23488 3239
47086 3111
996 25399
27659 20928
3750 13195
24042 36251
6723 21311
39863 28807
28754 25611
615 31095
48167 3345
13624 9350
29849 47650
18753 33610
40075 16559
14402 10055
38203 9597
33717 13930
22155 28120
13754 26557
41135 34475
21155 28835
11836 41055
40797 28991
37541 25350
33155 17965
27227 22610
13733 39389
15616 15039
38356 18144
49947 33893
153 14401
32634 43992
1723 29330
44593 3557
5749 38508
30141 2425
5891 33526
24473 4652
13519 36912
28798 22728
12019 31138
1136 8204
14870 7039
22481 25392
19347 35804
27893 5127
36357 40835
7958 46612
39259 1129
49941 25695
2365 43677
33482 35499
13965 26113
25854 24920
41998 23531
13534 9614
35274 21777
36912 5967
36764 8865
35476 43208
44653 13139
37338 7394
32300 32623
20254 21173
39844 26665
9726 49338
42086 32107
42011 33069
44776 32848
16966 39849
43403 5738
34115 3067
18308 5279
20262 44434
14339 11547
30038 49789
11431 34711
6149 15804
10512 46544
32550 12620
47369 12162
709 33699
17355 4905
48097 35480
8659 26760
35301 15020
39488 2140
16533 35043
23870 38256
44617 34085
17442 31382
31822 16851
19126 44773
34748 21484
48855 38124
7792 6483
6937 24914
44384 32729
20866 37766
11390 18200
29894 46139
12647 47664
44581 22920
34242 13465
33629 34033
30244 33271
33089 14100
47486 42275
49407 291
4001 13548
11779 45009
23132 36773
15263 29266
37090 49819
34294 2262
43651 6187
46259 23630
4613 47756
18420 2278
5533 5115
7107 752
22343 5644
39724 29276
19662 21096
10667 13947
9160 1118
19106 18505
37487 20360
41199 954
41340 34783
15835 40322
5793 17156
6678 31026
44105 48776
12077 27333
7233 49930
14474 23221
24953 37204
15682 25763
7499 453
3707 43245
23966 32677
43236 1238
21909 4495
23741 25339
16299 39712
46451 29334
36601 6731
14658 20760
32872 39757
26277 15894
2637 4694
9404 25530
41647 5066
31361 30027
13248 43870
30845 487
45609 1990
11673 37628
42414 37047
24209 19997
36653 38170
5866 11076
27727 46338
21734 26788
37971 9090
36981 6456
43581 2353
30610 49442
17062 37832
18524 5389
46891 39755
13829 31662
5431 47096
7538 20100
25567 1652
11131 8760
1528 47467
44159 13815
983 37295
4773 983
3207 8719
44614 36434
24099 5256
8692 20905
43579 10801
45340 33617
12593 36281
33515 20997
16426 12083
17578 38709
29059 2125
7458 22016
15124 1538
23195 30936
22525 30667
22982 26591
5786 42490
39310 44069
29112 21295
13595 47493
16125 29179
19511 14993
16255 28820
10478 29966
41950 12302
11193 5383
37178 40191
35557 34601
25335 33855
841 13584
17580 23178
47931 29505
6444 29992
5275 11446
10096 15523
30194 32412
21974 12846
14205 25878
33151 42646
38581 44879
49727 49924
2875 17348
33343 30097
26413 23164
26833 47655
37385 10050
23505 49159
43430 2564
46327 35918
44495 27254
46877 47933
34219 23580
40055 29865
27763 27572
15029 20770
31085 20355
18429 49618
10388 9391
48448 12121
33518 30842
4344 3494
8552 34570
29498 27122
42732 29221
5073 19734
15886 40454
44676 3854
15795 14590
35933 15753
433 44945
11475 4352
20500 16158
43822 6077
1362 46700
44743 8264
24914 2315
12421 26560
2767 22525
4936 21649
23123 24632
47242 8674
12234 4303
2586 19551
2637 17474
33304 10540
47599 41161
47526 36070
13796 3723
39345 44358
24099 14044
46552 14323
47540 2926
36686 19535
21683 3096
47588 10142
47056 9062
18938 12952
42724 12967
25806 6991
25846 27752
35509 9387
41834 45806
33834 19976
7818 18216
46259 37150
46096 20237
18179 1719
14132 14496
32843 40887
3672 30158
14543 36017
21954 4251
39152 21761
25305 18047
14617 45666
31714 28089
23929 12116
18295 45950
44097 48866
23588 41711
18208 10072
9003 28022
43862 23307
20872 31182
29760 27063
8940 28059
28727 32292
4856 33091
826 25723
24755 25976
3763 30512
13754 22508
12678 36108
3329 45934
36020 8729
21190 27964
45673 34870
2178 3083
45575 31097
10764 45258
41051 17495
7757 22047
47307 48181
12526 3951
26534 35989
23604 4668
11147 20635
5978 35844
27991 44561
37984 16489
44633 17583
34142 36701
44632 22775
21950 39673
23760 23865
6648 36897
5762 39328
23345 13213
38385 17715
44995 11493
28891 17497
13836 47014
9277 3713
23619 23617
23669 23934
40416 43993
19646 40178
23180 47918
42849 7632
40858 14186
4776 13459
38032 29348
47287 12886
33913 28774
643 18469
41276 15803
16920 4621
14387 30367
47969 21752
4435 6583
28525 34381
14133 6481
17797 31232
19673 19133
32243 77
8452 37420
11290 40792
28351 16786
17460 23717
40566 37834
31455 701
10155 3402
30500 16341
13764 15984
1619 12400
7406 18449
49126 8688
27570 40092
46729 2032
28898 7076
10263 19799
11818 13866
46945 14127
45298 36610
44936 50
13142 6126
36858 756
48534 22004
39573 12722
13162 41769
22230 49890
6842 45762
26861 30302
8581 30602
29236 4744
5091 31427
5588 33124
23385 39886
23025 19870
18003 40429
31374 43863
7935 38219
12137 31851
18075 43595
45616 18106
36204 31965
43971 27996
25610 10726
12025 4843
6958 43964
17425 39913
24963 43516
40637 17048
7989 706
44168 13602
4168 15497
13784 43066
29231 41646
8385 24663
15263 30122
43704 12773
34043 27157
19015 11784
38843 26966
29797 463
15214 27332
36653 9068
1940 5988
22761 39145
31615 38523
31408 25169
45300 30075
8278 10779
15780 28960
27613 42828
9581 45821
43541 34667
44026 38241
37435 20649
12109 38533
28636 44744
47640 25104
37612 43304
22847 3632
16710 20878
8687 44275
31230 1674
34542 17151
27627 22493
29153 36586
30003 8974
31025 5318
13366 46916
21693 14410
44540 10909
5464 19004
45732 38619
40317 49424
8668 48686
5938 36296
27763 18612
23551 16999
6072 14221
27125 42320
7631 12100
20751 22961
47672 25362
10043 33019
31703 17991
42987 22117
21464 40239
45627 7541
26460 43387
34715 4389
14073 7660
49977 2081
37326 20800
28816 47637
28520 20203
2927 25951
33077 22888
17325 15816
32054 48737
41572 49671
49480 29944
36974 49363
28245 14446
2269 19490
33076 1343
39571 6132
45950 10976
34479 14969
17500 9300
19623 36189
28247 3311
32565 6215
33432 42397
19676 5645
22060 17045
23154 31774
4915 22201
36133 11941
29479 35263
10211 3308
20195 12323
9258 24440
18765 8065
10298 26839
34218 27688
36088 40646
17260 48782
39240 45013
44379 8270
19360 20457
30383 26608
37735 22506
34436 32010
41347 46180
20098 9452
44527 48671
9326 22661
4561 26026
36433 45213
19123 10044
36179 45654
7352 31883
21225 43229
7254 33970
47155 47774
13890 7238
20504 4437
42361 10241
33764 19907
39654 42106
13846 13068
29900 26616
21295 22636
693 5016
20685 36513
17339 35800
24098 2801
6676 48842
49088 27891
21668 18418
