2000000 2000
868077 455820
289039 865546
295206 867192
709503 21580
474922 106127
19324 344174
412973 38767
233361 731827
565997 113293
877142 695708
277780 801377
181947 641771
947359 982979
541824 279197
130269 62643
933466 331889
176984 705629
571663 366847
295538 842010
429590 8276
238897 814327
930573 787950
448642 557051
209129 842949
398169 653490
269479 132002
530389 856422
203569 892663
601925 247149
359377 23050
376605 697567
163637 838950
808282 642072
306935 943529
4904 709184
508624 935960
695913 235015
877381 176256
835779 566801
181716 962373
52371 10217
963133 385
397729 32024
865250 573815
943919 562190
849790 950896
972662 323626
489260 643360
80414 359768
401637 229539
109087 237348
4193 164396
565290 243532
14035 277700
330462 312096
819970 842099
305232 545480
622421 350807
144057 543154
85033 909937
806384 46568
121314 986908
957891 306823
781825 976226
203902 355559
147784 102432
172324 579700
41983 715287
433480 367842
45788 964898
28038 479717
11933 367782
516256 242807
583252 448274
997934 77095
601016 913447
758666 349655
467037 122226
344430 451609
709171 635893
583808 364555
910192 950450
790169 854486
888374 370737
461156 582716
490479 851661
33259 362325
203240 550578
902961 330156
127490 401530
494376 475932
47099 33391
156720 19406
260502 943755
78170 374499
59458 934869
31072 548537
323239 716792
744440 791615
724416 411195
596581 102731
212844 430263
520923 876448
888848 320959
675912 440170
597141 771322
231005 11540
42984 49307
93079 905272
706352 975725
575594 351659
816304 556797
896251 860436
324772 905233
537939 365610
465658 503193
129529 636278
727559 908561
400470 528272
196545 240472
488516 911359
95610 476267
157916 563066
784426 881994
943592 493622
770287 429151
650508 800404
248197 90734
389662 956283
937671 295698
575559 181142
14802 154486
335984 524383
462741 165129
917184 206238
325581 921686
970513 364659
49832 644906
290526 619036
555726 359455
676961 58330
790696 674734
633472 438523
216326 686223
692269 952014
133162 593933
582753 678467
883805 976113
414120 312367
510690 17088
360338 811618
387930 203343
822215 855454
494657 666290
272665 461412
123354 831124
613377 670723
129847 803540
490985 542478
918642 576382
888903 105398
93821 589075
935780 652539
724290 636158
152067 917601
65990 213996
975377 850934
879489 358684
259263 582869
972845 554653
759955 990955
901361 980941
277771 144802
458361 642041
757588 457405
348484 666470
493158 355320
805956 246487
456047 854018
850291 873939
712059 533353
459613 652969
140740 228711
322809 88845
299820 222706
598381 900178
571994 131567
303503 877137
137940 141673
790086 936390
573830 816981
664025 319386
633106 600704
838001 479662
318622 749781
666351 543057
737157 585083
125898 212644
223006 63854
493166 962737
278985 630667
533751 189570
620526 853703
899894 149835
216452 913204
431549 295558
434954 706084
445574 146258
866678 707820
499479 383500
952061 696271
711887 56293
994148 86047
339689 88870
225253 381103
651939 858078
440900 143153
22236 887318
826160 695377
665231 274931
865140 653763
557507 742013
219345 534412
342805 442050
772506 167797
901378 774327
341874 938199
455431 89947
261734 168648
807907 561495
84440 205050
84788 648031
562954 893700
872698 307280
352807 125462
603230 314765
398025 877824
393098 658143
962940 569684
494990 759358
23340 947217
833577 799770
270465 473618
968388 921358
38653 634754
789710 44955
191808 374047
538138 416816
676641 360923
607574 388236
610275 636677
457039 402998
768739 255053
692676 72831
736285 436367
291431 191715
9316 185509
539399 918772
622591 61718
619803 892832
706077 749125
13654 855160
397206 633394
909154 709060
800124 95213
576334 468471
232757 471050
874994 235370
881274 814125
29470 848800
476655 366140
644039 633139
525809 127084
363555 240060
909289 595292
309699 561034
568894 44907
698494 159533
379378 635508
597249 387226
720955 340178
698050 372787
912518 428069
407327 470391
117249 351515
638827 496559
90169 651568
973617 442152
47816 295298
572445 810993
143385 831396
843602 702262
144642 292385
951892 292485
773977 199471
627414 632648
331291 523009
522340 237197
363369 376303
692635 999950
152 430192
241560 725154
288962 486196
41843 493971
31602 414924
318465 202576
827763 158616
520895 541234
807591 471558
878801 175779
857335 743746
294033 392695
999286 1332
151691 238744
465974 350272
10066 639130
16645 848174
940264 361128
146657 627406
4093 893774
635578 79869
698816 476393
886505 403950
451900 322894
483915 306049
814061 480022
130283 866632
991723 304479
104170 554741
755703 758654
440107 709708
727021 624891
579399 253121
242035 542749
349425 629714
430924 569977
250070 471401
502648 752628
587129 315050
896423 772223
259824 344006
531707 146043
50500 403884
477421 547663
379466 823874
373500 723518
860426 944834
302879 340200
527762 765261
583229 231464
298285 876166
293103 963645
216264 724561
901059 356092
900101 502447
550293 859992
585627 37955
3943 749768
245360 214735
484815 477967
248198 742711
701536 412848
94018 906019
654657 876463
794676 167853
819873 727796
581537 641836
914871 895665
329068 897371
305991 316415
836639 846391
823756 140898
875674 708627
745747 507254
979466 769200
723508 436046
407332 416547
762499 910312
11765 84272
400797 105928
56495 441600
231980 735727
496333 379466
504495 770193
537981 436207
635475 350214
780508 991005
238916 491434
879550 36642
403443 579184
367857 827672
68796 48142
161517 227692
150274 648084
841800 331853
947950 178789
843135 519233
505315 792263
14476 659463
504092 637171
103521 267824
660762 531807
45214 198376
340687 257779
448911 252011
344033 916189
679545 202439
203665 202876
384539 992701
434528 493876
395131 356420
126304 594976
72591 765024
940968 942686
687392 941987
896760 713416
274554 8529
681606 209987
119763 775680
614808 684864
242218 626368
337481 188438
589703 329505
140225 761359
126778 702053
387713 681041
281028 212127
612780 821352
405513 420519
771980 651186
546554 12730
928316 465646
622915 852792
118609 7532
8457 270482
388229 604472
510182 961371
236946 962405
124166 496627
245073 590437
730700 418758
143609 6269
341418 636851
110098 357363
292802 12510
34909 132574
777689 452280
105710 149612
589880 918500
65484 328576
10467 142589
611415 368464
934510 335877
795928 242499
758931 697723
715850 212288
623021 940941
262160 131276
736133 2681
483974 718789
986396 699720
57698 377235
310679 244929
796149 336422
803748 678613
586058 450647
755691 577724
530213 636264
222010 728299
242862 981420
793753 371325
459338 793324
314807 723493
281255 736054
922303 116734
120197 75389
211253 316616
645643 303296
486324 784078
857520 83688
336755 778428
60170 473462
264643 293512
335527 987297
387791 21435
150140 815852
528777 560195
292588 41439
440269 176235
772625 634693
52561 212759
539121 664440
900088 526142
997836 853811
316605 705758
184849 740529
57512 929249
342482 71795
463488 783091
143344 19028
499169 300374
753359 685669
353547 621918
109938 670109
72201 493902
425036 954353
119541 676632
202655 408397
271361 94516
347266 766468
978731 805918
207227 828041
885841 788649
112678 6623
807004 629971
997118 956678
352149 267998
819357 418039
849553 760582
91597 974808
88097 884074
605741 980893
347656 797374
851894 977248
129290 363278
837858 963835
377989 894019
122398 772901
148277 118406
327023 725870
212388 860434
738443 312606
347814 328503
264194 879777
543418 368335
206868 419057
803083 861753
237606 989709
624274 878651
889293 282172
240340 347075
138455 824625
623920 472495
879768 568731
667011 569284
701192 249537
12190 644795
186470 349406
517494 596090
255988 982153
418192 543221
645567 721507
518124 200246
446995 291326
282508 164713
358999 976796
949542 898616
412542 818486
734967 523193
143030 402317
583616 191060
537096 920957
794445 370607
196354 622433
851402 698321
274514 392763
67100 67337
566265 36537
667601 322089
932027 774505
146352 194912
821102 198224
752503 100517
142125 449429
455470 829410
268269 928435
844501 364806
161050 782415
392023 885315
385668 53621
277385 575088
936554 871298
418215 292285
868034 422742
225841 868800
869980 351158
16541 111747
588363 998539
130515 726304
310371 738248
483197 305938
274471 352032
411086 204773
461936 397698
7880 308177
913201 486022
114161 124018
359450 805657
278502 713242
219101 760325
731370 749134
678862 269124
215845 838510
372018 863256
856807 388396
713287 737750
87651 151752
597269 8503
361829 673179
284950 885417
690229 362395
805610 955276
45583 716928
726415 650778
25761 52469
100647 272677
528465 714443
285437 418783
14278 950841
352750 685397
364678 752645
212586 481010
917250 167015
939283 883438
572633 625655
629645 666254
245109 854155
741047 935972
777585 4987
177900 30399
240344 295733
866202 571416
75643 324451
887056 607015
222404 993953
574098 729288
514140 411968
83571 667802
521330 365857
983751 281430
435313 840449
993456 387249
263353 543911
573045 673537
296591 896016
775754 283838
954525 991774
528094 963901
157510 121394
934043 766927
145563 553730
830142 627927
272195 167038
767180 242346
191169 582088
129341 361514
547709 305863
633174 738694
800666 162522
895363 561644
478435 468378
445350 197269
506704 473271
376478 479103
999864 238280
69761 241107
137287 350464
171670 295429
558827 894884
493113 617123
455589 558330
393418 527199
123109 305184
489447 340245
607041 494566
648693 501501
911179 372847
407605 4989
277844 514416
443943 76765
963517 62458
846412 942322
338188 501078
907773 190365
815063 130784
937549 719143
131951 474865
810983 71936
591995 205565
252073 576400
663945 308497
834408 784124
326253 580277
222168 126391
657365 474602
439542 162361
507150 306547
59449 161382
516257 645848
518591 601762
86794 889675
659746 416880
387821 6649
202665 335387
40176 109925
479649 772095
750381 251768
471815 54630
771271 186312
616076 843201
239372 733783
823693 782138
377442 326488
723532 528288
254090 13512
340514 877646
349540 166577
931306 642154
709361 179412
849918 18019
687865 317066
128598 634826
924140 645334
698544 488122
671315 741220
371217 943865
599743 808441
2193 186476
499104 48736
934630 60485
904166 909362
290038 245822
895015 131450
209568 525830
793986 899469
816091 599935
487498 287887
68448 673102
660589 797204
154056 497651
962942 690336
766138 575085
965572 265453
42266 111223
429376 961190
628552 79822
89945 505332
965999 41616
507809 83622
873336 919883
596545 542891
154659 301061
646182 262528
836568 75560
375323 765916
408650 786413
715103 514548
704907 960641
548633 183985
25800 312772
936318 373950
860264 546378
561690 823282
187261 144282
624087 529863
705022 951721
666879 4937
120072 335027
970224 155351
948628 731080
159385 519329
867448 666426
96533 151420
735521 752370
816650 964142
433263 892408
497271 943537
242116 179278
278751 204793
962523 912792
375615 590759
590419 93865
655113 543260
271164 44309
370502 776854
656485 884740
960163 39171
576659 675891
606355 606227
692609 487903
888156 849783
327464 563348
431824 441341
122054 986017
36827 36526
549417 905022
426693 698752
554768 364517
120404 405297
108581 207184
325571 671531
772585 766528
399364 996418
201360 673337
618231 372441
156582 367341
344132 748171
714531 760739
697948 224913
103423 36985
305323 275459
794168 645630
740895 382542
437989 205293
160927 932977
190535 475695
50773 937332
412161 600887
262754 399853
714750 520615
96082 117363
822373 705852
884087 160770
863362 224429
499189 174082
858585 43849
245654 704990
219325 516337
913772 198063
515906 649795
389200 834224
789689 184280
729993 431384
96902 795143
113697 669975
74503 164259
595624 282326
856670 76557
798400 485648
440268 370677
580715 539492
948738 352800
223042 357268
133902 152830
322369 797018
133407 309165
808168 106872
979655 71647
280622 559108
899357 349407
336091 793279
426083 551962
401593 385193
242226 925788
242243 250437
241246 262708
533658 277760
627321 415180
757513 895287
318118 451536
306950 159656
21094 7040
195496 504166
829975 508877
374307 718803
354642 510819
90507 123660
333558 230728
43054 137497
466013 346334
116054 256327
960033 80710
61390 404263
392253 699413
668066 473754
984298 713554
293774 907445
742503 644028
460406 371723
549465 765773
798527 110137
866443 549301
139192 828388
978545 207861
82507 176361
58733 458647
984552 717014
572732 556858
886619 375890
672454 313769
267628 821058
588985 178724
753498 727463
127201 981814
344433 768288
59349 889160
885581 91955
414442 931942
595027 7398
818184 822315
214297 452010
829252 863363
371635 181705
287963 369970
686617 922220
816198 838302
455203 757586
959768 168405
506835 976444
832676 165940
689734 512309
806120 794510
228566 210205
546579 845980
904742 959901
215910 388349
451467 892313
517799 731890
65223 397498
828992 751732
61004 859233
972709 897550
685599 271249
764616 880356
973714 104268
564035 257442
597522 210446
3367 991130
36640 907922
751950 676114
910731 698979
75458 892342
732603 790125
488516 362977
310596 783342
500278 655462
512739 860852
381313 568289
925535 36489
333636 802238
750793 893964
586735 675171
117494 59609
769687 13121
65932 251542
187947 411120
983148 865842
432468 31646
2550 170346
535154 954790
80965 30001
245333 461027
829883 706647
517135 791691
401712 959739
337565 480621
846050 245469
661534 764681
339198 574841
751419 784498
947172 885922
473364 25338
78189 358895
168064 704373
592938 818497
331416 866347
871727 633455
974563 102930
10998 494682
323840 390378
441377 677772
53987 927029
952805 413319
382171 919584
566359 847398
7370 781924
189568 101525
291129 439741
836755 626909
141807 180701
737071 367942
79765 970396
804579 289751
89534 876671
678291 60057
548588 505384
985166 810276
725629 771105
23997 182213
557839 868802
553030 402061
153080 296777
889864 159932
598096 327035
201963 181596
723078 235070
531188 892576
882632 966493
269761 858454
387726 887757
653509 232677
559417 134062
587466 545066
645310 979128
911853 235766
758056 394879
930977 589771
346234 384005
611095 329975
623883 898421
61280 185069
551613 764441
145859 37761
879613 728780
844610 977621
79202 790449
493575 668079
979952 78093
270772 529737
765011 436287
159844 549780
330671 288211
577552 233972
953946 519042
954325 872159
309911 413318
298832 771218
690378 113587
456206 432359
433035 819109
223922 351374
711923 818946
797971 766889
917194 463697
513165 342585
437344 204215
604909 718453
639460 140793
147393 273305
909424 172163
116368 104003
667484 254631
202839 598307
51606 291624
385084 343947
992808 155403
341194 921788
649410 254014
749431 590075
128647 613032
526169 389772
13394 739012
323553 982564
196616 790974
905167 318327
109566 599973
577233 45073
993521 368332
278153 240194
418726 575516
541805 841029
259291 431936
210784 192464
762403 778949
300206 112305
800044 789647
630875 872276
174392 46183
130580 54162
949881 131868
725732 798601
309703 190738
679116 302378
232937 739023
791119 853243
281409 650782
865739 929319
67905 475271
82431 297287
201157 379592
544925 916926
553699 172689
200408 217363
980575 338813
536583 121093
203987 156392
396787 448041
270302 383068
295817 627391
390133 504064
990730 625076
155492 706768
142089 568667
596146 786689
719999 356579
304756 826265
562092 989707
100628 941756
618143 919697
382860 902155
485200 370857
211838 69512
872693 417030
78663 198726
922248 24877
835237 804847
745757 457701
746548 622521
791161 460267
820585 884988
734282 317417
144757 42855
35864 455713
523367 76988
375075 421983
824431 234347
989135 869649
233167 383917
867256 214570
781487 394530
772501 406051
503962 304912
854656 20464
306971 350371
123129 715041
788829 958443
889370 582615
497753 610819
461231 156951
384324 330903
198244 209339
984399 973393
228477 204170
293576 523627
916812 290321
255577 116223
180195 356684
332974 617643
481767 523039
260129 566685
249984 461097
413720 804498
65965 614207
308902 732693
204856 53995
343138 201878
958772 848700
980366 570193
171416 680719
257153 404191
858414 624518
638731 285163
561418 625834
834650 694339
412236 889325
128878 746917
54221 460694
991286 300755
161854 824118
419066 691360
238604 49291
848212 435766
980308 383152
997752 199808
714637 292626
859217 843524
250576 588359
827574 101688
972328 237148
954839 329624
734049 367674
903551 658840
600739 864481
706691 907266
21306 889864
181874 73326
818728 27424
936579 406062
735049 865411
496907 123218
132102 884011
755026 470934
123804 285619
369575 731756
354850 871196
730482 529735
110645 945292
17402 406355
593378 975562
699383 275594
853780 367001
569433 674089
162813 711840
22415 739635
300382 285561
899022 351696
888647 447675
440821 530689
441290 5792
754140 269487
261105 930485
718092 320702
319827 731110
540335 272963
147731 465159
825944 87035
880773 881335
363158 786377
765733 675211
640176 464106
394725 728420
323073 179020
426944 212800
587617 895400
773853 593993
35294 111676
666217 150564
56757 81034
450461 667363
350489 828391
452124 711402
686963 258041
531662 889890
931044 590409
862711 617805
739589 873194
216164 256071
356150 783479
376839 232412
820238 967019
911032 912482
951178 436091
216554 803953
129729 96324
239549 461861
822966 184114
285081 185711
148425 539182
526301 62794
224386 612361
335635 119707
169893 86897
578596 860649
564256 752563
916833 566867
493763 825528
328548 844257
933810 841727
140342 625950
400804 518828
430298 392441
846056 906472
403479 18260
710081 698650
963176 839021
827282 83611
984000 498679
635942 457948
567876 961981
720181 691189
400720 258382
26126 361170
393611 731239
913665 721621
2349 372504
561197 550241
114743 745744
294095 389788
441149 251737
657477 958390
146125 513429
575413 872850
173925 398909
555521 755306
631767 934775
101111 196934
62800 8246
663967 470530
352613 977916
870058 962532
213360 769599
719388 578289
128654 712746
735832 949739
160348 882853
8894 910595
671959 829021
934098 320847
874616 612248
291885 980319
598855 453284
302795 206560
468413 567149
382523 398358
73247 267060
983295 577391
787701 401474
557235 913460
46183 239654
818343 67286
567727 157842
801661 480324
564942 871725
86544 795489
29416 583359
580121 328726
523043 532562
692149 524563
937609 714460
561152 155984
735400 619177
479654 668970
894945 480242
323029 819754
321866 785750
509446 912781
417210 935138
826583 991506
36201 960985
89052 568400
882098 279154
637417 843654
542955 312723
903017 893224
146051 602729
436148 673092
381759 394222
565537 284184
586523 769403
357760 268017
135715 683910
653231 813047
144506 606967
87241 7096
535849 933167
280644 622056
482503 710114
286615 467531
577789 854851
630045 972908
496281 231805
823830 928368
790671 151257
108871 366795
224374 908806
206648 702406
388669 72976
976049 573253
822033 397401
18301 218079
620365 263311
167024 628981
63870 517159
316771 204672
539638 50102
638310 165297
656881 434630
850054 463559
972879 979449
964466 840993
169912 182697
232373 961498
365039 107019
307992 675694
431754 790269
13876 627379
877049 587723
618698 225392
456560 828526
697733 922297
823922 497825
923065 365898
496136 796751
918170 214491
227067 359944
7987 729385
22238 746996
284300 853936
812745 20106
355383 270470
740862 959835
686500 412718
262129 759783
487530 438012
227411 714480
75503 719155
196368 792485
927733 295015
880429 429887
292116 904771
436038 316741
969976 344741
191421 132144
939360 222327
895869 547681
666821 611708
276746 363244
986749 891415
108344 663433
914631 467733
512571 313480
421347 326594
701013 234816
162454 423957
34072 847881
338213 428890
439581 780236
621792 257220
293978 279640
400213 774737
694028 356638
596771 671867
744541 973670
200288 301598
374975 498110
780399 771872
189352 82228
156309 729418
618005 440635
333987 72984
516004 305729
264696 930643
352190 593863
629766 879954
275777 445877
462427 498451
639414 367830
584636 410034
35748 444953
870362 602527
359514 142709
681161 600005
491589 517162
131164 498251
215392 707425
726507 310911
548563 595214
861365 684977
421533 464094
634834 211371
45384 594475
193136 847497
4733 742441
87691 745217
672688 33135
476680 183805
642001 137903
688635 332911
118304 270946
320034 368618
540183 131176
883274 403287
735829 614880
5327 998398
494254 545539
836229 43562
994097 458011
659444 460828
984263 400111
740294 968771
822920 281954
197679 64978
759744 300692
172150 579990
131815 927218
124000 798687
693360 210850
73430 716091
644191 881505
938512 139555
620368 579253
529473 253206
724955 661252
575014 753711
524953 686336
723093 471294
733277 812131
916138 998634
837509 634483
824329 885429
851533 211515
649590 972578
893395 945795
322004 972869
800582 208442
764850 470227
813207 81334
360759 253521
797922 81601
711161 583193
672532 366677
501099 556882
741854 893496
848547 336766
866012 212441
348191 93007
750355 454013
574841 878850
588663 860040
42876 450823
482248 746631
675151 515169
480778 485481
317746 172129
131664 864547
399724 653389
901285 957569
787636 326320
719682 900435
604118 197209
441089 726415
363854 712453
466790 636878
287912 226372
495298 249057
603946 113821
677729 854506
310609 701894
318658 261819
8093 456863
121190 651200
926676 702072
41687 337997
424774 233713
16816 599168
68153 504403
784605 677098
889799 287497
58444 253124
938244 652801
58782 205880
799736 260335
54922 348510
871921 512281
383513 439083
684703 222313
923219 932163
578395 370505
310047 117063
825067 508051
111474 794552
371153 398597
567558 171426
770951 115038
165600 868651
793914 695065
453343 375860
103756 14076
915107 905906
113106 603870
915471 829749
613801 35866
540724 732415
335253 944565
330310 30612
113848 432588
621376 676202
945456 909375
523333 300352
79476 499434
463782 292122
794193 557175
230408 127812
712563 279556
360808 19863
748012 991680
776776 507194
608629 852136
617522 154528
631974 437480
843735 166028
150439 773999
100697 975682
674534 277897
445539 196375
675063 785541
982404 930095
72646 454187
509722 762066
602046 652301
49563 430146
759772 775482
136137 531709
831627 576663
178624 755589
316170 103704
230065 584922
30170 601353
972008 841159
784444 607095
104792 26280
681646 80312
30623 436827
857664 473367
991283 346927
977202 939852
680915 580213
755087 230962
952385 718623
710064 882954
456006 272576
126893 207931
925537 887708
377939 205304
110335 101975
157345 224741
111499 119275
858262 76503
543 965156
58873 510186
848821 142999
976980 3823
144971 586344
937611 801007
978017 233204
700961 848297
737384 300172
215484 595093
674627 466923
908623 699505
213227 640465
396034 292926
552681 568078
173377 109411
114015 854470
884044 186614
406657 94788
502619 807976
581805 569443
644250 330969
80371 647041
938211 969903
790759 194327
934329 279270
519579 179890
240207 721764
860768 868173
501603 293538
206592 301319
713339 624241
520123 86760
557266 635915
915122 994693
832507 9905
884882 611002
742853 972629
180379 775641
736617 534732
249852 748822
624668 770221
331541 69897
64111 268521
107286 898977
583935 171882
568541 487555
97238 696525
287949 995157
957981 853530
207651 92998
63915 67250
922810 905750
951759 231004
231177 333119
655719 306590
910190 257661
576452 156778
998536 334297
833801 112772
188081 564029
684648 82627
707535 932148
173085 652384
879380 980805
452705 931514
718361 219134
923795 293484
436053 519753
552291 388767
310273 154657
107725 573205
560889 272681
685335 483963
725523 815639
437947 978514
180414 475318
275882 11477
98083 191491
525647 308798
512266 63602
537358 298465
308468 324179
94729 201280
510207 867755
716076 76953
901444 808086
993888 783708
754524 316116
333858 130995
579440 297507
186598 41238
370695 941780
57335 161942
663805 61349
552817 811047
592268 522452
849079 75114
685141 735605
573042 740728
69429 313488
522756 980714
188493 158347
96062 683386
955098 353801
21289 830077
425721 585997
266207 763896
971045 661328
185609 157507
77940 144488
526515 229116
539417 712724
185405 504048
650459 571791
563881 583158
546616 42198
897615 907846
949768 529826
137420 201645
791489 676795
420929 677465
35245 415265
859713 291151
941049 596694
540293 896289
575861 919150
341174 737258
786232 617759
674289 245461
216968 762155
73479 313679
712535 119024
516842 573551
619937 451847
776924 200032
39303 677360
966472 935441
978918 674968
744438 915502
814823 77695
642689 376909
639066 109618
929663 958404
350653 901602
922918 833872
815635 315827
561418 132869
268838 706753
249865 638884
904842 338657
129954 201826
456801 25889
212472 381311
122511 168250
91427 236562
112727 747155
55704 768814
819748 243371
720790 716943
646880 957182
160605 93610
797610 659489
506911 723795
42379 287856
85155 343245
689606 450695
260434 3428
135484 524534
317545 249035
165146 516148
73449 204415
531900 896906
195929 320155
335125 329277
187692 681095
477759 814767
870727 715860
324012 133472
350917 965245
480906 409453
16132 496917
606144 88147
480677 190054
557240 938833
355174 572380
223923 818015
845450 450522
937079 779185
485077 948402
158231 44763
943827 500054
266705 60914
60474 969157
239862 609297
912627 134259
312430 773560
289048 492920
19762 976885
639317 801427
517823 413006
415279 747039
903308 462613
828077 217680
664913 963529
143600 255760
421923 744792
398786 74817
176109 41081
988954 911527
235334 449243
479055 143587
638323 227907
899074 698529
833782 128587
310830 343427
594554 205742
755894 569700
244201 209135
81792 649666
628951 250625
436779 68172
535008 898220
566725 591216
406266 59221
518863 664719
478400 222439
851025 407235
337238 435837
359791 981750
241681 763965
120159 652904
66717 609591
718431 428605
886424 627803
343598 117805
489833 1208
593838 414422
607431 760522
509382 982048
806605 354198
485455 441419
832143 785553
270696 775123
842201 867517
79508 230618
832536 197187
36941 536968
106203 424377
337369 947857
85731 442446
731831 712005
532271 202293
546014 224734
301354 96111
548191 824912
924685 54586
644732 645904
729274 495036
858080 423162
271694 303581
57833 496154
463188 402803
280882 149449
447015 50228
141277 57625
146283 894393
350615 392356
14850 522628
201251 661976
284883 36931
847489 98903
99774 269959
531159 623843
522323 277066
449516 741130
538761 946128
512707 719598
379742 979959
144892 271218
744907 663913
625714 58262
280946 619090
771663 474309
352169 671848
74616 805261
848824 638758
648215 178919
637966 48048
121367 831713
246892 57220
550872 336621
151398 446182
914077 801761
744613 865252
935361 109462
628601 729488
105373 824588
801733 436349
320602 353911
965077 105467
472601 776715
593644 144711
131826 606129
60752 83423
436650 195343
985373 750596
348155 476208
183725 239430
728110 822272
252878 385371
986326 82945
640281 414166
253138 387189
26380 166313
871982 955527
156562 736876
638266 531231
176312 550074
723008 461892
819516 642214
42981 646323
150417 523083
890957 395619
142682 373468
976429 575652
943452 166303
667885 26894
314674 917796
43403 613874
294281 778538
854491 910872
931530 263320
469748 576619
766602 394386
887412 909893
367368 308761
79026 815961
155163 665824
867742 287306
483451 45350
691530 472609
301508 181179
981232 881274
660246 439323
152178 958641
625313 713792
475771 588880
906845 527346
595982 668415
289767 40260
496361 414218
911035 927740
816801 685448
941825 972512
216185 313053
482266 535588
641329 536173
317949 40789
338795 911354
584049 616872
87700 158428
427672 928958
395328 451945
537039 841495
340029 317140
933172 274774
395260 603420
126338 359750
721226 189504
443940 548254
526150 946559
629946 234340
106888 637312
899131 622229
688712 887212
752669 184083
159820 271181
664261 243048
459594 580297
541719 242254
200469 573991
657171 780542
177384 160312
838584 276275
520006 249510
783418 851337
950643 244025
555910 919402
314562 57621
867703 216029
165532 445967
