1000000 2000
341446 171099
122003 443556
35055 419781
174081 379981
61737 68937
382424 477693
163959 91913
55861 317653
409761 358037
225346 15256
77321 178308
157954 304628
470564 67624
43910 167025
68713 437490
76153 263265
223794 484514
46656 456545
216292 52698
337843 388178
255921 312317
89523 360951
377391 136479
474280 80720
319590 62116
398101 430428
95916 76165
430473 470062
13164 264084
32603 22866
323512 335014
392000 407392
93679 243541
249502 426258
473919 126298
118149 120513
468065 117944
243016 249057
255675 175416
151443 431304
234704 378261
362488 127049
463077 352818
321323 459373
370830 461620
377875 202368
273378 422725
179987 446429
455928 21272
103372 137124
374814 302718
117161 101778
359594 217846
333436 16832
350052 318429
461612 215330
289024 404292
337729 292258
157804 492279
93161 282575
216930 421702
261122 255672
418161 240104
168831 27893
165760 473044
426471 295485
416921 287669
340430 167214
321962 371063
282590 395781
18342 349882
355612 74409
296170 67078
123651 475842
154924 271661
40791 307555
200522 15522
63046 230510
205625 349720
255060 91227
225643 455417
67532 112257
371650 146719
228286 98841
27183 121725
470534 240024
381955 436738
375200 66335
67670 205657
68138 477854
487634 156081
2023 138264
33332 189964
458704 352602
259361 94306
443362 180460
389032 244712
3815 45997
211536 121429
195717 193963
180710 215530
456867 100409
404403 410037
318724 261205
217396 213465
248516 329613
425809 220386
285386 264412
372533 440019
159362 72177
179794 155772
107172 75010
18155 365960
478351 370279
409390 143873
277397 273056
104075 437649
356641 154345
91293 128550
281172 208760
468454 457454
87880 48025
15641 275690
362145 366887
170137 105279
55806 131354
309861 452414
139692 288227
456870 451952
172095 180307
397213 243579
404953 428397
422938 414832
243911 39503
196238 209273
68670 379813
339776 139080
232400 79315
31802 329652
88848 267395
151497 213124
441883 292017
194534 380384
160861 134064
213267 160658
230163 319847
192988 335794
6891 292719
376012 258264
119970 119088
222401 481994
362587 31147
282907 330601
420466 217492
94245 92518
189888 54139
47215 387505
76325 425333
85176 50421
441496 249591
167104 449312
79754 204503
138406 47873
75106 89264
339036 436711
72810 190697
383244 269490
358079 65232
275314 322053
114007 396132
485897 52867
360290 31645
241837 417101
493714 307559
141639 476429
413659 271317
58810 220786
462563 218673
347978 468185
472709 221896
173577 45643
476646 139118
477519 173394
185248 327653
473848 311428
394451 186695
178914 483514
199607 43928
436438 135705
321319 484308
135742 73217
4658 31796
75071 96312
328576 254168
415397 327963
409861 251057
210468 383827
331517 281071
402155 107736
6905 216867
60917 298765
473369 49496
346286 68412
60460 42283
26071 305943
161706 179124
285012 364169
292841 65924
492594 157588
81132 116093
411842 7020
320665 397037
302543 244577
163414 10217
57284 214249
228501 270106
128649 296091
338473 138057
300577 440333
418649 365826
79580 251054
368617 188915
337540 244083
41518 343562
42134 459842
359164 218282
382498 486323
497700 400540
94049 132190
9519 145959
135406 348250
276460 11841
397614 103047
49959 320808
215508 9542
466601 444698
343242 43285
5843 323482
247173 128864
352159 163869
135324 16245
32157 168160
116595 437725
416241 71499
329603 249820
62472 105579
268901 194759
498565 133357
91960 406478
239913 387547
238840 192941
259834 303710
240744 494698
272870 294815
288433 391854
233703 151584
79084 192830
322220 89381
165558 222777
128311 382762
183813 320417
109098 393679
93907 232826
461080 190380
425431 131789
452763 295666
292436 51917
380905 199886
181152 10958
450931 266227
219815 102376
416819 124078
200760 111865
125840 187217
471983 161394
251741 265595
420588 292062
166432 356501
424664 392430
100881 131621
316966 467337
199849 333059
7098 404405
163585 140814
96940 326100
85252 403056
349868 383990
348951 337588
242827 353175
95907 58620
426436 204420
190498 69136
74959 333799
433021 246089
318026 292431
12538 332052
386121 345451
311421 343243
258954 175353
5458 380567
155930 307299
314784 403587
395613 265551
203918 23382
275119 259391
316883 463214
103970 9336
316529 321555
127610 97626
65541 156530
446078 169786
456166 135341
228816 453966
107580 214937
433665 451158
86460 176643
459741 136621
346439 297187
282594 148496
436894 164309
41099 139734
285447 456683
141355 454424
460490 282928
409962 262356
360825 474100
2288 169376
203766 155599
192181 394691
92003 207984
221235 121366
338462 42216
244386 376395
5950 15342
183196 167924
188357 294054
25647 190716
19957 77303
376654 461220
459660 388096
125200 97640
455840 57089
314943 318686
281483 332588
143232 334606
412984 417511
261565 180300
256989 55827
78772 472928
437700 231038
355058 201343
214693 248569
49020 262476
316892 224401
353141 301692
169766 202176
376771 434839
233531 114824
469002 340156
443091 64711
230969 189759
161149 207598
129423 164510
94943 177886
220947 469104
181224 32904
15824 486921
401026 488936
325510 33514
84996 435466
129381 257473
225061 35278
392121 411975
406313 378232
487927 388267
294666 158355
319472 304905
14787 447863
27743 407619
243854 66432
281886 483921
310887 224645
428728 237470
223591 144821
307542 186299
134751 298266
34073 444549
253360 271836
350870 420554
266244 357581
340453 240996
198338 416546
61805 19144
120885 121382
249714 79606
482723 184960
244809 280191
37254 257790
342798 33560
301245 371650
475739 474326
114325 161742
388677 116037
24499 92901
300213 31943
112268 97693
92618 423823
313832 486324
169818 310346
152393 20563
446785 287010
362658 6211
468361 83794
262922 263256
362648 9544
243489 43548
359334 403412
253254 237106
121700 137316
216579 337026
427607 244831
289595 124546
73390 367827
471413 246631
41347 18928
383668 428061
101089 37225
285447 402216
286709 16957
361124 304968
154776 369282
480587 475331
188485 260166
109692 302158
134223 490597
460827 269191
1125 149026
294947 93816
159068 368433
227509 412035
464855 318242
27722 258085
180600 61335
130108 9275
413283 228617
12644 457447
52189 4586
116633 151532
308497 349922
192388 381221
130082 130788
425561 82280
393756 402639
142652 248120
177763 56342
5714 162821
146421 305061
491014 35665
263053 229161
349185 459150
324101 234515
397969 172868
130472 445119
340414 6834
69592 242957
384910 275406
81672 476231
251003 339914
475745 199111
160867 216214
481075 301033
215718 358824
435225 155343
200384 383810
135051 178761
200843 442902
143967 424638
98299 102536
496505 355796
330886 469669
274675 346793
438912 150208
297255 157615
385247 93058
441589 338789
56230 311600
76190 102374
179614 133535
30610 113709
102242 337440
355435 349818
136762 58352
90804 246475
8317 422157
306676 474917
430799 93329
170546 387838
204123 103799
485614 336174
26769 496628
302912 61421
70616 448699
231100 186055
81227 301507
244101 301156
296291 103850
354525 232381
390644 389998
34586 384916
31116 446013
353034 480255
47495 71618
79069 450147
210398 401858
194230 330915
482891 13319
7714 148010
166611 196326
469530 94557
30529 118186
400109 341589
123346 203541
91295 447304
122768 126331
188101 136629
145644 132373
320306 434035
496073 452744
193233 122217
61366 82990
148993 253217
230036 282607
412012 439286
409664 213576
350602 214411
121088 161002
240452 88489
2156 247003
29329 455146
254778 40776
430515 126293
279026 202962
163228 494738
240890 241974
29186 169536
417727 40273
179837 330407
318243 448205
400564 147198
349029 218584
434724 449686
454276 7540
403181 112686
490390 446236
306177 401196
148529 402865
307926 406947
156224 165337
394969 115957
343353 10091
481670 444235
496296 453097
252547 183010
82845 280422
467853 257341
167154 345238
123021 265687
424856 459994
401929 352977
289181 89870
213809 404995
241329 160721
309208 307255
132192 210527
74485 208828
442677 115881
319610 491157
368158 286863
281403 179959
64810 52114
295242 290533
475265 159805
5800 462853
138565 416409
408901 366422
108977 374940
346430 202032
484582 176599
362951 191252
474881 100270
404058 348839
420881 454990
89845 255101
496509 241535
201905 290273
283845 323336
177077 333984
203263 184747
77082 115224
405006 349500
228688 222015
336475 165574
242853 446928
204688 25962
374328 125962
74451 241523
143869 259905
60423 213067
351066 420854
380933 78392
456582 131876
481594 425591
58126 212922
27644 381838
275500 318687
471126 263812
390209 138649
40508 174825
282474 281664
78282 316179
394419 119072
471586 434994
222077 399810
301800 392960
254369 114072
116505 215110
268203 244863
101169 472484
409400 351307
165373 362514
248857 163387
173295 6876
207703 406709
278164 495514
461190 328566
159614 421582
358343 299802
368930 247802
307862 155905
302260 69190
373265 423868
438186 146567
398857 204100
277521 109084
231185 304397
132113 232019
366511 409303
4404 220236
278616 114104
357133 72926
131271 15361
485055 161754
475817 131724
427764 259126
143688 121729
273265 436826
195107 374839
273908 188535
328594 102789
437858 336470
200667 460891
293768 356456
214925 36723
305780 473060
135438 193945
349636 281070
30893 125098
91654 241376
422589 238320
190483 355493
472668 5552
229423 14603
160878 29035
488978 371898
346281 159115
195991 81243
490569 154884
249787 50321
375197 317929
305815 106118
399543 277013
113134 203732
48648 127044
424331 183794
183513 190374
392157 97367
88197 264954
98865 487515
103 268129
111469 453591
263560 16978
287671 39603
258340 62462
165715 300408
255129 42141
95099 132922
67770 276742
17214 56300
238913 344836
244191 476886
153278 472036
255582 347949
357739 221051
11629 403655
107792 429518
404483 83965
18874 407935
253347 22004
357882 61046
111577 383987
432757 10271
473024 275716
269221 280480
476657 235108
301378 446796
482558 229844
393555 266800
367453 242429
385670 243809
42421 297463
407031 4968
499876 465812
218455 416080
282581 101500
269265 173056
252666 421759
267423 420402
1087 3754
174161 303428
157619 334857
264439 112830
367263 30586
194901 225788
38030 177024
467093 74457
202180 269746
82597 419674
496554 209419
442918 205530
413084 237994
261808 196806
275997 332275
334932 28537
57704 300128
49381 285038
163959 321242
382862 275106
425047 472981
368056 125173
183941 492821
135318 266983
167086 133713
199204 72540
214910 262544
334327 48565
35573 30870
119423 438400
450854 400072
291126 313313
121810 476137
196598 159102
328112 440021
367719 461728
304624 168026
105968 19823
228238 453155
134879 138162
433644 296138
1841 207088
149985 408123
363631 188938
291992 438004
396033 461412
441763 97695
183504 341449
274575 171869
185345 325681
147897 100890
351357 35788
237549 301795
194211 289847
455992 129226
246510 359261
453557 39439
302892 443594
146166 183440
131163 469260
8864 93557
468372 312058
264009 57526
336220 309083
120111 409880
219302 374225
189005 350472
214329 242557
78919 240276
435103 119190
17133 157900
412136 342790
18534 221230
222728 64629
126978 364512
338196 186591
420741 121570
244242 447894
131404 452927
193686 437889
336847 195859
115937 470423
350280 445869
77179 451041
104754 267077
50844 139216
384705 115700
265650 393165
112762 333776
463173 313967
276054 181195
344151 136179
69967 340878
431244 75434
452091 338218
230267 370607
74220 176032
442491 393570
244597 263175
330020 236896
321705 403231
356902 401105
284911 289390
455955 133581
369077 209875
52275 112776
203664 196348
100126 442563
407789 146730
198298 189877
156064 241665
355844 59520
448029 179635
314795 130006
254899 492549
261562 386183
358610 436397
462666 411844
396215 224573
188409 403588
319885 199501
242855 117402
218465 279738
145977 163226
14461 217019
185789 82628
31920 353970
149527 115651
294491 444314
480576 213220
53500 326039
308931 82017
443095 62825
344376 385782
110100 7387
275462 465376
492837 79829
165795 467390
483509 482662
114126 26020
390866 375068
17135 120094
419847 254257
274296 49807
289457 30261
431506 376320
344357 166761
354860 108283
387166 80395
269074 187439
402619 163702
277103 473965
187055 330286
33141 217692
295039 29393
353840 191865
484089 422475
93813 24996
204545 288532
421954 459945
126997 476523
499218 216878
383647 265983
207490 291239
64379 51830
26259 499869
308410 282367
144957 490411
11984 211283
499557 138057
93565 312702
65861 491020
185074 457520
139053 425048
128034 301047
307709 72361
162053 387164
332556 368163
290939 161384
416511 476271
101888 251038
173305 488367
496397 212459
440583 132652
68479 60106
389562 209643
393837 126471
295157 178751
189899 147319
113916 268350
383016 202300
119061 328725
387197 21085
361049 392829
88139 73812
113327 498677
368984 325035
329625 392177
36506 400187
330837 452797
288247 77116
222886 118733
6479 56040
149242 185511
354203 474757
257387 128647
284633 90587
273699 385947
460943 408987
283808 283307
316788 198009
424553 259703
404784 1995
442262 84567
319544 92788
454076 280253
361563 150048
159117 27735
477747 42976
341710 192326
288664 184661
97737 38328
292551 383826
211144 435308
189717 373429
7329 494914
59001 149771
234830 135687
419676 422138
183324 444097
90249 246735
218179 281764
98954 140218
201281 221457
380305 183107
305934 484766
285616 90836
376438 196650
22958 423063
379642 471870
143887 262133
78316 472354
382546 430702
453795 196489
135400 495582
436274 331116
261722 306714
276413 37909
266888 29941
90921 131159
378016 244325
242639 407132
66292 13845
263200 12338
94427 216795
29811 420506
454012 336394
298826 58261
311307 43327
205008 51790
440414 325181
350796 57514
421120 193714
409044 237619
356951 473079
389769 44405
281411 222135
137740 255008
460160 276249
187721 466470
218173 429442
209563 470310
445281 57605
219355 426269
178614 362467
387767 143834
13093 23234
159998 439605
5069 181631
137175 167672
239268 396323
427721 128851
379131 270607
192137 187723
486043 288079
186485 337606
95403 382436
78273 307093
142818 397598
422130 265925
179712 351962
232692 254641
418066 429849
214134 349772
5420 424951
72189 237226
31801 93053
263558 390713
81834 238730
332699 256897
442231 133821
336277 482689
470102 22345
211064 499956
394109 24611
43695 471031
453310 198453
17982 113047
499098 95349
492718 272159
414912 71263
36747 207018
379644 368344
267159 367334
252781 150116
151592 236738
107762 156729
134096 140929
138826 213581
220361 57080
23320 50538
216685 195997
159540 12264
14747 340968
17516 436442
66181 342398
55374 294421
75927 257119
91298 217478
344328 482468
456036 31970
137863 379515
476396 316392
433846 391618
365424 136503
90655 158180
368512 333777
398533 189759
493910 52060
256842 107473
340040 163421
141178 474938
412031 404194
257982 313582
54571 309050
335716 179362
21472 309495
307943 469819
321993 99409
387556 442195
465659 365376
72638 398488
8453 476867
135741 462690
22811 275900
52135 79385
350737 276636
222772 477968
311659 115165
470926 355803
65432 334556
315210 436246
16217 105525
488440 48371
87250 107128
214412 44645
235339 332848
449958 173599
177469 171637
55885 155922
318059 270660
116882 219025
215584 299723
479129 386429
59131 221827
401185 68590
432237 366763
94056 290524
107407 318193
180420 474435
23503 355103
354043 24665
185391 245624
303837 61653
281617 424126
300082 148299
5791 428026
318481 146790
74704 458174
461989 189699
314280 218330
126608 445691
469534 231407
427362 136551
23759 347547
121651 331408
232779 403735
189231 70470
97895 2489
457571 491336
284486 140454
60553 163
97020 8031
352970 49377
268422 296655
389663 321499
182787 143427
331204 278321
363116 210501
138529 163267
274890 307437
39038 87631
145557 366283
208016 412069
352880 130798
442311 88132
431476 54090
322544 381301
273858 467340
265403 199892
410479 310047
495881 439988
422676 61353
369022 10720
445648 124009
32440 436214
292561 347386
28337 122498
407335 203658
256673 487972
457175 298888
123543 81432
446733 205256
169224 69269
254362 281985
322100 15222
329654 64194
489886 443239
312944 462011
108553 447999
487185 342807
64161 226999
258503 8278
328412 494379
436112 185011
447680 467267
95378 150597
10958 139141
455738 181266
209291 91585
482046 74483
281430 219192
75174 205180
354600 412945
374263 337933
280045 361823
65446 355935
307210 325327
403380 480392
37340 215449
274392 91808
161094 8599
210959 166423
305107 145158
77554 211776
178953 301313
146133 345555
464731 368872
161013 125260
35551 25125
472307 263402
117449 57645
479768 416836
496222 296686
79396 228368
300692 267318
175900 111756
178678 64393
470337 236617
138516 49438
249384 90163
163250 45525
125625 95580
219729 54627
55408 6682
476097 179883
146228 490449
31792 442899
301165 443262
442688 257887
408255 48359
340201 297877
280347 103489
461609 311520
410478 61573
238817 408398
353687 409870
39320 167499
276407 455477
364702 6811
74428 456588
265779 441244
482835 166745
380916 65888
28629 488396
433201 235464
388216 345719
349741 87679
23767 203563
142629 172692
269860 9618
51048 11717
333071 474766
187148 27563
377967 394899
284531 243748
14891 63260
253431 491880
308107 334465
344430 130441
424830 56232
354458 465691
364201 470528
438773 231283
96735 364771
492270 251622
244557 205349
276507 433449
240549 54586
88536 137113
99806 17731
483015 363660
339964 10510
244431 465857
252666 485607
485471 479560
325856 39351
80718 21598
349502 43128
155055 80414
190474 404147
98444 89105
89114 474834
12358 206280
20362 498824
215791 147346
376462 256728
125724 108225
10340 212099
365180 57033
156044 44606
329369 131091
166311 392806
281745 300986
426140 5536
367226 221152
346379 164207
224176 144940
69088 35454
150620 368430
239049 497501
137848 144771
466427 143599
100149 264130
496945 8914
102478 147031
450668 496026
456826 44584
97701 999
219624 337298
319716 456708
362368 379642
193223 181633
348576 4479
18710 271941
350779 125404
260617 208512
157822 95291
333436 408244
244724 497047
299253 33979
91776 42874
172683 272778
280973 342461
217261 114663
376075 137122
456887 380735
371782 122198
277508 427624
86294 30684
139075 101825
82414 217581
461465 52810
313298 300275
140843 237479
254826 498872
46821 20449
452489 198609
323981 112322
379096 374766
259695 394109
198638 411443
164178 135096
37640 416173
484756 441264
233274 476130
69475 269468
249073 451795
254877 17443
437594 466791
448022 382760
369228 351793
104407 40109
220813 353954
111498 25459
94568 477664
254901 165971
24353 474035
9232 218675
212326 407026
347417 168969
157429 396531
312505 256832
221971 118655
3435 412866
168143 50938
472536 359666
255652 313352
379424 227437
264946 55683
188974 138433
230421 402603
58448 236975
182696 290256
28875 302272
486091 325029
406928 226301
343161 494857
435892 456051
210211 489097
276424 172279
288912 390938
312813 244875
196919 177049
124829 15162
284991 353033
318193 448305
402558 420260
180760 14895
16980 129174
371335 217497
295170 282728
255361 129234
52434 3905
161589 285981
434009 162044
498429 139897
434113 371522
442079 454860
173240 54823
72618 57413
320861 274177
3427 392941
39297 138119
271720 262926
208361 20105
117350 158099
286542 479852
282304 389710
84588 385727
16745 487710
413183 222485
383592 483084
351484 137022
404593 156683
350008 23088
25985 276611
247143 144318
63899 442470
266276 156835
256915 269018
372562 313030
430289 472243
231148 39696
490718 471672
315574 9914
58640 488225
134216 209282
297955 466656
461541 143413
70846 368886
151377 330473
461711 382007
234849 60068
417984 52272
14747 97705
446436 470835
2556 343661
139511 414958
335821 67874
156860 313042
83304 114071
399825 279882
472686 386252
111907 336701
430129 430565
342966 319347
187503 3011
221771 140696
192638 317117
462692 295255
435000 366450
324659 491146
33866 402886
127824 130514
288802 391665
218149 252334
256895 139905
348663 1757
414244 423202
499817 208350
217807 94204
411232 24626
57005 251449
8564 78062
208904 146781
380765 448350
198733 252992
323954 422903
220721 424748
61860 449589
473353 141255
157328 91621
373506 269564
341036 31971
449759 406630
22087 201367
65620 356032
392496 223773
107558 237548
460921 443601
395234 490270
63971 386295
123039 42667
411995 150150
152913 137897
129869 442974
15089 114430
214211 438838
328384 353401
140809 226845
393797 471196
75631 133500
384105 227802
250200 497743
379487 116619
194049 384171
337381 406291
460078 202064
28421 254756
259967 420020
29560 82479
211304 68913
29594 60329
239613 369651
245442 12656
285876 268184
4384 34428
477496 338838
405787 73220
411644 370167
382006 340145
286469 489503
269901 293555
118609 358852
444961 453725
429812 309941
369589 467008
239221 444508
116311 381383
299652 227684
479561 77493
231602 284474
452605 192359
284090 254098
303730 499267
189573 475147
118568 266850
6402 409012
140256 212182
13427 158826
171377 59256
481114 406409
291336 457579
221185 194148
301544 129845
205231 396246
12513 454159
45150 462680
488184 312309
499619 375892
325663 81346
9714 196136
367123 154562
294317 299955
166796 121198
251200 479277
257438 41243
107256 490825
397720 344253
87347 93979
46695 244680
289247 39678
374389 239342
138969 302525
192132 180
79392 159595
373160 460339
167699 206122
145065 383397
457372 333958
85421 129466
477239 425374
138973 47939
467500 83767
193586 62924
41187 441479
162201 35954
175547 484591
279908 345139
298512 257546
46711 253915
48351 122523
344964 73657
89445 59929
429812 254747
403613 293288
470857 35310
334429 360286
345922 30177
308217 450237
135391 470566
336090 305169
431532 432179
44556 443448
46021 306741
131906 493942
404959 56781
245485 280097
284754 492449
492421 406382
417866 489733
186674 84240
391 417225
172631 66464
251826 189582
388916 104756
297934 170760
207983 387840
166140 345774
378104 44385
268406 487620
292811 144513
184034 52529
256209 499752
371625 339507
458998 125134
268963 232012
265249 239045
271068 39679
393049 408399
466652 223868
499651 169308
238698 327619
440206 211528
296650 51064
35104 363124
493793 121847
455500 426136
446120 293382
380723 270915
248716 440152
62834 68453
252994 331684
294353 283026
182439 392468
497804 254452
180589 174119
466274 328016
269404 382476
457886 288910
190126 166392
412815 102930
321630 190597
483607 284185
186962 429763
448681 405632
409195 443157
29473 376079
275276 19359
197602 456281
265157 272274
424731 462663
66131 66635
330676 279561
424965 78728
412110 52160
471872 39362
274324 475831
188604 263339
463255 408941
494710 3288
274667 252851
65091 11311
14179 195026
154677 109220
315846 404775
365531 359191
129892 73057
157841 190487
480445 276810
67665 360454
376342 364740
115070 29410
77510 274534
223832 342915
173254 305553
122806 492232
499392 330687
327840 156863
304153 476148
259582 294560
424444 495681
314560 114847
3311 389800
399623 247968
227879 85593
344026 415089
124149 167417
167956 32813
357893 353855
384524 35953
485253 9029
291747 348614
414503 141286
79402 92819
387812 52067
436754 23351
8229 190123
464799 157596
390759 265185
74355 471790
144861 43643
214333 278747
157621 157280
473945 383288
298316 423571
312700 18657
457648 189759
499937 254748
459124 399636
154595 23652
174399 35737
468359 144710
142454 286281
151608 316705
319232 64226
201868 142902
433802 489668
467308 413627
457519 233845
412537 27888
119628 335365
447495 319699
496395 94910
157870 483400
161960 211054
27533 417792
346210 324460
358552 303503
256893 403784
223244 470384
167837 155923
281102 44285
311844 362104
56360 123418
83032 110558
88624 488020
113069 413013
126283 155255
294310 91656
423159 373343
228257 497653
430096 297349
113796 419435
348128 275454
489556 129829
355167 35222
114788 157160
16944 73036
473395 119089
425002 477423
344096 268163
38176 261813
477081 485934
363364 166708
440130 292190
241632 440301
261384 328222
290423 246902
472841 175250
177120 371774
167958 13735
80824 142101
392278 27739
228585 329196
220878 90021
47781 387239
458522 352399
466744 359641
111670 427012
95870 268687
489364 263495
52243 345388
93184 305109
423242 61517
454380 248966
90452 57497
4124 294296
399974 338713
126851 487864
446360 432982
215971 58073
476322 235012
172040 378284
282238 293853
42906 26789
274257 214909
209595 246184
153512 203044
228888 436859
240247 300613
427010 11230
172699 444866
452688 74921
225526 390261
406788 285391
265305 384753
266281 261909
71654 409189
293938 148966
285738 364604
331953 208415
482168 449666
274570 12164
128656 436246
334908 31006
163852 474845
89886 343333
417612 123934
202874 121502
206348 364152
136104 373028
331054 13074
153576 261148
336856 237996
73460 376179
56753 329693
243714 489231
238173 325730
446645 204913
470246 168613
370877 140376
11491 308353
297476 272957
257576 206646
25262 231886
448145 311775
14525 495578
164841 163156
378189 468327
137266 145759
6074 266592
275205 378016
302368 99682
337334 97487
311909 438707
34117 461973
159267 89965
456540 460132
97902 4841
459373 220413
51077 296085
45469 329999
414495 306046
281601 473439
141532 31528
378241 230250
371220 291086
58178 20550
216829 452340
225401 115170
173221 392966
210045 389006
209830 387275
153159 165133
371927 299531
133011 80803
304303 250834
137544 344126
39488 242067
447747 458983
176024 10653
166573 464357
261037 479231
103323 417207
393599 131034
392280 342016
111533 277941
173553 225498
199927 362689
202027 497525
339093 475936
438924 321580
167482 357055
214662 19736
342095 82772
390325 98383
335658 164820
145302 154773
104020 248953
22970 55893
362912 495391
90855 400391
436759 136873
145541 84634
41876 402864
102845 127633
190967 208406
391015 160667
365594 341534
246634 192976
310790 448441
31497 388941
381587 298025
142988 367088
340374 130771
111490 327360
350215 367230
154291 445133
311835 339361
310233 200923
340964 490643
337206 385009
465054 51759
59755 130552
74914 458989
226921 151984
434948 238552
489389 212653
216541 3840
124873 73895
48074 42132
474371 93749
409271 269361
380233 268723
452424 354984
190165 153141
377221 56750
212979 156127
335107 355761
83700 47805
107834 450580
62177 18596
197535 178573
149179 394452
182349 134861
1355 261605
370184 208828
302753 458810
400469 25167
171024 113710
333037 436953
393160 36368
87100 367870
475076 137007
342245 281032
119689 303906
295901 37476
452155 74594
123926 73904
246774 31190
416845 286092
249593 450866
68329 479248
275860 230501
167717 106842
225026 427063
353479 148821
339810 431566
120536 471493
12562 224512
465752 295049
413960 192951
95626 336201
391314 74450
84070 376119
393612 74063
24418 464355
138582 329896
349983 182846
406196 247959
347338 214667
69874 387425
164806 496037
472023 166511
469275 338923
24752 30182
459735 233203
286423 402724
234094 177947
47669 399497
252366 46753
324005 469557
188312 424929
27670 411921
140464 82121
442199 451310
452459 121621
10744 478783
397187 362936
408399 15234
111762 450781
83246 272124
209966 47023
95335 192325
432103 230777
396247 432140
180526 292154
119869 211975
59541 462073
176815 137748
376247 263018
236199 347255
339592 479264
148273 151852
497026 71228
76756 331219
87687 198784
436437 216561
478366 318751
70710 61797
30807 121881
373821 495648
7962 343635
451502 352326
255739 338568
385726 400260
249850 336736
191176 40528
102173 349732
364459 300392
218421 433965
192244 148260
255724 364677
247075 493583
455024 21265
468752 194696
35529 410075
262263 249800
87686 497600
181564 353227
417576 127550
