10000 1000
951 4851
4435 1341
3448 2447
247 3563
2900 2893
429 1039
1729 1819
1271 4028
3509 1168
2598 2058
726 2118
1329 701
3690 1797
4995 1619
3543 4037
492 3788
3101 125
2560 1180
1110 3356
1499 1578
2925 136
3033 1288
4786 4714
2380 4089
4465 1128
4683 3287
1031 800
929 4309
2385 4874
2473 1494
3140 2232
1749 2097
2723 855
1344 711
894 878
4668 2609
2802 140
4356 1952
4740 3660
4606 577
2691 1344
3014 4721
2681 3011
3993 517
4663 3311
4903 3052
695 3269
474 2323
1064 4862
1912 3217
1476 240
1113 1406
1711 4945
2705 1973
1140 2816
3318 1588
2921 1411
3833 2451
2861 2968
3588 3023
2054 1554
4822 3914
3757 1789
2525 2547
989 3640
1822 2754
4565 1925
4302 2512
795 2613
1153 3757
1244 4211
4017 4872
4842 2938
1505 1701
2766 2780
4223 893
3313 950
2287 4010
3743 2214
3141 2607
1119 9
3279 1265
532 4586
1314 82
461 3862
192 3297
3006 4139
437 1215
3992 2852
242 1185
4413 600
3137 2758
3062 4044
4855 4073
553 1692
2606 4914
2646 2679
388 4972
3621 566
17 2857
458 4243
3369 1847
298 303
1918 950
1647 1203
568 431
1552 4658
66 4094
233 3137
1669 308
4856 4705
2355 895
358 2050
510 1834
2947 2832
2428 3667
2850 63
2876 385
3783 342
4028 3555
45 513
989 1233
3109 1456
2807 641
4008 26
3231 4550
1893 537
2335 104
3157 2745
3095 2539
2515 704
3887 4074
1545 3713
417 629
409 733
2554 980
2024 97
3738 3159
4593 812
1125 4152
4340 2554
3772 3106
4005 3012
1462 61
1886 3263
4987 1858
4707 1163
1504 2656
4551 688
3156 1235
960 4793
2084 929
3531 343
3365 1407
766 4206
2867 1163
54 3151
1006 3282
346 3893
2366 1798
4050 701
3042 3012
781 2073
2586 1310
4199 4136
613 4394
2454 2678
3857 9
4366 1806
623 1
4427 1497
4505 1569
3201 3047
1686 3080
3120 2294
327 3815
33 2213
3422 4334
2057 4043
2815 14
2290 2585
4163 2397
202 4416
1251 1640
2810 1953
484 3480
2862 3796
150 1045
49 157
1713 2605
904 2236
3965 1030
895 2141
3473 3383
3508 3393
2697 2602
3726 4068
275 3326
3731 3957
1481 3537
2629 4024
1443 2725
559 1628
2211 2844
883 850
1875 2861
4107 2769
747 932
4582 2512
1709 4210
2635 459
2795 2133
315 3645
371 737
2371 1727
3299 4953
559 1024
2086 4498
2446 3603
3130 3361
3269 2720
300 4631
2233 747
4669 3217
4445 2624
2228 4026
211 1957
4447 3342
3157 2966
778 330
2894 3092
34 198
2615 2419
180 2293
739 4738
477 3549
738 2174
4771 4697
3430 2967
2678 3256
3061 1632
1572 4188
2736 324
4938 2004
641 3842
3714 4621
142 487
635 1418
3483 2410
862 3441
4831 2363
393 1365
4895 4003
2790 406
3422 3984
3067 1605
498 928
4342 3181
3252 3660
1051 4188
2351 1441
3649 3966
4226 4656
2123 4468
2339 1460
2426 1059
2446 2354
140 937
1112 4870
4146 4307
1619 930
450 3473
472 1798
4996 3618
3093 3118
1370 1606
376 168
1895 978
649 1794
1529 78
30 2630
3971 4807
112 4164
3275 277
4922 4940
4011 1248
2542 2698
1008 3995
3701 4399
4468 3592
2268 4187
690 3920
2549 4124
2414 1703
981 3067
3558 1971
4836 1398
615 394
3752 3447
3569 3310
629 4621
4524 205
1052 3384
1486 2222
2492 743
338 4367
297 2830
2884 2975
4295 1743
1930 4129
4247 3936
4859 2630
1355 1868
1492 3259
2525 4837
1904 3657
1884 2006
1460 370
4681 4691
3029 3831
546 4456
2690 2916
3415 3326
810 4056
1733 2361
142 129
3796 4336
2381 2460
4428 3165
1774 3255
532 2418
2708 836
1883 3839
335 343
4659 579
4539 200
1038 4445
1185 4011
2185 1372
3354 2694
2726 4802
4367 1373
1294 1820
3108 3224
2401 2612
1995 4607
4400 1479
4574 4574
4969 1043
3544 821
624 35
4064 4551
4764 203
2147 2356
3187 4618
949 4789
3113 1712
4397 4215
2532 2911
3248 4055
15 1028
101 3417
3859 3314
2547 2630
711 684
3428 37
3224 1198
1486 2762
1320 1057
535 78
1948 883
1628 2604
3775 1336
2753 2191
4373 2753
3236 4600
1704 2444
3675 2864
3633 1861
4180 4210
3550 223
456 4464
3708 3141
1703 560
821 1318
4324 707
4082 447
2942 4608
2860 151
3870 1946
3070 2473
1175 3949
4774 4023
4163 3868
4352 2458
4785 3884
295 1906
2762 1800
2981 970
2928 884
3454 4377
551 2137
1496 1359
3161 3555
1080 1411
2715 4819
2699 2151
845 335
557 2747
4293 1102
1339 2936
2116 2037
236 4391
480 230
227 2707
852 4804
2494 1936
2257 1005
4590 1500
1926 4922
3318 759
3733 679
371 2608
2904 3363
4125 2815
4985 2992
3461 830
3571 2039
1171 295
8 2106
417 98
2500 1459
3150 1077
141 3206
77 4141
702 4898
4840 2126
4616 965
543 380
486 1430
4687 4709
2686 2445
3901 869
4530 3721
1028 3204
4033 848
4090 3581
4548 3136
1366 3211
658 1142
2069 2604
1552 3899
742 1196
4707 2119
3047 2243
3372 4636
2604 4586
4707 1161
3960 4972
3314 4769
3392 1506
3497 2152
3833 2842
4816 3738
520 2298
394 884
2614 3664
1737 2502
816 2302
3113 3200
3526 2642
88 742
6 1039
4625 2719
4238 4067
3951 4001
450 1929
193 700
3114 1413
202 4851
4548 575
2198 705
226 220
3701 4610
2663 3431
4671 898
1345 4929
595 1785
1705 1882
1687 4455
3148 1920
3522 1208
2835 2292
1961 426
1202 852
95 2955
2573 947
829 115
3169 3452
2857 3516
1641 1582
2896 1017
672 4727
3278 3968
34 3548
1662 2668
2590 4849
3831 4521
2169 2488
678 3133
4558 2943
1373 3951
1254 1997
4147 4681
2141 4954
57 3515
3147 3240
187 3439
1112 3953
4149 3869
4598 4010
1102 4173
2625 3913
3407 4261
417 4567
4709 2009
1776 1530
100 1894
232 940
346 1103
1360 2091
2014 512
4637 4334
4079 1869
4032 1133
3475 23
4122 4723
1779 4008
3221 2951
2464 3534
1164 141
4533 4234
157 3597
3249 3446
4904 4028
127 743
948 1362
797 934
4696 1028
2727 3197
1356 604
3786 194
4241 1641
3215 3649
3171 1979
4258 3230
1029 728
366 4182
328 800
9 3306
485 3705
3205 2112
4348 3296
480 3804
3759 4327
1896 2325
2352 2770
2484 4999
3989 4389
4338 3759
502 2348
170 2732
3525 2977
4781 3619
2781 1385
675 1645
2958 2054
741 1411
3519 2139
3155 1852
876 989
752 4395
2565 2386
2281 3827
2280 2824
2222 2963
4894 589
1743 1119
3167 908
958 402
134 2606
3587 2111
1238 2407
333 2313
4660 1274
46 3321
4968 4557
630 2969
1867 3720
1969 936
2946 2121
1081 1754
2260 368
224 1350
1395 4520
561 4804
2145 2743
2173 26
4030 650
753 1407
2660 3861
4916 1920
4290 3929
1942 1597
3653 2973
4160 2652
706 4383
4274 2509
4142 360
1434 2603
580 2336
3594 4196
4501 2546
2102 3062
1149 3641
4457 4992
2309 2225
2158 1356
1141 2791
3411 37
285 3411
2084 3578
745 55
1126 2869
2960 4747
1873 2784
4866 2457
3076 4857
4538 4219
1484 323
594 3919
1882 4092
290 1969
1928 1091
4236 4148
629 2645
1179 4629
8 3103
4847 4428
29 4433
4597 545
383 1756
3248 1063
1617 3020
3467 2679
4477 2169
573 4634
2939 1826
2739 3232
3751 4572
1698 430
943 3645
4263 4925
483 1837
1502 2402
571 663
1151 4833
2052 4104
600 212
758 3410
4353 855
583 3522
1786 2271
4219 3360
3836 2494
3342 3479
4651 3661
3568 520
2410 1224
4829 624
4879 3168
4564 4473
4843 1293
1942 1260
2659 2164
4618 1820
4657 1275
3550 4232
2210 743
3732 342
4009 3215
1915 4091
2549 4088
1203 3557
4013 3364
4890 2562
4736 4543
2518 3950
1819 4052
2279 4405
2136 1903
2591 881
3563 1345
409 2609
4130 2495
1901 4463
2787 1929
493 156
4801 151
1407 2752
4826 1782
1048 448
4340 4122
2584 3890
1523 2212
1693 2922
3341 1381
4323 2337
3315 94
3144 867
1425 3415
1897 3003
156 4152
1501 662
888 3879
920 4128
2939 2211
322 4554
3966 1123
2025 3641
1018 4652
1667 3866
2448 3606
4105 3541
4841 1216
4569 1276
684 1699
3212 2055
2420 4025
3371 3491
2310 280
1350 2980
1341 4872
1907 3458
3032 4002
2630 2335
3018 2318
1299 911
1712 609
2643 2491
4853 2050
4939 4639
3721 3997
3460 1981
222 3795
4242 33
992 1477
508 2324
257 4712
4655 748
3132 3772
890 1723
3157 1379
3570 4957
2968 1888
1379 233
743 2785
1344 4684
2594 1604
3689 392
1279 152
2768 1519
3884 1267
3793 3158
3607 4292
3161 2622
2803 2825
862 4829
2504 539
2240 4281
2709 1826
1452 194
2862 3615
4145 2962
2770 359
2449 2582
3792 3098
4936 3863
4234 2742
279 706
4912 4093
361 4549
2619 1553
2379 1730
3655 1891
1717 3681
3558 1598
688 4168
4387 2756
4148 345
3987 2383
358 3102
1659 1586
1598 4399
1267 3081
1480 2551
4661 4715
4464 3236
2666 4141
776 4668
1753 202
2024 2945
2663 4117
671 369
4822 2148
3500 1508
3275 1136
2285 2311
4840 1736
1821 668
2083 2646
1109 3516
3391 3976
4481 3661
3738 1422
1009 129
3015 283
4266 4383
1717 904
4015 1736
1226 1310
2396 1114
4461 2779
4746 3125
2257 1147
2174 1359
3120 1548
2715 3158
744 1294
1633 2591
4945 3601
1397 216
2308 3693
4215 3314
4097 2796
3720 3486
3952 2696
3026 3917
526 34
2709 1985
2114 2846
4489 1990
1812 321
530 1430
4851 3256
2314 254
4456 2551
4413 1892
4557 3175
2946 1195
4235 102
1424 3575
966 1290
1660 4028
1493 862
2874 908
1566 3984
2169 4809
3233 497
3926 4979
73 2373
612 4356
237 4174
1072 2282
3320 4829
847 4385
3264 3968
1743 3145
373 4948
1866 3606
3779 660
110 997
3551 2192
2318 342
1673 4884
2700 3612
2752 973
1643 4194
1039 4948
4810 1074
4380 2338
4148 2376
1798 3070
3491 3178
1005 1179
4544 4586
4917 1964
4171 365
2607 3492
1094 639
3021 4647
617 1883
2799 1720
936 4389
4762 4126
1652 4077
3946 2535
397 37
2828 4575
4223 4337
4479 2508
4427 4729
364 3373
3767 2465
3879 1919
3163 893
2663 3467
2854 2867
284 727
326 3832
4944 10
2801 4086
1095 3335
1608 3418
4515 606
2512 1402
4663 4632
755 2103
2009 1561
3893 2696
4230 3930
3773 604
3613 1236
1819 1043
1765 391
1776 1227
4299 2616
4423 3796
3007 4341
656 3167
4152 4610
4212 3760
181 2121
858 4299
1403 2989
4942 1341
1976 4050
2707 4080
3975 2676
3042 1887
957 2590
83 510
1061 855
1744 4439
101 4513
4669 4047
2307 3687
19 2311
4826 4453
868 2295
1827 552
1275 827
4957 451
3116 3842
1341 1114
1683 2321
1707 1358
3028 4451
1093 978
3612 1620
335 1028
675 946
4421 4491
3382 4649
3249 770
1986 3528
1576 2403
3204 2143
2245 4385
1120 4624
3098 4191
4737 333
4092 2671
782 386
4156 2309
2401 3694
2010 2075
3769 3369
3259 2179
3321 1517
860 87
1727 4321
4060 3585
105 3184
1312 4611
3145 4797
1269 3396
3401 4201
930 3972
3411 277
