100 1000
25 13
28 11
49 14
17 18
50 35
5 34
14 31
24 11
36 11
10 33
29 17
47 36
20 3
42 38
33 4
10 43
32 43
39 15
6 15
18 43
48 36
12 45
7 31
43 21
41 39
9 30
31 34
49 39
20 14
31 35
40 10
13 19
40 33
20 31
31 27
25 46
33 14
29 17
25 26
1 40
47 15
13 13
44 50
42 5
31 13
36 17
31 49
17 32
5 24
19 39
6 33
29 24
40 31
16 8
24 49
16 11
6 24
38 45
11 43
44 14
10 38
18 14
47 19
6 19
37 38
9 25
32 47
44 37
5 6
19 2
14 41
24 26
6 17
17 42
25 28
15 38
40 48
24 27
40 19
26 3
14 25
19 1
21 19
25 3
2 21
1 22
5 46
11 36
12 37
9 49
46 33
43 38
12 12
33 10
16 19
23 43
19 9
9 31
45 27
9 6
31 40
39 29
18 13
4 15
17 24
38 21
2 44
3 18
18 40
48 28
16 19
20 36
13 41
22 44
38 15
21 41
32 40
9 25
40 29
28 17
12 42
25 30
1 45
11 23
2 21
20 24
45 24
25 46
21 44
24 7
15 4
22 2
48 26
23 20
20 32
39 4
8 41
30 41
23 26
1 47
16 22
31 9
29 30
30 48
35 31
38 10
48 22
35 36
43 21
30 50
36 15
1 45
48 36
5 8
2 24
3 2
13 34
39 22
3 37
20 18
47 43
43 14
5 16
4 42
48 42
41 1
14 22
8 47
20 11
10 28
13 40
23 30
9 17
4 36
5 48
7 28
50 48
15 2
28 44
50 20
31 27
19 42
13 3
46 27
39 14
45 45
19 32
9 20
40 2
28 4
19 36
34 48
30 24
34 35
33 29
2 18
38 20
24 24
1 40
28 36
45 31
24 27
4 5
32 11
25 45
38 26
21 36
4 4
13 18
43 4
14 11
10 24
19 36
37 23
14 18
1 19
7 28
40 32
25 25
23 37
28 47
46 39
37 28
36 37
19 4
33 47
12 27
5 27
21 15
6 45
7 33
9 39
6 42
2 1
7 20
25 24
2 24
27 33
49 33
9 35
34 21
35 28
28 9
45 13
42 44
38 21
7 46
4 21
32 27
39 29
2 3
18 10
13 4
1 2
1 24
9 34
26 28
19 24
44 23
50 21
12 14
20 36
42 33
49 50
7 41
47 5
47 37
24 7
39 43
5 40
48 9
8 4
39 43
37 3
36 49
32 49
17 21
39 33
7 17
46 47
2 47
20 48
39 45
48 44
1 15
14 7
11 30
20 26
36 38
17 13
20 16
32 26
48 41
47 30
18 1
22 36
42 40
25 20
4 11
3 45
33 12
9 27
10 29
33 25
36 13
44 49
28 10
13 32
12 8
24 33
50 39
1 47
43 30
37 50
20 13
1 47
12 4
30 4
5 17
15 28
2 19
6 26
26 33
37 33
22 10
7 5
40 46
13 43
9 12
24 13
22 46
34 19
30 15
41 21
28 44
27 19
37 18
19 31
5 22
28 32
19 21
33 29
22 25
46 20
31 43
31 48
7 22
11 2
36 5
4 23
17 3
35 6
14 46
23 17
9 15
17 38
31 18
4 10
44 21
48 34
25 11
24 4
37 15
36 26
17 35
22 47
24 35
13 8
28 50
19 26
25 7
27 31
34 8
27 38
28 19
40 23
19 27
3 29
38 12
28 46
36 42
20 30
34 34
17 17
1 38
49 43
2 19
48 46
43 12
8 1
22 9
7 8
44 33
26 6
47 30
27 12
28 1
20 8
12 20
12 17
37 25
31 16
25 8
25 49
48 36
24 22
28 32
35 30
9 47
42 15
35 48
6 12
6 19
43 46
46 25
7 3
9 35
30 40
19 33
7 45
47 37
50 31
49 18
41 36
10 11
28 34
26 43
48 44
9 36
30 39
36 50
9 32
21 1
37 31
24 22
34 5
30 9
10 46
1 24
32 12
48 10
47 23
13 28
40 31
7 34
32 25
25 13
26 8
4 7
50 1
2 44
45 38
25 46
31 41
26 47
10 8
40 32
22 35
5 22
8 50
18 7
42 7
5 18
27 24
34 21
50 13
1 2
2 34
49 12
46 17
11 17
38 3
49 37
20 12
26 19
30 42
47 17
27 5
46 22
49 17
8 15
44 8
16 27
12 16
45 39
17 8
28 31
10 14
28 32
42 25
30 47
45 13
16 20
33 31
33 6
30 34
22 18
1 17
44 24
44 21
50 27
39 17
9 16
9 1
10 3
49 23
21 13
23 17
48 13
24 45
12 49
5 31
32 49
12 5
23 3
32 44
15 17
23 19
32 21
44 12
31 2
20 9
46 28
6 6
4 26
43 41
45 42
17 41
6 16
21 37
34 36
24 21
24 9
30 25
1 21
15 1
37 41
34 49
35 12
18 32
21 23
6 14
32 24
28 17
2 13
2 3
44 27
44 28
35 8
20 6
31 23
21 32
48 25
8 5
28 21
50 24
25 23
39 37
49 18
42 11
13 36
29 23
4 6
2 49
21 25
21 35
47 32
42 5
43 45
37 46
23 23
28 29
32 7
18 18
37 2
40 28
25 13
3 43
49 19
25 40
45 19
29 30
25 46
33 50
48 39
8 1
24 32
32 10
49 25
20 21
22 48
23 26
38 36
42 40
11 22
5 12
31 4
28 38
48 9
3 17
42 5
15 4
1 47
49 23
4 49
12 23
43 16
43 30
40 50
11 27
22 4
22 17
40 30
40 28
42 42
8 19
29 7
37 14
44 19
13 19
42 28
35 23
38 28
28 48
37 46
42 28
1 27
21 16
46 14
13 28
11 39
15 1
22 45
26 25
43 14
43 41
14 10
35 12
39 5
3 45
48 1
42 43
50 24
12 20
3 43
40 3
26 17
12 27
30 32
11 49
18 9
36 6
20 2
20 50
3 29
8 19
25 30
18 9
36 43
25 39
14 40
38 48
17 2
43 35
17 15
49 10
44 39
1 11
33 22
25 3
13 34
42 7
19 8
40 7
43 18
27 35
29 17
31 29
48 3
36 9
29 2
14 7
49 23
48 41
2 42
24 48
32 4
34 22
11 4
14 1
3 1
48 28
22 31
34 9
47 37
30 40
1 5
46 47
20 36
20 48
12 23
13 36
32 12
14 1
10 37
43 24
10 45
22 46
18 13
45 21
22 36
44 22
25 17
3 7
4 31
21 20
18 4
21 3
2 1
13 12
32 45
42 17
36 25
18 10
24 25
24 27
13 31
4 18
24 33
13 5
35 13
2 44
47 40
39 28
49 48
4 48
19 46
39 15
44 16
43 45
33 40
42 28
39 7
32 4
29 11
49 6
46 22
21 32
28 10
21 17
31 31
15 20
18 12
29 47
34 23
3 34
11 40
15 26
9 10
44 30
9 9
22 3
17 4
47 21
28 17
26 9
44 20
18 39
17 21
26 11
13 9
32 3
36 18
48 2
8 19
38 34
29 43
7 33
31 25
4 15
23 29
29 10
13 30
16 31
43 50
43 33
43 42
13 21
27 10
50 17
10 18
4 35
26 26
12 45
18 32
2 17
21 20
40 4
22 26
26 43
32 5
31 37
49 36
11 23
20 48
5 21
44 9
50 35
20 3
5 31
15 50
35 9
42 44
3 8
17 40
34 38
5 41
32 5
46 49
21 23
15 23
31 35
14 31
41 15
48 37
31 5
14 22
43 41
10 42
22 15
6 44
48 4
29 4
13 10
2 46
45 23
21 49
26 9
42 31
19 9
26 30
19 43
23 41
27 5
14 28
9 25
29 38
35 3
20 25
23 34
34 48
31 28
11 37
15 16
15 29
44 17
44 47
47 37
3 43
45 50
17 24
38 32
24 28
19 2
25 40
10 30
49 8
45 27
27 50
42 29
6 35
11 30
34 45
47 17
40 8
32 33
45 32
39 6
33 10
39 11
22 36
24 47
49 42
17 1
38 25
12 37
2 47
44 32
41 24
5 46
35 26
20 8
48 10
45 46
20 3
13 33
43 17
35 16
47 46
2 7
16 45
20 6
22 35
23 3
49 6
42 13
42 3
23 26
10 23
20 43
26 13
6 21
8 28
17 36
9 22
24 39
37 44
4 21
13 48
42 10
44 29
19 7
7 27
17 41
34 15
29 31
8 35
21 42
36 2
43 36
32 39
20 16
29 15
44 13
26 3
34 45
40 42
24 12
33 6
23 47
33 9
21 38
3 11
11 30
13 2
7 22
7 31
27 8
48 15
6 39
17 2
1 21
35 6
18 23
46 42
43 7
41 45
35 16
34 48
39 21
25 48
50 18
38 34
31 47
30 8
23 42
18 15
18 32
26 11
13 20
32 7
39 35
2 32
13 16
22 1
13 3
25 45
50 11
16 12
23 16
2 42
1 32
35 13
23 15
42 11
7 34
27 5
48 39
41 9
48 49
15 3
35 42
29 50
25 30
47 50
44 15
5 22
33 30
31 48
7 28
