100000 2000
862 36617
37790 39105
19652 29456
31045 34161
14001 16338
36566 7360
10858 21752
19063 30569
333 41407
38103 31357
4375 28079
7753 27041
21533 25120
46433 7905
28457 37299
29130 47143
43813 11544
33892 13799
23383 1710
553 16784
14871 17852
1058 7086
13428 48747
39744 2524
22282 20139
3643 28385
28470 12035
26409 33304
27713 9878
49971 17365
21614 27859
20507 2436
10449 29976
6543 8913
49309 13671
28292 1602
44196 45423
40430 18001
30821 26013
24191 40010
42233 26696
31315 20669
26083 30219
37417 9716
10608 39304
43764 29137
17287 34682
14446 8880
33238 31164
42708 33095
29072 30897
12715 41519
2853 23999
34901 38750
28425 48579
32923 16381
14544 46922
15700 24930
19558 11703
3292 38163
3187 22550
2543 46106
45857 8695
26421 48224
40461 30547
11828 43591
29600 12610
44947 42043
13139 18699
3053 31921
45510 48262
7728 28796
12996 46545
30196 3989
17524 3162
40288 28595
19698 16208
27939 43842
37 14093
3256 42334
4311 6883
22238 13534
10050 29464
45802 32258
31573 24774
16371 5807
34148 16093
23066 34252
30691 35158
46535 11149
14075 11329
15729 40600
45041 15613
21158 3625
18742 338
6207 15141
38925 36101
12396 49911
11865 24952
19497 938
7359 14795
43763 29740
39289 22515
45653 48213
28557 27089
30664 39235
36758 1872
29345 31890
45850 48511
25080 14768
25486 15815
41949 37276
39920 32346
2708 23543
4386 24825
42614 12696
1743 12226
24818 29516
27503 48992
48885 30282
37218 35356
17912 37816
13315 1707
12727 5286
10131 42254
16301 4559
33937 18012
43740 21512
336 21101
23509 6680
21519 12423
27495 28398
44138 34363
534 21160
5410 14975
34805 28013
23952 15517
8721 41246
40334 30709
40300 34257
10261 25276
4442 26669
31332 45164
20386 1880
18724 4529
18572 29705
16723 16848
29317 13328
1537 44641
28597 3253
43541 24229
10151 43851
23941 8783
24395 1682
30878 35562
28142 37392
4923 33331
2189 23837
24630 44738
10825 47247
24623 24174
2161 1026
22822 6284
49461 48230
8222 9226
8377 11256
14680 40134
20955 1969
48464 24348
48551 23971
26637 2273
38264 6533
44770 19506
12957 42108
5236 11014
8931 40100
40196 33910
29172 735
2718 29760
20169 43735
48308 32242
4330 22741
36583 3972
44747 23675
48487 10469
47323 9477
17646 35730
8480 33180
20317 10307
42899 46236
42278 46761
12477 24654
15177 21154
23018 33945
22171 45411
32839 45499
41191 46103
17457 25203
3665 15573
698 2338
10018 15117
47693 9497
12513 21817
16372 35771
41927 34753
24106 3731
46022 33352
2401 39938
5608 31034
36400 45651
15010 26291
21014 15538
28576 15166
27086 7899
5839 3431
21054 34430
25524 7265
45912 3031
47563 11991
31996 4762
161 34695
13045 23769
30855 20065
3484 18070
43494 37827
29544 46247
2514 33799
18025 42526
6092 10393
18632 44988
20320 48211
720 10966
46751 9668
33162 43140
39905 40647
6140 42699
42372 18464
32279 45006
22719 30315
34980 33068
22008 13433
30620 24186
36527 36794
26491 22483
3552 5545
6812 41772
32739 46289
13945 49863
18843 48610
3126 47947
10003 1224
24688 17760
9264 6492
6567 49146
18626 5644
1230 11604
34056 23783
43391 28284
5978 4418
37004 29807
38326 36284
20177 42317
36727 18195
43877 26707
16614 35109
28751 43697
30154 16801
25326 39609
30409 30579
35203 44161
31641 29455
47921 32172
1217 38457
28845 29347
6297 38333
33497 41480
30142 2830
25321 18585
49041 14956
36874 31096
32529 12117
27666 12826
43076 25111
24729 7349
44768 20272
49604 35196
21933 4093
49213 15068
22884 47622
22647 6032
17671 10951
39354 14096
6931 29873
37364 31370
39155 24563
18500 43830
34219 13159
37160 45966
22546 41388
44067 46888
33987 47948
31153 2639
22789 32719
34059 47492
29600 12884
29601 21692
29567 46124
2751 8827
35799 39929
12690 36667
16756 14348
47670 25776
12890 5384
4433 3212
4268 33011
3505 21901
36940 3936
4190 33406
27233 28346
22747 19546
49119 4517
43447 45799
34253 9125
45390 25109
37899 13975
30275 46786
33622 23533
20594 22928
31352 40006
8764 26807
42977 27793
49803 27079
41233 44092
33996 8413
35184 23993
17087 16033
44172 22394
20733 14269
5699 12430
9465 48970
2234 33764
29702 40509
47285 26498
14838 11629
30892 24311
22582 36714
47595 10955
12043 38135
42810 34914
40880 13570
4841 7246
20558 880
1166 46610
19560 10179
29388 19492
31090 10433
20813 975
40896 16778
46911 46867
47245 31292
46072 42647
13665 3824
7236 29396
22809 45401
10491 27546
45137 38361
41228 33996
47796 31742
29408 35883
10995 37908
36610 29549
2085 26370
24368 20017
31785 1701
14949 48585
14656 41701
48512 3393
41414 17304
40914 20384
11992 23080
1634 3721
47753 37675
45305 14092
3005 36290
34741 25662
13010 29440
20056 9812
5021 5581
2401 23866
41596 42915
35010 37222
27059 33708
40366 27109
39005 7658
1486 2090
19315 25908
4633 12775
28778 28243
7070 2354
16299 39813
15715 39340
254 23938
18445 47934
21666 13400
879 12441
7342 43772
4406 4370
30011 23098
26851 29424
25851 23563
48766 35406
1322 30933
9707 48829
38567 11117
35086 23048
3567 31048
45136 48536
4956 453
39698 8837
19551 23221
19880 13650
41766 46803
17232 36488
40872 9405
26526 9047
30773 34582
42174 22948
26471 43951
24113 18713
46682 5206
28219 16275
27753 28671
33701 32401
5660 33431
31065 22913
2752 20612
28953 9343
963 7150
27910 13446
22801 4607
42816 16267
41728 29646
48474 20183
4556 27144
40005 9350
19340 19184
21056 34496
43183 22322
2238 13636
2966 27567
3264 37734
45414 24068
16010 9798
40712 33909
27366 36047
10721 27052
38849 33197
37721 41824
32875 27222
37545 26023
44050 43600
36751 48574
14623 4107
82 36561
3896 42786
34014 15403
37816 11389
21665 11568
32150 22565
5842 19870
29385 4295
9212 39661
29586 41976
9216 43607
47892 45409
14657 18358
2777 2459
44681 8550
30513 18128
23207 23462
409 46395
7270 19728
16943 36871
37091 9320
15760 27493
1074 24013
12971 11322
43336 42679
28216 17781
38433 46014
19614 15646
30813 45464
41554 1819
40207 19644
35075 18142
36273 35600
16087 34406
21915 4283
32110 43529
2327 26571
9183 13923
14267 47253
45561 6706
17346 35642
44921 48927
26632 23867
26016 44510
37221 6046
46251 18795
4965 28580
13925 37690
4923 5547
37136 45543
17229 9838
44731 12699
22 18325
45760 5390
9952 30465
47629 22032
44596 38190
35164 16101
4933 49607
42861 13792
28670 42457
20068 33350
38544 17776
39128 33802
20627 26320
769 38566
21788 41679
16842 39270
8029 37494
25584 7670
33769 36544
39828 40727
17745 27438
29089 16012
35944 6763
39723 10687
5093 47741
23604 46991
33948 25855
13743 23051
9449 27636
14950 25907
5620 11862
25926 30825
34353 16961
41017 42077
12905 47557
22625 32290
5081 40813
38531 47452
8504 23496
2993 40832
47118 11497
6118 42082
24810 44639
31496 7254
38489 27273
46719 33332
42667 38254
12598 28844
37849 46907
44049 12789
47430 7465
32596 29223
15569 44596
48077 11385
42066 16953
9576 3408
27828 25376
33346 11065
44339 17937
2626 2068
16203 37227
31559 20935
5559 41920
21263 35968
1268 14971
29894 4903
22710 161
27952 48831
40178 8513
16213 41355
48811 27488
12627 40925
30156 6484
34829 45471
35598 14172
7176 7809
19832 651
2728 46345
45544 14548
45471 32921
8645 49438
17473 4146
35814 31100
25712 43972
26966 19462
12713 49549
667 43386
23785 36504
19498 16828
22751 34835
13096 19320
22192 28630
43788 121
7278 23398
45037 32422
11151 5277
42562 32447
13042 34573
20293 10811
9320 39601
3691 8128
33073 22812
19012 6628
18750 34155
3291 1262
5810 8243
11331 5375
17340 43672
15307 45335
5795 3436
16341 23080
26877 4984
21641 42132
42941 45118
45847 26992
10086 45477
28905 42053
6198 27946
12889 17073
41100 7783
45709 25335
21466 11003
34659 3113
5884 37093
4319 5106
44761 20947
22733 34275
18543 43108
46390 5967
39474 35299
1366 35993
30015 40241
18631 32144
49680 19999
29704 41715
15994 45926
48962 45442
30599 41517
39960 6472
16301 23509
24135 3056
2193 10830
44759 3211
33345 36443
40434 11977
2341 13451
33274 12727
20586 44688
11473 2459
10502 5460
8487 9541
6248 20134
1024 47384
21005 8866
42203 25176
22223 17239
16909 1097
44526 34632
17155 47270
42589 42258
37289 5627
34927 47329
28189 24673
19838 31006
49442 29767
5396 31113
8211 36934
22791 37253
11851 30887
49350 31507
17229 27930
7923 14744
43102 45112
27139 48755
33551 46921
32844 12671
38267 11111
3462 2210
40877 36750
32569 28614
32802 33611
5754 15218
28285 48134
37045 16240
39290 28197
13550 14231
31693 17745
28388 33216
40191 47672
7491 49679
34773 36655
6090 42456
48621 42698
36507 3920
37886 37017
14136 26568
47403 43364
5088 40895
30066 33138
47219 31238
38650 23133
39925 22829
42233 11180
1720 27296
8976 24349
6633 12616
35604 26653
9856 43812
840 44684
22043 38192
894 26219
30624 1395
38930 11092
36254 844
22788 12096
31239 30256
2269 43797
49234 38324
38386 16335
36562 25318
45370 28076
37921 4377
1430 39555
6249 30887
28347 4365
32540 40916
30852 29930
48684 39010
24707 12912
22565 11774
10370 24098
17603 3165
36826 36502
29538 5947
11362 29121
11769 27634
39349 38912
44929 43164
25974 46239
28835 33693
45004 12931
25321 47943
724 8800
28418 26680
44674 43196
2013 22835
26949 6235
31362 8943
24847 27262
24001 6712
2370 31778
33176 35794
47168 5811
14156 49877
25695 17186
46994 26698
22512 35518
24764 2715
31305 18750
3462 10659
20014 25174
39229 11926
14818 1101
36875 6208
12546 8411
37677 49506
37153 28610
11175 41934
39405 29198
20197 6559
27152 24987
39480 25436
19856 18871
1992 15137
24780 3033
2596 14734
13745 9393
22272 17115
39863 32449
11659 31994
10030 4200
31772 2602
35234 24756
24001 49208
49718 10597
4072 42724
9661 31804
19857 39598
35676 36385
34535 8785
39834 30270
19403 26308
25691 11687
16787 12717
41723 31066
2445 30666
37430 27250
49353 6201
44739 37633
38428 29025
21924 33228
13224 45709
27127 9989
7735 39047
26317 26143
23624 8411
13960 44919
47960 27303
21428 32278
5692 21572
4124 21413
19147 17762
43012 7274
17450 6380
8560 2596
2363 26030
24466 37495
39060 42887
24583 32625
31860 28305
11435 15745
47688 32790
25948 32459
17821 18177
34706 36636
28302 34623
42330 12145
46283 14041
29497 12038
46246 9140
39008 5198
46411 7683
24772 7517
29022 32625
9101 29985
16787 24286
26369 37323
49154 8766
29304 29678
31803 27838
14451 34075
35202 6514
14600 18677
36120 44321
39361 43414
29983 6758
10440 25825
3884 23219
20152 7297
32269 42074
36538 20301
25620 16795
38834 25098
49382 38005
39956 44472
23645 45289
44843 24484
17079 45148
15512 26068
39883 9813
45644 33667
45300 19383
38404 41015
21431 16069
39413 23489
11804 24020
18060 41432
49132 29865
30159 17977
6744 1257
18928 49189
38324 35812
36205 21051
36100 6444
17977 3809
45007 17197
1835 739
49408 10988
3738 44289
34515 16619
39236 22078
17502 12727
34479 11762
4622 45380
42864 33696
14986 21530
7353 27705
32322 46895
35658 32734
44520 44169
6949 38226
21216 31313
39143 24276
17853 22262
4912 7044
16544 1446
4933 26219
12368 40928
44488 14547
43549 41908
14891 29199
32992 15935
20113 34999
33959 5400
12501 15251
25132 15683
48112 27081
31706 30078
41347 35550
2783 17249
17030 18872
9717 6515
40928 16973
37151 40083
12494 24471
456 15202
12320 32220
31268 34019
39054 9202
30532 32796
12006 18722
8338 47809
42178 3834
24419 48319
10359 44132
9882 25792
10254 34657
7309 26342
48082 29728
20763 23306
15598 38001
47356 37819
43685 27470
35956 17725
47450 4129
32731 16000
25518 45326
33519 15851
28063 43531
28908 25319
6973 21726
44654 18705
15936 19118
32943 17837
12239 54
49638 44274
45427 46421
10992 42645
45368 22558
49579 24389
17918 40209
4439 13957
21292 1776
27036 18113
12650 46894
36239 28056
15058 45072
22065 28184
46150 33583
28233 49819
10161 26089
32376 13661
21136 21636
7923 43414
34112 2024
48931 18286
5641 25163
29427 3786
14309 48629
9384 7291
7380 20259
17259 34027
33851 30902
41597 14794
23805 18807
28031 18889
21322 16995
38229 43101
37941 47117
4530 42788
22821 30777
18285 47622
15867 44203
45806 16575
32852 35018
48257 39742
21308 13404
44730 36356
4149 24787
39922 8979
29150 34706
23008 5797
10594 17720
7836 7850
48153 31948
19828 9529
20111 13716
30985 49260
21801 3209
5879 14886
17543 22851
22760 28187
27155 25316
21991 5749
5714 35219
16414 14777
30104 12817
19015 29173
38770 41344
15799 42541
20868 278
2049 21111
20777 28389
30675 14668
3422 43532
29365 40590
7244 14258
35165 36617
39318 6345
47968 16365
30472 22955
21218 9720
38280 8641
32735 26730
8380 27880
2439 35126
2144 1346
35915 43181
15377 32265
22264 31853
19663 44246
4523 13770
39839 5273
43062 49005
8659 6235
5038 48791
33804 40198
46015 39848
46929 10485
3295 16153
45309 19344
17867 46797
2451 49882
26279 41798
10636 40304
6914 20142
10928 15180
42121 38485
19671 40503
20837 1625
36688 37741
8686 34091
34708 46826
13285 8135
12780 29988
25800 4635
35851 37121
36196 12132
489 22386
7656 11346
42920 25477
21324 9795
9640 14447
42232 9226
43497 28230
32855 3352
12048 35412
23548 33624
9680 39534
39521 12566
41493 40451
6322 44632
2763 34229
717 37970
10698 45339
8543 307
41715 36452
11878 19991
18311 34876
20303 41543
17280 35674
5934 29266
4936 22488
42222 31009
40158 24367
6452 23189
35306 17764
46887 35911
16208 4696
45711 14287
42855 90
20534 4094
36954 28317
15094 23248
44469 15656
32776 303
29525 9620
34346 7186
33847 11006
42492 33811
2805 25226
9869 18566
36151 33384
21152 364
1458 22213
32468 47709
48033 20807
43557 5942
2976 35467
39419 40415
27687 11986
6625 28994
31075 40786
25392 25798
8909 35507
13521 3450
9161 21363
20240 19252
21098 17715
26638 31352
18309 33740
36597 37405
2753 40557
8142 11899
34511 35295
13339 43079
1417 30206
25377 36236
42053 42086
12767 21814
35835 39341
7723 7228
5580 45005
35291 17007
26117 40549
18208 44261
42707 10195
37348 18681
23709 26842
22620 10778
22391 1295
43702 12896
15306 42533
42818 2113
880 7352
34632 26270
48330 21792
36188 47108
673 1224
21656 24903
30457 25099
12899 6149
37752 13009
16618 38183
43084 45821
48311 16109
34550 7030
32604 12383
21830 8493
11769 34025
12305 23153
40210 30227
35077 34105
40110 12674
13946 13831
2121 4344
37755 1915
3827 40401
35696 703
49395 45323
18195 567
1409 46681
30670 36072
10979 41407
35239 18895
22173 28999
5100 12204
42829 2014
49806 23902
30829 4136
18243 34739
38928 17320
43436 18342
26308 6245
37086 7312
48704 16289
31882 29088
31681 40962
14199 31827
33456 40579
41658 31271
45272 42304
42495 37981
19618 32117
42111 18117
32386 32342
16243 6530
46103 46377
36096 12834
30901 21958
17292 16440
1095 2129
7361 5829
35952 14913
4694 8486
46996 14035
14649 49960
22013 25475
37820 20875
36741 48877
37707 21289
43580 9917
23324 32541
22500 14721
22792 1166
11712 19818
22850 44906
19480 5880
20053 22262
12597 23064
8283 31675
30321 13327
4809 6428
23139 17822
9506 17365
46478 14322
17000 31957
12015 2423
44213 34524
16111 43543
45456 25457
35534 27379
27591 42567
33767 1449
35983 25422
13232 48269
42589 16086
29948 17321
40577 35819
29653 10440
32692 41307
9638 27418
11902 10921
46940 30273
6977 39423
27576 2234
40442 31150
909 25652
7839 17808
36222 31069
16181 24220
19946 13293
32531 2920
31805 45361
24984 8006
38210 20938
21858 16780
18716 5000
20138 40481
26952 44081
31866 2892
30574 23156
40768 12446
11281 38395
20454 1012
13045 34034
2737 35247
44049 35319
13835 3843
41598 18816
18233 46563
1177 20864
22590 33669
8377 12800
31645 34040
24722 36827
21576 24345
2466 1989
25218 49900
32826 21026
23424 46556
4123 7933
42517 36819
4125 31348
1647 25594
42305 8563
23577 343
7906 33583
14988 30628
15053 6347
11213 8000
41717 34353
23520 38258
9816 46600
28095 9705
42645 35820
1479 12867
20189 31611
38831 15110
46010 48104
11361 9994
29280 38850
37056 8380
39254 49153
30266 9270
33333 49066
16585 19686
30377 19924
31970 22972
11781 35929
38014 37297
15298 31604
21978 48596
9352 12250
29506 39224
41760 35117
8269 13293
16902 33248
16730 14555
3741 30324
24707 23394
24005 4723
22440 33194
44204 36750
15681 31849
46040 32485
47061 27447
32479 43269
29062 3839
25055 35575
29348 31154
47161 24414
10683 10461
23004 20691
15145 4994
4465 19960
6799 38475
23045 18217
11183 46416
19218 16290
412 27291
14245 22167
19156 33172
20613 4186
11023 17133
9114 2939
20808 31531
33915 25647
27456 10890
32107 4085
1275 42621
12800 38264
20329 47377
29897 43006
48421 26177
36393 44854
7866 28682
47988 18304
226 6053
32635 37512
44746 32924
43139 44723
5727 10120
18397 4037
25104 25424
8677 23307
24894 41135
37843 34583
4513 27250
4457 2767
32942 3861
7734 2
890 833
28473 26970
25317 37258
21907 14149
47904 6175
22260 48511
24385 41229
17484 31220
39940 27010
26132 40845
15834 36124
47591 7748
43830 24179
35650 33450
38414 15629
11182 6386
6548 16951
17011 22873
24870 32530
28791 49792
13955 48256
11195 42780
29930 12518
24980 10682
13861 37518
4627 40591
2291 35588
5762 44814
7415 12182
10650 16517
19310 10022
21540 14805
791 37961
31357 24714
21995 36539
45610 5261
41170 13265
11327 24516
4564 22883
8601 25880
42285 43709
43378 13937
6136 48830
19290 3169
8202 12751
15336 6074
34405 6862
21614 12339
11965 16480
5910 46024
9317 28627
9672 21914
26440 34103
31177 19385
25062 37355
35713 11318
35631 31086
5524 6958
21852 34631
14659 44030
5549 16775
9737 8904
38358 48165
31981 27718
26292 31483
21977 44035
41834 43288
17778 43562
49275 47048
44566 21919
49525 4023
29147 45496
26332 26234
33758 25754
44662 2151
19998 44441
41471 23335
13165 40121
9996 11568
19227 3190
20067 7366
12541 22138
21260 13399
913 24982
35875 3759
2737 3815
37758 42919
641 12079
1757 36037
46917 22127
18413 19984
18871 49076
40009 42100
36475 36538
6294 26927
46836 45429
32845 11409
11948 29923
24752 9500
18726 18946
23623 30699
3118 41858
42560 39589
15991 19180
12298 25794
32429 31148
1832 1752
10100 2292
21983 30514
12941 22305
10851 2319
49698 27299
14640 41561
23613 13860
9434 48327
7482 16420
45586 13773
14915 1711
40822 37849
30624 28587
31093 31073
48538 26234
31716 42207
47056 6412
21708 12856
5500 4835
46734 40861
19043 32422
31738 4692
33803 47579
41052 17216
8616 40482
14495 39445
27623 36905
46220 44128
18792 2379
8605 27352
38517 16940
3484 16451
40504 18160
41496 9765
27500 21882
12317 20378
5707 42280
27932 9480
26181 47982
33467 33464
27289 40601
22983 31530
44227 38201
22569 21155
19602 22683
8064 2813
6815 15020
38459 18909
42199 32952
35112 12145
21340 8586
20062 3929
23505 33084
2966 44530
43913 17734
10242 49628
25149 31592
32794 28527
35619 3821
4115 27622
49310 9880
39507 35809
26189 2773
28564 31981
6054 4427
40240 12872
41978 12066
35017 17958
28406 45959
45009 18925
17596 18451
48208 13517
48254 48474
46230 34581
7446 12026
30053 479
41546 37362
30256 41923
1192 26769
27960 4531
26692 13342
25404 34715
30375 34298
12858 28506
13032 5464
17392 25031
44906 28944
7319 18162
26627 30238
333 36290
13274 20773
2139 36623
49752 23578
8412 19754
29782 32174
33227 7659
34870 42417
15325 7603
32488 14179
22340 37728
18038 23565
2681 13728
32180 27785
2900 6915
11954 48131
14435 27830
15808 47280
25823 636
23180 31603
15875 7711
8723 29129
11722 42988
26456 2394
37225 25521
40678 9605
22003 21649
19645 33872
2586 29104
41045 15918
44559 32069
20800 48422
12563 46602
8538 19755
4411 23643
29464 4995
6524 26746
27745 24466
41096 22587
36032 24323
34424 1300
41894 44679
22397 24523
35410 24177
48301 30678
4621 7269
26917 18173
17862 3467
31616 26424
3656 16753
1069 3926
25403 9085
40202 1166
23083 7539
36357 42858
48448 41184
41643 11171
34959 25905
14684 36847
34295 38471
10920 5097
2788 3909
8337 36766
26048 5921
22987 18755
40408 13489
16066 22503
28211 17244
6005 28265
19685 13773
10018 42276
9891 34514
1232 12892
13397 27780
47990 27655
4292 32839
27375 9313
47233 10163
623 45363
7944 28520
22956 22625
8851 39992
49990 6065
40848 47805
13077 33213
18823 3954
10831 34438
38051 20104
4298 38111
14946 39471
1456 10911
25462 46919
6089 45858
8470 14607
26289 8428
31444 18255
49970 2295
23107 32561
8852 16127
26625 40066
3841 32327
38997 38786
20315 29225
15702 47530
4686 44053
36453 11461
42970 28507
41049 12075
14227 13611
5467 36484
9753 13735
47967 11377
15793 1421
47004 34227
13992 41919
20810 5425
15411 31362
8237 5186
22366 10968
7097 42980
9828 27113
42206 10183
31941 5507
26857 36394
23545 45116
16593 32843
19203 8459
25891 15700
19519 26997
41428 49595
9502 17752
18433 46405
22418 31964
33651 15167
895 42877
13966 21513
19943 26477
35919 21747
31624 9617
37992 32879
21833 30556
42491 20938
33914 35969
36635 5846
16043 49796
27864 10094
36394 10140
5936 35883
29405 35207
135 15402
16332 1567
38600 15492
12356 1159
33490 47969
47536 32743
33105 18034
41657 11147
34092 41922
23599 33091
33397 17512
183 46110
14392 42547
39846 48726
11791 46473
46188 35685
4001 30706
27863 49793
39485 35863
4784 3680
45818 17410
49584 19699
6098 13650
2345 21191
28430 2421
10434 44090
43132 39085
7655 17631
16160 15574
9616 20781
24593 25686
26488 44887
29213 48879
7640 10088
27767 8691
46839 20150
418 20789
38785 17851
33456 38914
38470 45850
24357 3057
35855 21479
32961 3730
18016 2280
1075 6671
32450 47895
36772 11440
2908 20920
5595 26707
4727 39322
47519 12518
12249 24213
14494 30735
29460 47705
37488 31224
40689 40012
22222 7448
4523 7406
42284 47208
17451 35059
13487 14010
24596 26962
11230 46139
16473 3334
43761 11166
10029 36197
41811 41383
34829 25669
40053 8078
6299 30396
29435 1804
37968 19856
30421 28941
14245 1076
12214 7805
16394 7209
22046 45448
17897 3475
41007 35946
42388 48159
19210 36964
42730 45962
8235 39979
28917 32196
19063 20064
29702 29896
13473 22358
25900 46639
46277 1860
48277 17700
49506 2320
35163 2612
47387 48954
10091 2539
5279 17687
16980 18799
19022 22498
45882 17940
46912 49283
43750 17488
42267 20816
27701 45354
10357 12159
33240 24442
13973 34574
34958 32596
43231 19005
10731 6517
1435 700
33739 18040
40540 15360
24847 31537
22693 34683
41863 29796
11603 8388
2966 32763
28784 45109
37997 9770
12581 34368
12678 18662
38743 11322
2515 15747
40617 8426
44742 9259
24719 46625
49031 33135
21345 48213
7621 1678
41045 7535
44611 14040
11443 15007
32480 36145
38397 34261
42069 14172
35790 32054
32076 34497
9006 3484
43476 27748
28884 29268
7184 24356
40171 38116
40278 44696
43282 25940
12978 31445
10509 43243
31084 23986
31944 12765
22053 34345
41011 31433
34 41725
5705 39795
37681 37045
45337 9027
22973 33653
46772 43623
6558 46314
8629 33379
17440 2247
31672 24016
30722 34903
25350 14090
14481 48251
47130 42089
14134 8134
256 29426
22890 3520
7061 12847
17784 37579
30567 24228
46498 17456
9829 25204
7619 38517
10597 29206
43214 32337
2342 17160
31513 29945
17115 4171
21495 49407
6003 17367
6864 46920
46404 40226
43506 32655
40074 2710
17235 39418
11563 28803
41189 24214
30826 47537
32272 41051
38995 40633
40517 209
13043 9982
19465 13969
16769 49948
46507 38910
10158 9161
7389 12575
17631 29324
25801 34893
25893 22120
9231 10063
32507 33571
22645 28151
46751 7294
45682 45770
25601 8525
2625 47225
21759 47283
11710 33151
39530 19280
20847 29283
28064 13505
20166 16076
11967 33038
49341 15291
22488 35286
35925 33560
30819 25215
49269 19657
9133 19731
37672 16548
47192 35103
42386 18383
42198 44400
20764 21356
14054 23640
24692 34116
44631 41387
42113 27562
26443 49834
25731 40324
6658 48235
33150 25441
26050 10029
23968 20288
41075 25047
41732 12027
35130 6513
12990 33796
20301 43416
46223 2708
41158 46113
2650 33909
48527 44530
7438 21454
30648 24081
13168 5213
16020 5094
31783 3221
12627 21671
39099 17719
33861 10763
14652 40554
30139 42788
45740 42316
32503 17801
28347 48265
29560 3267
29629 7574
6984 41151
1790 42494
48399 14807
32201 45006
25263 14496
21826 38695
44907 15391
29686 1623
27617 17276
39061 18064
