1000000 2000
295950 122638
356452 367225
286351 243869
116116 359382
470992 221804
356561 102280
64301 88755
493105 452844
83021 493744
188060 360493
125789 277996
195818 294898
432720 48337
355316 48083
329632 96670
180810 252953
220483 203895
385164 277690
15712 172107
299053 249208
132204 174854
416298 293863
3810 221158
7818 459184
379763 36866
68583 282335
400980 335891
367524 181015
391848 229785
278712 344735
302631 237251
286479 455963
206396 33625
9538 165667
304156 314830
79088 359411
63740 481024
1366 168026
492246 389488
45329 263068
423488 170754
394950 358052
91312 148968
430325 370071
134009 313536
118263 370280
18366 304607
361530 231144
420686 447179
120041 89347
172375 239711
54419 251102
343401 387161
245180 18196
479917 87189
25052 404118
343433 234151
275723 263564
292532 165514
120321 37994
249 333978
413972 230729
156123 62183
279935 174176
277752 109304
244478 27284
362242 133534
398500 373040
19058 382587
153825 372193
318648 493511
422402 146825
143478 316445
139779 114619
495768 151190
140283 70845
109236 419627
435344 369618
269518 498827
147005 352483
460139 413098
200158 79617
416846 352975
6493 482889
422779 203553
144531 258231
440926 106623
355802 251366
70404 459650
125694 487999
384422 247291
69193 142666
71803 105760
477972 399912
378468 66281
107925 326639
13338 344684
435812 365765
120403 460094
483412 22212
25257 61699
366527 490612
41662 349441
235266 251509
70257 300626
188577 186643
248488 132202
143649 443867
424777 161982
452411 296940
156324 349305
493969 63888
477603 219768
367375 366842
150681 492449
370664 319872
100798 250028
450602 194714
481337 301465
139522 447309
456756 24067
374938 449911
494947 390849
302816 27660
484890 65910
140236 197282
141551 363458
439123 89396
95976 394240
365594 329297
253673 227320
342978 462030
144227 99217
234053 342504
206568 341582
205900 8661
218884 375979
362173 67337
235818 179167
149576 127114
460838 33372
247361 317287
305871 191343
369585 353925
434714 468594
293674 469576
117580 252308
236888 335137
374878 95029
149432 86160
454517 237220
350398 104935
271590 136103
120803 158888
97573 42943
411912 190656
451979 56909
468789 379574
136498 346831
25049 439508
226247 495152
297407 373792
102575 393333
37211 251267
51768 365442
6127 349722
286916 367441
414849 175537
98609 15302
282942 20344
391281 254512
46550 459523
312416 131305
348275 78164
243408 267276
203565 179012
321227 136973
51321 245861
223038 324744
307086 451752
424356 358582
442181 150052
419989 352613
140685 152776
3396 187727
110417 40354
388254 121587
348337 324871
18923 459551
376714 36421
232516 419044
280576 409932
376514 220878
496567 403849
370456 357189
364447 344851
176636 398511
93782 339032
19814 344350
92952 417776
43022 37722
406927 387718
456537 429844
294015 184569
443868 16570
321996 5088
279626 254014
232481 392884
409270 290727
448243 218386
122199 208677
419181 108742
37031 198951
411035 81709
385773 62270
424421 292354
48846 439280
436718 73137
289120 369991
184277 158349
437434 450053
62029 438954
304402 152800
190240 89280
155144 85685
119362 184997
378843 59299
77170 445600
230059 450300
261830 314128
240198 189695
262621 209718
390384 410296
328668 79585
137078 326802
398172 239278
414790 493067
123665 114559
252077 68960
97791 167162
160491 491076
320090 356379
189477 2647
352705 202075
441505 258610
156182 153412
342474 272338
343235 383654
197077 157145
249169 9924
490542 90713
419292 175465
461169 10965
203094 369862
177271 148175
146804 291725
286779 72894
317983 408118
16433 55045
379546 311092
252377 285464
396727 118837
470631 213683
458953 482446
419613 35236
248486 295753
197961 7212
450543 244835
24918 238212
451697 317392
469371 499296
243129 236610
290862 17678
10285 2497
492911 171937
348722 436932
162803 110162
467689 336224
367413 459835
96799 485561
349283 401222
10404 425142
299700 297588
481797 141022
173275 390180
285514 152467
146996 328020
318093 453290
63868 345311
510 277148
113123 23757
58079 238669
375715 243822
407627 449411
354040 37695
72742 81528
447446 49364
34055 134722
250222 479145
110093 133576
126930 49384
225812 235466
382737 316743
293612 86028
233276 274571
330842 36273
27976 273899
38826 291547
176724 353045
243531 58273
231430 5611
130042 247854
4930 32525
283604 424842
314349 85720
168510 298720
165540 237939
235074 214906
206733 260351
114643 330179
84321 48210
467484 79937
230885 382357
75522 407017
56816 191322
77406 145353
105546 338458
20084 93004
467785 92451
340004 419430
113725 80244
482349 353973
436072 450398
120693 434980
135581 194530
75781 377260
129977 295819
263005 228812
156591 273585
93357 249308
81016 26754
61839 263238
416009 496625
221741 20611
54903 106975
457019 286673
245785 472851
104916 316652
169440 25346
222799 284993
134674 149102
492604 121710
57416 55430
301994 272185
235323 471969
389019 204001
20294 302996
250316 342107
318039 437251
83387 344661
366494 440656
476594 395706
283577 46913
275518 445197
456716 138602
313958 311311
73311 319803
18041 393745
66924 36835
292959 271725
391921 76776
234747 31548
308002 108068
116018 243519
373 88256
88950 14024
235488 254010
289791 161118
491607 450466
42702 453613
533 294335
376584 74390
474959 434477
108816 40894
364646 85327
194652 229656
185799 234438
176446 145246
152847 3764
481396 157141
421638 30643
84524 20426
397566 348388
5632 385689
370462 214258
183763 323399
445783 392563
417523 283170
95094 255915
93052 436295
383908 129074
136083 16278
28865 198719
481865 340011
456878 163816
69869 406556
325950 45968
438056 82757
407068 94495
464811 362639
67623 341652
326597 174013
34715 353320
403980 160969
489996 278443
310198 59224
135487 75552
170656 193400
90061 88430
373530 387246
244497 119659
56604 90706
213033 107042
91666 4556
17099 286739
220448 154921
236070 250875
42180 473700
270422 128985
243683 212124
205045 148741
103828 249770
109920 178031
367806 10089
353067 181046
274750 186070
424683 422073
479666 90098
218616 127375
116524 117925
302044 216713
258030 274551
45304 307866
322 230007
23088 43522
129139 3055
366140 221818
52852 330812
495186 42870
301893 5879
385081 471579
240291 361935
514 58921
144968 585
139336 189971
290834 53718
37739 248890
8266 41823
351168 421389
136946 458772
291654 361494
248726 405363
420131 775
185902 417788
203807 468747
108290 384678
94564 151039
173518 359892
495306 493385
57734 415509
416651 433656
467323 23319
367847 272830
47968 131472
231176 117160
385944 55934
50781 173434
72717 95727
273137 245160
443036 349277
395373 281104
59707 181337
405681 217536
115246 201479
373068 184132
118409 205058
170794 331926
227319 369988
128574 447858
287096 92038
386777 2581
231742 181890
294522 73372
495849 148947
70946 232242
303744 197387
273860 177901
214683 194092
323158 15641
413346 75587
5678 320866
463651 203557
268470 306534
123390 179013
413600 14622
55804 307647
152255 449577
428804 41311
274340 480474
474004 158031
324065 143108
290113 264116
457812 479873
166110 350073
345010 401628
354558 439170
384638 91894
232632 61363
209663 836
439694 363885
192557 154980
5743 262074
474511 78974
487868 233540
446308 418516
76922 384969
73162 214499
466745 10573
301471 195560
336806 78934
36654 94360
493301 337458
432724 456448
396194 49086
103136 332595
78893 37334
431158 318651
17896 126916
37317 146425
249454 178295
74083 475813
29074 429181
275965 265072
115706 39240
199181 347074
143290 383504
104555 226220
146193 99379
193728 347338
22848 343049
120143 468945
191029 276843
433987 407232
457435 348803
30878 284430
481405 59507
446801 227686
270409 493655
223535 96154
227519 169849
178341 144818
161422 242189
118449 349274
79013 255910
172156 115599
351973 144726
446340 119223
189473 233013
17736 120988
279321 459256
461634 442528
173971 13305
98369 472054
24266 449809
257185 124629
283535 49766
80220 168795
80222 143970
172774 181721
494082 84836
397867 220882
82579 401137
36382 334611
71708 203870
373910 307848
395731 158384
242694 108670
159623 359305
283288 477569
113700 203174
413330 48882
182118 227629
356571 213149
202184 185033
205185 120372
245498 410323
73405 75329
125967 232288
411808 247429
373659 427001
250443 73960
327222 207832
156033 185101
143688 496878
43841 91702
142812 27272
160891 47620
427843 105559
440717 258734
182578 76459
231360 470234
288058 244777
287733 309642
488813 12464
457987 485270
475546 28118
91076 159597
390600 40843
462610 423495
464147 263115
211638 286319
35270 50160
286486 181065
51687 381391
252885 99137
25905 419300
246423 49132
53400 106
33019 496264
188125 366342
177009 458575
421616 464326
494705 399713
307587 197260
190301 348802
411497 134717
402319 77464
276981 395026
105186 458511
119953 123917
309933 19332
65993 299119
457257 253263
191968 211096
272345 278741
386900 419935
118076 464211
125153 168392
484251 484226
36125 193134
27099 131632
350028 285457
186121 78756
112512 370454
117588 490615
400656 23786
126056 460837
107848 267720
419008 65722
288792 108619
266199 450566
409893 252628
489067 236895
102948 208017
69541 113341
60058 90599
262639 371002
92026 338485
123258 284148
467958 364027
302652 258393
370808 183321
103337 465150
49160 196127
84804 396466
174247 340278
401024 88664
18129 91347
388747 110585
289166 19716
182158 33104
6084 12177
8308 36647
364857 241374
35215 19104
487919 124921
365035 154231
152447 266144
99156 297277
468339 380769
244522 125802
58016 259690
411434 223482
14111 125670
91377 232182
123796 174756
440390 128972
486498 271938
345682 287348
107445 70850
146130 201023
484690 50094
116861 291910
13706 150983
461405 395991
275093 284732
373764 119108
124505 256273
5249 34313
21502 156512
371043 39105
389304 233596
33184 443096
20831 285610
265040 347401
79512 131845
336382 74726
158029 397427
20775 104831
250057 433165
424891 327704
249485 485955
451731 315105
1309 166143
295912 103099
350563 134987
85431 207255
213032 457078
341831 246836
363082 469103
164751 419943
452840 407817
418911 253601
352248 147479
227206 58066
497940 464530
444609 423147
304414 73086
123191 65771
314486 445091
47969 4943
393942 490264
187340 463123
68000 250184
58640 111163
407030 99846
393009 398582
354842 297723
307049 371057
62843 47565
145538 386684
225720 399016
320752 1212
400126 77301
231472 141974
224560 450650
205061 60977
457175 70489
102987 85100
192550 141677
380832 50277
392878 79934
175600 436040
344446 189640
29234 152740
95168 30935
204462 482438
268035 451590
173552 118568
180487 425619
200311 257106
347664 140854
274404 129979
82895 203983
341767 321087
171359 82290
433701 75598
400564 63945
41150 362438
288382 65999
35120 203314
483191 149534
317229 176651
219612 426894
145556 301843
286524 464199
351479 159783
145335 67281
314002 397417
97925 40786
171417 137260
466546 153235
151296 274177
264045 160399
249744 146916
317171 2433
17856 307146
467382 353720
352264 388512
369413 444223
114210 155270
213010 53213
156838 187030
379090 81754
479658 402272
125686 179595
275654 398594
293237 26289
459215 372841
280480 244585
236330 254491
278810 18984
454023 400906
113108 311046
404363 395364
269759 408087
253489 248093
110608 431902
293679 339184
40380 150352
246320 42283
116301 93783
301251 170828
110759 116050
52382 79424
118492 446767
430385 95721
244228 100750
166890 149014
77798 362794
465654 177439
273853 98554
379979 96046
400811 459907
318280 297784
178767 444028
336825 364518
489410 109874
150699 228317
397219 10093
438581 9414
115947 486659
397371 302821
95030 397222
473469 382257
281886 399050
101084 252171
128014 185606
37781 85131
300914 452496
265569 304154
174830 407526
432783 436247
68778 239050
401751 186402
186470 406750
214379 69385
122043 351358
169685 491617
456298 108120
366502 252235
459241 371398
317986 347367
469487 385156
363022 146339
441408 138980
83133 425532
108752 469986
481933 143872
24091 301973
154273 113356
60493 184622
268796 181246
425666 218603
459835 418811
250872 188303
181562 106562
338265 307380
268967 167598
365677 402906
155732 484392
449552 402825
304639 499805
451734 291435
136919 19917
122926 489623
251970 663
283722 375116
165539 68040
63532 441583
3492 36092
246834 6485
402327 391967
77592 166450
127571 285958
259570 45957
40825 68613
379503 105090
359340 350397
416769 277904
169899 311057
330985 83917
230763 373305
362836 419807
257079 339368
224770 79463
215333 57608
406348 234483
104981 151514
337815 436321
157732 276935
15029 486470
343395 339265
321607 303436
441666 187717
10274 231595
163273 149367
324793 486501
491306 413568
117435 29870
460460 23336
154624 156533
238305 298060
52994 443121
343193 50278
327869 474884
29883 328327
108355 482724
322501 95415
310635 308730
130148 279821
90381 293356
375580 354552
490908 276965
264546 427806
394287 187191
198160 113618
399163 464633
189607 298826
472038 168374
256200 312990
421695 163107
65808 262430
373368 451461
404166 302801
369992 250941
65082 457281
410334 246862
158739 416964
274369 497093
417206 145743
137978 16819
333869 205446
35817 412237
350062 196160
72611 412943
319706 184851
236567 56316
22325 167488
369038 59820
412329 332331
358915 311279
287669 489677
264263 435626
439814 478038
466789 48862
449861 42847
21482 5790
289676 33308
284321 468970
197757 360436
36677 443906
174768 341110
424197 431644
194780 67024
110343 170836
156817 373068
224536 214665
297156 225097
396611 194247
40645 382383
215439 310846
158937 212813
87213 370482
376198 298387
216181 43328
51275 454068
206390 294345
278067 337119
255193 170943
322432 366334
166587 24662
286428 324482
260213 306727
474931 206484
359698 102892
238424 498772
188469 321808
436619 432559
288408 177111
370981 393461
166816 475077
475917 392311
227221 435570
156386 266280
316516 398374
162573 499163
14624 93620
486544 438522
346063 449814
98796 371339
238766 459499
325553 427280
440974 180267
142531 453979
268983 287628
483235 439734
266274 498301
139202 447173
161440 450609
94261 146560
17659 322844
243751 226126
65842 190022
125228 300049
87551 115728
128376 260089
142767 353548
313161 184034
234310 173705
448423 108069
123788 478748
16744 256027
371974 351063
342243 122263
306686 474591
90754 447476
53396 47745
352258 180665
370972 375837
156486 208839
178951 35931
432127 224875
400837 154077
19286 358310
302950 49104
311614 461046
197670 303533
62082 242580
263147 493273
325656 408994
197284 183612
437105 390659
26521 11305
33876 451589
97162 229590
379601 147710
257792 18577
300957 89078
390454 433587
58834 257156
400590 369702
10533 324781
185561 194732
37773 492789
325712 207439
218480 213689
71937 438668
24344 447707
74834 347573
88250 486710
118104 204874
97254 81337
11916 219538
103521 37072
294058 216609
430896 472006
291038 53834
395738 339263
441972 66932
88535 268826
123939 394641
250846 252058
202279 295667
197569 95592
162478 264079
123524 62397
15382 179582
113009 240626
365284 406830
193519 280959
222451 120717
178621 363804
401351 59794
266455 149446
217071 343126
115577 61918
260139 326594
32844 438230
372821 240771
106267 442188
414101 274186
183139 283973
154172 290464
461632 1275
342402 366600
105916 7812
216971 196476
261757 376711
40821 37109
45015 242970
146604 145567
143602 171657
355843 200300
231915 155647
311115 465799
95190 427863
445926 120471
186855 314008
70734 490363
355764 29311
13045 437343
190416 197665
119598 225528
463201 444821
168950 440198
373254 58583
255638 386682
365069 350112
425948 259382
147965 334063
437283 252421
420712 470370
124162 352220
72799 326239
476838 46543
381036 101423
486058 423642
388036 298381
386739 328380
189053 231165
346043 337442
196918 253657
355292 107060
47619 490940
265468 406960
341530 451114
336215 63394
237852 487031
390234 426168
157334 883
189167 315593
97942 136999
245009 377597
99580 161893
704 380188
255808 256174
67976 320195
13662 112662
21204 246028
465836 481182
467334 403869
490008 168554
1786 6050
62798 222684
646 132305
45608 138803
303815 261613
477438 25969
232703 418030
493349 133276
118 132984
59365 396936
488389 339122
8171 327551
497869 259846
131392 113026
439559 60656
77679 478718
445546 343611
22779 261067
123362 244770
165314 415521
473296 285193
84520 419759
397089 102533
468294 147110
211654 448634
64248 176781
46204 171011
421608 386401
49244 137331
436153 161319
446210 364594
336143 228501
193250 65798
52657 330879
75324 262372
338704 453100
193758 130833
64554 61150
204692 334082
266517 71565
489566 49057
440560 334634
21233 450106
424129 12328
114574 100027
50872 386802
422207 441380
252838 351244
105659 243079
133602 495094
294475 227876
225887 88203
438235 82833
40369 65887
100996 100694
281618 458377
39130 111217
6313 365616
198662 87708
293458 455409
249920 206991
189162 498693
170003 276657
228203 225516
205136 120416
17980 341638
434245 123085
419657 244418
347644 471850
120440 212778
141426 496103
311918 162788
475242 133192
58216 24887
353065 23860
119214 63484
332341 355260
248112 133092
324943 24556
169021 491443
256401 106118
316079 17026
391686 14150
414292 355974
236772 234586
231163 346266
214973 123529
40888 117045
139752 395437
34213 183459
198834 7831
95973 173236
480723 367160
329475 437162
115114 227790
499298 99189
477723 97003
257823 122520
317443 297276
8666 496127
230439 411272
36435 193471
418305 390749
385254 434862
221888 111504
355056 361636
443090 428562
457792 199049
495589 110078
312529 194682
392142 129471
172283 134593
165480 9221
317542 186023
436465 413493
223514 281321
410642 479733
494053 37036
469364 209426
250305 255665
372638 303124
425537 371112
304816 411871
231304 143511
312001 223071
409966 447345
402458 95835
399248 417851
145009 410041
198766 488098
424492 204922
192734 326227
112911 61712
482086 269304
286650 429129
454113 398379
253930 19114
130904 276449
411219 275789
399538 211828
382303 321432
203355 39031
51474 39603
485682 203054
31163 42589
154961 328297
485597 268501
263844 372567
203026 41638
242320 35643
215837 238750
355542 294197
364751 133143
418633 3629
192265 172497
377570 112905
133076 222690
373929 315850
226971 342432
348101 332539
172407 120142
107503 328356
310369 299702
346729 364003
147462 138328
457393 172881
395401 12521
197304 430524
237588 24546
308329 327176
443949 327543
61380 418038
182964 469997
191690 246193
410802 229780
387205 374669
411891 284373
280694 444346
112222 167680
317377 129867
456328 185787
214405 220820
316436 431144
484610 114185
179438 238188
200228 184385
183006 476908
125769 310202
313600 125148
111101 48123
81638 448921
248236 44279
151833 429128
346192 367465
155044 433339
7188 290267
196392 457294
216395 46684
453205 282456
381875 164190
485356 117806
198897 496926
78046 253504
220305 191885
20035 359785
85182 338372
415751 480130
200474 139483
394144 136766
366929 392455
322758 496680
390456 190556
54534 312216
66481 356490
439984 200876
298814 79951
256766 369788
438480 156129
246290 231492
11736 304267
123427 397530
54442 38927
486084 288594
362321 21326
475726 158517
401218 389265
266106 219224
306670 494241
140966 157163
285124 437781
59157 2021
360309 390433
403090 130468
492626 188185
452279 439500
466837 393448
182876 359247
232086 21591
445680 34685
258873 441757
497045 239657
220003 159723
233127 380176
306839 297814
410061 340795
424736 433656
466229 34019
172283 264996
210189 229244
23958 357576
191668 427375
309589 182916
165279 453989
161607 96408
137689 75444
382464 399486
452268 19671
4034 331934
193791 454050
429328 228638
19404 86570
53119 343215
277371 308081
246635 353021
46606 361347
129641 174070
446320 70912
20116 482645
12410 376876
85507 323420
393850 288368
97742 168826
175326 331718
70768 60282
296208 362877
125722 156311
278381 494516
170167 449066
202255 497058
86440 33550
421185 353170
26963 180855
187359 162780
212176 251020
210968 482065
366712 313086
270495 246002
106943 97351
452014 77348
349729 179769
246677 88417
62776 35853
494114 16522
429183 125285
397958 810
345788 150913
118527 57110
300981 300440
163379 69624
88246 141910
124364 74072
208570 216490
430404 197839
141793 464097
317594 464475
46883 264986
140610 449933
460905 118623
150299 366727
194707 134392
238576 52732
467569 486091
425026 298581
77683 187538
181019 81546
30240 365969
60909 23643
128214 481352
37927 453752
30862 442774
274665 353136
329660 16028
15394 286616
307881 41487
114863 53507
221477 461933
273643 116905
41909 103299
12580 241009
213518 275105
142128 316986
478760 299776
418858 277062
50452 159940
238117 87110
227256 75587
332882 139543
87282 173247
227426 109115
183759 297530
160638 444217
422802 306009
475681 68035
183308 273555
414952 444895
27269 379552
16726 412700
46512 480187
43128 422285
38114 40486
24496 218132
242743 74287
377995 119411
457790 384563
412055 455934
374582 402393
295036 174355
397806 222128
59664 373121
378901 62957
33768 385533
300181 4053
273215 240430
396547 45865
306800 290826
32316 147568
33327 359255
326268 317445
389694 305896
126837 22169
104907 142484
384194 395778
88216 437605
33694 298227
436266 427814
117072 418536
159501 386567
397774 97643
258598 321050
74166 61990
91643 135920
161416 196730
156170 39024
356116 205343
366390 46800
463220 32297
217470 56289
94705 333119
88990 182236
51735 496341
462412 241541
358328 321198
134581 341808
145361 361617
94003 426985
454313 326947
457624 326111
276716 353923
282074 256174
196574 443554
105615 5186
142343 153409
462828 237600
145333 407393
222830 365144
413757 44048
161691 219836
25436 372175
202122 406942
450172 309405
340178 304829
306001 83064
477958 280484
394344 32118
363113 81328
414210 21367
439321 370745
335394 173601
254167 367096
212692 403655
115039 225164
32378 29674
335351 464804
431384 472923
257422 324298
468504 150079
384462 254335
465349 3063
483334 459513
73604 405756
162559 226659
181640 121151
187581 231443
363756 208242
91171 121632
360902 390585
31985 305706
245370 63830
369744 17811
30656 379021
255003 163253
149210 158533
172772 170316
23103 233554
202216 188840
412707 279565
318720 52306
459338 96010
323496 418541
35320 238290
97323 6730
5567 13372
225457 212130
45803 420057
402000 46609
312531 360657
168014 470279
54380 457580
128948 56379
70087 224449
471453 44633
142847 286642
229514 489195
72773 349799
205458 209939
293365 332538
144623 37422
493211 298522
227775 219865
160794 336297
371689 337203
421449 230359
119166 497323
86822 282835
242325 429415
159709 348605
184528 101438
459757 74956
94914 294977
449119 102227
199717 29104
393015 457924
312278 413930
165971 151426
163966 305132
59029 279422
54585 229544
234344 430080
344143 281935
72451 421208
451259 233759
191609 350074
464114 319952
53584 431239
29319 450339
294598 42024
314157 94717
489847 176105
58400 344863
113423 482011
59971 49248
408085 369967
393587 266631
413580 207944
195627 79746
146492 391065
44215 305155
265179 215766
23946 242597
105378 414740
23692 487919
253188 356254
419031 171611
176502 266180
113351 58127
201430 409210
134431 450895
2391 160849
183634 90001
129097 357521
214001 185337
253032 314881
81496 357009
57267 307926
70384 13600
440950 496960
268842 89548
108054 114685
137646 237146
270599 24026
242922 238136
11570 187941
94715 484303
114426 409666
60306 19939
7568 382532
339539 76178
362699 63787
428864 329957
489685 47858
398859 192463
189848 252270
189687 390593
274032 492315
483113 13703
183497 470604
15366 392940
370976 425776
233768 410946
389591 26531
114785 53022
306367 181717
105507 418110
10636 457157
313583 194041
492640 136100
235382 305430
265249 479104
124910 342969
346474 24175
157877 67992
2217 347091
392474 404562
310779 461516
147138 274482
132859 141969
420074 25775
49275 421267
464659 451537
171763 484395
311820 326918
61201 67577
54274 355274
319081 490749
482805 364673
424918 230278
174848 27921
397474 305744
418026 475487
288299 197007
350010 493441
229324 185650
378321 400627
60647 245043
111469 471241
269529 121395
230620 37425
453540 352939
205102 109832
56630 81755
283400 34154
442245 185756
177620 263446
398380 243017
434860 114406
372536 23247
101956 438142
152354 266787
19568 435434
236340 442518
498770 81741
363321 492379
374027 25711
224112 71530
376045 58499
119092 476400
461356 96471
309847 374116
419629 485713
172826 238411
256908 97408
221792 381783
435264 373505
393197 146483
372010 243292
385881 110033
39251 482363
469076 130049
198066 276798
56901 469916
325460 164557
99859 251704
167256 464342
90721 32575
222384 183375
211473 478316
323135 102681
107596 457547
122088 417811
438252 54557
272448 106273
498947 334050
497051 419526
329145 323042
67659 161788
471420 488550
429067 324993
146792 319240
408382 77241
9657 56356
58410 345061
78093 62539
388595 248557
185583 285381
463401 375402
138569 371311
433492 213261
301210 299199
105394 9550
398581 86795
102097 123818
476367 93336
455344 499083
465755 347949
113502 100375
67244 173946
98473 156310
208288 49260
10561 277313
300179 466548
210112 153317
361151 362752
142730 488519
295042 358604
444839 92535
290555 210850
136676 286423
265256 213337
307481 337986
203371 421715
175999 349483
284253 113682
238854 28449
153147 295211
492420 271294
265622 166402
403846 41566
499894 26748
199924 205169
135388 71115
184366 300746
225513 434757
426915 274958
149172 258357
438833 48771
305817 14009
276340 372874
14717 283951
183847 267122
4386 367919
176481 123314
49674 359790
144787 393228
264121 103466
278014 93411
82450 177681
168040 17688
142376 7626
72936 236304
98717 277514
306869 218521
49493 496050
439153 259611
376540 84750
320720 482771
97039 156924
479015 109636
298582 152351
162612 145989
402799 314537
68574 176523
13240 260407
464907 95617
29460 107257
298539 249765
113950 407615
6208 163233
375525 447093
240869 464207
183649 287632
41643 410566
102394 220682
348128 122342
369053 327276
31603 229760
404906 340748
93434 284534
131836 277678
16465 492377
248727 336375
339408 61191
304216 160859
346240 23905
460686 296130
187246 19891
377935 322756
118170 442264
493329 278672
226418 486606
285797 43542
304253 24485
313793 321066
221676 485722
3711 263282
275027 225189
73334 20024
368031 209727
134606 421641
417628 178021
325297 492206
467550 181635
125081 467121
99621 375284
249344 143294
12048 309003
285669 209714
135625 94078
475774 96201
189944 476700
12265 134066
69976 28242
4492 252554
85736 443890
85985 498021
279682 279693
206421 281216
266329 412027
428875 232162
334682 287726
458759 268788
68134 23910
158681 381045
154496 160708
68239 233640
306234 143730
195252 259833
91006 458929
140903 214892
332909 263289
460565 30814
76961 438799
159516 321628
171347 469578
444760 413841
219346 160613
320967 303561
477369 55946
81404 386852
64905 304076
290211 204204
58953 236014
448127 401843
197039 311103
312480 230730
254184 497344
17146 278944
89456 253015
438030 132852
404566 386104
211291 328322
152157 5925
421449 208950
146477 389264
306537 316785
245825 371989
475988 153379
84586 393932
413425 455790
156871 369665
186957 308148
457938 242243
263013 33271
239713 307155
153317 121552
297242 22839
252784 308278
452025 434099
219612 314579
302378 46963
409002 335091
305393 4696
11369 495448
53655 169875
294383 377570
348212 37580
156920 444234
453210 190442
468798 191571
8682 117203
36583 311071
471137 326949
494961 28272
186192 166079
334502 240508
291608 411536
88239 463853
428581 228281
