100000 2000
8605 42217
31518 35772
3411 4044
6144 4177
5089 26206
24548 9747
2280 29342
18202 27453
23829 4365
27288 27259
3642 2956
29377 11186
36119 39504
20187 29666
1581 946
24705 38366
20176 5624
41515 31036
23164 47702
20573 42568
20738 31477
20715 29584
49388 19117
38973 38668
29840 891
22112 49643
23377 27220
43616 46168
23169 22339
315 21441
21665 2064
46261 321
19180 15437
27911 10321
11360 18420
46782 39478
2021 38529
12513 7715
47653 19752
24468 47796
18218 44456
34492 34859
6751 20796
20219 1901
40471 48595
6675 35121
18276 36668
27034 15980
41063 14952
36046 26407
4264 17954
28928 35804
19900 11064
8968 45071
14932 29291
1884 42571
20787 36606
21867 4476
39493 43177
9090 25070
22470 30090
22499 49078
45780 47898
734 27832
42495 17953
3186 39110
30188 41029
23159 37977
42105 24733
44962 9966
43203 24016
12316 36376
146 5791
37256 26872
17499 47979
8934 37473
48209 27724
49786 26532
25153 6803
13158 6512
24150 24227
39851 2687
30686 34977
32828 11402
44437 16030
42639 26918
38272 17709
30036 7285
32425 34016
46619 20600
3898 6533
49706 36734
33195 43710
16621 32820
43317 16322
4306 13073
23846 32918
28289 11664
37970 36417
11405 368
18822 16930
27401 47778
2674 47967
37647 14024
36753 14681
13255 35434
41764 46165
44127 34504
12402 20350
41952 47538
18366 28398
24093 49142
42088 36475
32017 23502
4155 49534
8859 5068
28197 34381
10361 99
9495 45862
4644 42715
17012 24751
10844 25816
18445 17613
20212 38612
38662 46255
5896 28157
2769 3622
49604 37343
4799 20366
20266 28182
43122 11963
14655 49251
12920 49797
45957 35790
46730 42606
23615 28951
39633 49390
44434 6141
46611 27726
8550 12917
45526 47215
12373 18139
7956 47739
18597 29448
15897 24394
12322 3785
34726 1270
11343 23877
48119 907
8597 12270
33857 1718
49170 8770
23969 27371
37038 40242
40957 42391
33011 3545
25005 27379
8359 38308
16569 9551
3957 42273
6218 23800
25775 42945
38168 36395
351 1413
24650 28496
27130 209
35769 18831
16542 46187
9528 43791
24567 21984
47610 7061
43827 41990
12923 21135
43265 23331
9691 19265
40120 32006
36687 27184
34548 49712
25120 38964
46920 28735
10556 10244
40332 20393
27432 41694
7620 899
14396 29311
30985 40032
45473 35487
12045 29700
13507 49827
3312 27379
16519 6805
25410 20312
5643 9594
25342 17472
18336 23122
20679 48483
24241 18581
42478 46783
43088 2943
3615 12999
36687 14781
16045 36757
28914 49319
38410 31275
34656 1209
20704 27488
6328 23710
38520 48028
18115 12808
14994 40221
2796 48178
4330 5872
42980 8075
37281 2865
9396 35445
3276 37700
2322 43960
18127 24905
31271 31429
8354 20177
25365 17253
24468 32602
3251 31569
21316 24300
33610 9629
40668 13063
42815 38212
18584 17832
26392 17403
33769 17855
3864 24555
35456 30970
45011 33389
41468 1537
16109 15507
33590 46996
33409 25589
38931 1292
32801 23446
12623 11068
45056 40949
43306 31142
7062 11958
21960 978
9205 15162
31946 28308
2844 3923
37769 8262
43439 41508
27098 19421
37833 2800
11237 4461
22296 1935
31938 22383
22839 2885
45086 47557
36818 11509
46225 342
5434 10994
37451 37480
33272 42869
7941 27787
39870 6633
28507 22383
43287 44677
43356 3142
35919 11394
1067 21630
8288 25337
19114 9266
7183 28139
11011 39503
34143 26012
5101 12870
39705 22535
42995 45683
3157 36314
38066 10612
24242 41945
17220 20741
15720 41074
8666 46938
14641 16896
39736 4857
44212 23848
31529 32602
15084 218
22674 21770
31178 33837
43818 25516
6141 1192
42920 26042
37229 48783
47042 27379
31017 30215
43478 17571
18181 2554
5388 16777
8748 40662
17690 42001
49850 37260
12323 20834
8225 19153
2757 9918
20959 3538
46595 48818
33827 29067
17162 18252
34481 46890
39574 32485
45531 14884
42913 6501
18602 42306
12119 31696
41552 20868
11771 23873
22093 27766
38014 492
8740 4990
49126 2439
11986 46431
25373 32931
11433 47668
29178 38703
2393 43333
49537 16057
6981 48268
39361 37856
29820 3417
41917 34083
43289 28071
32221 49871
40561 25468
17295 45465
33630 9467
38744 40774
4338 12183
43945 8757
17035 14317
19847 38105
4996 13445
5514 39131
2307 32519
24200 3502
29882 31332
1522 313
30126 27389
3462 1325
17978 40060
28710 38891
13618 22193
33399 45415
28598 36829
20594 24271
5132 7446
15227 36597
10208 2495
15661 20824
13955 21262
26820 833
37481 30368
18224 28479
24302 46120
41090 47066
30559 7568
5878 34676
4108 5693
9837 34246
28230 3764
2230 45471
38546 35543
17892 26785
8505 8004
18309 17148
46873 6860
32472 31226
10223 35993
24805 34596
44092 37280
42125 30555
29698 45931
20946 26723
26713 18604
24312 9451
18747 29372
7714 12929
28177 28981
23896 5589
39085 16445
41256 49415
2676 10883
19194 15550
1555 363
25031 47243
49943 47058
5313 18401
22612 24273
27994 31135
4387 23621
18562 45632
22166 30428
31817 35113
8132 48914
18841 42431
46804 27978
36714 21308
32335 48050
38933 20407
37884 2747
6976 9282
27546 36888
39267 29848
19926 34091
23163 1763
15087 47447
30952 34981
23661 18518
25651 20371
5574 41944
46262 41705
47042 13368
22712 32125
13805 27939
47063 2834
28515 21558
14065 26684
29175 11079
14608 4464
43287 4838
16981 13832
37873 29441
3509 20398
7335 20483
23656 17182
19196 6029
33520 34288
17268 32153
40725 99
44151 43750
39190 41939
31782 10280
34998 13669
49028 3719
4757 37309
45445 44003
49584 30685
32920 36449
38087 20198
34615 3050
20437 45875
9407 12472
37569 45842
18514 26415
11054 18669
19283 23140
41639 44259
47898 35675
35057 12801
42324 26467
10651 14323
32292 46900
20233 29276
1331 16211
40539 45315
23706 825
30645 35385
20046 6412
24152 49304
44923 27000
39875 8874
29020 37888
10389 47826
14390 4628
47655 5903
31501 4408
13508 37104
11590 8842
30694 2276
41344 31962
38607 49952
33777 10191
5830 24564
2463 49300
21737 30154
20701 30034
6441 42764
43725 6239
32827 24399
552 12939
42508 40239
43990 38481
6485 41839
14715 10162
10789 13194
36767 10184
21013 8396
35143 37773
40051 6048
21464 17958
14709 32709
7643 21784
33730 23925
19931 2485
27286 29436
2641 11942
23211 14149
29257 48465
30533 18614
39723 12898
36520 13310
16147 29233
16277 33092
24190 12866
37336 29679
33205 31533
14031 41631
40864 43930
41638 27230
9942 11832
12527 23635
49711 6421
27510 847
8075 12531
26455 5796
25120 41751
27505 25627
44697 30388
20106 27083
6295 21923
49308 13528
1182 35383
22499 20907
19928 2886
12312 24118
23245 25094
12798 27115
32637 32746
2545 15857
18898 30578
24134 24572
20087 4179
12623 25811
9632 25680
45898 23547
39747 49228
4409 33019
2323 36866
3536 19543
40969 15902
5394 14555
23764 8404
26924 37319
19217 36483
40184 43445
29040 10059
41757 27334
16290 49623
18614 23241
36551 49457
42805 47550
9374 12875
25571 42634
961 3217
1830 14480
33140 31536
44077 14976
25459 6883
3494 16060
6559 28699
11702 16919
33799 31316
10018 976
49085 47067
26807 44009
35755 27752
8339 14433
35414 44646
10369 32883
14863 17796
42659 30635
15589 7682
19307 26185
24748 32577
33099 30256
46115 3075
17874 13017
42676 3454
11028 16093
48955 35664
18681 934
44460 34240
24228 12635
26701 17189
6160 18768
30888 30506
46724 23703
8497 30701
29871 21420
8672 14450
35216 7518
3366 31558
34483 40701
14505 48287
36744 9257
21307 22791
20668 48364
46964 4082
39478 1917
30408 7247
35825 21239
2760 381
15133 35250
16301 28912
47001 32495
30363 16387
22314 4033
25446 14414
10215 41886
12836 44283
32013 43278
47286 6137
40682 34223
36796 22409
12470 48027
47528 47207
22467 35764
23164 32726
39161 23599
44989 11667
46242 35497
4142 12376
41383 48720
45305 30672
14620 21269
20566 37798
38664 30324
36389 10572
27568 14133
30923 37929
38158 46241
27213 43578
13066 24386
38022 25515
45126 39884
33710 41358
10541 29491
33897 37405
39275 5696
40027 20760
14670 20904
36892 18214
1072 29031
47020 28955
17334 1441
34655 25897
28961 20269
31408 15939
21794 8260
18283 7838
34251 6386
3942 24786
317 46171
44482 7994
27337 19791
41365 28445
8175 22725
18618 5607
10324 27105
21731 28366
13941 21981
37675 36974
46199 29146
32374 30292
13737 10433
17651 41150
25573 30481
18143 21088
28410 42301
48650 16394
9196 25981
41472 10894
20833 9100
7460 16741
5258 28400
46614 38580
5078 23218
24262 7371
34231 13006
35632 27188
8214 4393
42417 5968
6345 27293
26154 20757
13369 9459
13464 19647
34716 40224
45710 5696
48952 32902
16597 49546
18280 17709
20377 43054
26030 41438
47468 35105
32529 12623
41101 34560
34036 64
10939 16270
21417 36088
46389 21653
39046 9107
41590 2547
10808 8858
48817 16914
45703 28173
11007 6996
49008 3070
22073 6167
33837 21626
21469 47008
1423 5315
22534 34669
41303 11865
36043 42400
5787 13666
20169 45897
33631 49894
42755 39960
15808 7353
38052 30973
35711 11177
28238 32433
8484 37622
38412 9063
4204 28063
5977 23312
39109 33429
33772 43599
30398 31422
31166 3505
48715 5469
18926 17794
48458 36382
9921 34854
38091 4943
8954 12857
7259 30330
37253 6162
7926 33181
3412 40612
8774 12996
32593 18977
32571 22240
48816 37418
36744 15385
24839 37265
47835 43218
42795 844
45605 26179
26674 20570
23750 39529
15106 14098
6640 38836
31363 24777
31675 23047
22375 34889
30598 38918
30794 39061
34578 3703
32694 6499
14085 33888
45064 46166
23893 17870
9801 39568
43842 25155
28943 12677
22684 34638
19277 45103
39783 10396
1201 13803
17934 44514
8003 5162
23983 19399
36773 7202
13934 24728
23147 48026
29775 26350
2847 6618
27875 36767
42977 44223
29686 14055
1289 44604
39267 16625
2792 34673
39454 45823
5531 3409
46797 768
24578 10729
6284 42170
31831 11922
38810 241
9270 19003
12622 18115
1869 13241
46545 31572
266 37386
21804 4240
3726 214
1950 26220
37422 1925
49335 9623
24386 24896
49748 38022
35879 8382
46300 2870
35648 17581
32004 30582
9494 26621
24054 46287
18380 29930
34976 10554
2279 6583
33535 48373
15052 39756
5164 23410
3376 37206
2773 45198
7521 7199
3512 40601
33704 36974
7043 46808
34166 13018
5303 17976
4698 13173
1529 47852
20834 19299
42864 3598
3387 6079
22920 18430
38111 21329
232 28942
39649 32830
27403 46664
10642 39582
35681 37665
2516 28473
37538 20719
15384 33219
38007 5014
40988 1976
4994 442
20866 10570
24712 46880
42721 7094
19531 41785
48435 31415
7451 10296
19397 625
18584 39194
42956 37854
22134 17589
10755 33793
15513 15831
29471 29392
265 30493
10300 18035
1379 49786
22542 34327
38096 5326
10650 3469
29933 22182
39001 3858
17861 30097
23884 37231
11033 14045
30597 48281
33538 35088
39801 3337
43530 48258
44733 11780
42455 41953
28467 26090
14238 3625
25337 32342
15574 26829
376 30247
31917 46124
48048 43555
48212 5560
4488 34927
21940 47767
6783 36380
29328 30980
536 39466
48698 17955
148 17682
26220 27407
806 40770
1584 15483
2137 386
3033 18294
11796 32080
32288 28037
45400 48752
19439 244
33007 43772
3047 28234
16888 26702
30939 5634
8378 29604
21086 42019
17300 35283
7634 13690
35845 1480
43819 33751
26780 43134
42685 38636
40337 14116
9441 41272
39126 44847
3648 34816
5253 48874
38519 21624
29313 43444
11017 15850
9148 48634
48869 12595
22228 8619
37709 4684
34713 29175
22950 608
1834 4356
3343 49546
26980 4021
13586 4885
25629 33620
49825 25860
16670 27321
4940 9116
28144 18344
35487 23050
49664 13607
30005 33049
11506 28138
44460 313
15357 20799
28583 20566
35842 31234
11817 38252
23427 44308
497 20183
6179 22949
27930 42528
25178 19164
5156 5696
22883 45912
29226 17275
19025 8518
28041 44961
22673 44324
18029 23782
2022 17737
22648 9734
15415 43864
18291 10309
39620 13428
11247 48900
27255 39916
36504 39837
8058 21920
23301 21101
10587 41749
3555 21017
34942 42255
44468 8536
1629 48582
22455 16757
5079 13410
15227 8148
23019 39704
45634 47419
427 5413
43760 23792
31258 10481
18252 34495
24703 1665
23106 21803
7385 30335
21539 10943
24678 26107
2136 13162
4942 4621
36001 2450
17509 26470
35719 2877
3196 49347
47613 11494
44905 27113
1916 13570
46676 36354
21353 12039
27563 4819
23364 29873
30059 30891
6365 32255
22144 40513
34517 28965
40785 40167
35032 46466
31031 48807
44157 12409
28150 48946
6889 1082
32278 17433
30007 36039
17118 45264
14290 37481
24511 924
43506 2666
6836 32062
13532 1791
28506 5250
39214 26085
32734 42103
45079 24357
17904 39315
21297 31077
2662 18892
22492 23008
21363 801
27943 10805
49338 21
12818 8707
31369 19993
25555 31812
19643 10245
3412 15146
22404 45074
1951 49579
10917 32386
17876 12031
20504 22866
10563 18702
11607 33709
38723 42123
860 26638
29318 1613
23591 18887
43709 35567
14023 37831
18636 23560
48654 34546
18495 48284
23309 39481
21672 20895
44176 48872
26508 39360
47402 13649
22511 32588
44501 28607
3865 16832
29800 40331
11908 16193
31070 1879
8967 9424
4785 11661
43448 7443
35912 20398
23874 6183
40760 22715
44525 10763
9292 34281
33548 45177
32600 21054
1418 7279
3046 34376
2754 10265
43225 9349
17817 27674
31118 20737
1517 854
12494 27162
23173 21315
19185 30292
46957 20040
49056 31315
125 11980
26184 12345
42814 10615
21192 4777
17370 9814
13097 20808
33877 46778
4558 29742
43579 9367
7393 45110
44056 41794
9816 24427
32497 17626
36224 16549
3299 37760
5825 41867
46000 39195
30559 46938
2531 17330
9981 8991
13168 4343
35745 30246
36766 41809
14362 25854
24822 31079
36957 11101
2731 18936
31847 24059
45567 35281
41063 10876
25699 38195
16554 45671
30600 47007
15609 32188
32166 26329
15774 14639
5321 24450
35934 31318
9669 27759
20832 1648
47468 32359
42507 18945
49801 5923
28844 39472
34251 30358
1859 42867
21531 17469
36805 42045
44490 39782
17358 46299
30475 46059
16542 10627
28557 17793
19136 16493
27874 9079
8629 21635
46609 9141
4104 12379
11639 47859
3794 22324
4335 41198
32692 46513
45433 46884
3298 1445
2628 18952
49870 16608
8877 42807
27164 23019
40236 47933
35050 18821
28425 48306
16042 1202
10614 32365
4873 20320
10875 3375
21980 37609
6372 40920
43826 41897
45029 45159
12798 15748
22075 7741
21101 266
4739 43455
32090 40554
33585 32452
41641 6297
39754 40422
28480 43937
24227 14716
22578 43037
34564 39970
33599 7608
7276 36189
27303 21084
4687 19641
32471 49237
3711 44189
13573 34664
9698 48830
3047 43827
24497 35203
22372 1026
32955 45986
35924 16192
40372 1842
17084 6751
11705 3460
6309 13289
1001 29114
45374 6731
12056 35717
26085 42730
30835 34419
15274 48395
37722 29626
45426 9063
29839 16337
7416 4551
32902 39446
40710 16303
16871 6288
23563 10365
10859 334
1255 7427
3683 26256
48765 20522
48383 22976
16805 15059
3251 24953
18548 19121
4859 31264
25781 3023
27835 48123
29671 42173
19321 11065
2988 23979
41460 7724
34248 16531
44012 3893
17138 29725
43392 34669
15678 12787
43948 25217
49043 7638
6671 8843
35804 24842
28017 3710
47035 7477
11792 37795
11015 15322
9900 11105
36133 45026
28941 5240
22703 40024
41593 6975
11471 19572
23388 35507
5683 21226
8961 34424
29115 39730
1607 23006
16537 27534
46614 48604
8407 4438
26525 31391
31742 24950
34157 21803
23377 35197
14092 18121
24873 20942
36082 40854
12055 47254
16077 6655
12093 41785
15415 29379
44643 15980
2353 11389
43134 31476
31999 12390
21493 41824
26098 17954
509 41696
8568 30100
6172 29486
2397 7248
12202 13480
1243 37105
38447 33892
49510 12138
43261 12641
32917 37959
16488 22644
21863 37293
39148 40894
23977 24933
786 17448
21810 13131
28241 44004
9674 5585
3177 36080
15521 27265
3813 27874
38354 33441
17436 14615
7872 38913
44630 3327
47175 34649
26171 36472
6325 9454
29079 19423
33296 35689
17816 46564
15935 39374
6220 36773
10577 584
38336 15746
1897 38752
5809 41238
18016 11559
2142 45338
43242 5052
23910 29765
19291 8984
40190 41540
8846 26475
2678 6446
15186 7389
13486 37397
37417 27190
41253 3670
47860 45530
35689 42447
10463 36719
33981 45301
9478 34649
44791 373
47908 39598
48561 27216
10877 4880
2788 19687
25568 2459
43509 7803
15702 14460
40073 40941
40870 47648
47615 3832
36571 17771
2743 13714
39776 41869
26609 16605
25582 3169
41767 43127
39439 28776
13298 36819
729 31712
34239 3799
2452 7700
17325 14672
4571 26257
49354 1834
4836 8597
7766 13953
10111 38456
10313 47411
1685 42572
26357 41608
46285 48142
36970 6511
1760 14631
20043 8104
9507 35504
22785 23563
4192 44100
1630 49273
39773 10795
47568 12222
2433 46806
48628 30235
5376 16979
41625 24063
16693 6045
45914 10434
22432 44615
25049 9706
10189 775
14552 31536
43088 29832
4268 34844
34572 32280
26562 17366
39112 28636
10548 10223
35320 12228
38136 18883
29767 11932
3480 3532
9699 28276
28444 28235
16494 37254
11401 19156
11488 49368
46924 37443
10041 6197
35195 1122
39607 17254
39934 28101
28802 29559
13879 4008
43374 30633
32281 3634
22374 46238
47135 47990
35964 7043
42021 15198
8483 8541
20010 48160
39025 40189
23971 21845
26755 9073
28772 27754
27085 13555
3597 10040
21649 34972
42394 3057
39036 9037
14467 32527
18018 36190
13122 23448
46207 37941
31794 42681
20140 18084
26409 34286
31875 13594
25514 7514
23509 19222
37589 11327
9959 20626
42361 34501
34432 28797
17403 46010
45817 17617
42017 8613
39455 8808
23902 35239
27251 11983
14450 11490
9525 2598
9720 7986
49537 8313
34303 3577
43134 20262
45170 33908
9203 18796
580 48176
6093 6074
34446 47179
2277 36412
19938 22206
10537 2878
38300 26526
39597 40650
37132 34159
22277 48123
19912 6863
28176 35725
21481 31749
42914 13820
44959 16994
40847 44316
6154 31908
37807 7731
13942 39518
9534 2940
19508 44058
39195 16066
14507 39091
19579 33765
5907 44536
20738 11112
40378 24315
19109 40419
10112 19852
33180 43207
41232 8355
16729 17816
13817 491
16596 39804
38016 43046
40870 398
33151 41669
40727 23657
42248 25145
5262 32156
47666 3847
35926 14446
26938 20819
23250 28300
24207 5428
8543 45976
6858 12816
49020 12995
6551 46076
14557 27125
1423 10180
4901 3752
47069 23211
45608 23933
23084 47886
2429 4025
16539 38410
37350 5257
38310 15458
33989 21619
7001 2202
36487 32629
39733 12349
28896 1747
26372 32645
27969 31720
47956 26336
6809 32903
8025 5751
5264 27374
13931 38163
42569 12463
37659 23239
13019 10106
10815 11794
5210 35399
42772 34753
3030 7808
33798 15725
39756 3740
42681 16940
5641 17639
37344 28166
15312 210
36886 45762
45455 9581
41047 19642
30811 15103
19753 15590
49064 9271
44112 33525
20011 18964
36609 8211
3065 37393
9329 4748
35018 45397
23904 5273
33885 13145
22857 2563
47375 6657
28229 31192
43315 20562
39352 41897
37566 9529
5049 14128
23444 8946
12324 46973
14191 24163
21635 30473
12487 45817
17980 12203
12713 17057
25739 19754
43570 40781
28121 386
24523 33003
26112 38910
45580 47978
1102 11157
14612 15553
6034 9821
22962 43145
26068 1210
27034 25335
33702 9901
33495 46545
19852 6549
12878 4867
1883 13401
42286 30628
19996 19576
36634 21404
36679 14450
12983 41349
3984 30291
5309 31018
44786 18908
23801 41675
45141 23066
30263 27041
30422 7229
41025 23691
9668 43692
21207 39124
35107 48550
37637 38161
18954 16911
37870 46407
46024 6451
44725 15062
9397 19912
26833 5769
35938 49675
7562 14308
9518 5698
31493 41375
27882 2654
15882 13834
16131 7373
11093 13805
26138 25552
3621 47916
8104 2949
42471 44206
26461 7883
5554 33580
46603 44254
14179 26597
4728 17523
26684 24590
39683 32507
25989 37644
7817 19029
28840 1602
30539 21709
12203 23657
35445 48276
10427 39250
26538 10168
14920 4319
6986 40090
26711 24182
13115 9018
5095 1186
40079 27000
20688 19935
37148 30661
37356 48498
8687 28744
12526 22523
21768 14473
44476 40302
38220 20993
13296 17884
7403 2164
14289 38077
26506 10338
43900 43669
5861 23121
5224 8848
41456 18387
14537 13623
18232 19045
46393 11080
31969 38537
3564 10176
14812 9025
43030 28486
32164 47845
19359 45876
42677 5184
34242 12638
46762 39162
7120 2933
30148 9952
47371 3164
21825 1735
41501 3332
12908 7854
21153 27323
45834 15729
49917 47641
36443 11518
47588 21787
33354 47148
36066 33948
18737 37986
36537 17343
40330 19160
23471 7095
8570 27088
45421 45081
11464 37816
41014 33035
33413 10728
5362 8603
5698 49827
43702 3609
36586 26630
47664 24028
25036 23378
22332 42745
10037 11919
4593 28538
27299 43889
26095 38948
36227 42105
572 45855
36784 203
43592 33951
20571 49578
38021 36682
28862 38864
37813 27121
15745 20896
38507 20600
40756 21941
38118 22777
29092 29115
30343 21092
32168 47227
15618 37872
35427 44576
31884 45247
40673 36015
21595 48801
44447 48596
42656 41341
19121 37788
33980 27219
36894 11819
19565 25758
15238 38470
48836 31733
5442 48695
2294 18105
33982 32471
34888 12225
24728 27652
45212 16820
582 1432
47717 39827
7762 16600
3147 13681
824 19075
2433 19641
18845 42570
1276 45007
19750 38341
22528 33598
41481 14946
47221 14176
14212 26859
48520 26903
28689 16981
43541 43542
20718 23079
44806 26383
19746 29344
12759 1147
6523 32837
2344 37534
40780 40631
28554 35671
23766 21456
42611 20886
9582 10660
14851 23835
48048 42711
49263 47223
1746 354
29344 30689
26747 20232
27618 30803
37601 350
45144 17770
32202 39579
38740 30351
47494 47803
12450 48435
25443 17025
32104 18320
41903 43866
40591 23774
28707 33152
43729 9220
3001 22216
9960 18184
28104 3202
43422 22492
8356 37567
43285 8730
13557 7493
36886 8090
42681 5020
36988 7707
20340 38033
43135 25525
43892 12236
35924 10449
16284 24113
8743 19984
32848 30795
13154 27121
43794 23527
31265 42230
47276 9454
14805 9798
31962 20259
31193 42552
39477 27727
34243 23671
47457 25468
48236 20383
27673 42837
8572 5736
21713 14874
26073 31774
4607 46538
49143 32095
11664 2524
10468 43467
12307 19939
6388 40606
23897 25303
7167 11019
31531 20763
22494 11067
34869 46073
42409 40660
12127 43457
43298 30770
25309 47578
792 16814
49464 20926
8684 48654
5669 37303
1173 47864
19115 4039
29177 30031
48722 9051
46987 46005
27182 27680
17163 18949
38079 44536
11979 77
30078 40693
40082 29498
33392 6403
31012 40385
33186 31884
25427 18365
18977 13537
23401 48688
111 13280
46255 27053
42511 38657
28500 590
3571 16339
3739 457
4378 40880
43493 16395
14075 33827
5017 11559
18964 30741
1819 32809
42012 25441
32354 31903
1436 1829
3657 10682
42482 44134
38759 10413
46996 38083
11633 28970
47327 13396
36443 23300
16117 19051
10686 49395
8768 19372
32309 35311
135 21079
42571 26106
29524 31490
30085 24669
21035 33705
14678 38716
12171 34284
25656 40048
8607 8314
35177 20725
44370 10271
13836 29308
22600 2535
22675 12353
49703 21300
47626 28757
47943 27290
49362 14153
10412 8525
48804 38910
38590 33764
30604 41202
33528 21887
45699 17835
34130 46571
7295 31770
9713 26212
12704 40803
26789 21930
26886 19538
28782 29621
43067 23627
3854 29472
30123 21478
16537 40722
39250 6645
40886 23453
47690 3095
32638 49294
16567 259
26558 35817
24295 41524
2320 26439
45226 6004
1793 42337
22401 327
29563 49668
36002 4204
11673 28828
15259 41748
35473 10002
9925 22771
47925 5645
39218 11197
4979 41720
1370 39605
26918 3092
24305 45879
15382 40864
45439 11966
45189 30245
38206 14234
1394 49996
20683 42547
3653 22255
16761 44642
45928 48532
30600 27095
5740 39171
9377 35140
17984 24619
38986 2670
616 5118
26546 30449
16786 11506
49885 23660
43687 20231
41536 49121
37125 8272
72 2000
2108 45612
34632 20173
25469 10503
7803 41355
21323 13922
23392 11344
42180 31956
42159 43688
41647 8291
5922 23700
47211 32722
19358 23395
15719 28164
4038 4369
14081 14492
2051 28234
3423 7574
4953 14723
46494 1228
22247 42141
16790 14272
13716 46637
24642 48146
34253 1012
40509 32861
38579 47857
38113 8786
18385 47854
13593 36306
11860 34833
34065 40003
3787 4973
1852 27199
14230 36118
39700 27023
33317 49910
34182 13187
15403 20207
12552 22207
21220 20564
15305 28543
28659 32059
21786 40648
46991 3540
39592 26539
6697 29490
33980 40574
18516 5051
16436 48460
7300 20711
23103 30014
39534 9297
38260 45849
41410 1892
11153 14577
7978 16535
19436 3612
30747 19168
8665 29379
8259 23047
25373 11477
41855 42697
