2000000 2000
970068 342523
728753 308242
839416 111286
706452 937612
565344 854195
934936 184408
607673 270709
76255 589866
816306 518449
865026 627713
615695 859185
646003 649598
974424 411447
676153 780712
641167 25820
962388 421010
63055 908095
382587 625128
764488 518845
657258 268173
407341 879206
245208 119452
453391 503535
659437 835091
734012 930831
456360 884687
823318 601434
294102 440893
205557 717763
347580 638287
560516 397548
147113 518505
385711 138736
724795 880305
70971 454020
81798 718617
960433 176858
288215 759790
121035 601070
582381 169569
85898 99395
336054 9107
863300 532775
655246 592248
809750 814476
385291 661844
535403 40227
403827 86799
82347 459955
96891 569451
846374 592439
506512 925396
608920 999236
641978 387815
270288 624182
327169 705482
512545 659751
276501 397980
171205 66361
806726 240899
895565 79118
19942 695778
450672 507334
906207 614621
318754 102321
225235 925891
757897 133866
705856 535955
962404 698822
36558 14248
836470 219498
885120 192133
20483 835455
152649 829641
256705 592146
690203 770985
482784 492436
853406 122003
959751 646940
637782 400770
299876 383445
452225 956290
145815 464633
491983 342780
119689 228591
464247 816483
397832 149588
38405 138399
711950 915070
564613 678361
784552 114085
572336 724171
217482 841375
144202 412194
113474 316710
565876 439553
986408 670786
62714 882939
496457 169225
428287 926348
608075 909245
919111 522917
438986 376236
738607 450435
46371 20330
208478 824394
21168 900975
544356 651570
566911 619359
17121 784977
335104 897860
970420 951333
72567 444476
930380 76364
218433 844570
958116 921011
448866 492562
247571 129963
31516 818666
542995 52631
375351 884984
29094 205283
990128 35912
53972 706092
689804 549875
52463 533566
900924 756726
363430 755503
978414 575779
802632 98883
767738 818044
860769 746824
860072 839075
302971 153967
799782 56421
482285 933025
659187 565729
220418 817884
879700 927353
333487 256892
908198 188758
648236 366265
659998 899973
303437 158039
767641 736960
157773 346449
320434 359515
216676 337517
809476 15491
42610 754475
138082 454377
214574 702272
171051 611386
990044 325278
877135 143571
535909 283836
382628 344319
374799 663609
374840 898825
143501 808108
307501 404946
561345 863137
828149 728522
82184 956018
830220 540816
595791 668889
431815 193050
481753 101337
890113 376136
214184 609111
976471 994233
515275 382603
256144 762370
670470 476507
171414 130139
703753 810085
346418 174445
74072 783430
464637 557566
324158 528811
986805 904152
350276 628968
411514 768826
79027 579402
160021 805099
297613 553780
305635 580485
92864 690644
692448 48385
379021 709094
27252 33285
627242 159700
186025 684107
343335 42050
14159 328780
299875 71247
32587 432581
938571 869141
384047 221544
786952 524274
37041 360471
5844 903238
652950 613057
26646 455501
716354 870983
3301 124738
526497 800353
81126 166440
987430 747865
777258 413041
988955 968339
969277 355475
211513 818806
936291 179444
303435 382362
586052 605466
375458 676409
206645 609057
62255 515184
824630 782276
816964 465499
831200 113782
665330 558688
618993 484370
139709 142000
90282 25768
377559 252322
352957 123831
803606 123578
903789 914004
421104 143678
117532 518351
239063 616200
361148 684394
750589 52690
651520 222664
19101 163851
3596 610930
367770 939859
907786 461147
588781 930985
74591 446177
42853 846517
470263 717306
682738 278845
668661 708781
66894 465176
371457 888007
766860 613355
718331 191456
851584 652445
684686 166161
179048 165094
501419 12575
188054 392422
870497 773608
472223 939237
538899 57884
941983 525689
525840 508081
695818 607786
370323 599343
22776 607775
866562 8815
806351 74334
960261 226810
214824 975790
223545 23354
101965 795910
805626 229328
52360 853894
219832 717112
866264 727522
75593 597622
366097 668606
517984 92800
52747 829599
249479 554609
311794 811730
48489 266618
23258 281149
916709 297054
105525 939602
258776 519897
807930 357403
482807 175713
969362 645958
442138 860121
925915 775394
444532 118494
435272 202362
689236 885909
424572 784773
339319 518705
649840 212739
616505 831862
693489 807118
280037 599518
784521 800458
470932 32079
749764 936818
673114 293729
412633 861794
464318 13493
537902 750673
210725 69424
682854 412781
282724 411595
883731 605476
544720 921563
424739 270632
321542 551318
760540 144676
604534 366311
928908 513289
804581 112197
169156 77273
260319 588063
953750 807111
931905 410197
118668 327707
124428 624802
920122 369118
653326 937618
619511 747439
302672 877255
63664 619390
804531 532223
960376 431560
307107 382370
280471 923980
869498 294586
173545 82993
421986 593300
862974 106398
395569 437851
496016 132426
107522 772276
287694 930856
665912 448215
741800 640861
701722 47298
535426 519230
416072 878107
5508 658515
970518 820446
367852 309242
927715 331837
784885 210837
270683 323439
634192 737966
497272 378195
712231 815294
423222 475511
994192 63410
451965 521310
215731 320251
649827 815839
541728 766804
513805 287643
889556 883430
787505 441811
760448 954346
601364 688246
489501 323527
202985 493307
403661 305191
172321 114303
519647 398951
927693 497696
933062 189575
493245 505978
753532 578173
176094 891390
582296 808675
519658 263773
636799 690026
76572 48932
551454 566740
736511 526169
601214 841330
308028 891020
42262 73399
970229 353527
552698 475376
267608 191999
725376 860245
963738 474641
685703 240578
524582 170191
622345 354598
499718 781218
668129 253771
825028 464988
851822 932298
326678 839792
553365 417412
309030 942890
750483 934277
49800 556821
650310 743931
921724 586335
386709 895491
598851 700352
85397 546590
64491 842509
273296 6229
496998 78829
571556 612484
25102 92786
787629 123710
319695 518675
201587 264573
239918 155396
900033 613426
819270 698970
143787 723672
762391 850959
17272 923563
257920 261467
122156 766577
497671 762864
166064 484027
780783 186512
468962 511147
274082 95549
169204 984969
935629 796721
550510 328028
271350 697314
249749 441113
579595 833606
158794 449571
102210 217435
640705 474431
10441 85762
422207 474845
302893 527422
559388 234221
231205 405922
546134 474757
401432 598860
101441 900073
344291 494041
731119 245263
51571 260300
625759 588336
122156 637066
993039 603935
494474 573825
196275 75969
996908 382201
847736 760254
873292 183442
106215 896196
203714 138152
718830 458418
860804 467635
290120 611184
239889 997555
566101 798184
440380 631391
397119 490380
934577 900569
931921 639600
30551 692407
132426 568856
570741 606331
132232 699934
328993 4201
47520 958945
695673 880373
631513 719416
628574 662302
15661 323691
872313 595133
544220 251062
131547 142669
146122 205925
154795 867960
457065 830799
437255 972180
860296 693818
756904 170020
598968 631849
188164 529351
860305 475881
591649 406843
95579 241343
595867 690683
984724 217180
547107 230330
779731 679216
897428 457672
21179 798027
194398 389259
90630 953194
575582 22325
20930 686042
405518 169961
841408 292832
241344 229447
507387 119996
716234 556251
285582 983715
896027 772493
26936 18717
108460 248729
220805 720347
498199 677964
779584 690808
975384 171058
495863 850954
962301 939165
586235 175333
952896 811908
210890 863980
416203 627139
422354 195228
153103 456625
136901 857102
662356 912884
835181 269394
570053 290644
251352 122696
543000 60591
273931 248360
452090 931088
728515 544773
849336 823914
50322 811810
120999 709963
625839 752282
223005 779540
854367 605015
695002 522890
523235 53846
895420 753507
439542 799251
942435 108704
855612 854650
480142 85619
207288 385085
397857 666172
931419 596709
172287 474915
754555 881648
505112 760176
45623 616331
339648 459728
304969 25769
916503 883922
53440 214851
973481 613370
717332 945844
677785 707851
600366 837962
111623 139719
696226 46825
881973 34522
654864 171407
336801 740704
91197 704997
736720 199781
800608 575219
699222 665160
562752 795277
45466 262765
828591 139130
889260 594625
117300 616438
57653 92874
215529 375784
576342 885716
469425 809898
272907 203357
551827 493277
702915 132230
520116 493513
743674 534190
744267 472430
370598 978723
56504 328426
27439 502823
18266 961568
282847 94299
302354 999049
459615 594716
65092 443184
410559 493020
776258 708977
596163 833408
620149 499249
329990 921941
102203 853449
258348 52848
23104 368883
447942 681182
297736 39721
429356 803862
401932 18746
357837 221668
416162 274508
775430 725303
995590 164580
904549 886270
812048 628249
697265 249902
648768 70283
319219 49265
598893 161565
823563 142280
771822 562567
727839 447158
369118 727020
744645 947103
890954 333797
717251 483663
57416 522564
656058 811662
419660 727578
775277 152955
611001 774727
13207 407408
962352 63633
724639 713222
282275 614577
582580 157051
456728 608211
309500 865193
990753 975209
582539 560544
930966 790338
211863 845377
956391 205043
904748 485191
119357 471547
396820 284867
340330 405826
900045 15559
771890 319624
842814 755214
743182 277404
224744 34941
954957 679327
198440 262262
406020 969820
784222 612399
846637 708963
332036 478031
593140 634972
278715 984458
284004 46973
515320 727999
143555 502931
688391 295832
719842 184445
106251 979977
197516 356940
111440 121346
194257 636257
652296 292817
464891 556291
353440 750106
763025 473941
219465 296064
868612 651530
547796 262303
695233 125466
554932 374655
13339 230714
731520 784787
51625 662027
902797 406357
872622 371904
561174 463156
64912 499578
661768 326724
603477 123590
162579 589745
699845 906786
924699 436902
82432 648399
744790 255993
753334 40018
700437 843538
878898 201834
158859 445909
723714 466408
888095 741714
122499 37205
801214 345306
480547 450706
74888 550808
700916 777704
615620 314918
154686 682371
629985 19696
690110 124482
940969 210687
113278 917918
510950 818480
520624 280094
90970 907765
225452 889375
920544 81638
735104 129615
943417 504663
111808 774390
857352 555550
208769 435566
473985 587846
884350 91140
833117 357679
89517 364652
129873 531966
404501 327946
584473 189841
541732 425624
640236 670086
185143 878654
502448 618504
544181 219070
608144 82003
296558 459665
239671 698146
72345 827745
540516 780224
597817 956947
954429 876633
420899 555886
955294 483928
410351 233403
45644 546912
684564 935184
412243 470712
435873 279368
784102 910789
480975 550576
723392 518239
447527 229561
402967 909146
411749 949853
470076 322943
654598 549316
957497 30200
245988 655168
86706 994681
193138 515742
684417 861590
597345 407736
883689 68539
176007 183088
202084 22828
937442 93650
730128 355693
131782 633091
556919 964953
108229 546321
844109 145050
187933 231170
903432 717980
322552 194815
326876 946724
655429 811358
177837 960048
210435 158836
451952 903922
549167 438336
545440 282344
427759 753779
663618 549720
421968 961102
638959 319054
695609 277556
769503 282645
893548 752326
713540 378444
276607 842425
704061 222723
402911 53808
416688 893005
506877 635080
636420 752225
607775 837431
537188 780160
177444 182515
509295 450475
902872 888261
90794 704574
324757 824912
562896 388951
307857 557769
357392 77957
778512 81816
83340 835507
405975 68022
102022 124681
317776 762396
383069 926419
139017 472392
203916 316878
804980 600942
63401 224426
538974 49487
543868 77918
646887 260590
464598 418205
698339 552589
580598 999738
546301 594716
127157 894748
864094 525195
484611 69286
230200 967573
571735 836274
271328 442537
900874 257882
920271 110432
649112 822597
242684 483674
300541 652684
511657 747607
983983 336054
772366 546872
458102 73472
83202 408182
914256 499124
214248 689446
561314 739270
868981 742664
618257 563829
765084 36700
984906 820485
244038 450642
835616 623662
618601 627842
899289 43213
884869 32824
804620 389992
51843 870644
261833 321958
853282 185936
194611 100835
868445 667983
305652 390677
55853 816589
625737 272802
413154 477184
301467 885215
915109 661781
360109 221153
854153 651991
899804 148639
509457 986385
151862 513353
447124 592661
383244 445636
753699 194475
353443 887025
167440 381755
534110 691289
924707 597493
34282 851349
152292 447561
218853 765040
404153 461968
464003 230151
975142 974931
821940 268419
826039 513676
366718 212624
429210 55443
507964 13022
572572 344355
525145 50270
388360 211946
643257 621950
917259 896759
208996 133887
72359 37734
203128 293061
445264 329237
129865 718262
777663 357439
995195 338333
679196 853015
687956 972207
690312 240613
80701 248783
623378 454446
130337 499520
463110 585753
857515 159807
397997 167113
848972 531807
134185 457299
220282 917097
416946 475570
108861 637994
114082 958405
669952 48552
497763 776551
187601 447847
515471 391250
556419 193799
525477 513608
723747 334402
611804 890517
656083 306818
463710 434854
592300 124477
863536 229337
620281 562194
905120 651646
175824 515385
198079 411789
71607 298400
871750 953004
75610 382028
851239 385691
966546 96896
856913 916810
745232 196821
568363 291227
300652 42372
443255 332048
204895 147078
766331 559510
381689 749560
698725 589986
869289 51747
839919 417919
907445 113771
426236 301606
553029 751562
594170 92637
465400 50095
657537 88921
572371 636993
891207 144275
221436 949349
173645 182349
21846 366868
438526 676010
479988 850616
342594 509505
172022 147553
416132 634297
498046 834135
594743 233
51559 372024
534196 104313
270037 662993
508553 169250
631452 774064
926632 650709
677671 448865
808596 799268
259388 510939
425606 694994
936092 18991
709019 87439
613537 696319
196341 418177
804464 58645
94947 195842
159093 401438
856590 118063
713188 491240
652118 445012
374754 176512
457763 987520
55125 375335
989493 826247
533235 853953
75507 699859
370975 579060
469767 272299
894140 451074
862580 394725
551646 747334
229018 645981
585453 34548
127507 818824
951776 959534
562839 151432
464933 625277
283052 15223
673178 273540
100978 184133
749383 945409
544889 935064
155719 673601
962159 307370
543605 582309
283851 84893
291546 671575
283088 713810
821627 136169
748727 764775
110976 894518
16652 466641
192738 65693
696850 349364
955328 144332
253073 727410
673651 67224
727839 984251
105673 500942
597785 131308
714992 46055
663002 482175
520968 749568
792533 507325
30385 98308
842767 102378
820327 354849
40018 255996
821791 714012
750314 692438
242284 616308
455553 297064
324297 333289
945571 832765
852499 31674
932339 262937
599829 574046
267581 219442
581092 564106
453087 199102
761266 260112
99707 332983
741681 137791
477074 873560
359779 728285
64136 679621
968724 621265
264425 138963
455538 288492
800528 381972
518184 612155
408083 281895
206653 232317
385103 33826
266106 427023
588255 295131
125284 187721
527915 257029
699929 223283
404197 948328
717500 760297
843012 388264
974665 661891
30756 882210
266660 987414
252578 111902
253564 934285
596293 343005
800303 653362
541872 922254
89782 213289
56002 537600
358304 280300
238702 313457
226040 756063
785536 828685
586073 60249
259095 923254
476200 598497
273988 283274
979441 720138
773541 116729
323038 724010
446853 701182
498100 720915
854020 355119
274101 632555
498199 62672
594862 593006
842063 235691
451861 959809
929043 524158
398133 880581
601251 910809
808177 812149
519019 807818
732092 741099
850620 424240
514163 677415
179963 277024
138769 980772
473481 489319
672429 34219
886813 14507
441972 777894
532634 72524
790932 545452
512129 802097
682545 61840
645414 742438
56303 406313
481609 499101
405261 333987
697325 433012
907972 831245
124278 449947
727782 438488
493013 777172
372711 7873
58318 240375
889484 673868
775531 479070
559236 421739
453660 412949
576587 551840
42020 691646
769316 905195
719927 608410
747627 107825
39743 748609
882869 856526
977809 765291
640244 353340
553163 239949
686585 47640
229906 20373
629523 938748
996104 436423
667168 496516
965985 452625
588453 8741
254355 498097
749279 189190
590728 264679
519247 186645
932818 197315
799691 879016
474001 746120
584967 536760
974629 356055
647411 806789
352264 193541
861614 943924
427115 415647
241046 406731
563647 938813
897078 211213
412722 343398
503164 137686
43128 655975
185905 968265
426228 626450
89315 487227
891337 650544
589506 402525
776746 140234
300886 414496
753413 761382
528083 123207
42173 590999
861976 248186
101495 173937
366328 832890
774406 19908
162222 900037
832057 815328
568224 888808
317552 290690
964154 467801
28059 776221
382656 895537
40763 517102
85892 224722
268850 672976
130826 474300
483821 651096
613193 626129
977089 957658
636632 108322
532382 806411
877392 738156
588214 953905
580466 881461
598975 890564
42709 115119
850267 552795
18192 648013
972451 762130
521293 939783
152269 137274
930207 365901
837773 72812
6449 667500
233911 975730
786180 812634
181956 536988
108883 127041
363043 347226
515233 494518
802708 495394
568484 327198
97844 628048
685803 154199
877474 672231
97913 209486
278913 30746
122565 855302
529510 877627
240457 102544
652690 970145
849721 267249
173012 511338
437592 601795
556712 238799
272573 736084
158549 138811
696500 287903
186376 905322
722028 609095
616739 496223
481445 262449
391329 6370
31226 806109
264512 185600
11501 66713
408074 662761
687883 492022
788256 911785
529500 975484
825001 328201
971476 663339
91119 557650
86810 566252
444898 620462
587039 694382
147038 301732
376653 944914
634429 134535
263763 986497
32426 597028
75716 825882
606895 830524
74694 699801
881568 496160
553860 703768
528948 931635
501554 350463
404727 265313
958823 821913
344269 765451
103817 429519
701630 328526
886809 950372
269620 500417
910488 274859
455403 251049
750341 659831
239103 665388
659006 182369
615865 477977
419502 970410
178381 829908
497508 710288
352614 230289
921677 241158
112736 544315
912198 485912
78969 523579
261611 456829
118173 160974
40048 224460
325241 733334
105926 617027
558550 133967
397747 756231
983261 486544
156643 984066
655977 347718
480063 994617
441874 950536
261881 966412
416263 962921
180540 230748
398452 308327
307265 708019
321873 137145
516277 862348
825010 759399
399275 659043
589450 154138
326447 195595
265516 775588
206018 834196
397270 991169
764688 228296
741035 773886
327385 432494
547100 281523
856161 246493
168118 330730
991421 192400
974841 558367
586423 252900
749780 176216
132050 503676
442403 203167
820653 980347
365648 308176
862216 769358
945816 130464
488199 991856
532942 497654
70144 77236
244014 795226
784684 359583
767600 353197
760999 774760
385043 401558
787210 26460
619072 440376
265663 137193
62403 974455
926844 102959
638870 937772
883977 429660
65890 750072
134288 197955
95706 108095
852302 576480
702887 797383
864598 918984
998986 915118
106956 514791
616931 825683
755011 836559
225920 711019
489142 281808
941859 737778
153593 943065
899499 649696
701944 500139
477071 774980
194501 599907
537522 616975
733236 613159
756342 645288
540882 227818
678216 636129
722441 948037
154464 50712
164531 768803
431553 503302
443677 773648
709122 975587
261236 67521
579216 925122
893138 282924
574196 378090
346967 350701
762020 896268
134254 570025
496432 397282
688826 461992
596258 804709
439612 935069
711474 38074
566898 367621
754150 339256
266591 212009
416999 469311
160838 74658
452996 565989
920505 521942
78586 79828
58905 242047
622519 295250
245113 598553
47266 983763
809195 296808
964763 571917
838466 914711
635482 854928
867587 654912
940584 650334
852838 168739
14554 869709
948046 57869
534752 739486
919238 92754
921280 697722
7852 549760
997690 971109
157483 11091
112289 10560
687953 166969
770526 312033
799822 516071
193524 819595
57113 486023
584343 530995
249994 529153
568024 87423
615932 438014
602529 42617
237908 318165
50054 259044
300435 810195
405364 399555
868043 267249
753289 549625
533115 653059
608810 632987
694384 994258
801410 472906
420651 755225
994118 568486
818938 539628
241168 615401
593177 724678
252943 492177
365423 687957
67763 204371
18046 563052
204637 61930
699893 269091
892288 842540
566655 741247
463060 658099
678681 768160
443907 239021
483788 844008
125449 614343
508848 819648
501531 635008
474927 892026
710743 851634
567298 503140
25841 942414
291938 905806
836247 261253
588622 414627
879741 363115
878982 127470
837480 554245
901397 906108
915480 888832
92877 129168
189398 218252
860427 705551
175622 529381
132755 291592
28637 901286
149565 472370
28878 616538
250051 641045
141710 783820
527230 244178
533789 150509
53895 486963
577949 260110
482537 708463
461026 371070
605223 775034
680734 219235
863446 28043
832652 139755
117904 462208
729193 144168
857807 809954
300864 497980
268987 380893
440536 732925
280546 476639
222626 358256
612251 986070
273058 719777
750057 93680
216443 321543
434381 655235
843102 581173
894159 762008
937320 216104
788535 274414
350975 99818
5978 206260
482690 174005
18846 530728
907792 585803
86783 341722
57826 821709
952056 256056
193182 137109
325651 715658
233000 796331
588003 945060
225838 205610
650779 693223
364130 307647
628919 312757
208412 940219
570290 646720
596638 864930
869071 452172
441882 753724
640964 343970
291449 981752
322919 499983
789418 769538
801007 5610
456592 234900
635702 634084
34186 282732
155367 295553
426170 81156
97221 99317
516067 973183
996754 722441
477275 382277
423499 203537
581451 455103
385063 106510
197959 621062
476763 398484
133334 575927
410644 252056
158093 54738
840890 940439
843070 199202
33292 709715
342280 979848
243169 982324
810653 192750
211800 29050
631347 513352
160809 837259
428907 596490
879092 403196
481213 29172
768806 238211
305247 953198
690227 921208
719883 693885
365198 309426
530554 3693
471672 386899
261604 100343
507458 234537
810081 633898
881310 232567
380984 278775
706532 91670
927835 277443
308502 310052
80368 848432
205543 405740
946003 91764
859424 526842
903985 136739
58241 360638
642225 656774
434347 205187
184340 941933
911763 374364
759084 705257
361830 450459
729808 537203
443982 24196
425133 837617
240384 587147
748277 966415
668369 223691
329871 175508
121262 110928
701576 265193
817024 920167
757410 643584
55486 68130
184025 572155
463687 32536
938199 543746
705952 567450
504128 991655
575265 468810
916602 432665
319638 439730
566650 385084
728751 836065
930826 708813
55464 940242
40757 729509
137718 932784
170096 127386
828158 213779
435261 875798
898668 771976
36093 392506
796860 371486
171730 345646
7200 342180
201120 367796
404972 79333
69923 721430
321520 260728
183995 234731
801683 634796
586233 881353
730115 677323
61587 425902
377005 542398
310003 724624
647407 852993
999899 208819
868931 270659
575140 174405
316169 179978
364459 605120
28614 380516
532453 846424
957814 877582
798871 896259
935721 177363
903418 578329
195167 526351
431878 149220
264302 423646
226023 582269
253920 832375
299708 387680
538926 843284
601740 499858
872136 798490
343646 213055
954605 58593
650796 469777
184490 506423
372040 51126
919370 615432
995376 567809
103697 791873
307837 398766
234055 189428
479536 961009
456713 793396
563752 861272
214554 279795
111390 227539
661444 970551
274613 842484
924514 376665
71214 784401
732876 18881
279101 706208
404219 876073
395158 736699
898458 752157
210376 294526
370345 400088
383193 964879
34124 890166
638046 595056
829673 464844
161474 762411
417045 844684
781159 623233
331492 742786
818011 399970
479553 925043
705633 933032
181810 228837
758036 84057
298347 726361
139022 943091
697886 97049
564153 265103
974786 171420
735681 652516
94669 274049
977922 453626
867304 86932
619117 468389
385750 806654
441849 310993
715917 612876
568641 999189
804232 397514
580967 678376
760568 640188
759641 212723
78991 214716
365595 337172
420145 149517
618246 235525
128857 974942
5631 331213
480292 716956
872267 393500
448853 700591
476659 736718
369278 666538
676712 549159
30807 954571
217977 9048
493710 701261
200531 320904
828203 397643
210299 456204
275211 784294
653083 371089
467454 355344
482261 365769
610628 752153
544344 485182
46393 305884
169103 468898
632611 959210
633530 557857
30747 879266
424375 5392
814717 419988
162168 61571
489837 475084
420843 504157
923800 6669
650801 552106
360984 273720
351499 907996
87406 452002
302825 124760
323818 99532
141334 765562
152300 484385
347931 976322
684030 232780
674399 305522
743079 327369
972670 138746
980984 544132
482825 656057
571193 876438
132174 909721
108835 796993
58783 962150
381466 57946
566424 356664
151126 53683
615207 512993
653221 384231
485590 271739
426832 167775
683347 864250
802212 563784
136289 141342
999773 71884
529079 859017
541097 835868
248391 149581
525809 884178
454850 992078
144997 742031
420782 388123
802268 803782
489276 729968
305116 468755
867278 9047
451569 961781
28468 26020
967596 812426
333601 983049
561901 716454
564957 793162
836239 571966
881998 12506
980985 717914
247229 760680
446987 223691
275037 120127
878906 178921
620448 71998
619885 357269
6960 276218
734141 702271
170192 435723
604567 763998
243564 449767
796447 906581
884874 638467
589047 76412
151262 84698
146005 607669
680076 295401
7122 156936
389458 431499
355435 41001
723440 946946
994982 16709
434275 852062
521804 678608
957925 161296
102733 908631
841740 498806
492918 963779
970381 901997
623126 3768
279531 230978
554345 622611
474080 351420
803968 806499
691652 435777
750498 795747
348823 931118
318305 507984
383864 338017
510044 317694
582479 528091
832014 466091
515858 773965
168282 897967
55677 805232
596733 505148
160754 63564
327784 811008
384920 363690
727841 820565
217097 640328
131092 428413
777573 531205
439459 908682
378451 598064
537576 343083
238082 187354
799955 919501
559208 225120
185113 60696
296704 434150
966456 360454
625168 833623
179467 10242
686916 945206
768624 741454
247332 532412
240787 331205
150152 479019
682592 994736
951264 819878
242297 912425
855743 445161
912007 10720
110280 432470
796482 455898
901923 547847
74110 656515
57538 132649
931830 210453
612526 854659
867796 661314
285397 675449
980270 273052
196151 90072
980567 630827
190749 530722
125030 700293
255030 673152
442012 260869
551159 310287
657645 254926
330931 601448
990775 798180
974764 188526
175283 714552
351393 674733
160423 473725
727779 772034
627827 699376
314477 134725
204693 364431
255634 977640
740086 158012
105945 553911
219595 87772
774514 572709
288752 229928
672845 559581
801149 120174
876898 714708
496964 215906
475092 54981
418578 351270
414953 612150
97734 890662
430506 435264
704912 335358
739075 692066
441422 928582
757780 509121
577782 508679
544017 809756
743650 185165
310404 42194
797879 758106
995643 535737
30557 122592
34720 479734
969413 578422
360717 210238
656560 902943
991941 270517
797480 81697
413005 527651
616684 884334
168609 870586
83534 627551
391733 955552
638322 950726
900136 39832
230422 74846
711305 536661
425641 848927
406917 194859
538874 435784
612431 194116
651761 132277
861858 455142
169663 592252
163035 115395
386677 186400
870875 921127
139762 650470
658898 840492
379924 278763
329340 301643
899881 192101
3586 4304
969598 925886
259348 337071
609870 514909
722878 584905
269097 720139
831750 339107
785585 840627
946310 172031
955491 307506
831263 507131
107578 442711
481343 635791
865215 901442
642649 536108
772073 969390
390201 781624
125308 841807
121619 552150
877761 647435
414526 282034
24695 891425
630141 365493
164720 204110
239770 835390
68858 100606
205083 579946
900162 337903
317591 113931
462463 812121
203112 129490
92763 42927
500776 733243
853292 189548
526557 24001
753722 875557
322163 231025
256364 17590
137285 799385
997857 922550
148971 474519
49978 893014
430891 860943
51752 481668
66472 783319
29564 141265
906556 33092
867966 20359
165636 437933
440187 938771
728958 179082
562267 949649
442084 436927
847886 195434
459743 309007
210548 231249
175241 623379
749745 579136
332118 321055
963629 240116
588703 244099
465297 397422
30447 557304
271313 284205
810537 810122
950211 680937
934196 504068
565027 89635
