1000000 2000
468897 43607
277926 55719
315805 64176
366228 24065
357496 113234
362856 156019
97465 389253
268197 85103
451476 397213
207244 319175
322449 384828
115024 55854
18426 49538
218878 334228
483163 166786
86053 144787
185731 487775
36346 148466
450499 56689
218138 77903
245845 377424
313473 110549
244757 128671
15278 451245
123732 6344
207118 469600
90892 125353
171778 339904
388069 35758
486788 310846
435631 455048
166257 486733
408293 266341
373638 320352
77711 84957
451797 165942
338928 393773
168522 208572
294428 94266
324349 442289
474125 197493
449407 446932
42285 344555
368722 34420
310710 112237
173435 314301
129118 172584
419720 181628
488588 495822
52282 418835
470585 359869
241619 359051
227402 433590
19227 124160
1855 125105
400619 300583
460387 499669
253478 179913
459604 79569
212685 449222
316227 260319
162253 189829
287315 414459
436848 373428
399742 375780
487170 160083
278181 371687
70401 16103
481691 161235
289966 480640
213685 141541
142105 93080
492108 18323
87211 148609
309237 430207
486255 125561
384712 485050
45261 227827
334719 419999
345902 238530
488858 97995
108572 412533
67499 328584
154401 183354
429521 17042
79340 18178
139458 408186
249696 75602
453768 272923
81425 381459
476091 246362
376777 119444
464579 431829
482845 197740
3371 127685
64899 57493
112311 447302
478332 302677
90400 410109
8953 302608
432580 42274
326015 129288
170269 259623
226451 101771
400657 337982
411160 379966
342101 413744
209138 388282
112585 172559
148194 59036
461366 243105
413186 94145
288573 307439
141605 81672
203396 471455
212701 59401
341698 361365
78466 163356
453124 305208
308977 29344
269722 144406
494198 194297
259660 384206
161764 107423
233730 462245
291868 268097
269146 370603
76630 246875
481373 221098
288191 134666
108677 456256
218794 122236
96332 205439
125737 462611
297436 330878
193003 67545
239642 194037
31209 219903
29612 258770
491292 271020
291186 484573
163579 330455
303331 26658
373606 269758
480045 120399
490743 333826
82436 294595
355832 427254
161822 343596
240731 59024
62455 294246
164885 33572
190707 270319
314703 189359
358796 225178
148120 426532
292470 311126
361252 213625
174333 74096
156489 489302
187421 95376
211937 402135
427941 24280
41059 231412
57010 185723
391199 451602
266386 118118
5792 63030
105291 360864
222995 199079
295222 247502
429737 416500
324443 51208
343676 50888
116469 139339
193070 260371
441648 92530
110565 34368
94302 250531
448342 413129
346311 284904
257595 66820
46469 417935
333414 129248
246891 14941
470280 189613
68614 85046
43422 473947
205689 203060
308546 403603
41667 310158
179701 14615
3395 375688
382773 266662
106095 249272
33657 360562
400885 482249
37378 351695
192336 255507
385515 118942
236271 146016
148062 305902
405678 106271
400447 223942
191585 269759
112123 453251
350310 45087
405006 160944
210488 54297
36485 80302
375815 464650
356832 23664
359409 379066
345534 440486
241251 20642
486120 444297
197880 126550
277166 409800
465238 255813
216647 352117
313270 308318
87013 154021
489339 203443
493775 130285
283531 249473
46148 283787
443880 377978
69166 454727
496790 490329
124621 77496
83451 251062
32888 238160
344687 495742
58164 67473
368509 377746
310527 96673
160309 20052
35213 184728
302748 31578
345697 492979
350 137615
465922 199327
129573 345453
412230 342919
344458 321024
432338 242024
353295 254397
439796 281880
303212 171301
248531 471480
95290 163272
418029 262455
110705 490415
337053 57310
232411 263822
40331 198183
203821 457625
229879 460824
80352 303196
107807 82509
207172 13215
41185 320319
87141 300626
103209 243101
364310 237147
109158 38474
196741 345868
426870 70770
40922 364021
491323 40623
112297 82370
91273 102119
71373 232897
489045 497252
199259 272500
281955 373558
215951 399503
40837 454934
26821 305656
451817 379894
255349 248250
489177 398729
325953 13205
467593 265652
383874 319663
149199 240510
361632 381298
441169 48315
282554 117357
371398 231249
369526 415154
159039 361931
51199 422867
141578 311373
155829 488445
163919 351343
68586 117592
147015 150441
317667 343081
323776 224076
413444 89875
450082 282330
307962 178592
10297 414161
328342 384990
53054 212637
350454 299276
111262 391199
317767 207310
253729 310145
96089 110853
234456 385927
474464 224615
245160 484483
197811 359349
401046 127383
322614 237526
429555 417585
424892 375392
443020 202
50046 89860
284946 6075
250722 245826
205081 408381
278421 155170
424950 200438
408842 212200
108716 189275
462086 121148
427164 21887
274741 362580
129688 38622
176824 250306
469980 251045
333037 444838
149747 114246
47451 218941
490325 79261
447830 481078
181177 449402
100014 91104
174113 353710
235487 373248
114021 132539
148603 146184
363600 364130
368904 97974
121904 359624
69768 40455
436090 13027
314657 374663
496942 440655
2438 481465
46618 404505
163035 455099
472198 226568
258208 499518
66170 326928
55697 94500
47146 187449
498798 384577
349847 483731
497274 91846
59184 411625
277537 437600
52457 178495
160553 308969
284201 105771
439305 386633
96796 486517
96270 438342
279883 19224
142709 483706
472123 13250
355417 14497
168846 272702
174945 12671
194690 74886
84710 493527
165221 447443
341284 136955
61832 253399
144363 12408
260311 328030
247812 100108
136928 482780
53824 82855
157221 314384
372695 48863
58551 346147
423185 258116
365212 205580
173954 75784
485857 353965
131222 335974
457 63973
223252 448325
88382 86376
102274 118217
100685 105617
22378 216053
156723 196564
370707 228600
290102 495990
285094 442929
217403 183704
58579 454074
140783 170445
306365 19129
7783 145897
97415 93798
9467 144436
388756 105305
30550 145523
318179 318699
295144 442918
148343 269466
173859 302951
202817 491780
357856 314975
491100 22409
210626 392647
239924 372315
403420 375467
441881 209666
458839 288937
386418 160434
390488 204015
389186 336373
391320 402004
171193 360530
35328 336458
329485 172105
351139 361384
266515 148153
127115 487909
447024 216189
11646 181101
73501 187949
117485 406323
97447 230927
322731 16510
31940 327537
442290 385436
237911 235806
171277 188306
127987 155086
142159 242935
128089 474235
184808 427508
448768 56998
461004 100347
166798 14226
112170 11318
128129 353834
397337 45342
201752 334801
305954 153241
336158 185377
139398 263324
249838 345021
489437 189794
244564 487774
98588 339868
424943 161031
276207 190412
128071 454906
65785 465977
101526 237552
183732 214633
456976 155045
307102 22799
76099 197278
151410 21788
216656 298250
40262 413568
3675 10563
49595 243318
307924 19931
442251 291553
25505 305575
388687 447028
224565 316425
407696 36198
326181 122447
74634 345793
406734 102403
111772 352074
413063 263478
115025 198869
338276 368190
279639 94079
70242 303209
376933 455972
407869 214682
55332 146134
365647 433035
264405 423962
435287 418268
87218 358941
107924 137227
216828 322121
163337 115677
225442 302390
466960 397651
492145 197376
396969 178439
152078 420577
154886 163522
203926 436840
367248 44747
440728 93664
119675 90803
346954 435307
328482 376692
358478 418139
26717 52453
481292 426265
310555 190157
311736 121184
236862 308568
170251 15811
320942 159643
309913 264929
10406 391064
44197 35734
364431 13521
216353 212473
315172 65120
181422 111993
472294 343495
151671 475729
357333 386365
179007 370368
245290 356667
134 117168
498376 437992
14200 470281
33778 58183
457949 303876
170462 295356
414651 189331
353127 109397
331670 454292
336010 360177
470451 259510
72545 412871
412770 411740
313171 125278
237412 292635
388900 478291
266414 130981
264751 70463
140536 458865
193860 28902
108422 125175
130257 55375
71900 116065
260809 276587
139595 351607
116182 239413
425818 490139
174131 495591
331882 497408
377024 348516
291942 461666
157876 384098
38589 484591
354094 339616
49917 159515
116868 20463
383858 86968
132639 100019
103118 426337
268806 328223
78692 474055
404196 218359
331237 41683
342392 156802
63316 313295
252271 468414
60567 358624
44517 397166
44390 26986
241144 75352
457101 346724
58121 132085
53944 184587
263854 82150
253578 138508
65909 370766
370655 230624
345653 269393
2169 63280
222411 382911
110425 310180
297329 250688
97107 210243
131181 476584
475373 90076
458508 353916
28330 364103
5436 497089
266568 262306
38124 452390
391233 339667
390998 464477
235905 297078
476064 174055
416960 393851
50031 39191
181369 29368
10634 193870
380509 149318
9936 204190
499162 336319
475121 348626
84308 272444
444736 311828
283108 308766
381533 201190
401377 111910
164079 432816
209833 298581
102584 456386
158727 200884
98057 274467
354478 83639
469762 158360
310455 462571
249653 401664
130698 27298
108062 491030
423475 390515
456090 398809
135766 47644
81949 107281
74510 494226
101019 1592
161020 419328
33480 123513
307422 58585
260035 254940
31769 236112
314093 282189
95299 490165
361568 321549
369314 116932
368176 394157
351950 233508
186435 5799
426462 411226
16936 48760
248747 422388
405419 207489
235673 299874
418341 190517
350819 100378
176491 16931
230268 127483
213326 77450
183897 339359
352502 431293
353644 459927
352576 386685
103204 209210
99934 467556
287693 77721
322712 387226
404534 326442
71419 6058
91434 190427
325085 488561
17099 413424
186954 176903
151562 185433
19451 465792
62794 400980
103096 48270
469659 366602
169964 265417
299184 420237
4319 274839
409840 73663
363394 450343
263506 198356
499848 345559
263166 145512
37425 290980
453108 305417
73431 741
73294 460734
213756 128783
402056 471732
188785 182090
246521 374046
187475 381650
379118 221427
109674 112378
294973 85908
227128 442646
398324 74347
250264 245692
189649 366935
238399 107062
237648 270166
423282 351578
283646 313379
324172 409404
406686 454692
81539 46968
24444 162786
290348 437123
271558 404477
443757 247548
110418 256224
106075 146526
472407 189089
104432 106538
383791 463506
178927 49384
231777 20121
448332 266961
190516 285257
237555 203516
148550 497353
280710 435287
69573 464589
354569 434755
251280 63562
55807 93757
151626 266780
49903 462501
31060 483336
260085 177400
254903 307317
16247 199410
57533 403631
476727 308736
106368 494757
342591 393619
336431 415606
344121 379858
186537 288643
415478 470176
386086 355406
193246 92236
134485 437740
106108 24502
224079 70068
20961 359942
378557 399605
299055 428996
242425 244439
110096 89894
339517 220041
279545 263432
310211 141080
238190 187184
24318 191191
488665 454955
21409 393143
97311 380124
24977 56125
367750 477201
74232 83801
93341 328924
123586 84168
377517 450895
368984 460073
5098 487808
470483 328480
172459 125062
349049 385382
35323 379221
275585 6568
425202 336975
114886 53897
385360 188357
207020 361290
280747 235330
280427 417437
453974 484347
161948 460995
316588 172571
420687 450066
219061 262465
201500 134287
337866 43157
419276 215174
315706 371164
185739 419733
149107 204915
32319 214305
25616 478574
347690 100432
189295 72544
29098 255402
380492 287277
293223 380082
7009 389603
141039 467834
273034 470770
100154 100863
21867 463191
322 147822
387440 493475
45717 332560
194343 24444
156978 313461
259925 420653
336491 181324
359354 416889
433427 439335
423072 356299
348567 237563
335640 411591
94994 70962
211901 471369
81654 108096
168143 402720
367389 470579
140444 262245
314175 157509
438212 171704
52171 486129
431477 64029
116448 161303
474065 497201
419353 178368
73363 408502
297544 488451
26534 178995
423033 236717
418689 478991
403403 449076
396119 297541
440385 151083
21756 135900
453776 493454
493543 200436
442877 231243
218480 328700
151203 488559
372059 196731
130262 335132
102457 402300
308444 250001
386928 302414
459838 226176
389344 42888
226222 234467
40628 300229
116759 12848
427443 282388
22552 258241
163425 240011
423102 258096
464845 405896
156504 246692
284145 211795
76245 323005
227480 437145
11888 300032
53326 328792
369317 127335
190838 248328
130859 257251
147449 139842
392951 237710
32327 31934
337990 170043
481735 490559
435136 184820
167617 200483
104358 415752
469878 152700
255718 68651
180858 231559
435072 209212
238711 31199
419014 375779
10322 367336
423710 109595
260753 360839
359540 282851
110403 72681
237227 218630
381670 267914
489010 437643
90364 223961
116131 496945
270302 16912
300828 251324
340463 347213
287313 76833
14688 431309
320865 170395
27721 469338
233488 235761
478369 212183
207673 357272
409076 449875
373285 365926
250170 49409
132353 197801
232002 223634
341823 226763
106963 260652
157578 467350
135862 273826
141636 356209
49432 139781
302465 228508
367417 166655
469208 427823
451966 397306
182144 54215
311240 130567
364027 354911
22465 332272
105813 450550
80250 487436
287266 358313
388447 368456
411371 5532
127844 240734
381766 319330
294613 391738
492812 309704
294202 172065
21738 474178
175597 36377
239723 9473
494757 305293
293115 443326
199170 405112
199600 232884
426717 497151
153790 83934
144560 463864
408080 309885
432346 464507
490157 362115
180888 109173
393864 335625
300515 173005
48819 498548
211698 331762
403874 350694
472852 385480
124939 297456
81074 90300
417648 182969
201302 460236
77331 423584
85556 460108
291080 214553
330228 164265
477268 469494
54586 328702
394777 128703
216583 452396
266809 239133
398682 48516
71413 232435
270877 123107
25847 146182
321858 85282
378827 129266
238698 308326
184536 23134
252657 428554
170930 328952
221237 400899
186510 58388
351993 353762
166308 247032
12710 20284
228849 201850
105191 145829
304664 413165
14673 214599
459144 185439
498544 464213
450128 108177
224760 283280
201720 196458
291956 179434
247643 104544
29117 189594
204649 189245
462906 194402
433621 325526
325183 6554
456270 65871
281612 188031
307360 133913
56422 372255
281330 244771
85280 428197
287985 147474
327810 233479
475906 43535
323244 213423
485096 481893
419320 164808
295125 252188
72605 117610
451616 175626
219874 340439
140200 97907
254718 372978
197652 28100
73415 136787
111169 60002
23936 112967
286974 236105
282597 195405
125957 337992
494447 383157
257985 273401
20670 466728
190324 134747
86904 271695
256905 137724
10278 1248
116510 330288
164453 240997
307117 199636
499226 49399
175093 22598
255126 247401
217877 205226
117728 320183
81096 57598
57358 259419
69808 391594
264572 160277
105577 402922
286817 364930
458592 10403
154486 292005
74545 494029
312744 318967
314431 345075
173711 159719
168526 104171
231208 2577
292276 35810
400435 241571
105824 176761
25111 10711
241009 187959
366188 137389
119331 192484
484346 405998
30510 76213
225085 474809
57196 493578
63889 489871
266109 223786
69566 205562
227080 326665
393225 395030
95755 198511
466891 161492
62396 72855
417876 54641
66283 339316
343709 200681
320229 61697
198169 381003
188052 245892
20674 431691
297088 436912
132834 48379
348195 115966
310164 492255
177628 470692
269109 170551
216945 162779
284774 486367
423489 60720
79894 272469
322743 136792
36197 494185
58775 263252
200928 339569
426671 22457
344180 398010
417242 447612
76476 77604
80304 105011
311808 191126
287564 61634
152764 80442
418867 17451
299848 425120
472765 495008
423009 388040
22819 169271
141928 120302
315176 114589
168009 404993
220956 202257
477108 215575
147448 469070
395257 246130
88500 277415
89612 380957
136606 454896
481388 453066
143150 335408
187210 478975
72010 300549
72599 218341
197257 489229
146734 141051
370050 359425
214569 272490
336754 267793
338993 283880
331022 55949
410412 156771
129000 331212
419207 106014
387541 31000
465564 85411
171999 498952
473422 348503
344183 170242
476224 235855
140004 400587
40790 198994
168416 16957
351898 96116
175678 467894
10174 227835
212217 357753
368788 234328
84362 304320
381657 340858
250124 15612
193518 430433
147263 424903
302301 267940
212008 316836
390194 240827
132808 88972
238910 399722
230107 495811
278030 308208
348280 424212
411992 66027
347618 459577
154662 85921
243312 436958
57958 395186
415636 194827
143225 218957
41993 253448
33839 323161
28315 376751
445384 253540
252130 402034
403146 278279
253327 60412
51784 183103
357886 164986
242623 116410
67474 286249
7330 197302
256144 22439
142075 255435
284329 109923
463633 484054
461220 119100
73475 236944
146777 314556
492953 278728
425285 292899
170903 352651
271092 42873
328072 147245
133218 307264
95455 25015
225520 373008
432718 177473
55480 256467
408216 13143
442658 214855
214158 34513
13899 244115
26578 442917
365537 373905
326662 416385
108361 63965
233390 196811
222062 476727
37516 362445
379864 103185
489455 496720
409713 81993
67870 191123
429265 367490
293406 430641
204923 170145
263803 70214
68776 488827
150411 63436
16410 463760
147328 321975
354986 91204
474555 40039
375207 303153
136678 324446
80665 434255
6772 98001
171172 296916
277578 437622
97580 366271
184222 175010
371095 393516
109078 182152
160386 323780
449969 293667
209563 350275
262332 480810
254190 104543
268564 348464
197356 21530
276217 404285
202454 111095
74443 81940
120504 437358
144057 101093
463026 54660
475052 400724
398190 141509
113358 479176
225626 34446
394863 115648
403999 233315
195245 468774
207903 110007
198104 26957
49258 178691
158558 423213
21291 13858
23895 425878
447083 267984
340594 98881
14963 275473
465616 199360
266299 380772
32003 374256
376931 366612
421349 235760
282378 46946
162193 454985
307973 424232
186751 243746
224171 1600
90467 354357
193913 99309
107339 47272
227199 96633
51859 151956
309471 371518
71774 221177
87558 343086
301113 463633
133286 452168
380184 51043
204144 460822
181082 35612
415947 236851
473038 90203
333887 324048
248944 28966
301019 31196
147875 115102
410480 146953
384453 302195
376189 265114
471228 350119
303912 76858
334874 248686
343191 264557
115145 410135
350249 499580
387699 481232
237686 336151
175931 220155
126889 355323
74508 103291
414022 260962
265269 435757
352471 9502
484444 448866
396649 488422
136085 337000
204574 172019
38428 171181
238920 21967
194100 93322
180112 350999
97057 456417
131978 358454
116971 281686
73010 157165
28299 160859
423931 274709
421696 152587
365600 461433
78416 115408
180451 483417
426887 361879
115105 392361
122222 15345
234031 387119
408189 453554
67505 96463
481653 151557
331184 65841
482142 448066
406814 489845
470100 283003
154123 424527
34909 447913
382172 100785
222443 466504
128414 32148
220926 211413
360849 166836
358882 64329
285326 293283
388544 11496
378524 410042
348795 265325
183534 75523
489921 363524
492834 264938
151760 120215
147666 79759
446321 323723
380738 273100
80109 376663
73965 350184
166802 354418
274901 183151
99299 361900
102433 26701
129645 468475
68355 244347
389218 127304
170056 148249
320330 260423
188739 210425
264245 279234
463774 406092
57782 357752
202516 167146
113817 98442
230390 351313
198902 113319
229612 292082
352923 450565
156175 243562
416364 63353
114058 110923
364627 121665
186711 180955
61765 310366
344567 415818
169072 256472
368489 233199
317421 234166
393882 27807
67975 421494
354240 298002
483147 433014
1698 87786
66693 27936
412936 384231
190017 372098
444920 468320
460295 490425
399865 431159
384068 428066
24564 34098
214235 19612
98785 23163
446681 261715
486968 368311
475555 44392
86543 69726
298871 263354
70951 328388
59935 250064
465917 383941
248761 122868
102791 371637
166047 155543
489387 356852
309567 10976
452427 458661
79230 46351
338742 214911
287732 182354
156605 23233
392868 11254
1076 339272
60192 142366
399989 284909
211509 354378
305238 198787
270706 31062
423428 343545
421790 189536
47882 355496
102123 168792
161802 95337
221685 302588
217215 419327
234620 8480
359149 483992
101563 372380
209288 252415
194503 248936
381801 411441
245911 419488
75688 133974
375773 111761
132775 56331
143578 171196
391789 129874
189569 384763
176053 138135
304409 58340
418069 395105
81698 456778
45216 495898
21094 481606
118521 5099
77611 328818
295066 364609
271658 47833
184450 487383
464453 322645
199553 108953
156610 308913
296124 226278
390493 198644
312016 105486
45622 456505
328842 419736
119060 449752
461379 183428
424599 122762
367798 305018
88050 473703
317524 356695
372295 209528
284509 265391
110454 408286
323233 28392
311174 387118
264770 18037
162423 477310
299767 41605
373805 459106
428319 397639
76577 295190
337612 483502
154563 207129
342492 231711
477332 425480
396928 394530
224740 324912
321603 356396
46058 322404
351602 148621
52730 365245
324036 408289
485433 403917
276141 173045
309421 78708
459799 142215
15382 458154
240482 432049
4710 236408
324548 213088
484329 293354
432677 234640
86935 165977
417777 213060
24970 464719
250209 3910
68565 291011
397798 366770
475553 74526
388770 215989
99957 291905
120508 340683
286853 246345
326217 27781
359365 101004
477184 463054
333799 493169
355127 134245
297928 166499
137796 394227
392051 394062
254480 235719
250233 1546
209836 37033
478311 39293
154793 466451
172507 54082
116111 428060
499995 111488
456942 446450
70139 249316
431966 332198
331155 404759
71733 152405
491728 2910
378233 477146
102859 17100
120660 110751
222259 363484
148612 294207
139301 312684
144355 225734
14552 166275
338183 135821
479500 336436
82175 102471
27061 444487
292641 192402
139749 83684
457163 413916
187297 255217
371569 329966
262101 177034
357565 196609
409511 314184
245454 355858
265653 171191
364676 172778
30463 317184
257767 13528
351573 263959
328414 113858
355039 287607
130823 173129
274957 370405
107401 226722
278699 198939
257094 40561
108783 423050
374726 7186
437350 368336
243096 301428
88628 442785
166987 102023
334361 209367
417867 49137
432362 341997
156889 416424
137052 198797
298338 349949
445400 168658
352006 24167
476582 326934
125078 436073
92219 69409
10620 427894
450283 414093
463288 148301
369420 121564
101327 71106
314488 172286
44228 341995
185600 234227
372341 32885
49432 416064
179755 54172
298146 279382
447286 151087
425384 162802
254054 361701
184967 278514
204441 369250
331417 242378
300623 109098
143590 130512
434661 187921
351430 322248
343558 69274
54728 180539
199715 387954
79542 291629
46571 480342
66647 379097
33150 302036
270796 69748
408442 281058
231993 17233
50451 27581
197083 6368
75483 365822
215953 470721
274544 178231
478253 81835
303163 63476
6316 289828
52333 352192
425060 31949
341075 241852
80589 422836
2337 429602
425224 394204
14685 171519
149246 44014
399273 110867
46222 11960
213212 429248
94567 198862
234335 403495
400476 403455
85115 312843
177087 127395
453583 78973
418352 283599
215718 31724
188325 320349
283310 289057
45443 222151
166828 305458
274063 388150
220281 473884
253830 29860
233303 352430
44015 128551
395730 194340
200974 14804
62256 471834
461564 23249
342205 67209
83911 213165
25377 235934
53872 331882
334367 371462
486443 284182
158071 475441
20754 253474
276328 311550
121064 219940
353641 310097
190894 319318
40919 124693
329163 151945
172701 362438
442359 210395
112711 181165
444598 401808
473848 422798
172173 203666
417428 431666
287592 120276
472178 314766
125539 478943
166400 12351
48582 251918
97069 67811
102676 317433
237119 466114
108078 184744
230590 364720
192835 166456
152533 347393
68755 13804
56654 455960
167753 294917
227267 397868
266392 97563
320025 170988
69362 416993
302576 44282
49231 235154
492982 311410
285974 322253
351232 229793
477157 480996
254021 139738
474378 470889
7076 302763
188891 367239
452822 406631
7663 338124
184819 125968
144109 240780
160724 230034
135779 212938
59878 194326
484977 186266
344013 227293
460216 122741
100485 322676
27655 242860
225013 482647
390688 271851
50540 20401
27206 123537
386713 302562
445972 418907
476592 404853
91914 494975
32024 126853
374208 489546
411514 215792
263951 192437
206921 294016
453069 91581
272439 177129
264280 96463
357087 108799
216084 394462
56013 255880
108823 51450
354724 399000
262654 175294
251852 310683
159031 223610
287588 237970
228213 231983
92342 290768
48133 166921
84187 353333
480868 474231
24764 484210
418357 321525
64154 365794
76104 256232
210375 337455
38456 59670
313218 385925
352812 30499
220684 54502
61873 193281
73357 218010
102080 344064
122960 284857
485486 14417
457287 199245
429977 189857
63165 281293
395645 458417
243932 358174
207472 46025
408515 423364
217934 361439
433517 396149
230673 411453
95721 189950
449909 496714
92207 297146
446661 71355
320910 172828
345621 174729
171697 165370
64590 489873
211352 148927
2294 151609
203741 107782
44644 479465
273718 240243
112305 119920
336626 132906
118611 125434
354506 250101
352809 273472
169677 39474
396238 222751
41367 361649
1641 107312
454480 289577
241580 393397
472843 68689
238760 96372
367222 348803
260153 143788
47898 98798
184388 327738
141204 404901
10168 15177
132162 443976
258505 33277
3749 281401
282754 324930
443614 15929
428950 251720
295668 215202
200018 465306
87406 201756
10602 463076
67306 166159
182799 164903
139703 104531
32859 191173
223302 198983
23224 499043
360182 495903
127261 372293
52770 345567
382080 72382
173438 65756
490959 480388
390058 147628
425627 83656
256120 159566
233238 354291
161905 430322
276946 287887
251686 222064
142543 371572
54785 494199
453639 376186
382814 251958
340177 235342
455959 193080
326066 202048
300665 218293
418924 309005
422494 350971
474341 483724
182277 395365
1552 217731
421036 470637
199001 221996
159866 24291
144701 442952
476584 234186
281668 340243
244302 68858
452159 306206
367444 304257
454271 51888
68459 290259
3069 377751
195547 11745
336330 212614
217888 223057
281886 110849
370810 331245
314797 460460
388987 72776
340213 307741
330896 349560
408980 41815
150745 256925
140168 36352
244428 83108
288076 259268
411933 316602
480274 471213
253006 361991
320387 316072
311207 384423
371233 305208
347146 193737
15148 199419
10011 301949
468164 204401
140843 421268
465418 286132
371788 88401
252582 383767
355318 396470
147204 77580
104186 82289
242377 182526
86407 424967
397020 87565
385546 215600
128892 333194
282041 461044
129005 50849
228646 329512
292298 73686
209970 233996
292467 24019
97200 17034
232812 179340
1491 284954
421701 124960
121189 202053
285569 466672
452390 121856
150942 263400
354566 164906
439655 216170
292136 430803
447800 273972
198691 469059
108590 251568
103169 380615
362481 111762
158114 246494
374537 54295
109505 459843
163999 287422
457463 444935
452996 85321
397178 362507
187348 317963
201610 253974
50022 65141
141972 377952
329131 225696
124404 21570
308750 461142
18179 474094
378234 259160
155756 457427
77238 296408
455490 210645
359740 227934
399769 474972
295727 277363
334151 137152
246337 496272
134999 115978
397257 149491
172550 86683
333300 400775
344923 431346
100822 53157
113511 298565
83185 468742
476404 79305
220941 31376
229671 487442
358289 2769
415938 133138
90108 441199
87394 117732
49428 452466
229720 346334
263215 58751
41898 394669
262178 295269
418015 22832
409280 374111
30630 109287
216225 360090
1576 311914
111263 403824
219079 240652
110582 227284
488376 180594
9335 390239
228256 104731
151527 141784
76009 80190
197269 386963
441599 313940
13150 186635
435057 335326
347165 2618
152511 108769
467075 206753
374772 375031
309158 119743
304110 259787
455388 155389
389876 351449
344990 439493
198967 325004
63250 170327
93692 440244
99365 257835
41688 433275
413569 382238
492837 151427
114359 414678
308429 275536
488865 19750
485766 427785
54725 329522
61584 131795
147393 293550
331292 207366
14408 87098
432495 427169
205451 11517
466922 207783
