1000 1000
347 192
427 432
15 364
4 340
305 442
121 345
122 208
124 119
34 361
345 352
288 63
58 197
220 394
22 268
239 308
364 491
399 35
83 179
318 439
120 6
152 419
39 76
34 92
333 225
132 143
233 316
439 188
190 9
243 152
276 66
228 187
209 471
71 182
175 344
374 167
470 420
38 108
317 120
371 319
120 480
10 262
499 62
130 182
279 109
398 149
430 426
28 148
55 115
240 286
23 262
60 330
18 272
458 180
490 137
71 157
93 269
405 58
51 340
16 362
386 265
494 488
488 29
169 375
74 77
258 440
279 377
491 221
84 293
5 340
256 475
21 13
93 10
356 429
140 407
164 499
188 334
256 258
229 122
322 72
257 278
68 315
356 250
8 309
390 111
402 397
492 253
318 332
144 82
417 144
10 458
493 23
44 297
440 154
310 357
361 354
352 424
456 442
340 191
108 148
366 29
161 158
14 274
331 191
458 234
347 132
266 186
56 499
149 132
257 37
23 310
268 285
78 54
423 486
3 478
163 54
410 483
165 235
52 229
47 215
272 373
12 325
28 9
169 109
230 171
85 87
88 131
50 127
196 211
274 257
363 124
266 456
213 118
63 204
116 407
10 466
138 88
221 244
131 73
487 26
161 359
170 222
172 24
304 105
436 402
446 141
380 97
111 262
7 319
427 492
302 253
332 70
461 127
155 281
174 27
278 273
352 168
440 420
390 37
435 380
426 267
76 279
397 176
14 461
288 398
175 206
79 307
439 473
487 142
407 197
130 162
157 167
220 459
102 416
62 76
275 244
358 278
207 207
100 119
129 123
158 105
263 24
352 358
158 321
257 29
173 452
202 257
357 485
236 350
114 314
27 339
358 197
97 427
495 242
373 396
464 109
1 210
289 184
149 323
367 352
71 369
99 472
166 183
102 110
215 494
168 451
496 477
441 95
139 277
437 184
405 264
293 182
417 409
105 181
343 290
150 307
215 309
298 410
52 231
469 24
490 181
155 105
226 220
245 280
351 73
397 152
133 121
475 349
480 42
295 355
139 341
116 137
214 95
419 332
88 385
123 314
293 163
445 329
41 235
389 68
161 93
209 173
318 244
265 308
82 236
209 226
489 369
429 462
327 283
301 129
302 187
403 330
362 296
480 469
269 438
24 268
57 459
67 26
451 266
426 393
346 404
87 184
488 364
32 329
273 136
70 21
53 33
105 14
73 196
180 163
251 282
9 47
259 318
393 497
438 42
336 425
270 214
24 203
16 21
99 54
172 116
366 220
393 492
412 244
231 374
90 471
148 430
458 377
144 16
178 219
41 207
280 190
464 265
53 117
391 439
139 86
139 424
41 377
243 335
140 412
45 347
25 425
261 430
38 8
45 179
477 371
88 350
66 193
277 457
259 201
76 380
180 255
480 38
196 91
445 499
398 282
258 306
227 478
410 22
291 171
151 135
369 225
364 143
283 243
342 309
154 140
347 360
327 93
151 63
238 355
362 185
461 35
193 128
312 83
151 11
427 166
152 304
454 183
330 105
74 162
9 439
439 168
410 9
451 404
363 383
2 18
469 2
132 347
364 57
426 9
190 324
234 234
343 365
74 31
95 163
456 122
272 86
282 407
333 466
403 485
427 240
282 23
54 493
103 47
358 286
11 254
22 71
55 27
302 392
159 89
208 70
3 177
59 151
23 72
98 77
102 395
64 463
118 254
230 44
128 387
340 417
376 378
453 373
323 174
323 423
109 330
323 16
58 50
221 80
251 93
108 156
312 369
212 341
148 355
6 389
151 44
229 474
393 285
123 21
452 47
427 420
438 327
429 187
227 319
133 284
2 459
100 303
83 456
349 364
34 363
133 187
314 133
169 36
199 409
475 9
468 365
370 313
268 333
25 170
395 51
76 232
455 332
213 78
113 117
159 215
500 402
349 494
348 493
1 496
498 232
137 203
277 135
365 236
216 133
251 261
14 219
391 69
48 71
382 169
56 471
467 268
40 92
261 145
343 393
457 395
94 430
491 324
248 240
136 205
313 273
149 422
175 3
33 235
197 98
89 227
381 376
23 417
44 445
10 134
121 59
172 69
164 215
70 227
485 109
203 69
380 368
428 425
324 164
444 453
23 245
316 207
313 177
16 156
332 255
442 397
384 256
403 335
257 256
177 308
151 377
494 445
144 41
479 485
116 44
282 30
182 128
196 166
401 33
244 381
379 71
35 358
375 382
37 454
352 315
185 328
166 386
137 415
64 199
268 421
483 345
38 206
220 184
382 7
207 358
285 118
139 108
130 127
496 209
43 115
446 326
291 63
333 215
150 46
252 6
25 316
381 50
301 81
414 146
115 107
92 70
242 25
264 47
494 107
423 374
467 62
404 27
426 184
184 318
340 454
71 46
49 239
476 288
291 404
128 440
124 81
140 254
347 258
130 27
93 275
149 350
262 36
62 24
337 69
86 489
114 489
320 206
17 343
383 85
464 477
390 388
76 492
210 362
167 133
292 198
486 10
163 46
333 7
458 495
174 72
129 53
500 224
309 435
461 245
237 85
146 245
59 370
14 19
219 101
426 451
317 224
265 52
481 4
185 255
198 375
401 275
397 215
128 299
107 438
388 92
238 282
186 203
105 338
416 169
143 86
490 180
419 170
426 307
228 416
485 278
236 114
164 47
209 83
271 275
325 26
432 61
226 472
395 499
409 213
349 378
162 187
104 481
66 497
35 89
485 462
437 6
418 427
264 372
405 176
228 493
497 109
261 166
313 255
487 253
462 80
373 150
162 121
280 68
250 342
159 168
423 494
456 56
183 152
438 334
84 101
174 17
410 88
292 189
260 377
207 67
485 225
63 37
163 40
8 179
408 234
369 31
424 368
217 129
376 36
37 221
464 396
143 207
370 458
342 448
257 6
162 104
125 103
54 14
360 62
6 73
489 26
198 466
399 352
314 463
22 437
28 234
175 197
114 453
391 75
59 349
349 365
416 239
425 151
438 399
421 29
165 395
94 250
177 24
252 7
415 25
91 341
68 455
51 249
292 429
92 309
361 497
465 488
449 360
476 30
330 260
124 129
108 265
24 320
384 188
200 154
169 447
473 193
216 128
52 354
353 26
393 407
302 90
352 17
425 101
214 396
51 337
334 103
134 390
359 167
115 37
467 109
165 189
338 246
436 110
95 404
165 228
431 186
116 230
150 24
264 488
143 27
422 18
453 420
175 200
375 140
490 347
121 27
457 455
116 427
203 194
85 113
8 369
426 168
102 370
454 331
10 235
236 66
306 274
398 146
266 212
44 176
389 442
236 454
5 446
441 123
188 388
430 199
141 485
165 5
309 86
205 322
134 220
228 113
352 370
62 467
359 302
188 343
183 22
316 369
479 259
287 457
499 411
135 121
161 134
207 75
403 158
182 328
417 332
155 162
427 434
383 249
130 240
451 464
389 132
301 324
42 254
421 488
88 430
249 26
362 469
187 333
396 28
402 435
107 407
119 202
416 381
395 375
407 340
83 125
54 256
84 414
382 475
388 10
362 122
441 412
407 73
46 354
314 8
90 321
333 175
380 148
83 161
11 441
343 85
36 257
386 308
261 168
366 144
172 289
35 421
206 202
48 136
295 171
149 322
343 354
61 96
235 118
421 165
386 492
137 50
217 54
277 464
364 191
475 303
219 398
370 325
352 135
485 74
278 215
135 471
287 364
239 121
335 66
229 49
173 27
292 468
382 279
80 312
176 488
214 451
363 383
48 59
267 97
187 63
156 342
253 41
221 401
132 402
493 150
417 363
485 302
399 308
323 164
317 187
293 500
368 283
25 155
205 326
83 452
312 109
213 4
495 267
444 26
187 440
263 113
329 215
54 418
374 345
157 46
36 228
345 130
395 500
113 285
240 149
400 492
233 59
30 247
241 78
83 63
5 486
350 426
199 313
390 75
404 347
67 218
128 133
123 424
242 59
165 257
234 443
308 34
330 196
479 50
40 442
396 394
219 359
478 211
187 247
295 382
466 298
85 354
380 92
207 159
76 137
260 289
419 432
212 415
350 62
161 199
332 74
172 313
249 67
320 149
360 62
297 57
52 80
371 80
125 236
166 366
148 421
489 137
275 260
152 26
208 165
60 298
301 315
259 279
484 188
162 236
101 383
126 21
276 326
283 390
358 456
381 301
302 280
327 320
263 431
496 402
282 451
462 72
46 175
327 379
301 328
382 133
377 333
290 68
473 350
213 261
445 66
357 64
441 246
136 465
360 234
127 330
372 9
102 385
71 493
407 447
235 19
294 455
496 41
302 308
73 457
326 317
255 471
346 112
76 134
36 118
348 473
35 236
135 416
46 355
154 53
120 215
397 418
414 48
97 28
310 425
108 36
171 488
101 49
196 144
332 10
325 320
456 321
404 359
448 499
448 330
388 45
23 219
198 303
117 476
249 403
91 365
216 9
150 161
100 344
270 429
13 417
476 328
237 380
227 142
385 368
18 36
11 366
72 45
148 17
109 144
437 186
334 320
368 495
