100000 2000
38357 10793
13223 14658
18987 5243
775 47305
1553 3730
4029 23332
39828 18087
16564 9301
45454 4899
37155 44809
45939 49661
41157 15118
44904 47120
23050 25362
16652 38292
4207 43366
15610 1160
8691 23040
44638 29824
49566 8635
44086 25317
3016 9520
40438 30321
36520 35161
49162 7856
11920 26106
3926 45069
16564 27929
13420 36697
28820 39322
18429 13094
24529 2622
10431 18341
49338 46858
46248 21280
34567 32248
13293 27324
20492 40480
23611 23728
26409 49917
29315 36223
35015 24237
35819 24104
12256 36824
32868 5518
893 25057
1895 35078
44314 49758
29267 41881
40253 9068
42870 1759
43000 29990
44803 9898
46819 43160
47370 46710
30390 16363
11100 49673
48815 12764
44975 47897
38827 1584
6068 13209
1262 8407
4570 25081
10704 13479
29935 28663
19963 31087
11178 49754
30808 47057
26671 45577
49125 19923
24435 10795
8116 17183
40419 7089
30513 30275
20345 23053
24315 18881
11591 26392
8729 5774
24728 24221
10049 24600
7717 22843
8375 33727
41545 16187
33189 11928
4822 5054
9836 48726
32140 35832
16128 9015
17743 38253
34158 43792
10895 6021
19594 17975
7482 4833
43434 16703
15267 24652
38219 12115
46473 2331
12876 32644
37349 4811
28347 45961
14083 48140
22459 17178
32640 14929
9931 22012
43913 42731
24719 16218
44051 45819
45604 32122
44871 47849
9509 13497
22658 36977
15537 42956
20318 11781
41900 41765
8002 23067
31987 40132
2708 47720
9105 27047
3723 24448
20799 49796
30182 15827
11046 13051
35969 17802
27844 14119
5100 32308
47976 24486
30968 5474
38026 43693
5611 13590
46238 34746
19548 13712
23551 14537
24169 29554
32442 46194
15005 11862
14166 35767
27885 1799
7642 23263
26602 47192
9273 12739
36776 30054
23574 28381
18428 8772
43320 31367
27702 49634
40638 31006
1185 5332
26094 31674
24241 4187
3471 35153
3689 31349
686 9755
32292 14587
16882 29329
6983 45641
956 44469
6671 5202
24086 40863
37367 47150
33436 48478
44402 10487
26306 33974
30743 37520
26240 32700
8808 23699
27920 42906
35519 23450
29982 19345
22223 17727
3027 25923
77 22732
39846 33762
45485 27723
4343 1725
16787 19871
35502 19097
14202 48231
43235 21984
40402 33134
15382 15862
8665 29071
6419 49378
22016 15800
25606 5302
6455 35095
14149 36397
8658 4749
2240 39718
47363 27318
7399 34149
47416 45202
37608 40229
7604 31071
22619 30877
32995 45076
25878 49973
30557 251
11630 47734
18086 28995
46360 20710
23382 34168
40449 37198
42945 39119
25744 7235
22031 47610
8490 3744
12425 19977
3492 49021
9578 48214
40769 25728
35931 23724
1144 3765
2807 45166
25705 28217
7292 15627
5753 20917
40707 37662
9384 38726
46276 48453
38683 39910
37010 37775
40929 31724
8677 29126
44742 24162
30452 18302
1147 789
49300 25528
14588 2377
31498 11354
14701 16122
18653 37794
44696 29733
33763 11243
45228 35104
7563 12847
41419 46457
36067 46674
31618 21176
7025 34285
8171 8344
22535 37575
18528 35998
40483 46879
27856 24580
17821 37896
13002 12892
30902 29040
5789 14499
10432 16158
14115 18734
11594 4759
32844 24047
32167 20770
8545 25107
29839 24167
18072 33868
47803 43488
7702 9770
33778 45575
20869 21950
18107 14553
4408 4559
341 36463
19939 25668
20608 45976
7404 24475
10305 18194
20467 366
11192 8211
37472 44474
31472 18464
539 13044
18739 96
9047 3594
19911 31046
19099 16793
30258 35765
34214 46293
20502 33275
46682 8559
27246 31880
11438 39504
42277 44630
16025 2154
716 12709
16818 34152
31014 30445
42130 20968
43683 19753
38516 43270
18139 31950
43863 12114
6606 8753
21504 39463
34438 32782
49730 23575
34186 37590
16110 19359
31030 36192
47709 19464
12642 33489
19630 27881
266 32105
27827 25638
42085 41939
19060 22857
41850 10287
7465 6364
27295 44080
149 23582
48995 39047
32971 32316
34230 34615
39413 28361
8135 6194
48039 49510
5927 46824
22945 31333
42370 48270
39171 18881
27714 47357
42579 30519
26332 10740
7127 47078
38839 23544
35572 47468
10312 18902
25555 37076
35253 12425
10827 40066
3829 38501
33400 48948
21410 16299
17701 40202
2841 33188
10166 685
46183 5003
991 24180
12353 9234
18993 19752
30599 47162
38305 10885
15683 39788
41781 44459
33153 9818
31754 16798
30462 33123
7215 14032
6482 46011
35701 14369
25541 37163
48646 25165
34740 2862
35847 24339
1432 38766
33595 41108
46044 3447
408 28294
24011 39430
32727 46064
10015 38710
46682 6522
5189 34481
40055 4728
4684 1918
29835 46474
43745 21126
49546 44111
27601 3093
22227 6684
3876 36246
22743 5188
28733 30659
34775 9069
45615 42199
46400 19984
47477 1741
47452 45591
906 33853
37427 13401
21992 30677
25898 29006
11931 42264
13704 25434
27987 1022
30589 30706
45384 46546
12209 10319
510 37941
22389 32600
45296 29882
48411 32744
24915 11273
33750 34994
20223 13170
19609 40477
12230 28923
32880 16942
953 15242
37276 41807
30496 33952
15161 28949
39714 31032
31965 44271
23932 36103
24888 1510
21070 17735
27040 27003
48331 22392
17973 38248
12130 3087
2829 35785
18671 37139
48514 29124
48345 6034
46874 35994
28956 5230
35488 25176
37677 14171
45398 23725
19984 34299
33363 20085
5408 35984
40880 35521
346 22091
20522 43667
45018 30567
4184 24351
8819 21757
23062 30618
17097 1159
22525 29742
48521 5805
1755 15835
20501 4331
14487 15776
37899 5209
49579 41466
36038 36077
36195 32544
28509 29804
22173 12036
6999 12616
14000 1408
25431 46245
30840 44560
22821 24231
16114 42622
40195 9328
38646 38186
47558 3364
44669 12540
22676 48210
910 12899
38024 37662
24888 21100
11022 916
24265 3987
813 13320
39805 42917
28270 44864
15738 18978
37675 47405
4885 9474
45200 29880
48589 9654
47206 47210
22861 5396
26209 46862
43763 13073
44013 17166
14586 27420
46967 16833
394 21438
41838 47342
15100 13485
19628 4252
28456 44397
29274 42373
49962 9058
31150 9351
37892 17306
13053 42724
43783 34063
11532 30507
35923 14984
30611 40391
45603 7216
57 9218
26112 18813
26544 18204
16818 37693
16073 34025
47492 31525
21459 8393
35058 497
7926 8898
13602 13132
30943 8887
47467 22428
19159 38807
15101 15847
9934 22202
26396 40656
8991 44672
37654 38994
22623 48881
1437 21959
41257 22607
23611 16825
15562 27456
8509 15969
22895 45626
30097 13675
32779 3402
22869 8821
22662 11681
5484 37519
2909 40673
1922 13645
28338 4271
27288 18027
3944 48699
9448 4153
19752 35042
29125 15504
31865 42103
387 47024
26018 11550
28783 39222
7747 6961
35307 31235
9253 13175
18597 3316
27482 34189
40033 39164
33440 37897
21930 31766
45137 35657
2913 31712
14953 11115
43392 21227
3108 30098
12007 42319
31614 36734
7697 42429
40308 15114
333 8011
42420 42894
33054 49929
49719 36695
23391 38673
37219 22719
7285 1600
20242 4570
18456 30565
37070 25097
16400 3238
43180 41151
28174 16697
23104 10496
32320 20099
10580 3051
1663 43481
643 33549
43333 18384
29484 12097
22413 7885
36017 14133
11809 34606
24053 14778
18237 39567
16577 26428
19441 31558
26580 41830
14817 4665
20564 43944
865 36102
34542 2732
23804 17228
45922 18798
29846 14137
36691 1029
32799 49934
18758 19672
5181 683
17133 21574
28036 15312
31759 46040
20849 15581
7918 48113
36766 4156
34100 42848
39853 12408
45765 7691
38242 18056
35761 22681
32972 6139
49410 2053
49783 45876
17781 4049
17864 27817
10833 19911
10322 34913
29493 23660
33322 1949
24080 33186
9602 9741
5693 18388
39776 48059
541 39211
2716 44448
39059 21305
20602 12265
19718 44525
4104 46421
25256 9497
3639 18873
18608 31626
30438 13807
43544 48383
42426 19402
25753 43135
11224 44932
29642 8102
41656 26196
26987 34413
45710 16387
34489 34792
25852 14399
26317 14239
27737 17115
5733 26395
11457 10477
779 29596
43133 2864
41871 11054
41678 32060
39958 43255
34553 36091
28410 44970
37449 31215
9224 47010
37847 30025
49443 34229
33867 17127
35222 23638
31257 37939
431 48815
5480 40081
38099 35510
23234 13915
29860 35952
43873 32044
114 2785
18910 15807
1502 47757
3732 35461
9728 13410
45607 20809
48382 22836
6209 44013
30225 28100
5734 34131
43156 25636
1899 11123
43407 49272
39099 5730
28437 42911
43889 13587
1799 13303
4554 20877
41540 24960
7589 33799
8636 48170
46319 45551
31156 45006
10218 16683
12700 45880
41386 23245
18605 11506
11591 3834
33504 8030
15032 12705
17975 24716
3947 33163
40602 2935
8612 16958
19062 4571
18876 694
32382 30706
2212 25824
7987 3684
29637 34516
39559 44732
49388 47066
48024 2221
17089 48534
19707 11319
39383 25562
43455 42744
18569 30715
33569 19431
25947 11255
18762 27355
22046 7331
6378 992
26599 2844
35824 49074
43664 26198
5736 45693
48490 44872
43048 45978
41689 14717
14923 13647
1841 207
29688 36248
35478 47994
8002 28255
14132 46596
44503 26747
9261 22258
16492 975
30429 17831
34027 20823
12315 23758
12617 31347
29064 37119
19491 14947
32250 31531
13636 43240
24444 3265
11857 43019
38688 11794
42390 4561
30523 21105
26802 19457
18424 37518
27243 13183
8585 19956
36536 49999
48367 40334
45169 43651
32728 31410
15366 29132
42274 26121
1665 12248
35075 33266
38821 11457
49253 31327
11745 49209
3455 5361
42450 24427
31187 47340
8851 48324
18190 2848
44321 30998
47886 24140
29885 38377
27509 27176
39572 35162
34474 42570
30285 26026
30822 45143
31123 6296
12543 46782
6143 486
7840 17007
7474 2459
10568 30901
34805 7486
18110 6893
40294 30658
32669 49898
23674 5471
34756 40200
12277 12694
17646 30191
21748 47693
9772 3295
43764 12816
1490 36846
9162 46766
25746 29559
44926 2306
20868 19610
23783 2749
18563 30017
6925 28967
14458 40123
22247 19794
3583 47405
30769 35814
46863 14498
20561 36019
22578 49213
13074 19378
38013 29106
35953 4054
4448 15346
2771 19299
49788 20681
47704 15616
28531 22444
15270 24703
10089 4708
18829 16819
34036 19918
38763 35532
19672 17172
26380 27657
2658 10922
7549 3008
40073 9271
49942 33951
32804 24808
7314 18272
35995 9639
32990 25754
3958 21541
11336 6112
34303 33055
21180 17621
11036 28563
14595 9707
2988 8185
28366 39517
1716 11488
24841 19553
14198 2456
42779 25973
9965 37845
5626 7742
4679 32935
25751 43889
1787 4912
10319 3276
15190 22251
41398 47913
17997 9981
17374 36759
48225 43270
6143 22410
4898 36554
6671 4143
42236 23428
26089 20230
41326 29534
35740 25304
47602 28058
26030 26557
44861 27258
36536 19811
12551 14360
15153 29762
26708 14826
30692 15811
22806 35446
45091 13001
16279 11808
47868 2895
45621 22173
42047 29001
46953 46463
439 40583
48176 36555
25920 5905
40875 17306
9680 24321
17737 48030
37979 28685
39691 2476
47160 17905
41160 40954
35962 22015
36674 28641
7133 15885
15436 3278
14320 49914
23582 35052
48930 44192
31620 19274
42387 33515
12303 8930
1709 15869
7319 28666
29114 18770
17869 28049
23134 4612
39248 25423
42278 7093
21497 37536
32960 2841
23582 2021
39956 20245
29266 32436
28799 20847
21268 9055
43736 17875
12787 48765
27388 35401
10077 22697
2795 21092
5826 1963
3282 39303
49626 38602
45851 27066
35639 4386
38403 11216
23520 38682
6619 7066
36057 40397
33951 2498
13402 23043
20999 44462
41073 9328
40058 12309
7038 18474
15432 39209
27568 24031
44527 31921
22464 34536
10278 28989
30893 30532
33934 38565
9560 24586
37070 18157
46947 21444
778 42717
21150 25231
37903 21627
49168 38783
28470 4170
37888 30671
21040 18441
4566 10485
43133 3753
8954 16601
42191 22487
26295 8930
29041 2959
22043 12163
42642 20052
4426 9262
26106 17218
26631 859
12080 23568
18997 5837
23720 5676
32510 26054
12307 9574
15059 18658
10643 1198
40418 31461
21201 7655
39932 20166
30957 11942
16706 30493
39100 24204
4132 13149
6338 10818
32179 31371
17606 4883
32049 38882
6691 10434
47815 21703
13150 43112
34013 41555
16321 16371
33900 36636
48787 42921
44 13307
28158 4585
24059 48210
31618 46523
1329 35486
49877 28485
46430 22524
49100 6671
25432 41009
21980 40443
43917 46228
45255 29791
41811 35538
6452 3265
10295 27281
35392 20738
1297 22963
2015 8277
39482 14548
6504 43027
23705 45869
39877 13531
44180 41569
30482 12668
49196 42165
4044 43166
26701 38367
11854 13309
43891 39451
6984 1493
19928 31611
33000 11962
22901 34937
22255 23077
33338 18662
24040 27872
4895 18595
13889 9016
5430 43834
22535 13378
23668 2371
6469 26627
44806 35663
3439 8428
34488 37930
41586 34977
11888 13376
47023 13410
14941 3230
29728 14360
22454 15413
8173 29416
42908 33978
42629 25199
5773 49626
6311 7349
27531 39011
27334 44811
1385 41645
35428 48299
42546 10707
20180 11498
43622 17709
11904 18656
42473 32637
45635 18797
5894 19162
15127 14362
42991 332
42008 45970
23480 20899
2968 17899
16384 40946
14544 38789
1763 32713
25430 44443
34201 36368
49894 3988
25638 46085
44278 5122
24416 513
31408 12720
20154 29709
5907 10705
11526 40092
19653 12016
48593 45172
44871 17458
31077 44184
29006 36433
7282 6567
10564 27494
25638 22793
9916 21818
2925 27074
34248 46264
19004 33475
15410 227
20545 30578
2183 37694
37594 38770
9097 3124
10503 15655
46488 22403
26289 39726
18751 23822
15310 20436
3427 19290
12840 34087
49477 25966
22749 43576
43650 4164
22728 27774
14573 35556
21548 35678
17527 48757
36656 18478
39038 5222
24065 20741
8609 31516
10790 3649
37775 41022
9696 12967
34096 16122
38730 33641
27407 16342
15408 9831
38618 48314
48465 41073
48106 45562
32921 6628
8509 9523
8132 13186
36196 4431
25583 2550
2451 33610
31503 26868
31027 17409
26095 20113
39402 36580
29936 18206
22959 16924
8866 11819
29401 13523
45751 2377
43113 10100
46340 45775
28661 49145
38335 25204
19307 46445
3007 10319
5677 34925
28178 26099
36819 14936
17483 28397
20556 10572
9078 367
9676 20166
13001 20180
11196 18780
25818 29469
22049 2436
49460 38522
16736 17074
30705 45884
47985 18630
26237 28976
31203 30241
38616 47206
1966 3943
42022 7044
33206 28195
23306 48806
5289 30885
49210 18520
24512 15566
43153 14388
34241 33639
43744 48298
9862 12960
34192 4738
49649 31355
26468 21413
20283 45288
15899 10806
22277 33024
48453 49686
49709 46968
6810 12118
32725 15144
1095 37752
49370 13616
43914 10077
45139 27557
16278 26436
29058 13423
42448 12876
18923 3994
25658 38334
16384 10985
42518 31549
7411 11223
28554 32368
5935 32136
10807 11148
21579 14787
12863 42837
1445 42874
11353 15987
22345 10393
45500 31086
7848 17054
26754 20876
28720 37690
41978 6310
2814 35690
9716 44060
17650 23059
45624 11044
23791 25882
18516 27668
15847 49781
18557 49870
47896 3235
34070 26218
39905 28381
21007 49766
49280 2243
31644 10888
7005 26267
30632 19776
27662 17415
7147 30654
25006 44703
20659 29701
1291 23489
2622 10972
3756 27940
5645 26181
3661 35393
2215 23864
12987 3367
39417 7544
48155 3780
12678 27123
1364 36915
15443 31533
32580 25199
48190 19220
5399 11233
19931 7656
11357 3971
41066 31808
29656 47020
7418 40141
37242 21396
48438 21806
34233 26060
18046 45591
31507 9485
41675 41767
35474 41316
16416 3726
25703 29055
8964 48841
10903 15292
33141 34735
14833 38421
5739 39841
41220 32334
28472 2937
16354 46500
49613 11067
25312 24870
47303 35153
1424 13783
42026 7400
12999 22334
1380 23611
46557 33507
13946 6995
2618 10524
41372 17792
43230 46781
36531 3970
33263 37171
2998 47453
43984 13354
40192 32604
32020 33119
32288 25910
37911 39290
32958 47024
30848 17968
44625 33958
25005 10223
17670 500
31674 27675
9186 21272
17296 37826
18419 35609
48683 20066
5263 11252
47561 28495
35875 2919
18891 33818
43143 43922
31359 27612
28321 5703
40934 17409
15074 1785
18474 16366
31923 388
36079 38317
28922 29946
45691 34783
40865 5707
37727 20028
7705 33643
21458 28834
36077 2500
9495 14102
10793 44859
40238 30956
15134 19853
40203 43418
2635 20862
7911 32850
17404 45694
14506 28777
18582 13685
1988 43339
7416 5139
30397 5721
27915 23817
33941 47414
3376 19679
44025 2157
25566 36409
29984 13432
19356 46994
26695 15630
14539 1943
22315 41572
11251 22155
25761 22974
12137 39453
11268 21199
46565 5437
23195 33900
20972 44918
3075 30241
19724 43992
10622 47705
39464 32116
21284 30577
39980 45620
17159 5518
24798 46347
37745 43792
34629 44188
41369 45870
22210 37542
22537 49507
32109 45160
35929 42727
47228 13475
20720 12663
36362 481
25849 42330
20036 23533
37244 39289
35283 19858
46773 17661
21590 22061
38452 36461
33464 24054
14921 38772
35946 49113
24856 30424
29787 9360
21174 47317
44080 47724
33138 49985
14183 10249
13220 48208
1355 930
36728 5066
37101 7090
27901 6060
36375 48463
39522 46341
8339 21193
41472 44351
14433 49522
34707 32220
47809 12728
6964 49528
33399 26634
36423 39802
19136 42977
35329 20883
11986 19955
5396 19237
17334 20437
45327 16502
9913 21066
49560 30979
23400 47753
41942 21618
24681 17416
45704 23316
44108 35320
3324 3815
41239 19227
16479 14884
32306 4493
11095 2736
45959 3501
203 26395
45025 47591
6971 21813
46578 23951
30439 25381
12936 37971
38745 29315
36986 40454
41289 10665
41668 32824
41568 32707
23961 15759
42467 5400
49807 6435
44233 35769
9513 5674
30287 17596
26212 2519
24360 29750
14768 25656
41619 41521
29180 14298
11517 13969
29000 49043
45714 34355
3575 10826
19415 33903
49433 30430
22222 27852
38106 12122
6070 13546
12981 28949
40219 8201
22049 42530
32623 18962
4450 13417
24720 36110
33980 17222
32654 10572
5619 35280
976 19685
24694 22582
33490 46997
20964 5842
4346 7842
5468 30827
1151 31001
43121 32954
22279 30686
74 42323
16301 1311
41066 43258
35982 6153
46062 39071
46466 25527
480 3434
395 9431
42097 35312
14982 10909
33889 3495
19229 38314
37623 38467
45371 27391
22363 24812
40654 42396
12250 42754
32541 40048
38018 14311
15147 19751
33570 15348
6214 20327
29260 24002
48716 12033
2134 17111
16277 42350
22984 15408
15958 11883
35517 17746
37574 23786
42026 38181
38802 18045
13157 40566
12131 13446
2582 43676
41109 35404
24445 23104
30131 43322
19078 49791
33123 36635
7232 9531
17854 39289
13973 28873
48101 37220
35055 37942
25274 26959
10043 48152
15715 40533
49152 45489
19032 40039
1808 8957
16899 8966
36077 30718
15322 17054
37313 14340
44197 20706
29540 47767
24862 8640
47091 16113
378 34455
8675 3978
5516 14832
31072 23
3020 20495
15038 35972
12397 6580
14311 31703
8768 10083
48291 22496
30484 15529
6146 49991
3803 28214
33864 18001
16172 33278
11534 33790
35775 28525
3145 36692
36567 16338
10414 47681
5646 18356
13344 38260
6346 21144
19315 19778
37247 24305
21803 26009
43303 37217
2266 5702
31675 33303
1601 14732
49177 832
34674 6817
47755 4706
14865 35614
5162 48944
33495 23859
1956 2036
47748 46996
1737 21020
34309 22769
16164 44209
28545 32145
46833 8848
3831 24326
48533 10549
45608 39972
47034 8545
7625 7891
23322 27965
18671 21090
393 40123
39094 4726
35554 11924
38023 33791
19130 9015
36705 22594
6368 3191
35662 30385
33020 48025
43405 15243
15567 13538
5833 21508
12925 28401
44445 11475
34070 42937
19047 25672
35434 20578
20447 37177
1828 37682
48518 19149
36660 1554
9838 34149
6853 17175
49501 748
7847 35450
37279 20938
45081 44694
23957 24787
2224 29641
7421 30676
22772 17335
16919 17869
23941 45302
24532 19838
28481 13265
44895 29827
38281 41642
30759 3065
28587 25512
39312 36131
14840 20017
10313 39355
44809 6329
18407 716
18735 4762
43628 25527
27559 34823
45118 31577
15220 42585
47633 36926
17606 24871
7312 22027
21691 25767
34558 23876
39167 35220
18155 27008
1365 39914
8877 2751
48726 46768
21087 27382
12459 25783
22516 47255
7680 21544
13819 19594
19036 16978
43129 34184
21468 38934
11762 22279
14743 43577
13427 30168
15251 25677
19025 3016
15847 25015
10034 20242
33199 27100
43813 42026
23138 14960
31044 19525
27895 5450
27737 22018
18454 4537
25607 14382
25212 3705
7095 31396
21602 37637
41778 49587
33952 477
26640 11984
41924 28925
19827 47699
10553 33331
7024 26994
35364 17495
7224 25739
17216 24328
20994 853
47834 8063
36366 31428
7643 24935
7554 46828
18758 21291
40377 42876
29689 11872
350 49892
45152 210
40677 40997
49765 15830
4720 33523
31189 21928
15455 30155
7287 39458
22033 1796
30710 46276
41703 2431
27577 14775
16037 37093
5996 33640
38290 11723
25137 36118
17484 19396
25821 36318
8220 36248
7413 10254
47313 4447
22008 42511
14594 47973
43279 48563
5840 23911
30489 14693
2430 236
47036 17514
38586 11345
49312 37457
7403 23012
15155 10993
40806 7647
19694 7450
31363 9684
23016 9641
33370 47098
26519 41585
22463 5160
31165 26397
49790 32879
43227 23107
33144 11233
4565 38566
40829 907
13365 15035
36143 7688
48348 46447
12218 14906
4999 21130
3789 40205
15109 27511
42280 23239
13987 44902
3266 35765
25719 30372
15855 3821
43250 37990
37505 4179
1241 25874
43576 34994
46766 11820
44992 10033
4154 7080
45640 30797
33698 40523
44852 39617
9353 29034
2566 9164
25330 3941
49320 32640
10836 44966
48958 35833
15151 27779
2478 24946
47857 21325
11885 32042
9167 1183
5368 40911
25360 3268
41767 11717
49538 32236
11171 22377
46516 17828
34857 37963
35232 23070
22539 3114
14861 24068
40058 38837
48188 44899
15520 10185
38071 15430
27462 20945
1698 44970
43578 31354
15473 15277
44272 48486
46104 36865
36695 10163
1484 11293
43972 21778
2482 48435
37928 36755
10476 13590
9174 16640
48694 12585
48685 15046
38737 36961
11915 4305
3590 41936
46645 17265
42375 42031
11497 3115
15138 21239
44944 14311
17279 16581
19197 48803
14890 39954
42071 17434
27872 45197
22990 22541
29353 47307
28268 34381
5176 5045
39284 5174
38524 33098
18393 34822
11851 39575
37469 5888
11771 1122
39690 43828
17496 38453
40061 6217
48829 7682
3051 46551
24465 22319
18080 45287
12138 7112
32108 49485
2099 18104
43362 22079
28972 31441
5666 42754
34610 23803
32816 12083
21249 40599
30860 39156
11337 29235
2010 23185
45369 25951
40760 41265
46992 4384
43967 39993
26414 6700
31627 37879
22735 43634
23464 1002
11162 13202
11179 24845
23466 17444
12754 3895
40214 43823
12705 10824
8474 15167
5089 31772
17133 45407
19362 37782
16005 11991
13689 4584
27425 33961
49445 12570
1271 6434
44911 38028
40021 37886
31366 19688
38275 47971
33683 31047
12173 7565
29292 24071
37771 957
44110 36043
22183 31235
3489 14809
12409 28363
8675 7844
37115 5280
36147 32289
47603 38466
25379 3669
25652 14178
369 47352
37163 9344
15 32880
8301 43389
22700 4123
15902 44783
19980 15423
8815 33036
5638 869
45566 19749
5440 40236
37151 7463
10759 11578
42290 33891
21746 43953
28605 4502
48733 44926
5549 30342
35482 47501
5279 20259
20003 683
38639 23691
36832 7138
17183 11266
26971 4302
20487 7645
28390 17324
39280 10536
27824 20146
30148 46045
1926 47234
11932 644
169 3559
41262 1820
23569 13989
28917 21763
25859 16259
34347 23672
32562 4795
4862 4420
48465 11237
4556 16995
15508 25511
42053 40504
21458 14371
35704 14080
11264 16911
40048 35668
35531 4258
39237 16071
9151 26406
44462 3528
36278 1193
42097 36513
32310 26495
2402 5557
42578 35784
15946 8212
39469 12087
29061 3486
27441 17146
28079 8122
12135 13803
17946 9422
47774 20295
17753 5522
31731 30176
7770 16640
8864 2805
27158 36360
12581 19410
10300 28983
33783 14378
49861 41563
11843 47792
107 30252
7127 22092
47795 21037
31803 24284
48234 48717
25272 40435
17949 21025
49576 11484
20474 26067
34779 10580
39050 1198
39905 1207
11673 26638
36338 26693
11372 47393
18462 16516
7309 9296
41227 7911
1817 2818
19574 26411
48800 47184
42390 17957
28717 19096
39701 46056
39539 13876
44721 43299
27920 26071
31448 18046
4124 8684
30510 13932
34874 42044
1410 49759
3405 35538
18383 19603
42691 27027
13378 42738
8788 28106
33226 21727
1467 24299
38649 3150
49106 16609
16052 20854
23794 39360
41495 45198
31211 45622
48225 4201
107 26877
4645 11005
28394 33883
25774 33953
43062 26065
40297 19215
39190 39085
29275 36222
33800 15920
6747 43414
26208 40174
7965 47682
26501 39476
3292 12127
5572 24898
35947 46069
36304 48346
11137 8033
24876 14688
35893 6159
3552 33545
7027 29959
29094 36487
5149 26933
33281 26481
1245 3910
47431 9332
16542 18332
9342 6564
8397 28857
39622 32084
45423 19215
31193 21979
22829 23041
434 24741
2709 26923
40182 24348
46244 4400
