10000 1000
4124 67
1396 2637
2580 2739
2645 4656
3097 3557
1437 4409
2970 4527
2120 260
3277 3261
186 4538
1658 2114
1421 1891
4442 3950
361 632
794 2171
1770 3231
2348 4000
583 3600
1920 1883
3338 2822
4795 440
4540 3929
465 2146
3545 4800
4798 1279
901 3873
249 4827
2193 2635
3696 627
436 694
1770 4073
214 1377
2922 4827
1259 1845
1763 268
4746 3751
1509 3294
2606 3653
4925 2420
3598 4653
2097 817
4937 426
428 3312
2496 2194
2208 244
4079 4677
4467 3644
1336 3
4015 3134
806 3978
4665 4145
3020 2810
3730 943
261 1939
3438 3063
4096 3189
3337 4171
1549 3965
638 1207
936 1623
64 4442
583 924
2585 3668
2367 1829
3733 3679
1582 891
2148 527
661 2904
2365 431
3237 1613
4030 2153
1397 4437
4841 2922
3602 184
1190 4589
1492 2958
3193 923
2741 4434
195 2765
1313 1489
71 2452
4876 2103
154 4670
4220 4956
572 1435
3749 648
1720 3387
3090 488
1815 8
2173 3869
2964 4487
50 225
4791 4523
750 2333
2440 1420
4768 2760
4926 580
4980 188
3796 2569
952 1447
57 882
2822 4109
452 2605
2387 3772
2524 1909
2206 779
1914 482
2788 2599
2347 277
3803 2524
3086 3199
2320 4742
4119 306
1039 4272
4943 3729
2927 2594
2747 125
4569 2703
3864 3350
1357 500
4229 662
3994 880
1546 4473
1430 1084
2418 3845
3301 2409
4859 2852
1260 2840
3910 4987
2045 1892
1872 143
2318 4079
2272 2801
3815 933
4825 2548
4400 1243
4327 1688
4890 186
3640 1994
1741 825
1499 2405
1017 436
152 1890
4411 906
23 2331
3547 3103
4662 4523
3825 1041
160 3207
4096 3213
1004 754
2157 2653
493 3579
868 1603
876 2928
165 4466
1579 2322
4322 4875
4358 356
306 4094
1765 137
1760 3751
475 4429
343 1127
2151 2614
1981 934
2776 4409
1263 2186
2404 2743
2832 2993
1774 4080
4882 2120
1912 1341
1604 289
3621 3530
213 3380
4459 134
601 4627
1076 4999
1803 1725
1533 4862
4158 2002
528 1494
2955 1684
73 1215
1137 2633
4474 3657
291 3589
1199 4977
3604 3418
2164 4225
566 2014
608 90
4329 4457
1502 4488
1991 2622
2458 2497
2523 1045
4571 3785
4595 3176
2524 4001
3543 1949
684 492
2558 794
2562 387
2665 4653
1765 2847
3412 618
4484 2856
2827 2978
1924 3331
621 3746
2706 3312
1012 1450
3494 1033
3529 2159
612 4700
3865 995
2400 3032
48 1924
1686 2354
2020 1246
1429 3858
1450 3164
1681 4864
4436 2174
994 2836
4772 4033
3201 1142
4210 4606
1486 2258
2107 2986
4435 4239
1108 4836
2759 1510
428 2582
2511 998
1014 957
3283 3579
4132 4076
4605 3541
4163 926
1229 1790
4771 3242
4169 4853
2323 3390
357 2683
4653 1602
2780 4630
425 3394
3577 2472
1839 4745
1159 3086
2367 529
323 3231
1307 3676
3033 2332
3653 1962
4857 2911
4953 653
2697 29
2914 2113
3233 1023
3247 995
3707 1098
823 3119
4532 4201
4956 3854
1636 1468
3870 3260
3284 691
3742 414
4862 4769
3299 3547
1642 527
1498 4957
3929 3542
1313 351
2750 4731
3031 1122
4990 2599
1110 1405
2368 4035
464 2170
686 3541
4751 4958
4 632
4322 2339
4787 4856
4364 3189
1651 341
2908 1414
1448 4825
488 3522
3112 3371
3539 2962
3648 4625
455 555
4714 3428
2285 4311
1635 2455
1851 3091
1386 3313
402 1396
424 4663
2284 4040
4847 4742
282 1685
4011 2625
966 2203
1666 2419
4054 4745
658 2411
2525 3832
3448 2480
4481 606
4107 4198
1987 4495
1731 2363
2105 2632
2548 2336
1183 1076
508 1785
3633 646
3503 1002
1991 1950
752 519
4406 4746
2307 357
253 2644
4435 792
3847 838
4579 1663
4582 2776
1816 1857
3152 2916
4361 2481
3335 4637
294 3984
3945 4182
3060 708
2080 1932
536 848
1051 3133
3942 3770
732 1403
4486 2506
3706 2579
4485 4060
3482 1450
3585 2163
2998 2603
3866 1547
3039 4722
4719 1997
1579 2179
4395 3238
2716 2035
3219 2240
3427 1765
2079 3603
4415 2795
225 4002
4141 4970
1084 3798
3094 2008
3700 3603
2087 189
3068 889
2786 2749
4915 3646
2870 1860
2617 2456
182 3985
3463 2554
3312 3951
4986 3172
4250 3693
3714 1318
361 4944
2070 1900
3305 2803
1890 2410
3888 4334
4824 530
2912 2383
4846 3368
195 3204
3775 4009
3873 2473
3909 2606
2120 1365
2002 3037
3775 551
3527 456
3829 2763
2649 2014
115 705
3148 1107
3890 4451
1690 2717
3558 4528
2758 3470
1616 849
2430 2709
712 4981
3809 4632
3435 1287
2280 2495
4109 4611
1105 1450
2278 2148
1528 4798
4768 1283
4664 4353
4383 4760
2280 862
1369 3141
3936 3532
3612 3402
3570 2294
3160 1194
3061 1741
3004 2596
564 2051
683 4289
259 967
3730 3592
4107 1179
4465 3967
847 4838
1802 2214
2850 3654
2848 4195
1060 72
420 4621
3731 4532
4871 2001
3309 891
1058 839
3158 4788
2848 1752
4398 3894
4435 1274
1751 1966
4217 2148
1673 4
1299 27
4105 2483
4636 2363
3621 1188
3482 2562
4953 4103
4442 2694
2140 888
1603 4421
1364 4358
519 217
876 2994
332 552
484 1280
501 4054
4229 797
1802 38
1617 1225
4390 1661
711 2133
1236 2477
4077 1091
590 4590
494 605
3864 4227
189 4899
2382 4427
3395 3681
2921 534
2534 1880
4648 1568
3922 2044
4837 2413
1746 3272
4237 4033
3093 189
2192 1380
2312 508
42 2786
1056 1757
2468 4746
1858 947
1216 3156
629 2321
4633 4118
1406 2688
658 4764
2520 4698
1638 820
2119 190
165 3218
4431 1900
4187 142
4675 3452
2798 4573
3550 2350
4125 2093
3390 1062
2834 4872
4492 4423
1449 542
4327 885
1894 113
3153 3086
2707 4614
2878 2409
417 111
118 4355
1902 120
3176 371
740 782
1200 463
1630 1365
4898 4171
3031 4153
2065 3140
1582 1491
3723 871
3581 3340
3434 998
51 551
958 1092
162 3936
996 2889
1878 3101
1859 2958
1985 166
4035 3482
1071 4277
4296 896
2972 3035
4617 3086
4188 4377
3521 697
4601 3061
3785 4984
4208 1874
4932 3614
4833 2591
1289 2397
3610 3715
1686 4768
18 1205
22 4505
2225 4638
1595 2228
3674 2738
3292 3917
2573 1118
1857 1739
1461 2409
2491 1674
414 2140
4065 2426
1780 4870
2238 4941
1130 4216
2298 539
4736 3690
4614 3804
2246 3390
3928 3305
3190 2468
3405 96
4317 3936
939 168
108 3110
2149 1721
2411 4050
3689 2460
4921 4531
457 1308
1584 1251
3405 2920
449 2831
3648 91
2487 472
2806 820
939 3858
1768 2396
3295 3536
1887 2107
4511 3467
3043 1095
1968 200
536 1932
377 4439
2617 703
1738 631
4488 77
1171 588
4660 2211
2438 2235
1939 912
2078 4886
4651 1821
619 4547
1212 4705
3779 4470
2206 1528
1439 4614
2000 1447
3323 3842
2982 3381
4652 326
4073 2890
2668 3254
3285 1734
3630 1471
2867 1274
2808 2821
1920 1257
958 4161
1189 903
1661 1019
3831 4477
513 2209
4600 3921
3739 383
3402 4651
3722 908
2544 1125
3021 1707
923 4305
1616 773
2151 1927
3280 1615
3670 3604
2254 4538
4890 843
4180 3261
112 3091
406 3263
2080 96
3745 2066
3321 2352
2705 1783
942 4450
3469 731
4760 3385
1378 3625
364 3750
4282 723
3253 1373
420 4643
3475 2921
4690 1710
2232 3676
4614 1980
798 4785
4959 4884
2400 3169
1503 1899
4309 3086
2221 1229
2678 4639
2320 3220
3770 1048
3571 2
2876 779
1140 474
1713 2790
1700 793
4056 3924
4378 133
1303 3022
1429 2807
791 2553
3508 4943
3766 4914
1954 3551
2858 3631
2585 1873
1338 2444
1089 1915
2607 4878
2339 1596
1980 1185
4869 4788
4343 176
3289 2419
1852 2704
1498 1668
708 3993
4957 453
1955 2927
2827 1274
4241 1329
4565 3315
4407 1050
4672 2082
3715 4053
4146 2288
2435 4164
382 4149
1101 3419
2538 4982
3272 4238
614 4848
1971 2006
4819 3599
4036 3173
696 2551
4777 4581
2557 2580
4243 1140
762 1789
2204 3937
2152 3260
3166 320
3609 305
2729 999
3781 3759
4596 886
2558 1145
14 4635
2963 4542
4327 3409
1509 557
1114 3217
4231 1536
1435 819
1307 3093
597 3898
902 2371
3443 946
2557 161
3006 1561
2544 2976
1100 2617
3299 2063
4702 2601
611 2233
134 722
3947 439
2546 2364
1212 1112
3613 1567
2741 2833
510 553
3806 3413
4709 4122
2901 4435
4590 1752
1569 4914
145 617
996 2416
4584 1612
4731 1610
3259 4650
253 2301
521 1959
3128 209
779 3548
2219 4093
856 4137
110 1312
4894 4573
67 3605
985 1062
4109 2796
2674 2547
1205 2014
2729 4055
2563 795
4641 2743
4365 4480
1409 2666
2584 958
3995 4007
2166 2220
3066 4624
2671 2196
607 39
1942 4345
4605 47
4284 2007
3193 4929
394 4950
3497 2802
1154 1339
4294 666
4484 3342
3211 727
730 2940
4742 1864
158 2285
1307 2868
1137 1722
4315 65
1633 4496
2430 3475
312 147
4488 4090
4987 1264
33 162
349 1078
4456 251
445 1888
261 463
880 4384
1147 1870
344 4856
3287 1628
4775 3703
2569 2313
2491 3686
1599 4963
3846 4107
4690 1712
478 2566
1736 4867
4949 1920
677 4849
2633 1276
4096 2233
1943 3061
848 496
3904 3746
1094 1925
213 3754
2443 4862
1377 3491
1447 1309
715 1565
2119 152
1640 803
1311 2635
1764 2762
2276 1276
4260 3922
2950 2953
2007 848
3907 2641
1064 1630
4725 1406
1944 1939
620 2645
1263 3863
773 3540
2842 3791
2306 4498
4997 980
3209 3667
1383 946
1230 4306
91 112
1664 3513
3873 4285
1932 4262
2071 3685
3398 4081
840 1864
1135 4857
3247 497
3264 2193
1283 3497
1593 503
4403 3714
1786 3555
4339 1946
3718 3157
1660 3017
1098 1735
4820 3268
1756 2243
2287 2921
4802 162
3302 4218
3486 4978
2842 1430
4284 3948
4798 3511
2899 1248
1377 3622
2494 2433
3212 4941
1755 3039
819 2107
1567 3503
3035 767
4431 504
1983 3612
3782 203
1781 3252
866 4251
2215 3119
1574 2077
3287 4602
584 4510
4203 988
3613 3481
1930 756
1681 2014
1641 1926
556 2588
1716 1143
3695 329
4469 662
3504 1456
2813 1164
2024 803
1694 1028
2255 250
4616 3293
2309 966
978 2078
4869 4266
3561 3583
1151 2713
4595 2448
1243 1515
4699 4421
4778 3249
431 3769
2166 1518
3617 2869
581 1640
2154 2505
3644 2452
3182 2818
726 3038
681 450
1290 2227
438 2973
760 4238
4755 3590
4472 4461
2934 3596
2676 1339
2762 2991
1645 1171
1662 3082
3887 4013
3698 266
1147 1078
4709 809
930 1816
404 247
1177 2848
3063 2558
3422 3560
392 683
1549 1412
834 202
1640 662
1890 2390
3098 652
3067 3103
3837 700
1017 959
2723 1370
1088 2117
4264 2966
2151 2722
823 3204
2227 193
201 3109
3650 4299
1827 3269
3408 3113
2655 1082
2421 3174
2444 2555
4823 4757
911 2781
465 3435
92 360
1938 4070
930 1010
4137 3443
1494 3810
2216 3915
2780 1600
5 751
3708 3161
81 67
589 4545
3265 4926
4113 4415
1384 4799
4268 3807
1556 668
2158 2061
996 4699
1423 4979
3460 3944
361 4742
4541 331
1589 93
3436 4967
1510 4254
3185 824
