100 1000
7 32
44 5
48 2
18 26
32 29
2 17
48 10
49 3
21 20
35 18
7 22
41 2
24 50
34 1
33 17
8 28
37 1
26 20
17 8
48 41
40 22
30 24
37 40
23 45
30 24
5 22
24 33
29 36
44 29
10 14
5 39
21 15
44 41
41 7
15 26
50 38
25 15
8 14
29 22
38 29
35 13
14 34
42 21
5 15
34 36
1 39
23 44
3 20
30 18
9 1
38 16
20 41
15 8
45 24
2 39
22 12
12 25
7 19
44 2
10 36
33 39
27 8
37 21
45 21
29 43
35 40
44 28
31 9
24 14
38 15
32 2
17 5
44 16
39 11
17 17
12 40
41 36
30 30
3 33
35 9
3 21
15 34
1 14
32 28
43 22
35 34
16 6
25 7
22 8
34 50
23 41
20 50
50 40
19 22
35 15
47 31
40 16
32 43
2 3
35 35
49 44
32 45
45 20
42 32
49 19
33 49
4 21
12 44
15 27
23 15
10 4
28 30
8 14
19 22
12 30
45 30
7 37
14 44
30 25
30 26
23 1
49 6
43 50
8 19
24 25
46 36
22 24
19 45
27 48
20 10
28 14
46 34
9 23
7 36
10 8
16 35
40 13
36 47
2 23
25 32
13 37
40 35
10 38
13 22
16 38
7 36
14 32
31 42
11 38
21 9
48 39
26 47
22 48
45 31
45 44
27 37
36 12
23 47
40 49
23 40
16 32
15 10
31 49
9 30
43 47
42 13
50 28
33 35
5 5
13 10
49 45
6 21
36 26
18 30
22 22
27 13
7 37
34 28
13 21
17 41
18 2
11 16
40 11
8 45
20 43
32 3
45 45
4 42
34 28
38 14
40 16
31 14
30 6
42 10
20 29
35 43
13 38
34 27
17 36
16 38
26 3
19 17
35 22
9 37
10 41
13 41
39 33
5 42
13 23
43 4
7 16
49 47
48 33
20 31
13 32
43 8
20 9
46 7
15 18
17 19
48 42
23 27
13 3
48 24
23 28
3 38
26 26
29 15
2 7
49 14
29 6
33 50
21 11
36 26
44 31
17 36
41 27
22 20
6 41
23 50
42 42
29 48
12 47
29 37
14 13
26 49
39 13
46 44
15 37
40 26
48 30
20 14
4 3
46 25
47 14
26 29
37 12
44 1
49 29
16 4
50 11
14 10
23 24
24 25
9 31
5 8
28 14
32 41
40 18
22 26
47 33
17 42
16 44
13 50
15 46
15 5
18 35
19 33
3 42
5 19
34 41
23 43
20 4
2 34
32 37
37 45
33 38
12 5
10 34
25 1
12 6
9 24
2 42
12 1
40 34
32 11
15 33
23 42
24 45
8 28
26 42
26 36
12 34
33 4
18 49
50 50
3 3
15 3
24 44
44 49
24 12
27 32
31 18
47 1
26 22
2 14
26 27
45 6
31 13
48 11
6 32
12 44
13 41
32 22
44 40
26 34
26 18
14 6
24 9
29 1
3 25
4 44
12 47
21 39
49 14
24 12
36 49
45 1
46 41
50 6
26 14
23 5
7 29
35 17
30 18
29 25
24 24
32 18
47 39
3 14
44 17
18 20
39 29
7 42
50 2
43 50
20 48
20 13
42 27
25 48
23 35
43 47
40 18
36 42
34 2
43 50
34 22
34 3
26 16
46 11
11 29
40 31
15 4
48 36
4 36
3 31
27 33
27 8
6 46
13 22
36 39
4 17
14 34
7 40
12 30
46 40
13 20
6 50
28 6
10 39
27 47
45 47
48 44
3 17
27 20
37 20
3 8
49 1
11 7
35 18
9 2
49 2
31 15
24 27
37 8
25 37
26 14
12 4
37 6
7 50
42 6
24 29
34 36
27 9
4 36
36 20
39 33
24 17
30 47
1 7
8 21
31 14
21 17
41 27
23 50
18 46
9 17
30 32
18 27
28 36
45 17
16 36
42 50
6 48
6 24
11 25
42 3
2 40
45 16
41 21
33 26
8 28
35 30
32 19
16 42
47 4
36 49
7 30
50 12
50 42
30 9
23 12
32 22
7 16
25 11
22 33
36 32
49 43
39 29
25 16
20 27
13 12
6 23
5 36
38 37
41 47
3 18
8 5
15 18
22 37
38 7
36 31
10 48
26 37
38 33
46 42
28 32
32 35
28 8
38 48
42 42
21 42
41 35
26 44
36 10
34 48
49 40
22 34
3 35
14 25
20 6
2 12
30 45
16 9
33 16
15 35
27 3
14 48
33 22
24 5
18 47
12 6
41 44
39 2
27 7
31 20
29 31
21 50
30 30
4 48
19 25
23 18
39 45
27 42
40 25
17 27
42 39
27 19
28 41
22 27
28 31
14 6
20 35
10 10
18 36
4 19
8 37
45 31
23 13
34 34
42 28
5 19
22 34
33 33
50 24
39 5
13 42
48 34
36 31
14 8
26 16
47 13
25 12
3 38
10 43
16 21
22 11
19 43
23 41
41 23
45 36
18 5
12 36
46 24
29 34
8 37
47 45
19 16
7 32
20 20
43 50
10 37
12 30
20 36
44 46
16 16
13 13
27 2
6 37
42 40
2 33
33 9
33 43
38 3
11 10
39 48
8 15
34 4
46 43
41 33
20 15
40 17
35 37
1 33
44 16
14 32
32 21
29 19
5 45
28 19
10 37
18 42
20 14
25 48
3 43
15 38
35 31
20 43
3 38
45 36
41 2
49 40
33 36
26 18
20 2
25 14
35 50
24 30
34 27
34 29
43 18
23 25
28 50
41 15
30 20
4 39
20 25
46 36
33 27
3 7
35 22
23 25
37 28
29 25
40 9
6 28
5 42
9 30
2 24
40 41
10 38
4 48
39 46
43 5
47 36
41 39
43 44
43 43
1 5
29 12
9 11
5 12
43 13
34 18
32 32
12 29
47 17
18 12
30 40
38 32
38 7
2 12
12 22
5 14
17 40
30 27
10 3
8 4
34 5
18 50
2 21
21 35
2 21
26 19
10 11
11 37
31 13
11 33
22 31
4 30
13 14
24 18
39 36
15 7
35 50
50 25
13 3
14 42
18 48
25 2
47 5
49 42
42 33
26 12
39 48
12 50
35 36
35 3
29 7
16 29
3 2
32 10
16 29
48 16
24 34
1 18
23 20
40 35
2 10
13 12
43 47
45 44
38 27
11 23
8 26
48 18
39 2
7 9
45 16
43 5
25 31
18 43
30 20
12 31
37 22
21 4
49 12
49 15
15 46
27 38
17 36
28 14
44 46
15 33
48 21
11 40
37 24
46 17
43 18
25 49
43 35
8 47
48 6
48 18
47 36
38 50
34 10
4 27
9 35
46 3
3 15
49 32
37 40
35 6
47 33
25 35
18 20
14 22
15 13
16 29
49 32
21 31
31 50
32 43
16 5
45 2
36 42
28 41
24 50
28 14
44 7
20 39
48 2
23 20
45 41
50 37
29 26
36 17
30 48
34 7
42 50
40 15
32 38
22 30
30 42
33 39
36 4
10 23
6 46
36 10
18 37
7 34
49 30
21 5
43 45
47 2
7 9
24 48
32 16
48 43
49 44
14 16
32 6
9 50
45 5
14 46
12 46
25 12
2 35
14 10
20 20
34 1
32 32
6 5
2 50
43 13
28 38
28 49
43 8
26 32
36 15
9 22
43 47
48 31
19 9
2 34
23 11
45 38
46 9
39 46
27 50
36 28
34 11
28 8
33 43
41 12
32 11
16 48
43 29
41 24
48 27
10 5
17 27
50 26
17 16
7 45
18 10
14 47
50 22
5 16
11 26
28 34
29 49
48 1
12 36
46 7
10 43
47 15
19 27
36 34
34 39
26 14
45 25
18 6
45 22
35 9
4 13
15 28
30 47
45 37
7 27
7 32
45 14
44 41
20 29
2 34
19 32
27 9
5 19
42 4
7 7
34 48
24 26
48 18
29 4
29 50
2 9
12 18
34 41
24 4
2 44
40 2
23 43
26 34
44 36
10 9
37 45
15 23
14 16
4 1
22 27
44 15
32 19
1 18
43 29
21 36
23 49
6 8
27 5
6 33
15 23
42 3
24 35
17 24
33 48
17 15
39 2
1 48
43 40
3 7
44 39
8 18
34 44
44 35
49 4
27 29
16 21
38 1
43 45
2 26
40 32
26 8
37 14
17 43
43 23
5 38
38 21
19 20
23 37
13 41
7 39
38 28
34 32
25 24
50 13
25 33
3 2
6 38
27 40
50 1
38 44
47 36
42 7
35 49
40 9
42 38
42 13
43 36
24 7
34 21
20 41
16 39
27 23
23 33
8 37
9 23
6 40
44 1
18 44
23 2
35 22
5 21
31 12
20 8
17 39
24 16
32 3
24 32
34 38
43 30
25 42
9 20
14 47
31 41
40 5
12 36
25 2
20 32
34 18
43 44
3 16
20 19
33 30
39 15
36 44
3 26
7 12
43 24
50 15
5 3
44 39
36 26
13 21
17 2
28 50
31 26
49 25
28 13
25 26
28 21
