10000 1000
2836 4135
291 1337
1945 4613
1800 2237
3819 3016
4923 669
910 2774
4793 2459
1232 3860
1895 4345
3214 3317
4836 479
2570 3358
1108 3062
1249 2472
1358 4862
3975 1240
4961 513
4806 1173
4334 824
3497 3897
4536 4336
92 126
2366 695
3487 2926
2788 301
911 2961
2682 738
3429 4632
4065 4788
3474 4334
1592 2083
4922 2184
2198 3142
1860 658
1521 1767
4456 4383
428 57
4860 4170
4992 2281
4549 2288
1696 1057
2294 2964
2466 726
3417 1082
629 2621
1398 3533
2959 4338
3780 2210
332 3223
3871 3698
779 1655
311 2992
4303 2300
1543 4949
2262 39
950 3346
3573 3361
2108 4500
1144 3915
3733 3748
4561 1246
1600 1128
3575 4341
533 944
1798 824
2850 4670
3031 3353
3490 331
2313 1559
4431 483
4217 3363
2989 2088
4348 1769
4657 1316
246 2107
2486 1883
2526 4475
2356 2323
2723 3775
1010 496
1748 1378
3515 2390
3206 3423
4586 4834
4754 4377
4706 2567
540 4751
503 3480
279 4168
3713 2152
3534 2268
4167 1470
1991 3128
1965 1929
150 322
3606 4431
4853 3954
406 413
2420 2582
1418 4490
727 3648
853 4086
667 848
2708 2391
2502 2667
3070 1143
4753 2408
1825 1715
1858 3725
4761 4634
1546 3274
4797 2424
4045 1997
878 1264
2177 4947
236 650
1800 2125
416 1386
3963 843
1068 2414
2653 428
99 1110
825 2801
2754 4225
674 95
379 4104
4510 2341
1740 4731
1837 2741
4378 2204
4892 4366
1740 4518
3219 2859
1089 1093
1887 2111
3830 969
518 2689
2169 1009
466 39
2775 1710
1408 2399
1357 4113
3995 3571
3649 500
1930 3249
627 4195
3732 4369
1228 1108
4727 1288
1168 1383
257 821
2140 3676
1234 1893
2965 4396
4764 271
4013 4631
1016 3877
2086 1517
4016 2781
2403 1718
3343 773
4196 451
1350 4842
242 882
1812 4814
3911 1298
4128 2055
2383 2650
419 730
3734 4800
294 761
965 4864
1096 4875
2317 2104
4259 3159
4571 4790
2063 163
3103 3092
4348 3831
4602 3800
4603 2987
2370 2665
4931 1458
4659 1688
2354 4204
4973 4619
3623 1089
2735 1928
4517 1956
3962 472
4419 4240
49 2406
244 807
3424 1466
1219 1943
2879 2872
1617 3302
3810 4488
632 4553
1584 4111
3399 2071
3884 1514
2240 3929
4184 4154
3560 4534
925 334
3233 3585
1625 2738
4670 147
1905 3688
1031 3840
4792 1999
2447 4425
4051 894
77 1211
4144 2945
3349 1589
2087 4728
1825 4543
4858 1264
1176 424
2601 4745
4731 2386
3534 897
273 4423
753 3417
2 2000
3216 1908
3105 3858
1426 902
4858 831
887 2962
3476 4346
762 4067
2256 153
927 4558
3407 3143
1837 463
4394 3270
685 2942
4171 1294
4199 3867
1144 4916
301 3096
2674 2267
4982 4134
2571 3923
4065 1943
4901 2047
3044 2830
4714 2840
2841 3448
243 3249
62 4157
2798 2784
1337 3787
2798 2587
3700 3876
588 133
900 3957
4041 3974
4130 3241
3778 816
2783 3551
1170 3722
226 3358
3948 1033
1975 600
744 1062
4796 2729
2102 3350
2387 4913
3545 3607
3188 2531
1981 4409
2207 3151
4642 4833
3223 804
187 1278
4237 4857
2762 2498
1447 3664
1014 774
3289 4231
46 3251
1920 4933
2672 451
4313 3878
2093 141
632 1810
3086 291
1224 3702
3923 3438
3635 3335
3536 4758
1733 418
3830 4085
837 9
997 4213
1889 4531
4562 955
3360 761
504 1851
3635 3107
3437 3979
2186 2672
4110 743
2832 2998
2589 450
906 123
2716 346
1527 523
2887 981
3404 4290
3097 2228
2660 2937
2581 2091
1727 4781
2179 4456
1995 348
2352 4255
3365 1299
2732 3345
78 2496
4760 440
373 4232
2870 2096
2039 4655
4568 4368
4271 2091
2186 1180
4254 2256
873 4439
4549 266
3446 2923
4468 4965
3116 2077
3287 737
1106 1503
4539 3895
4773 3612
1785 4982
2774 3411
3020 3808
1059 4914
1487 800
58 2916
1029 471
3420 811
2137 3219
3549 2621
219 250
633 2183
2183 2220
1837 916
2571 1352
1733 787
2445 4957
963 4489
3970 2085
2603 4561
1550 1096
4644 3311
3374 1744
4904 1713
1722 3447
17 3662
1154 484
974 2685
3203 574
2300 2998
1119 1232
3128 4418
2313 1351
4564 3261
3581 3045
2657 2577
813 861
937 2736
4563 1803
4960 4478
4354 3166
4827 1702
1889 3689
2239 2765
344 4996
2278 3818
4670 806
3867 1765
3775 499
3593 615
2813 515
1485 1549
3054 2854
3747 3136
474 3306
2682 3139
3768 4658
1618 3185
4007 2346
2140 4974
2279 1951
2081 4562
4901 2116
4252 3418
3869 3228
3711 4468
3071 1134
2706 3658
1190 673
1483 4797
4380 4177
3184 3221
3360 874
1758 3934
3963 831
3615 4369
2252 3306
1080 1309
193 2018
2487 1712
2584 3635
1854 4420
402 3467
720 602
249 3312
3539 1344
1127 366
1591 3213
3165 4171
732 1326
4882 2272
1078 4646
3101 1521
770 1884
1263 1429
4066 1131
2596 2008
500 628
64 4207
3816 4442
3126 1693
2178 2828
4248 4101
4773 3995
563 741
3367 4293
4776 2739
2018 2680
1922 1278
3043 1978
2242 3084
1969 3048
3329 3120
3299 4864
941 1112
2934 2268
1916 2362
3107 982
3702 3001
311 4002
3106 1008
3932 2860
1545 2005
1700 2553
3503 4936
1369 3660
3926 4723
528 4825
3650 2293
1760 4235
3231 550
1126 3042
1799 4114
2242 2867
932 2846
4605 454
2011 3595
4344 2353
240 4622
3360 3110
1368 1223
4309 3224
1106 2320
4718 1323
2197 590
1288 1212
1710 2850
2372 680
4749 3403
1820 1317
3634 469
2306 2245
2971 490
2948 4437
113 3955
4048 1305
1984 2896
2560 1180
1248 1416
4761 3612
1732 1021
4973 2853
2848 1087
1978 57
4012 2454
3188 1171
758 4617
2082 545
4353 3541
3213 3637
2308 1412
543 850
1755 3503
1204 366
2921 505
1402 1543
3543 2297
1812 838
1185 1131
4415 3324
3226 1606
2433 2923
3140 3759
1456 4118
3217 3707
4506 3619
519 4274
4512 2575
2764 2556
3202 3523
1403 699
2414 1491
283 355
4032 4734
4109 4078
2031 3952
3562 3083
3814 2419
3854 771
358 1320
1191 2389
353 1122
1085 4617
1255 1434
2054 4511
1745 1985
1598 4647
3060 3386
4121 4096
1590 206
1743 3852
1843 4693
3762 3924
4194 847
1310 2419
848 3740
573 943
3649 4251
4184 247
4772 2738
3801 535
3013 1363
3430 2727
93 4585
4815 1777
3889 2777
1403 622
98 3362
2722 3799
1307 3276
3932 2481
1774 355
4943 2815
4642 1660
2178 1593
905 2570
3165 380
2407 778
4869 2885
508 647
1354 292
2425 1532
3895 3388
204 4974
2565 1221
891 3585
2843 3880
2471 4859
3162 3605
474 3684
2839 3265
4319 516
1602 185
4532 319
1462 1217
4617 3688
1798 1679
3898 667
3000 1284
3539 1506
1026 3382
4503 655
1744 1859
2408 2713
412 3431
21 2900
2084 875
3385 1030
4800 2326
4401 2955
671 1852
4101 4483
2855 4622
627 3332
3636 2424
2764 1903
1112 2439
3943 1712
126 3004
3516 4501
1408 1131
3167 4721
2984 4311
2783 23
996 4029
3374 2877
472 2760
100 4723
905 1146
2840 680
3223 1437
4956 4288
1458 2598
2878 2931
1738 1288
4379 1122
3784 1717
553 2593
2602 2015
3879 4652
618 797
1189 3798
3374 2153
4102 4302
2879 1280
2022 280
2494 1351
2443 268
737 1951
2775 2745
1825 4568
1481 3838
3449 4478
1751 1085
26 1597
1231 1637
1395 4667
4003 4642
4955 2902
2857 4312
4162 4995
1430 4802
4702 3513
3044 4984
2451 3172
3504 4544
4770 4763
4493 4584
4243 4458
2276 3813
4491 2460
2380 4400
4382 406
3927 1281
64 4144
2372 4752
2912 1618
2332 346
3035 2902
1223 3912
781 3407
1585 3210
4401 252
3996 2516
4946 2172
1537 1430
2389 589
864 3980
4023 940
3676 1853
3302 3580
3000 4083
3402 1377
457 1058
1914 1000
4588 4714
667 2456
4074 1210
1457 2578
4739 1138
4585 1310
2533 3742
360 1509
1293 2188
329 3498
4201 4323
2880 875
3044 2250
2565 2506
3471 777
3788 3544
2674 3388
696 3220
666 837
2463 287
2837 1503
3294 4215
3327 3288
1732 4148
1253 3433
1282 3176
169 2414
3496 4294
2057 3778
3760 1606
2677 3816
4982 1836
1337 1971
2042 3126
3967 905
2594 3636
4409 4371
3664 2555
4264 4970
2034 3104
3971 2012
1972 1887
1361 2897
3862 2592
4404 4316
4399 1110
3770 3495
1517 982
2035 4516
1499 1412
3663 2027
4568 2444
3577 1671
2286 495
3343 1843
4353 265
2471 4913
3224 853
3715 1362
273 3664
254 3921
2069 4214
894 3783
3153 2913
4443 296
2163 3716
4224 4007
3580 2687
1565 3235
2781 4339
227 964
2207 4080
4514 3264
2595 1360
430 1343
654 3450
595 1971
3896 833
951 1133
2245 1845
2727 2749
531 4374
275 499
2640 4706
1805 117
1388 4522
2702 2008
3582 2215
8 1822
1744 4230
1277 2919
4797 807
4063 3638
1917 3465
1708 4494
4671 3434
1830 3244
4436 3
2533 2577
1619 4295
532 722
1170 2391
4472 1536
1378 1830
413 4042
3483 1145
1118 2027
3213 4189
132 3200
4983 2013
1831 4483
1907 3400
3266 2686
640 4847
2278 159
3493 2914
2137 148
2064 1121
2993 1653
3110 2806
599 4023
168 483
139 3578
1718 985
3993 4533
4567 1744
4419 4458
3357 563
1149 3088
4459 4908
2963 3847
4539 3984
1325 254
4183 2882
4081 4968
3902 1881
138 3495
4657 789
3596 2867
1523 4302
2939 6
4521 4082
1676 865
3396 4244
1655 2403
1188 1116
3217 1098
564 2789
2354 3980
4604 732
1724 2834
4665 2821
1237 1141
4919 2510
913 713
405 2226
1731 3565
1672 1029
960 3645
1869 4091
985 1611
1111 3287
2706 2378
2990 100
2143 1917
3854 3606
1913 1284
4434 1385
423 4697
3602 2474
3381 432
1754 392
3898 1194
377 2190
3811 4116
3987 4048
256 1316
4258 856
1062 4284
114 3289
1706 4805
3958 4199
2188 1792
2868 1110
1897 3841
1367 3215
4446 3207
945 106
4177 579
4077 2190
3463 1939
2483 2956
2980 2737
2042 4396
3234 3278
296 4476
803 3003
1358 3433
4934 4053
2473 4641
3370 3089
4229 4914
3966 4468
3032 3238
4483 2070
3192 1867
4204 2965
4914 2634
505 904
4628 836
2148 1500
3771 200
947 1132
71 1833
4676 781
2154 304
4433 923
580 1839
3574 1470
4529 164
2610 583
641 1858
4596 2841
3402 2354
833 187
1786 4877
4214 4435
1925 2196
2276 4506
152 1541
415 1164
3845 2698
4079 4937
2945 3944
2974 4482
4430 216
3901 3357
3505 4774
1602 2574
2096 3654
1842 1896
1094 2777
3436 2193
649 2241
1774 4257
3631 3980
2548 433
1478 4523
2025 3734
3495 2236
1372 2110
947 191
860 3764
4074 4869
2878 4053
1039 2437
4595 2351
669 1538
2610 2920
454 4391
202 3327
1774 2968
655 3939
3224 1779
1014 288
1377 2053
419 425
1530 3656
2435 43
787 1228
4628 1083
2238 1843
3090 588
4571 1577
4914 2584
1817 1654
2123 2870
2376 4350
1088 2727
554 1273
4530 724
482 3990
393 3792
4894 616
4600 926
2708 2895
3923 1151
377 2008
3776 3001
1200 4673
809 1211
483 2609
3070 633
3418 2459
4073 4305
121 2751
1004 930
666 261
4429 1287
4740 2350
1765 2209
3975 2831
4861 4843
