2000000 2000
121458 299696
499837 630298
142768 756883
633243 967121
254519 789601
379075 703758
155267 35455
650940 90929
1914 694436
182787 695441
504568 739973
336063 834966
810448 480181
951044 284668
236384 59878
194314 991348
571375 641281
480452 8970
813821 324811
43975 285441
17610 734590
210797 607462
680004 498294
847398 990964
948150 961759
829589 549524
275846 395559
704400 72742
362275 743755
296493 590358
204054 386703
66377 50256
945730 379167
37736 548550
620601 217298
854753 620136
740432 844161
636543 570100
801824 183387
514336 807277
373043 587212
498926 669786
588045 115653
269814 14422
1921 694735
402527 32481
73361 931852
338968 107079
278734 322655
919052 324830
240098 382077
246414 891661
167259 301436
297231 167810
899249 539692
85192 182914
3150 21992
576631 460587
784517 608704
478411 240658
984025 852300
977553 99870
716180 470678
938562 649333
606262 506886
793754 307679
503149 403294
978341 1618
269215 553107
662455 298988
121441 534009
817447 365486
593581 75225
991536 96699
937270 586531
314947 402449
694954 34864
440897 300496
213602 174374
174515 631916
374654 108735
109949 473324
972492 260566
769829 436589
501900 920216
552228 66033
755388 133878
693891 797790
196065 635492
170088 991212
127874 296131
363921 927838
709109 182508
873011 665247
387844 471465
500129 764653
429213 936727
780388 459328
703813 75537
694376 468190
294325 684776
367975 882036
18037 758434
527779 375240
147314 663610
128911 686160
396579 603102
590025 132360
447206 311617
808613 17938
188848 86179
414067 538995
554729 211734
731071 578985
675131 569953
970065 300370
547171 753599
662403 839015
677775 344053
150850 412359
114073 529460
217498 45346
892951 987067
424939 395808
287877 476076
926199 738582
997407 653261
76889 236047
639250 796440
312851 474973
59147 335293
473220 377234
796772 900725
330254 451616
657818 124832
312629 121728
771652 63515
947787 861237
273739 707211
138040 323457
619045 437441
105128 635273
911138 90628
190524 993866
270941 596929
229003 293230
581989 909288
665972 520887
565574 714752
547111 301367
361650 178410
640656 132975
827796 57369
581039 381765
943788 342486
105205 800953
960445 69118
456915 637272
661140 398587
669731 116315
788603 837098
482732 414217
382863 484439
258230 595303
340539 695009
949884 423283
950000 175239
724761 671371
485578 822116
408979 777194
295631 757629
134346 558356
486884 957607
728603 160632
839364 114517
764104 349804
219072 137230
424123 166564
467020 127361
827464 440558
801629 54827
670748 444071
503099 508124
942166 911475
317250 337920
487450 732765
778532 23863
530823 61888
828186 638873
548080 635253
361864 746814
364120 549243
520079 104645
514673 162390
179019 295328
230244 403787
591309 602620
500324 826707
427702 989172
80938 718897
520814 104605
765595 796310
100395 298418
6049 856723
496279 820630
289354 244599
914775 246923
951659 306328
548792 902811
166335 209363
544252 298204
483385 202102
936533 2769
740827 844395
103959 538709
482955 779144
932543 374809
550485 601542
789597 90692
517340 921440
360249 785902
875252 737112
691607 155512
17112 870322
506445 197840
948410 540250
228870 178438
172233 998817
802651 337529
811031 91018
588608 135054
563479 71689
789342 657671
570961 435126
990495 200343
14405 73254
985110 464838
808477 761838
777929 607861
418348 996712
511846 66041
63179 786414
494016 836302
253803 144048
899136 652597
249141 775937
688606 184535
516599 620076
572473 652990
440530 515236
80291 473323
508302 232035
466060 794441
127182 137400
694485 501213
48036 481445
269902 216627
332321 473854
632609 590600
737978 670204
40716 549499
74987 12772
514926 143001
619935 563011
229281 286725
325632 837676
799285 70359
769171 541369
449236 957757
595704 336014
816041 174459
114087 327626
638542 493079
676662 190217
322734 582328
905499 466938
705270 294225
761371 23385
932981 676148
609978 962994
232775 623248
473568 668677
445316 289943
607400 875841
153435 382532
381755 368617
745617 339303
371952 230265
463383 680
712018 807429
690874 269620
370107 684240
711398 335674
415113 466577
750555 309451
670076 387946
274490 316698
791026 139527
917654 732246
58126 379757
345522 272496
250179 510195
818721 855779
119610 122807
103634 430244
525907 892669
32156 802839
88441 669849
594846 588396
786691 849500
312002 507212
25166 620612
46592 629200
291506 969982
303294 38761
962750 56621
410860 470193
539368 219351
900323 668836
362095 903088
528794 653240
359657 408392
370104 576936
107350 983836
186581 421610
547311 953341
811163 499858
463638 380292
671220 205857
541991 185452
550233 491374
557113 841385
790245 357987
528117 974326
264236 91033
779246 800094
940745 780522
315189 350341
375812 458294
524644 429813
195347 990487
377134 855169
267502 662884
215943 720155
213028 507514
259125 872297
917825 437795
906807 958417
352833 204827
143858 975354
333003 187996
403213 414056
850058 940091
656980 57634
165313 435841
546599 71216
149103 412427
453610 245924
997881 525320
921577 842461
863393 942796
107063 510128
491414 328050
884982 641759
606933 918935
521361 325053
394458 594162
377799 432882
743553 845984
838716 812846
665095 335332
209224 767705
332993 532128
222920 801969
210934 657962
914263 10558
969240 589296
719272 680029
951386 967574
974044 452660
706857 750702
531828 444580
62310 548060
721652 864719
534457 199996
802229 378741
245623 600952
686683 971697
293330 503038
367330 300450
182347 410822
928867 40926
474214 731595
516695 282057
804619 402088
862355 376451
571391 36068
562640 334754
445921 576668
117209 327947
525379 929915
949676 124900
187576 340232
641084 553424
835309 918166
864633 155063
246588 460483
592573 376242
583208 267246
633156 133251
713714 964230
184163 760900
906982 280736
579292 30632
663109 975504
286287 670100
203795 937832
265135 522114
843328 940280
994853 110404
916644 126469
332778 266493
567531 565626
206384 11262
279187 411010
279305 433758
760315 556599
795988 656832
256246 243053
597104 625618
727232 866087
45656 212266
190971 261750
225699 486114
189789 919230
729757 432460
453977 664275
331358 778658
264961 174449
288833 974847
756584 351879
474483 145540
414908 640596
723212 169392
969443 15937
937463 271427
849852 933451
583332 479747
971792 913910
733816 2848
991705 172442
359012 258375
639931 282319
483632 39920
21458 853808
632649 199184
574202 859977
463530 314419
582468 79267
427291 28898
657580 318397
513647 566007
669313 950206
925220 260770
928247 74015
315727 227888
374929 364844
504292 961841
685299 90817
88174 136973
577864 717678
723489 494681
145232 492669
494526 934618
38672 255845
634389 860176
746737 614128
84962 816634
6992 176
612560 25140
354130 81372
455365 334072
126042 773660
211043 613502
428451 445304
964822 986447
725368 281336
693779 674409
556041 937404
944072 222198
372886 654896
175592 215317
783831 358922
909472 276476
824151 360638
762029 327282
977363 217699
446129 733170
426670 478237
929420 533228
75917 259318
246284 883607
127297 426742
417625 626085
226489 343686
24889 252913
882397 248035
590953 950078
950509 528170
565297 539849
711699 962181
926458 89748
602233 25176
584873 503064
672931 630793
151612 349895
808534 391154
841788 888200
420268 188097
750916 40093
571567 451261
107754 698811
237782 191603
142149 558655
979746 188302
230087 530508
415644 527618
264055 316980
443081 436556
801785 701155
212825 12893
77388 956100
343427 724268
5281 87510
220661 127785
268880 503692
907059 570789
740355 532717
399959 855008
562661 819003
869428 408571
379118 34695
905652 711758
758685 741794
693871 100544
724536 204274
241701 393736
890411 832322
269550 307085
559558 686773
796011 398258
918436 213134
809825 605119
379952 339180
364688 408981
79423 919545
171265 609090
596384 293388
173804 102796
941236 132290
216391 967797
476476 547857
669713 491714
8529 999738
4180 56092
574055 424378
40638 874130
168311 959907
333109 720082
81082 457665
85074 20254
308090 102904
664938 541352
472579 741895
494213 907380
950279 931150
132187 274531
169656 384287
866646 886239
653069 89802
158391 973025
80364 398440
473906 101929
269430 843789
605925 888680
679002 149934
418465 596980
106113 129556
41364 417983
369304 608562
372950 669821
795904 984966
737575 249140
736547 990851
510608 306581
164558 818411
660132 919900
594436 822610
237632 91874
736649 869402
847718 353167
980963 872514
671451 138920
490547 63646
972260 23985
198360 556530
567032 738403
385778 658668
115783 535840
90948 992974
98341 591645
615773 509185
670796 824434
762087 443474
451419 411892
702920 178028
148035 427236
315945 754016
243271 64586
94139 519379
880128 192368
903009 737373
349099 406224
416985 513550
377421 245871
551211 480658
156592 285270
655799 965408
2175 807920
976498 772885
984628 897800
303665 186410
118128 299691
358766 988032
896961 924785
66253 799002
575519 474461
773507 487209
232014 382151
768051 157240
157150 786415
543488 631963
946437 381762
246636 426234
997593 241449
533161 186381
50511 88936
319103 561563
766445 182736
557140 98200
352513 817007
42902 760488
565620 432705
479047 510270
844588 208504
554481 832124
29954 838184
886565 506166
237350 271851
44009 41001
750574 241034
748672 132493
776385 745243
990632 284164
549590 414451
466685 9722
366825 271277
723699 943900
437594 379406
95456 993018
124211 587647
442221 590859
480853 536019
933702 518401
665935 825063
242764 719355
987050 378375
831351 882109
533039 431121
758926 611200
32018 147266
911936 41123
155445 34825
795429 669900
526951 472374
962119 57283
619751 386920
630816 159080
952439 170421
396876 484692
283783 405476
72082 807239
723056 163530
504988 441408
481117 208241
567466 958165
833036 540373
540657 798968
157349 682073
818351 193821
998749 718394
510364 183448
716725 970869
142396 189968
165631 364288
319807 329600
951727 699077
844505 638831
428725 16637
829303 702729
143279 599674
846581 179397
252347 538171
921635 968515
256259 563480
201152 647226
9417 818891
101733 267130
84788 261792
504391 756218
313669 990036
140434 843121
40384 651433
438087 835906
483076 613070
15689 475467
840380 203243
788127 304596
825171 576827
583091 324189
524360 196145
201636 469028
911502 828397
16015 566480
69878 348529
961220 491139
316603 867754
408872 936225
926822 7345
356328 602459
249768 554653
304188 71472
929926 583713
184713 919948
557384 466805
324114 66177
285116 369852
135842 322212
729933 803127
217415 436913
763958 742690
798610 120679
875499 427046
755526 812263
618953 899277
405703 178587
916954 184059
893710 248549
224917 123000
106359 67703
522306 755470
848928 370941
491721 426701
967514 859723
13627 95984
723342 828596
55697 603561
910070 510648
681259 732891
604524 815928
243247 21765
486447 188375
728054 692047
146120 151098
68993 961555
408425 733888
607320 638593
774706 890548
175521 588526
343376 453581
805022 843851
791540 328212
127621 455126
716725 476894
798440 268403
279417 307543
792573 907086
537881 329084
889501 131518
621896 71010
432588 339772
531600 604599
595790 965828
55017 915151
119657 10385
818828 300599
732149 970605
335459 976517
228387 538503
775843 348529
123055 941685
541521 574061
940739 650175
828301 747934
774825 267728
591294 682494
167850 394089
855484 985709
548465 17745
760359 974123
226666 167862
130082 257125
243358 825231
756161 894607
983250 434677
596309 283462
383036 432279
697832 896391
477327 575752
840850 646507
148330 931682
984621 980145
622649 56016
458370 280893
498052 936580
261118 488146
110585 86943
572657 496315
78546 195807
632586 286905
400415 33149
821476 636768
542974 516545
327699 110399
542572 198297
156942 199837
600620 412972
25337 711332
782079 605386
359064 91634
111905 887810
146696 320521
42098 723361
942133 873004
543586 522215
187823 339018
252286 632422
19581 820690
946494 538167
903651 314636
652891 560047
590191 599920
849701 446562
217687 324227
765315 265441
252065 307221
712902 606213
414395 295037
155685 690358
24447 554306
145262 157506
227374 179136
910503 873252
814395 769422
432021 314044
152617 824782
269041 799607
354190 823658
976346 713283
792563 93094
263711 395638
611535 72105
551186 313487
585610 614385
248348 581015
287143 112295
129844 569375
151883 895086
853835 219030
260805 446758
68389 744901
135910 443623
768310 117099
241916 865780
209132 737073
985924 75205
498826 858311
183671 166605
491802 486162
892778 152453
725845 615699
582024 192558
482921 260911
73858 473207
52618 428729
563675 409465
585007 844437
687312 717357
698215 679334
604465 293913
932468 233970
653090 590099
144260 69050
412807 635634
353050 301158
377862 194602
582175 344433
544388 874284
784178 353223
353091 545199
671343 326876
572786 843724
986749 614490
716608 454822
881870 446196
614337 283686
446093 980350
563887 237025
270278 490967
885428 42009
952771 750965
730513 314832
722947 56125
106747 250516
446958 184289
141558 633949
962800 335470
686981 661067
101418 375976
465250 341575
796794 950381
281174 53860
963164 123415
678938 12667
856059 524356
967399 40189
150004 298282
688051 497892
936668 789430
52714 489028
868931 889521
329453 458993
963652 748187
849402 613493
681918 580685
584363 99895
420125 553675
936396 621072
740190 57034
973145 128366
788752 373105
960740 111687
12032 598712
127347 67796
339725 32457
960846 385133
504465 149121
73566 627294
369760 208885
5428 763156
45674 419833
310949 172671
532708 992357
907144 249991
95773 524020
454998 443573
54108 95512
223719 650437
311608 235869
140658 151066
413891 279999
875699 770580
877622 598083
579047 53376
319001 687028
794884 954821
479846 997365
34510 379686
400121 389222
673870 117810
953505 57758
188367 935145
742151 781187
26879 996377
719933 11196
322433 593777
641266 496687
112546 910408
419474 94346
826031 695793
608228 293382
209288 852913
584166 983157
898774 787109
916010 40518
398928 636376
121340 39702
48999 107654
456059 324941
91977 145819
247233 914923
27856 361574
810773 243975
627265 892984
225236 973379
594173 188453
217692 656164
261006 735747
182947 232612
536593 418182
188348 839800
397650 505813
821157 255468
318083 987070
434018 703057
107221 728077
705953 858053
244169 327098
185235 728669
432927 186545
218418 831612
224863 556724
854886 819684
742478 209578
713566 725952
804235 484735
147043 872226
534170 129668
936960 889724
866804 389704
12245 83030
701655 825214
492777 841110
265618 968715
769355 516221
884869 187867
102878 463514
256470 774171
200179 306957
569269 815216
248129 535916
516159 239894
674189 322582
646201 623211
273127 968115
70124 307905
16212 323712
125704 853184
443511 386496
183285 900679
438702 862577
931108 300241
946189 78928
632530 817181
764727 480326
86496 842140
763278 903195
343194 627832
548966 401875
982956 939993
568582 400313
855538 57016
947139 975199
177840 981297
613858 777201
624061 201443
81957 338840
210393 224730
116639 136592
765378 219036
847840 709810
241012 416360
115270 945631
66604 261525
315933 703264
396701 505312
505034 6261
862681 202772
711860 967318
688858 997210
680109 173777
211932 50165
485733 949138
299760 605706
680638 499411
942082 318962
630108 379646
785523 55908
557549 447132
164344 13868
854215 880759
435287 152259
566453 337306
867262 212737
866791 124021
196701 591485
74803 772014
515245 258603
120720 866602
381580 574378
900942 80344
349836 193681
432590 942714
773596 994226
931580 725167
547308 808424
863201 63075
342131 313249
356648 627514
813972 630085
111189 267980
776685 573184
606023 754919
909288 258546
764245 565444
562867 851544
538723 210404
562559 886472
787599 519240
987798 667936
357232 579917
408327 204948
28751 314922
900975 305208
890373 393734
567690 789768
569002 314241
28448 691041
856709 508218
160644 37257
805565 377168
122913 775453
976410 603156
267757 178539
862113 703449
110368 386578
968557 442558
790739 640021
24636 518095
713397 247187
9187 906258
161482 571264
991681 112619
766663 643254
268059 949829
319953 649452
889781 718520
765673 861118
853711 586281
593611 107935
947841 178214
506161 458043
344701 57126
395337 722833
496764 269609
477568 912174
432608 550052
80681 307953
899505 89689
837586 452245
847071 795471
60225 503674
165532 288055
458876 923224
803630 426394
354889 909433
602199 643551
722067 554286
435906 22905
986346 938368
585284 623036
38445 600024
458866 769816
963335 415101
136343 455794
958130 14091
613861 336516
455278 510390
190574 436283
149577 276752
944083 88199
79383 832619
191154 871342
108854 695115
44386 655803
359879 657907
601959 275113
393594 986893
635304 359679
282803 700296
564457 28269
685020 194178
642545 295156
136974 301
855488 211845
461514 585323
629627 972555
3982 250586
73538 639083
819389 612001
324423 940935
903763 876959
824814 772186
600937 22572
497184 632292
814150 811619
615811 862278
307041 129308
378282 78242
87316 799900
19141 268865
700684 65549
191674 380849
123830 393233
955653 131728
681753 716373
538308 213768
443243 956413
980262 917386
851847 199054
408647 364737
34744 219687
575576 264296
551069 936353
611452 99358
248780 981837
673828 454764
701823 334472
828562 435498
219351 392501
614862 505408
777149 296614
180641 884587
718913 156364
885511 128524
658943 669999
822680 440691
43868 488611
470193 332403
240356 420424
237510 285750
991510 395107
124946 690023
654354 911678
64703 685311
143531 979083
457712 853637
284060 268251
29486 431166
658207 478219
184355 196199
223582 321264
942861 768694
601931 209469
331532 70004
237491 861924
350692 816027
723054 854535
193066 492190
305370 865287
116637 409471
844040 326321
6241 361541
87509 71686
236992 454990
324486 388291
207399 677896
214653 447361
670065 817529
841063 313580
476726 453236
698520 844220
293632 808900
154662 714518
50176 317175
240404 844542
807804 882865
863925 430725
629053 260370
295655 767105
255719 748095
206482 538506
408283 365431
363804 345436
504439 509814
947561 811770
502983 593315
790819 851168
880155 87711
619863 492375
845581 522771
719649 768024
111884 925440
688400 525444
601253 162135
811750 976195
428249 245612
174985 300568
534668 674715
701900 77676
280330 674277
309631 324362
619478 498248
152319 970910
324523 519881
323122 609302
251706 954931
197887 161884
679333 146728
114225 502411
531844 19033
168803 336764
180131 730466
199784 629137
338264 928840
901115 641723
516578 437972
398318 205887
157193 904270
652772 655749
140391 3265
898979 526708
143258 350240
110707 693583
125369 232623
600923 627684
85567 636201
24543 355607
54974 16356
107531 484471
459128 507222
500070 126305
996078 751704
324448 806998
871411 423256
141426 980727
372354 718816
43697 404868
653129 765357
242649 169887
694609 274473
138779 198551
94517 476120
967307 104834
773024 939662
93963 422363
227435 60855
234674 122465
372203 720932
65633 106915
877161 849724
737791 182026
971337 594794
830184 787583
82963 117390
4911 347728
204607 631692
956271 790117
730013 157975
255354 71751
947520 13698
482631 184521
347479 941680
563942 372107
294888 655096
719245 39070
999908 2956
212003 221033
300317 672253
969658 331024
398009 778784
191474 5718
928123 183677
510045 684253
645891 585538
876928 42996
465634 270164
524400 904802
130475 566371
930723 558492
122460 750145
639743 450597
669794 504363
250182 474313
391333 325464
278817 460642
508568 886205
392860 202029
993154 695806
36301 703784
661331 679041
27812 18293
741189 721708
409578 878109
710896 134658
343251 293861
211733 596809
825009 748133
962098 400948
495761 478963
416926 874870
136241 704994
454111 311672
597414 754562
25953 655650
748701 998673
536339 934249
233722 529230
684647 600343
69839 217607
410588 268504
7503 295808
644884 840210
61033 810550
200630 526169
740975 841027
812564 633850
913716 968822
912015 714189
315442 821584
868326 31556
278876 281952
353023 239589
596147 166392
170241 62867
429443 152181
796657 931141
91781 214588
38099 540981
635577 487429
508193 532242
871209 417056
825388 148215
976809 282601
628486 413013
987891 752397
831983 916325
246806 806344
766807 168263
63642 294341
847496 627919
431763 767350
941091 381923
862225 830125
415618 499316
234001 246055
469128 886278
227705 583066
120361 244469
97571 681639
595117 780389
694520 601990
421575 674859
108830 623834
35181 41423
85400 381721
79908 443326
486769 397832
889414 107463
367886 525044
916245 951696
36238 527353
926188 699825
5157 612161
764368 232165
256661 193580
348086 669995
415186 702926
145508 10728
871296 962688
433475 208389
928230 816102
544005 21578
807671 23716
909329 151270
373164 102160
987736 860105
193025 971156
285814 635532
686360 317747
785776 371428
11959 622987
906425 391323
851425 386603
990924 715307
87699 458393
344788 331807
382138 366565
737206 672444
118732 366830
733904 109582
970441 289890
46373 164116
460623 9748
887454 533271
233563 890281
10204 468529
750283 422515
271172 551941
94524 715931
676123 284797
586131 640847
402766 817925
613415 767722
44395 828778
18699 921094
638266 513211
119249 324326
653072 635875
928072 944051
48563 731675
899387 909289
181063 577304
704712 966701
319221 854894
39213 421610
595623 511368
540837 779450
627927 509964
511237 887317
560050 5184
940339 827003
370737 441876
495433 909375
527014 355158
869508 522227
437329 63754
596691 602627
635160 782501
347719 723165
302640 839651
133135 95954
355642 973061
232136 298918
60255 458037
902382 855670
921303 149019
683704 338101
498912 159210
238322 243419
316912 535052
612356 22455
359750 357816
19122 941665
693142 206784
130160 311389
702180 768448
985768 387216
386103 789893
264805 434204
255261 377968
671194 437375
806571 349281
349467 140681
435504 78612
690779 41743
77306 39215
235000 843731
264066 888103
211671 393720
326937 684041
100010 956190
675553 722501
287713 556054
34022 972159
657886 838816
841616 822899
362711 900335
422939 509777
259812 859546
294034 165051
556913 359407
107344 362653
812446 323779
826570 646925
602550 697206
965503 667321
660847 981704
761484 207241
294156 677703
986849 624204
213631 586839
374749 671713
537220 271342
833405 793697
375026 232702
925933 26410
962572 4254
958967 50693
826999 93634
787107 419782
99161 818786
461019 617355
267708 179633
451154 169239
435788 765352
238343 785363
828711 898423
293622 784789
160840 681061
458684 553061
153478 771857
153598 641261
285980 370755
973592 581953
925722 456563
720261 148686
173404 495713
368471 988677
498429 255811
363208 146960
51647 969398
57509 316900
95353 516484
359153 418573
637948 48796
729835 812453
302889 616506
722728 70675
438035 554291
313260 437434
609743 635950
926588 608103
439873 407858
671005 768648
886496 280899
16818 773866
102486 392064
142965 353931
791902 962147
349174 379713
731466 448894
298614 578238
290691 980448
465683 351975
135367 474974
613078 949413
518120 775331
44556 549351
2669 509271
589411 115469
834644 290384
608718 693520
249995 604415
126691 712910
25077 762200
799147 691557
557222 344190
30600 422011
263521 739179
556283 241455
606218 174091
244731 270103
836219 91399
336867 363718
334708 455220
711568 342887
165766 974103
754838 526055
87878 38001
353183 289635
470040 351233
290688 420954
858174 239567
728863 430091
177977 956225
303425 688200
796091 255258
768974 586602
478635 967362
409419 370321
867128 645702
50232 666990
947438 82057
567090 288142
857671 108882
691557 374511
311028 24055
795378 385273
641248 486176
773536 436499
808222 431173
308163 575173
859696 904006
121165 667093
983428 614323
451293 180725
381671 932908
794041 478380
915058 138736
874538 589303
737150 369122
993711 156368
9509 493825
756117 584888
457820 952084
208326 875410
578896 53682
980300 114328
369804 761525
972658 697121
532680 221092
945174 148396
174319 901143
457924 192630
130112 731779
426380 901170
754757 1470
484532 358935
154655 800419
441400 918193
287925 122071
919386 168054
765487 54946
963275 985122
450944 720509
872391 544712
153878 941447
898400 570026
941003 854698
964785 141624
723779 574716
486377 618804
699467 85028
537966 844671
816439 383807
477432 848280
796390 127744
754045 215858
687725 877406
845887 267481
390784 225882
623791 866725
488096 321997
145483 344297
587086 36636
176081 369959
78661 267953
920243 398263
875517 904723
43856 276500
298849 650919
221952 459117
2154 647696
181640 675499
51175 801887
480712 446171
830441 619308
491036 247476
410823 143896
89116 29279
950492 425279
635805 765350
205599 506629
982436 901293
398433 130977
102621 128918
138508 394843
759118 579494
90934 722923
206193 952828
459221 367864
281585 610148
28466 942180
295896 27088
999486 387851
196843 665788
473781 587804
431857 110351
273799 959133
591461 513766
509034 525249
142527 425888
884697 892660
667549 213635
297416 502314
199822 660557
158708 854138
249379 596856
885364 147842
722480 321188
581753 211569
931617 793713
27677 98666
618903 131165
796000 567813
815181 561876
734195 623940
597675 972694
102755 139517
429696 993163
527152 726845
295755 7689
18281 136199
284559 851663
256263 148081
882828 181830
889122 766925
863461 966179
717483 473557
981083 848741
790326 881196
295207 527955
757119 462751
420309 887466
443272 254382
729872 140983
687101 122565
868969 824887
368286 433425
108644 657618
981441 312795
774227 437496
359450 413622
80123 730234
338599 379752
148298 281399
731086 964167
111087 472050
789925 70262
924051 77811
530073 451044
519287 474350
168349 182531
888622 804559
41888 91759
280105 762389
315134 556447
188095 481629
175299 188043
157241 104278
404985 378361
451438 278024
760783 271749
751621 393267
736124 94481
579902 300329
571004 499787
813972 403095
507797 773674
767101 450296
439048 101
715745 713906
421050 557087
65104 887168
449275 369773
800576 220059
965083 115802
557148 185577
142766 840955
146006 548239
631088 837510
855219 292885
168903 685826
431798 22964
770691 537146
259397 477444
294102 646953
102870 912597
764904 324700
941357 76066
48900 248312
778556 967588
673413 572176
507777 800381
376559 552120
814453 752834
870173 788644
383043 626473
673687 67681
857335 311371
476799 151623
767936 308554
436277 825957
479638 854194
143305 694067
454480 549467
939512 452656
969128 57727
526309 856346
799789 951989
666872 254674
463030 240096
642209 68942
329374 861057
608066 884372
881454 12929
283911 791973
746864 401521
824365 489045
980661 573760
648122 712796
331697 532422
658646 568877
449154 595293
7801 102484
701025 507289
205836 758057
219520 720992
378450 961657
74241 803349
847850 363800
316232 876228
106844 486
376439 690546
844709 615757
630588 108502
183166 347321
31144 980324
896194 210099
198153 257154
838320 383751
626756 103231
624845 174371
535366 322997
334257 633121
53808 528248
191657 143007
648064 783614
327869 139251
894892 276017
223727 408988
673367 307123
423667 922170
730810 591416
381931 989254
191348 408655
890858 129237
516030 530697
722839 673652
70549 114760
338966 364371
324859 207955
327747 575941
798755 342321
421883 198151
319539 755160
310476 481212
179822 857052
135180 951522
275225 641065
370146 745002
835238 177513
200162 892438
280843 998894
775796 593672
620959 17787
391944 359350
468006 327278
114424 251219
571312 343970
694620 759286
372442 172311
313232 274495
938432 759043
881841 228247
717832 471229
556719 298322
211670 51390
809398 430401
264593 588456
316996 390864
254342 99047
327710 264730
206676 355509
746352 895867
570729 42684
764146 550816
989299 234651
485504 477109
751333 44376
801659 548888
394173 618453
189775 631721
720268 236515
225904 548090
27913 680011
888060 43110
606731 292638
951435 626562
596912 337020
544779 669093
354299 511264
219827 664953
260055 694575
446370 179877
87896 240443
958682 140568
815956 382115
431007 801673
911935 183464
723128 204535
383646 996084
481763 219931
180731 562787
332131 477136
791847 852393
628312 735747
794216 230927
773470 300583
