1000 1000
128 399
227 481
484 104
164 230
349 381
68 17
262 284
427 412
388 301
163 288
234 81
228 202
255 164
467 152
251 24
220 250
9 163
412 352
367 269
249 241
141 379
233 205
115 89
264 257
320 287
297 405
399 139
495 339
39 241
247 485
478 410
277 157
473 115
313 446
126 332
120 73
240 381
3 249
356 96
119 143
74 466
245 418
489 298
38 242
390 71
362 92
494 42
255 123
431 111
161 376
495 176
467 163
364 420
45 422
407 274
84 363
77 84
151 416
338 259
269 234
56 126
166 53
385 434
437 151
186 294
380 315
303 297
493 121
256 298
405 299
74 56
434 229
8 360
285 266
495 298
8 398
204 475
45 120
247 370
306 500
3 309
350 364
371 46
274 356
197 495
60 36
145 200
424 168
19 65
498 25
430 308
220 274
144 374
272 482
179 341
209 397
377 416
120 284
437 237
485 171
370 68
116 138
329 133
288 395
307 290
463 461
315 305
480 484
270 164
331 320
70 379
319 300
319 308
437 376
34 145
434 177
11 329
303 361
495 173
488 387
401 28
470 14
307 115
90 325
249 117
490 453
148 141
342 115
116 291
257 34
459 13
302 36
71 133
102 432
370 133
359 59
427 220
324 336
126 446
467 368
138 208
107 46
220 257
285 42
189 397
389 323
487 311
125 357
236 466
181 97
156 436
476 174
147 358
96 58
16 27
181 155
47 63
483 441
323 341
420 410
408 430
13 351
344 230
226 36
240 428
237 241
381 27
270 53
187 79
214 180
482 159
335 397
417 422
76 167
294 419
24 371
381 97
265 109
421 146
58 305
26 111
396 77
129 228
214 105
124 316
391 209
197 42
175 32
373 450
243 258
239 132
356 5
402 164
7 182
81 58
354 285
445 99
223 315
408 215
460 69
398 131
411 81
117 84
248 449
361 404
186 321
388 467
177 338
240 451
27 235
455 288
410 466
210 457
77 42
434 86
131 85
402 211
163 285
15 100
269 283
415 317
493 283
459 453
487 422
223 483
371 366
95 303
205 276
13 151
107 236
464 8
74 71
333 208
157 496
220 47
277 376
150 140
411 188
386 436
143 107
158 479
388 319
116 93
370 386
196 326
36 370
253 385
150 407
342 461
215 480
103 228
23 400
438 120
234 202
451 12
69 162
17 29
206 144
404 216
198 37
313 198
155 8
397 122
330 13
88 181
309 66
103 162
230 230
46 451
452 322
151 82
13 88
389 387
434 366
407 62
452 122
21 104
204 343
118 93
192 418
226 253
10 356
284 341
112 47
83 142
357 362
121 216
77 474
172 419
62 391
95 211
327 427
382 372
207 447
435 453
218 173
360 223
485 292
79 200
329 417
309 21
196 187
391 478
20 204
222 203
287 376
409 415
154 390
193 358
127 492
57 2
95 28
453 178
348 472
285 68
213 33
258 217
362 193
249 129
273 59
173 236
201 114
304 345
15 198
445 385
86 178
302 195
215 430
472 86
482 481
266 307
337 119
184 449
277 283
362 291
259 67
278 337
241 344
229 234
393 344
394 467
372 196
462 57
459 416
381 320
81 429
401 159
37 378
244 497
55 6
46 424
204 492
279 40
200 156
413 390
21 318
247 260
313 115
254 29
484 227
111 374
141 251
3 186
460 369
413 350
192 365
121 31
351 304
434 13
246 95
296 364
443 100
172 188
345 377
155 374
271 267
251 442
471 259
225 77
321 44
163 261
345 212
315 296
80 282
270 181
355 197
269 163
34 177
450 334
484 367
489 253
311 106
336 256
469 419
360 72
441 228
245 463
53 325
165 73
369 211
251 278
295 24
248 30
23 268
253 389
363 426
236 329
350 336
134 413
465 99
475 246
36 98
320 169
148 205
355 167
161 418
403 124
263 80
426 87
457 349
496 434
369 59
226 354
289 70
316 312
75 495
226 378
32 98
488 456
493 58
112 418
326 293
207 402
194 303
38 197
245 289
383 397
417 34
350 104
356 117
132 395
140 174
415 121
22 287
282 188
275 334
432 430
454 25
288 437
378 104
303 84
462 498
92 293
291 64
309 125
486 74
164 136
340 179
24 124
383 329
256 448
239 384
295 244
13 98
103 330
299 342
310 219
441 248
343 257
327 358
88 255
123 87
213 283
7 28
82 189
327 486
117 434
317 187
95 127
283 139
340 360
17 161
102 440
442 66
103 19
200 234
299 148
54 172
178 146
459 91
407 87
271 197
318 457
131 260
496 381
331 143
248 462
422 133
388 355
462 83
365 68
242 279
23 16
429 380
49 495
337 494
257 289
416 396
181 245
355 343
457 233
447 113
12 421
389 104
381 144
146 473
372 438
443 224
439 45
193 470
89 14
323 14
290 274
309 234
253 67
342 132
128 32
368 221
192 455
181 93
427 385
271 96
474 266
498 336
94 442
273 268
448 11
401 18
39 461
113 90
278 273
61 203
242 306
227 245
407 411
97 444
132 14
90 183
249 42
235 43
424 479
128 86
254 42
200 116
203 11
273 296
97 157
473 362
63 187
80 104
423 294
253 450
4 297
422 13
285 10
348 385
252 141
255 485
308 96
225 288
89 470
79 338
475 161
443 61
293 75
15 227
155 426
36 249
116 477
444 343
333 369
162 418
322 489
481 256
464 49
208 196
94 464
49 91
246 416
109 353
427 20
464 374
237 489
460 470
201 65
344 24
253 108
204 327
380 319
224 484
335 303
399 111
390 171
338 120
318 105
224 62
42 257
330 202
314 57
198 204
385 94
183 277
449 439
298 478
292 416
112 303
133 240
21 293
209 477
80 96
134 132
413 392
8 376
493 227
86 447
93 302
429 235
499 29
312 160
94 472
38 177
85 133
372 66
317 350
216 274
273 326
241 4
56 458
102 393
435 129
401 353
439 244
67 70
407 129
80 345
254 190
463 391
118 407
137 152
447 406
210 434
215 344
19 361
397 273
343 310
144 390
280 129
237 457
322 110
285 373
188 382
12 148
103 134
298 328
272 116
355 172
168 129
383 366
209 328
428 373
190 265
115 321
482 241
361 32
379 129
63 265
475 426
444 214
399 478
391 486
149 136
446 466
442 110
207 77
386 55
397 137
147 302
228 498
347 399
325 421
39 95
345 293
422 75
472 351
243 498
205 225
269 158
214 386
248 3
406 85
238 411
9 404
95 273
197 339
119 417
436 170
58 225
102 70
11 327
251 490
286 83
317 332
274 368
198 42
180 170
197 293
456 403
358 127
348 157
377 195
477 499
395 341
471 118
39 317
244 286
377 381
480 145
345 494
322 330
172 249
95 88
186 425
72 418
416 388
297 434
306 107
130 258
426 392
458 176
422 78
475 286
180 274
223 12
458 421
168 295
345 496
419 295
292 457
29 444
194 105
364 247
440 371
67 417
469 39
56 273
210 19
397 26
152 58
203 151
123 145
100 135
92 184
442 324
56 212
66 71
230 406
500 258
425 332
387 276
432 141
465 224
246 117
334 311
26 43
105 48
404 183
309 460
178 179
486 188
432 70
43 100
18 363
123 493
351 307
409 53
435 289
358 64
303 105
71 463
46 133
184 483
391 10
20 164
386 265
28 163
46 382
158 163
53 55
19 273
419 392
352 195
1 266
160 412
317 313
11 5
171 331
247 140
474 54
392 229
25 322
253 498
342 59
12 299
465 65
398 336
337 7
250 70
287 130
44 241
40 500
499 352
282 160
132 84
89 331
187 89
319 29
99 124
340 482
169 354
190 433
326 100
388 148
121 241
97 271
81 446
118 130
10 475
309 171
439 258
224 460
255 234
253 382
228 415
363 60
146 446
332 243
462 207
227 38
354 23
74 111
440 497
288 355
419 141
37 191
408 349
445 333
435 159
178 334
274 405
242 261
369 13
119 8
436 282
456 428
113 330
240 314
78 27
436 265
157 384
62 486
11 178
448 264
26 430
474 277
222 233
457 226
408 121
3 209
452 88
164 123
255 353
177 211
158 1
478 333
140 150
315 181
424 87
339 190
112 417
475 274
143 155
148 179
430 214
400 88
152 277
184 165
33 85
252 181
448 457
96 360
209 474
311 286
339 66
350 218
143 61
165 431
276 256
456 328
77 29
261 219
106 122
487 84
320 498
395 4
381 416
62 470
354 299
98 142
366 135
321 13
157 469
277 467
492 467
201 32
276 154
125 456
202 4
364 326
300 266
481 206
224 498
440 417
151 128
82 421
148 55
220 224
430 290
424 25
178 184
382 86
282 192
289 130
194 13
111 100
201 80
488 396
174 404
61 319
164 352
385 451
272 195
332 269
28 161
107 97
49 474
405 60
374 23
417 213
168 398
455 321
141 408
58 489
393 177
12 216
460 434
31 160
250 379
120 142
246 480
270 367
175 193
197 302
237 103
80 255
245 406
98 260
223 131
360 137
447 329
161 125
127 63
263 258
479 386
77 447
16 262
335 260
131 36
363 440
99 445
365 297
326 173
289 400
217 427
393 70
253 390
69 457
192 239
264 397
6 352
236 263
