150
178
91
78
41
47
255
89
146
54
16
241
177
70
149
23
12
182
234
49
119
105
9
68
223
204
11
36
185
50
75
168
196
67
237
141
192
197
152
247
238
113
102
58
83
129
140
95
145
254
122
103
211
253
110
92
120
137
27
166
250
71
14
25
126
132
42
207
100
213
189
72
163
174
28
17
90
249
107
61
63
187
201
29
219
236
30
214
56
65
200
20
233
206
173
37
228
242
147
143
94
88
45
53
203
256
81
121
66
15
82
74
180
128
55
170
48
1
97
51
171
148
133
21
117
118
194
161
34
158
101
69
125
172
5
246
18
139
32
167
212
248
98
114
169
57
216
59
153
87
157
109
224
39
215
138
239
220
136
116
179
222
7
104
193
134
184
108
221
243
225
227
191
142
190
165
46
64
13
123
38
232
199
112
77
31
235
162
229
130
210
79
135
99
44
209
33
86
52
2
218
111
244
154
8
40
240
202
217
155
230
43
175
22
24
226
60
124
208
231
93
84
159
252
164
188
127
3
160
205
19
80
6
115
156
96
85
62
198
176
251
73
195
4
245
151
186
10
131
144
76
181
35
106
183
26
