376
3456
533
3400
2949
2361
1378
2402
2471
826
3531
2846
223
238
1966
3370
768
2187
653
3157
728
127
2198
3077
831
3192
1927
1163
3607
2054
3472
3049
1384
327
2195
18
340
2043
956
1541
1085
3661
3027
3290
475
1234
1141
843
3047
986
3418
1460
2573
1687
1087
3308
2538
3979
2121
2993
2830
1353
2969
945
481
3223
2947
3125
3701
1465
2801
1312
367
3707
2917
1156
1421
2847
764
3646
730
739
1581
3755
2814
1734
334
3579
878
3556
3687
1423
2129
4
3733
1742
2581
3273
3645
218
2834
1996
3981
1036
2334
2374
1037
3562
2633
3656
824
2407
432
4033
1869
3318
3145
1979
3627
682
3211
4040
350
836
3333
125
1142
1712
1486
3787
3494
3147
1076
306
454
1530
3758
3491
1444
1307
1373
1380
767
919
3040
407
1976
1649
354
75
2602
222
2103
2345
1084
1068
3861
126
3560
1270
1431
562
3321
3868
1605
2646
1208
2231
365
2574
1154
283
2190
2398
2117
1515
3763
827
1850
3062
1812
3976
1432
2610
2589
1834
1804
1821
2804
734
2939
874
2233
396
1151
3317
3360
1265
1772
237
2343
1919
3017
3756
403
1080
1108
377
524
1710
2051
1554
3153
3270
2717
204
2771
3347
1555
952
205
3800
749
2775
1499
3548
1166
573
2427
1155
1619
3467
2008
2496
2906
3091
455
370
2951
920
3993
3593
3987
3466
4059
46
574
3358
3605
209
184
1171
3947
1658
3801
1998
3216
2392
700
313
3074
88
243
1242
1264
372
566
1894
1635
2510
3242
661
3386
742
141
1096
1756
3070
1181
3380
1412
1243
684
2258
1425
3280
2852
3922
978
2098
361
3867
2710
2983
513
1485
3753
2963
2543
1707
1038
54
1165
2650
1858
3971
278
2338
4049
1
3188
3904
1086
6
1296
4060
565
286
3285
583
2014
640
2742
642
2615
1103
265
2749
3767
1975
2163
552
3138
1839
4023
3944
940
210
650
1995
2128
2060
3171
1238
2255
3609
3879
38
3129
2842
3998
1926
2887
3100
1670
3103
1467
186
1565
161
1624
400
3355
3089
3224
2871
2738
3837
2787
579
2903
724
2116
2952
3989
2360
1870
297
2967
239
1892
3962
2162
1305
1472
3431
2094
1427
2885
250
3440
2764
2349
3226
993
2564
3748
3817
143
3174
2494
2291
1705
3788
2288
1497
1075
965
2278
1222
3954
2005
2845
1060
1990
1913
1029
1215
1401
30
873
1843
280
3133
489
3622
856
1023
2260
3615
1370
3913
3885
1453
3606
3306
3719
1561
3498
1659
449
271
1047
1866
4070
2544
2245
206
2614
3104
4010
2468
1653
1216
2636
341
1853
2080
4050
3536
3983
1267
2631
497
3232
1352
610
2033
2104
3854
3775
3015
1201
2901
1324
2773
2242
3404
769
1669
1186
1886
3329
1578
2351
2307
2021
175
3363
2292
52
3535
458
3130
2125
3860
410
607
1500
1873
3843
413
1634
652
754
3046
3996
2708
3891
1719
2569
2262
216
1970
2400
1940
2677
1279
1822
2549
1250
1122
1316
2221
1478
324
2491
2212
3233
2547
3424
1673
1054
544
1969
554
3660
1433
3008
1318
3053
34
3651
336
1107
397
60
2480
105
726
2068
2444
2354
3361
3507
273
3930
66
2628
3953
347
3666
1468
3825
2489
813
561
1237
1071
3210
2806
1504
3524
3985
1193
138
3300
1612
343
2805
1367
3623
942
834
1793
3573
572
3624
1537
2419
1455
3020
3243
2724
4044
3574
234
3781
3811
2078
1685
2692
170
1257
1652
1776
3173
4076
1013
3315
1148
1782
247
2705
2222
3770
2791
3982
3320
2065
636
1403
2194
3933
261
3460
2728
1348
1632
3131
1604
108
3723
2396
762
478
704
751
3991
3992
2276
1971
1273
902
82
3640
2096
913
3197
2739
1213
3371
3041
3064
1848
3686
434
3075
4017
667
3410
3892
2181
1657
1647
2984
817
2431
167
3694
1471
2863
2609
3442
643
98
270
147
2171
2545
3160
3519
3700
3829
356
4039
674
1017
2620
4064
3972
299
3680
4020
3986
3667
995
3312
1157
3218
295
119
452
655
3470
3126
1802
3545
3195
10
3724
378
3493
3054
3372
3024
3847
1463
3411
2540
3997
2576
1846
2945
2036
43
896
1402
1528
392
1909
2217
1774
2072
3485
2995
2009
64
859
548
716
1079
880
3571
2059
409
1101
2253
1009
3601
2152
3212
615
2091
2140
925
2843
3302
3965
3262
3351
3685
1097
3709
1359
2501
194
122
4066
2375
437
3267
1450
1686
914
1082
3886
3085
2911
2877
2490
2048
1682
1361
2651
3509
2232
2020
1490
3880
3899
268
2515
1026
1010
1790
1506
3335
2229
2765
1748
514
3650
2369
3826
733
4063
971
240
2220
1535
2382
1072
2027
1268
349
2348
3154
2601
1851
1723
221
612
3917
3241
2914
3824
1852
3960
2793
2097
3265
3732
2469
1322
3908
2798
1081
2386
351
3193
2731
3474
3179
2268
2185
941
177
3537
3629
470
3804
106
3638
1700
2516
532
756
1040
358
1617
3773
1747
2594
3746
918
1550
546
2750
2422
4088
3349
879
97
1195
3185
1434
3779
972
801
932
236
67
3729
803
290
563
3446
4052
1452
1796
1738
3938
1972
604
3143
379
1518
148
3935
1125
2935
2551
3394
912
1771
357
792
1544
1735
2718
62
997
2534
666
2378
1676
3298
2135
3177
2523
2788
2766
2424
1994
111
1030
3850
1259
3625
898
4069
405
1283
812
390
214
1671
2832
2828
2607
1965
3761
3914
1294
3599
679
1984
1124
1811
1879
2186
4046
3105
2050
3395
2353
3975
1019
2289
798
1457
683
2548
4074
498
493
2421
869
614
789
1733
3297
2248
895
81
3803
185
829
3643
1823
1435
2585
3038
305
3653
3889
1766
4092
1442
525
1341
2047
476
3377
915
2907
2580
1502
1405
2522
1546
1861
2582
3742
342
1780
3757
1430
926
3691
1329
998
402
227
699
2267
1598
1958
770
4022
1160
535
3117
3083
3164
2123
1398
1089
2722
3702
2457
630
65
1164
748
2193
1319
35
2092
1469
2973
2811
2403
2858
2418
2106
333
3822
293
1759
3689
1767
3713
1039
2669
1182
3955
1513
1783
1590
515
1809
1925
1613
3152
519
2026
2546
832
3058
429
3137
861
1952
1015
3099
888
3752
3334
1046
1899
159
2971
3399
1496
921
838
3116
1090
2337
2916
2980
1574
631
3331
876
2865
2537
4016
2678
2281
230
3669
1479
1313
3343
4030
255
979
695
3718
58
1824
3877
5
2616
2701
2453
1661
797
3119
2946
3240
302
2313
2598
2055
2782
3692
2784
853
3025
3924
1524
3181
2064
3401
2687
866
1752
1395
1130
2284
868
3189
3490
311
2856
3346
3611
1394
2702
1778
1545
3586
2727
78
494
1960
1543
2035
2452
1611
3252
3747
2016
2440
2883
3872
2619
391
3786
698
708
1272
2297
3662
2062
2063
156
2962
2216
1366
1232
2401
1594
4019
3288
3894
605
3122
3725
3279
1559
644
2131
1198
2617
3799
469
3435
1859
1420
1757
2290
2859
2827
2781
1558
2528
2191
2113
3170
1760
2896
3576
3578
3738
2932
2384
3428
717
2085
4073
2218
2897
1988
924
1364
3968
3051
1945
3258
1202
637
2340
3437
116
1825
2266
1525
3684
1187
2866
2925
2512
149
3416
4014
1137
1217
1992
428
153
2974
304
3561
1644
387
2473
2579
1806
3559
897
2812
2399
3110
722
2671
1978
619
3587
1907
2711
1000
1980
1934
3840
2263
57
3810
3633
2854
2271
1365
1418
2472
264
3988
1184
1739
2296
2536
1656
2568
2213
3094
3376
673
2124
2179
2870
3528
2656
463
1703
51
1110
2318
3688
2018
3246
294
3487
1456
1540
2612
4006
1600
2364
45
1276
1311
3282
2166
2563
2151
2704
575
2202
1012
26
3778
3895
4045
1764
1041
3396
691
2676
1849
2031
569
2760
646
946
2519
1679
466
3323
28
2393
586
1863
2011
1247
1470
3121
1447
190
3776
3228
1321
1033
1522
1938
1244
1284
2535
1810
3722
319
599
3379
1773
2571
2153
2311
2929
2965
1028
1628
2237
3095
2112
1494
1718
3632
2693
3237
2205
3220
1547
2552
1701
3066
894
3003
705
3703
611
33
2356
2254
1509
1388
3135
3838
2333
3508
1063
3356
899
3909
2056
1371
1481
1269
3990
438
595
3736
132
741
366
2371
3581
4055
2736
553
1636
633
2744
4027
1219
1399
1358
1944
4025
3350
613
657
757
2634
737
1369
2966
3712
1665
3821
1722
2159
1246
2720
2492
3928
3430
3999
590
1654
249
672
2137
1020
2169
2653
3544
2372
2028
3373
2256
808
1724
2600
1416
1392
2133
447
1056
1175
2057
3844
3208
99
3931
686
3060
3107
224
2592
2797
2777
2357
189
2933
61
2587
2668
2206
1220
990
628
4051
284
3482
681
1387
1917
951
3927
1190
1464
794
163
8
3301
70
1255
1877
2630
1344
2520
2527
3848
1224
1180
3604
3888
2006
1443
2286
2500
2645
3014
417
2149
2157
2990
755
1483
355
317
2821
3378
1582
274
1083
3256
2077
419
2785
36
1016
3366
964
3272
3932
2188
457
1393
3911
1477
536
140
3517
662
901
3005
1303
395
2840
2637
120
2477
1003
2819
2438
385
1062
2530
4095
752
3398
23
3190
3158
2366
3731
1695
1803
2326
2030
2893
1948
3610
3728
1419
4043
3255
2497
3257
47
2735
892
2485
621
95
1327
2550
1221
2559
1643
256
1285
962
3092
2502
1631
1439
2251
828
1118
134
427
2919
3570
3022
1363
977
496
2622
3477
4008
1493
4037
2900
84
2070
2381
3332
2304
490
1708
3469
975
3296
2924
2259
2725
3132
3115
1258
3150
2686
850
3023
2948
48
2942
806
3405
538
1140
3658
3673
2799
3977
226
2938
3542
1308
2591
3874
687
1865
1310
3327
2756
2127
191
1820
1135
3768
3203
474
3392
2439
654
3617
3044
2606
1529
315
1664
2874
3851
2839
2420
2649
11
3468
1252
3124
2640
3735
3236
568
2243
1874
1968
1290
2864
3309
269
213
857
2493
4005
1922
178
3036
3550
2086
825
1758
501
2822
1505
1633
242
2041
1828
678
1241
855
24
124
101
2061
1330
3793
485
2415
3898
326
2732
3959
3175
4012
2093
3183
2596
1989
1895
3957
1146
3852
736
4024
1562
3759
2681
872
2780
3876
1073
580
2723
680
1429
446
3697
1042
3663
1918
1152
1301
1240
1206
3730
3835
2165
1051
1178
1214
759
2667
166
747
2996
3259
2279
1449
3602
3612
3945
3783
1699
570
670
851
1406
1424
3639
312
411
1838
1194
3526
555
2700
1189
3654
656
2719
2629
1253
1629
2293
2412
2960
2075
1967
2905
3275
3419
2514
1608
2934
3567
172
3393
3065
3926
1814
3634
3461
2197
1883
2332
3260
1754
2889
1589
517
1798
3148
560
541
3292
3798
1993
3789
2599
3045
3952
1964
3941
1197
3409
1417
389
2639
1914
1946
418
1911
1750
2317
1609
1281
3441
1320
2824
1049
1044
2675
2032
1915
433
609
1115
1507
1446
399
776
528
761
2363
3678
2554
2680
2024
3921
989
1655
606
1262
2794
1377
3206
2997
3664
2445
4096
1074
1912
2173
2246
3123
1536
2712
602
3642
2037
549
4085
1725
1875
771
3013
3572
2391
168
1249
2831
1127
2119
1223
3084
622
3109
338
4072
3162
3766
1880
2479
885
3795
1795
2853
2838
1878
1737
1765
3946
2985
414
2918
2462
1271
937
740
1625
2225
2069
2228
1614
1133
2605
382
3043
1815
246
1129
430
3994
4091
1937
3797
2721
2826
848
1646
2611
1093
460
2130
155
3915
1032
3304
1001
4094
1920
1860
2531
2513
2936
1542
2083
3209
1440
2114
2076
3890
3307
472
1282
2365
3831
4000
960
1512
3018
431
3381
2763
4047
3515
4080
465
2716
1411
1382
3483
3247
2714
2105
2632
1336
1560
408
1854
1005
3127
182
331
1510
3563
1697
2970
3635
2280
3072
1553
3693
1287
787
1957
102
3439
547
1315
1808
2143
959
1245
1448
439
982
1681
1711
1794
380
2848
2665
720
862
360
2556
2982
2923
3031
3313
2590
2211
3471
3225
252
3445
1900
1078
3503
659
1261
484
459
706
208
1162
1218
2201
1346
1672
1732
1548
511
3266
2755
180
3004
2818
1586
2294
3918
435
44
4089
2802
424
2244
3772
2927
1898
1357
3499
3101
220
1630
917
292
2790
2880
1173
2443
251
3444
1885
3511
1928
2525
2813
217
2344
2320
2132
2413
3200
2844
2713
1716
559
328
1179
2458
1428
22
931
753
2172
1121
1580
4071
2459
3720
2464
2144
3034
2815
1627
2090
398
2388
1887
19
3616
2467
3196
174
2912
780
1480
3205
3063
3050
2597
2404
3727
3698
3102
1813
1910
1587
906
1147
1720
2461
1552
2956
1451
2783
4058
778
1099
3319
3201
556
394
4001
2753
2981
3794
1692
3163
1618
738
1105
3463
2189
3213
83
618
2751
2867
3495
232
2937
3681
1640
1050
1706
3432
3597
2808
1956
1645
3068
3580
1864
2759
2155
1409
2312
922
2138
3167
3665
1298
1326
1538
1840
339
1666
1356
1832
723
935
1024
1663
2930
3551
2209
1254
2851
3592
1891
1593
712
3897
200
1939
858
537
1459
3413
3565
3090
3204
1999
1930
968
3337
486
3453
963
3808
2379
508
2387
1314
1422
68
1139
927
2890
3863
1805
1675
2991
2729
2691
253
641
2752
2184
2487
2327
3832
2506
1786
1383
1211
2087
3274
1117
2562
1228
4090
3785
3007
779
1159
3896
889
1462
711
1275
49
3475
1390
2747
2817
1061
1570
4086
4068
796
199
934
2019
2823
854
1006
1256
3878
1052
3608
822
3514
3422
3726
1306
3710
908
266
2200
2800
2699
839
113
3328
3438
92
809
1299
1441
663
235
241
1694
2743
3330
3715
3348
2095
2038
3873
3016
90
2460
2321
2499
766
1816
3870
3814
943
1616
3144
660
173
2309
1088
1102
3488
2039
3762
1585
4079
55
3540
1335
3289
3534
1731
1947
2022
2426
94
3277
3575
3780
2861
1407
2013
890
3067
2772
2287
2107
2052
1797
2323
4065
1192
860
2017
3073
276
2570
2002
1566
3925
2049
1688
2603
3414
3834
923
2940
1200
578
2283
117
17
1002
195
207
1225
1278
443
2895
1229
948
1743
852
3620
955
1856
1667
2007
3830
551
3839
3750
3967
1523
2672
3598
3293
3875
2835
1191
3782
325
2109
2145
3436
1347
3819
2697
363
1091
2769
1897
3341
1792
2034
41
1836
3699
3303
1789
2748
1985
3168
2122
2308
638
1833
2922
2161
2235
1563
984
3176
969
3704
2383
2428
2377
2881
1077
3
1889
760
2679
1755
291
887
2758
2177
183
2908
933
3683
715
3120
412
2961
3961
2588
884
2139
2167
1474
2796
2120
1199
3833
1527
1334
988
2875
281
100
2989
3857
1622
3636
3679
2347
2950
491
4078
588
2809
781
3028
2695
1845
1603
2001
1004
3923
2661
2660
415
3408
137
1176
2994
2040
3486
1935
1882
3907
881
2414
1144
2745
2329
364
1610
3706
2673
710
1413
1936
3281
1204
2203
1309
1981
3229
1902
1138
3588
3481
2299
1746
1516
981
916
1901
3696
3841
1487
2521
1461
4041
3512
1059
129
3141
1205
160
1933
2761
300
21
1517
176
2330
1714
1709
2199
187
337
1982
3253
275
714
2658
2586
996
3520
2762
85
3217
842
2207
2044
1134
1677
3222
3369
1684
1583
2618
3108
2872
1847
279
2909
3447
3406
3522
2733
784
992
2319
2533
3739
909
2178
521
2829
2876
2432
1577
480
3641
3506
785
1844
3951
2891
1069
13
582
2495
3149
2180
1043
598
721
3630
1867
3086
2126
492
2662
1332
3112
3949
816
994
689
1818
2486
1397
91
718
3529
3741
1100
1109
713
1781
3478
871
2004
1007
3010
867
3717
1415
1788
746
2685
1534
1871
688
3806
1893
3283
2115
164
4026
374
2503
1021
1532
1768
1045
3081
2957
3554
2441
4087
2324
727
627
103
3549
2269
3221
3527
1702
3052
1396
456
1817
2666
3771
1962
506
74
3818
668
731
3980
2454
1777
3644
229
1779
231
3227
4013
1248
589
3708
944
2664
2541
3628
1475
635
254
423
136
3465
735
818
592
71
2654
3973
3547
2247
1974
3764
795
1620
2164
788
3048
3864
2408
2214
966
2647
954
1698
2532
3802
3674
3500
3268
2954
3504
154
694
1031
2416
2310
3407
3458
3388
3614
3336
3769
1008
1498
1300
257
1763
2557
690
2894
2913
849
1830
3906
1119
1064
3383
600
3026
1070
1639
1855
1212
1131
1800
976
2250
2511
2902
3248
1641
188
2730
3035
847
157
2868
1837
2504
2295
3012
4067
870
3000
1557
1035
1680
289
1260
2265
4042
4018
381
2565
1048
2807
841
2931
3521
258
3359
2888
2466
3584
729
179
775
904
479
2682
3929
345
1292
2314
685
2509
774
3387
3966
3079
3106
2988
3815
110
219
477
301
1136
3619
1274
3362
211
2979
3842
2578
3672
3097
2305
2277
707
1762
2608
1572
3557
3743
616
320
2694
4056
303
1106
1251
1476
3943
1973
2792
3314
1379
1372
20
1143
1132
335
624
462
2362
107
425
3250
2045
330
1400
1263
1539
3920
2350
2088
1533
1266
133
162
3480
3568
2111
3299
928
930
3516
2174
4053
79
29
665
2219
3391
1025
3033
118
473
1942
1623
601
815
4028
3751
1638
1615
2215
929
2470
1841
2136
2385
2264
1726
3903
2430
3934
1466
594
3187
375
448
608
2306
1098
3595
3202
791
527
3690
3937
3136
2230
3564
833
1230
1169
2657
388
87
2261
3093
359
3322
2741
3457
3082
406
2463
212
1491
3114
2322
1761
31
2359
2339
1011
3774
3956
1161
50
1349
2449
112
1174
581
1113
3978
3305
2370
1339
181
3621
1482
3235
1953
3845
4002
4081
114
321
1488
1977
1601
2986
3784
1929
576
233
3096
4077
263
2507
882
2342
1167
632
542
1338
2015
3476
1596
3239
1729
3261
1904
3820
1328
2553
32
1501
3118
2624
2433
1787
2652
2684
1876
1368
3902
3345
3324
130
3140
732
2978
40
3186
782
1445
3159
745
669
1599
939
3893
3510
487
4084
3264
2737
947
693
3421
1239
2168
2058
3009
3792
2389
3600
820
2442
3809
1508
3631
1584
371
649
1514
3142
3496
72
128
1340
1674
2249
2456
1503
1835
1801
2303
59
3291
1188
2498
3963
2411
900
3295
1881
2825
2429
3128
2926
564
2560
468
1950
262
404
783
526
886
3647
3995
3134
2959
3502
1426
4075
2757
3427
1931
2696
585
461
507
2074
1114
203
2478
3382
3523
2778
2335
3454
2183
3316
3958
596
1784
1668
2850
2241
3420
1092
2100
1343
2955
3433
15
2395
12
1955
3417
3823
2423
743
1713
3585
3180
139
2715
3677
3245
2346
2674
3865
3397
3254
2659
3813
373
999
1511
2204
2992
14
2561
384
2394
314
451
2450
1579
571
765
3866
2643
260
3364
3948
647
1602
2236
3589
530
2706
1126
938
2768
2224
3425
1094
2539
2740
3071
1057
844
2505
2976
3836
1721
2638
799
2898
3900
2593
2082
2437
1678
3569
152
1123
1551
1923
1337
2803
3530
3375
2558
1414
2841
3648
3056
69
3807
2882
625
2833
3796
2621
3338
3037
3539
1872
907
1053
3659
3276
2904
3603
4004
2910
56
2862
2964
2689
3423
1436
420
1595
3745
2239
1689
2436
1170
3964
3352
837
1715
1128
39
1954
1438
198
3969
2325
4009
4093
1651
3497
3403
1575
2941
634
3294
3940
1799
3558
3883
1149
2698
1829
3011
692
329
2476
2776
3950
1374
3649
436
2884
282
520
2282
3749
2315
2683
444
3429
2053
121
2273
2998
1959
244
1785
3855
3655
2975
1791
1717
2410
3555
3464
2355
3682
821
2142
1597
1437
1291
830
1345
1355
3113
510
518
3974
2010
845
991
3402
2227
2481
1941
2368
810
3505
1728
1458
617
3080
1236
3284
3354
3088
3552
296
2987
2446
1203
4011
3271
3234
1067
3244
3862
2025
1120
1408
4054
1231
3055
115
1884
2508
37
973
805
2944
3367
3705
3473
3006
1227
2331
893
2526
2688
1662
701
2084
1235
1730
539
2977
3765
2434
123
3916
1404
2101
1857
1693
758
307
3111
983
3455
3543
344
3019
3191
3744
3901
2240
2367
3178
2627
150
2192
545
323
2182
503
2336
1770
2626
3057
1916
523
1391
1454
2405
362
516
1519
597
1520
3353
3942
3538
1660
2380
1769
2663
3278
3910
1185
3532
3827
1741
2257
763
1648
3198
509
591
1740
73
987
2999
3618
2285
3939
807
777
1489
1932
500
3805
1521
3869
1568
502
4082
1549
25
3492
534
3325
3001
1277
2226
4038
961
3182
3249
2081
2789
697
2836
980
2488
499
76
1906
3340
1168
3165
3594
639
1302
3513
1018
790
2921
814
1531
272
1095
3740
4061
3231
1381
1226
308
1158
1333
3912
2475
3238
3385
1607
1389
3365
4015
1342
3479
2300
3577
2709
3711
3887
1749
4057
467
2604
1104
2595
1209
950
1150
1145
2270
2886
3412
3219
3443
1295
1963
1196
3462
3936
3637
703
2465
2483
1207
2517
1997
2451
1492
2134
3553
3042
2150
1606
577
1908
2779
744
2275
709
1736
3448
146
2575
2160
1022
1819
2635
719
3184
3415
267
540
949
664
151
2141
3452
2670
531
2301
3525
2108
1027
1862
3146
804
2879
3970
346
3501
298
2857
1896
287
675
2642
3344
877
3596
332
1921
3449
936
3675
3078
3326
3984
259
3251
2146
96
2046
522
1842
3671
2000
3098
3039
1951
2810
1888
142
2102
2613
288
2584
2252
9
353
658
2352
891
3859
629
316
505
1317
2223
2012
2417
3166
3059
1564
3790
1385
63
2316
1696
1569
3695
3518
3161
773
2003
696
2148
974
4031
1704
441
2648
2849
2837
2448
1744
3030
1293
1983
2583
3390
1066
80
1691
401
1375
1961
1495
3263
864
1556
958
450
2860
1058
245
2703
967
2208
3566
386
1210
557
4036
620
4021
3652
285
3384
2555
2341
3919
4032
3357
2855
1111
4083
1637
2089
3426
2518
819
109
1331
3155
800
482
2623
1376
158
322
3716
626
863
1325
2274
2572
495
3459
2099
2455
4035
77
957
422
309
2899
2892
4062
2156
383
3871
3591
1065
2272
3230
2071
3546
483
192
823
3816
2376
3002
3207
3849
648
2
318
215
2920
144
1753
3583
4048
1233
2302
471
453
2795
7
4034
512
2542
202
910
2820
2029
970
201
3389
3734
2147
3374
3884
1360
1986
558
1116
2878
2110
3287
2196
3533
135
2435
3029
3905
772
1868
3777
2066
2915
16
442
3812
3199
2869
3032
3451
1827
2707
3489
1573
1592
3156
1626
2073
802
2390
1591
2577
1350
421
2474
2482
3214
905
1289
42
603
671
3087
3737
3151
2726
1567
786
2042
145
3858
4029
1775
2238
1576
1807
1905
3881
3828
593
1890
3760
2358
676
1473
1571
3450
3856
623
3754
903
2625
1484
416
3668
2447
3286
2298
310
1055
1386
3541
1288
1621
2754
445
248
1650
464
3721
3368
3194
725
3069
1323
2873
4007
1286
677
3670
702
2067
2175
2644
840
543
953
2425
3172
3215
1826
875
86
1153
811
1987
1362
846
2566
3582
2770
1690
1354
1903
645
3311
2958
1526
171
53
27
3791
2972
225
750
3342
89
550
1183
440
883
2641
2118
2767
1727
1410
3310
2170
835
2928
1924
2734
277
1831
197
3676
2943
587
1351
1172
3339
2406
2234
2154
3021
2567
3269
2690
3657
1112
3846
2484
3061
2816
228
2409
2953
567
3613
1683
2158
1745
1014
2655
2968
352
2746
2328
426
584
3853
2524
3434
865
169
1588
3714
193
3169
3139
3590
3626
985
3484
369
793
504
1304
2210
1949
2176
1991
4003
348
1280
2786
529
488
196
131
1642
1751
368
911
2079
1177
2397
1297
1034
165
1943
2529
393
2774
3076
104
2373
2023
651
93
3882
