1191
340
311
255
1072
1650
2032
843
2033
1466
1094
815
710
1899
473
1714
636
1830
723
1026
1530
27
1367
1954
535
526
1489
816
544
53
1245
1378
384
923
1439
1708
1556
794
1442
1261
260
851
1252
1491
456
706
830
1665
1781
818
638
1062
596
1628
1012
1050
78
482
341
1772
776
1728
698
1486
561
302
1188
1323
819
466
1107
303
1274
1386
530
624
1964
518
1220
1295
1591
181
1416
651
2003
1758
111
356
293
1702
1327
1989
1945
690
703
831
2012
1824
1774
1668
586
212
753
1788
1878
1808
1571
1773
1211
1388
272
23
1335
48
1131
1411
419
1289
1747
489
75
973
1160
17
984
1797
823
1799
1343
1173
405
1470
388
1350
1568
1401
1100
845
334
708
998
970
1684
741
375
1053
81
1652
350
916
1567
1698
979
93
167
559
704
1166
498
1887
49
1941
1520
4
1179
1875
2024
206
61
230
915
1128
1683
1277
7
256
1917
1004
364
781
1485
1174
1835
2028
130
1336
827
910
299
1756
30
338
1504
1154
1249
1269
1527
1397
1480
1444
243
571
450
1229
1982
917
418
589
649
731
863
416
1031
1998
2007
2004
746
1895
478
1662
105
251
1481
822
616
281
504
46
534
1718
514
1019
946
282
965
182
424
29
274
683
1460
652
1347
177
1001
1067
924
1140
784
101
1061
574
1580
1259
1271
124
1721
1199
1202
1450
1739
950
1215
1723
328
809
1647
948
913
1592
861
379
231
1780
1425
91
150
789
718
532
1689
226
1833
47
1370
1254
847
871
961
2011
1034
128
1138
469
432
1863
1577
928
1627
1282
857
476
1881
964
1196
885
1540
1015
1304
1488
64
1763
440
285
249
864
1631
1695
60
1765
1262
305
676
1391
1991
479
1207
528
675
614
1410
1645
1512
1297
568
796
148
778
408
1908
2008
188
497
1065
1548
1623
1186
1345
1535
207
1582
236
430
1091
116
2038
352
1770
372
1913
548
1010
1651
1415
919
1620
1801
1745
192
1085
1135
914
1180
1357
1993
712
1796
1842
2040
1957
170
1965
56
762
2046
697
1786
1352
1999
184
357
112
434
876
1755
945
199
1633
1428
1640
1949
1971
714
1165
1637
1667
1309
1144
733
1478
678
1922
1741
803
904
940
1905
449
486
1148
931
427
599
1864
1720
591
896
1296
560
925
431
1805
1656
1380
1615
1231
203
410
391
639
1047
1841
1757
1176
1943
327
190
829
244
1798
1724
1812
142
1603
881
647
315
1551
1039
1554
1524
812
1073
1022
1935
1412
768
1341
549
44
1448
1838
1990
43
1142
1108
1479
493
1313
1552
920
132
787
137
1030
84
1924
224
992
813
1293
891
1638
1302
1654
1366
169
892
1691
855
1498
1106
1564
644
1172
1115
1043
745
1422
1499
215
371
1953
1394
1253
795
1349
271
884
1137
488
631
312
769
937
1049
386
79
1882
1385
1932
1719
1821
501
320
661
1939
622
1879
1246
496
1122
1475
1337
890
1326
1601
1510
1071
1987
1209
1054
2014
2018
294
579
1764
454
754
1112
345
1228
1675
1717
494
369
1931
997
865
2002
1032
726
1617
903
131
1804
1910
1671
1333
1686
1016
642
749
1744
1813
677
1433
693
1597
1017
1979
460
71
1048
1320
1834
751
1184
1952
1238
841
1616
1346
195
1467
1793
66
1948
507
1743
1212
665
607
125
1803
151
1088
1589
275
1125
1775
210
1265
398
744
517
1463
1014
1929
314
1308
270
9
1285
1342
901
1732
1256
1782
237
458
1974
853
1677
223
1116
519
1588
268
782
2017
1699
565
1930
1614
755
1619
1515
1531
22
240
543
1214
1035
1468
643
625
247
1023
895
1563
362
123
1402
15
952
1087
2037
58
52
563
1086
1709
788
483
689
204
1759
688
219
474
8
1674
655
1429
1704
664
897
289
1886
141
608
222
868
1555
1360
802
2022
1846
2029
1163
36
709
183
668
1443
1559
1464
1866
1715
69
1523
1500
5
310
936
18
1104
926
1576
1522
836
826
1430
687
705
21
1511
173
298
552
140
1921
598
1923
1541
242
1877
1537
986
1889
1968
1947
1642
1574
866
1810
2009
1981
1544
1095
1847
347
245
426
1730
1353
500
250
1517
354
1075
1970
1807
1736
612
97
558
1373
1436
974
934
1413
1972
475
1874
750
1457
259
1447
597
221
1502
253
1006
711
1729
25
1779
1860
1703
1414
906
1722
757
1316
955
2019
1506
524
1856
951
1213
692
503
1622
2021
1572
67
100
1474
592
911
1607
390
547
867
1389
1082
1791
1484
1152
1182
1713
629
264
1024
1960
1493
1435
54
136
1368
1247
477
736
1093
1501
129
1632
1925
929
508
257
1595
1904
938
1405
420
1609
759
1861
1307
728
1660
1051
1369
1678
2016
429
1737
918
1141
1740
646
421
349
748
133
117
1536
767
1814
1546
1164
770
785
972
1894
1258
145
1507
1995
1399
201
1849
615
1441
1513
1076
833
766
279
1752
1926
213
1361
385
1292
74
837
368
523
780
898
1146
28
1185
694
491
1204
1956
401
122
438
1298
722
110
377
1025
793
682
1224
1994
730
1133
451
1483
437
949
395
1685
1497
72
982
1613
335
679
307
1581
332
316
1967
330
707
542
1472
1281
1445
284
1069
490
95
1855
1809
348
627
2027
854
695
1978
114
1217
292
1114
343
1946
287
1697
838
569
1738
1839
691
850
1110
962
185
238
1843
521
729
1328
86
346
1604
993
471
1514
297
262
1988
1134
77
999
1408
1794
1205
413
147
995
1045
108
1406
383
1227
85
1955
1608
810
513
425
1118
55
1851
1398
576
1858
266
396
1306
1356
899
790
989
1726
840
1672
1884
1040
1598
1711
1865
606
459
1000
321
1161
1454
1077
888
1819
1426
109
1344
280
1007
1916
1321
344
1712
573
1044
975
1150
164
1942
2020
932
1869
1008
1749
1462
875
783
1594
752
1661
428
2048
172
1912
1570
1392
842
1200
1666
637
1986
1363
1169
584
1762
1490
239
1145
417
1364
760
1533
423
739
324
1583
562
1221
1680
363
725
1735
1898
160
1596
1451
987
635
14
1933
1260
922
1509
1157
564
1171
381
1934
162
353
331
1111
1372
724
886
1853
977
1234
304
144
772
1776
1078
1153
358
1828
3
89
734
801
1669
1505
40
732
587
1902
1290
963
439
671
1396
472
1338
1817
246
487
737
1980
662
374
1850
1267
858
1831
860
1569
577
601
1355
120
59
623
2000
1083
1395
879
1130
63
1283
1508
1251
1117
1528
1348
581
1641
1896
402
1409
628
134
198
942
1060
336
516
1168
1027
16
1276
88
1630
877
436
1143
2030
1829
820
1461
2005
355
143
1644
670
26
248
1033
1198
361
541
834
82
1802
506
1636
804
1494
80
92
186
1136
702
1162
1109
1170
161
505
956
546
1113
1811
235
656
1818
666
1621
1907
1310
786
1203
2045
1482
1471
447
1534
1147
1496
1516
1767
1936
1706
1823
176
10
969
197
529
2023
600
1041
1944
367
339
740
309
467
595
1560
996
234
761
464
433
135
602
94
1272
278
276
1679
1434
1099
1124
1013
118
1973
806
1046
387
189
453
848
1376
1103
159
1746
1915
32
45
73
883
306
1785
2042
673
756
719
194
1659
1340
1914
1918
2010
205
1226
556
37
1120
873
807
727
1545
978
1236
1446
2001
1421
1658
1890
365
1840
811
775
261
701
590
1710
1900
1871
366
1374
227
990
1018
1097
333
613
1270
378
715
674
1495
1139
578
380
1599
326
468
882
33
168
1906
1379
817
1766
554
1242
908
527
241
1178
1634
1873
174
446
1693
2044
902
582
1784
1526
1432
1525
1579
1825
1733
1586
939
1098
976
1206
1909
325
835
1156
935
1792
102
653
1218
1074
1769
228
967
921
154
1177
225
927
557
1768
947
1961
414
1783
791
603
1003
1789
1101
70
1852
1653
1322
1190
399
1403
1606
1222
1543
155
455
658
41
1903
1066
208
1266
663
153
1005
957
191
2006
1334
106
1727
1820
1992
407
1816
966
313
1837
1578
1126
1021
127
610
821
1181
545
1692
211
1940
31
337
1314
492
441
604
1963
62
329
87
870
1529
359
1080
930
2047
370
252
1042
968
862
1232
1362
1452
960
267
1390
1011
1427
1880
1123
849
175
1273
376
1127
35
859
773
1927
539
286
1299
1317
288
686
1455
605
1359
404
1983
1377
443
158
1542
680
1237
667
1351
1742
981
510
720
1962
869
448
1872
1845
758
894
1521
1159
90
178
308
1381
1561
1216
218
146
1404
1593
657
567
290
1058
1431
743
1566
659
406
495
654
1862
1358
511
553
1331
104
1384
531
220
1020
295
1639
216
19
872
1836
1268
846
593
1084
988
844
1635
735
139
1888
1731
1473
832
1694
716
499
1064
1029
1538
1235
1294
1553
1848
887
856
828
1951
1696
1832
1417
1897
1822
42
1318
640
1771
912
1476
265
1754
1230
1687
1329
538
444
880
463
283
645
779
12
1815
452
157
742
470
808
1458
621
57
1885
1959
1325
1911
1690
1795
193
575
1984
1477
685
1790
1550
461
909
1119
630
411
994
1063
113
588
1195
1240
38
11
126
672
1132
1648
1382
1187
415
1700
1449
1284
825
633
1826
20
537
1
566
893
382
1600
98
1682
342
1288
13
1244
209
465
1891
632
991
1407
1976
1233
1760
1958
1280
1868
1750
397
1189
1210
943
1036
51
291
1920
1312
1056
617
1324
583
1778
889
165
765
551
1664
121
1928
1102
171
1052
1705
149
1315
233
1038
509
580
2035
2043
983
1969
1301
360
1655
1643
2031
1937
1248
319
533
68
660
650
522
318
1090
520
217
971
1602
1657
1549
611
412
1966
2025
907
1587
96
1175
323
2015
1938
1250
403
1079
555
1330
1558
1155
1300
435
1002
1167
6
107
1241
620
1751
1264
1055
648
1354
1423
65
798
696
1996
792
1676
713
572
301
1129
1800
1681
300
515
1539
1883
1393
1575
878
721
1183
1158
1303
1892
34
800
1286
1985
39
457
1854
763
1418
1844
485
400
2
1465
1688
954
1287
1492
1649
540
180
2039
1275
1557
1437
1532
777
1611
799
1565
852
393
619
1919
1037
1197
1701
1440
1547
258
1977
389
76
1194
200
1208
570
1225
152
1624
24
103
1673
409
1365
1876
1311
166
1519
196
1859
634
1339
232
1375
1059
179
1716
1584
1070
1009
277
1997
2036
394
1777
1761
1590
296
392
1670
525
484
814
273
1278
1243
512
119
115
99
1518
1057
1332
1618
1419
2041
2026
1456
1383
1149
1469
1503
2013
1748
1646
1487
980
1870
1625
229
214
1420
1319
944
156
953
442
1239
1193
958
764
641
1279
747
1857
839
1612
905
1121
1893
373
1096
1255
187
1950
1626
351
1028
594
1438
1257
1387
985
797
263
774
900
502
1089
738
959
462
933
317
50
1201
941
481
805
585
1459
1725
1827
445
163
771
322
480
1562
254
269
1305
1263
1192
1151
422
1806
618
1219
1453
2034
717
1605
1068
1585
536
1901
1223
609
1291
684
681
1573
1092
1629
138
202
1734
1707
1663
1975
550
669
1400
874
1081
824
626
699
700
83
1424
1867
1371
1753
1610
1105
1787
