91
118
716
87
641
178
237
158
764
639
341
921
814
759
43
278
720
911
683
671
737
774
859
845
337
913
407
163
161
569
450
28
76
483
800
351
455
457
233
92
113
19
112
760
806
615
734
912
659
643
368
298
181
520
937
501
566
116
109
999
682
6
927
593
170
1002
693
923
1012
411
286
938
406
191
231
104
270
376
257
926
629
208
324
168
951
646
362
279
50
186
950
45
128
894
387
99
153
771
1010
812
151
612
985
274
463
236
977
413
486
706
907
875
532
979
244
691
851
287
328
417
648
730
660
721
70
27
681
857
251
785
596
159
828
736
48
393
717
428
653
335
997
454
173
506
976
326
131
229
702
77
619
742
584
302
199
97
436
587
268
227
51
488
753
503
726
23
437
282
374
477
25
40
260
832
445
350
263
677
63
963
831
502
250
797
439
372
479
421
594
916
668
883
1021
347
432
1013
225
941
349
423
763
1000
452
867
271
873
901
552
21
380
841
559
798
835
238
373
497
533
110
408
617
699
743
731
877
1003
679
269
265
169
601
846
16
597
633
295
378
375
523
577
249
712
449
603
625
115
589
203
152
94
638
844
508
994
549
210
897
353
773
793
1011
146
783
44
657
993
86
102
1006
998
690
709
204
419
640
592
965
135
714
58
794
117
72
108
120
888
467
78
701
510
24
141
813
446
776
275
443
733
402
649
972
932
935
179
400
788
881
343
613
311
155
598
143
564
880
399
874
165
221
425
147
537
626
527
478
540
1020
62
535
995
746
438
684
703
672
505
297
277
590
609
750
642
984
458
854
799
1019
313
196
222
893
1024
276
555
511
675
623
654
258
989
323
246
348
754
606
15
886
365
101
388
1014
748
122
824
264
547
305
7
360
202
273
908
943
495
906
830
318
17
863
991
144
872
630
1015
987
514
398
953
616
427
475
100
959
917
809
650
838
710
132
290
761
968
426
451
647
678
149
545
309
148
490
891
680
185
579
462
252
241
843
465
491
892
339
469
700
330
861
727
802
352
599
964
903
487
12
725
176
546
3
342
304
64
868
526
928
137
22
551
1023
293
242
75
206
528
818
361
729
544
543
404
123
262
473
652
745
358
673
435
607
811
283
517
899
340
84
1018
992
529
205
849
466
183
69
184
39
212
586
900
55
42
770
235
140
369
973
685
975
29
493
1016
804
192
940
778
385
791
114
661
769
922
895
621
694
129
468
739
948
723
887
531
805
333
1009
67
936
732
858
344
119
966
256
645
316
138
355
570
866
839
240
422
786
285
782
663
61
516
595
336
821
967
604
620
440
960
133
31
865
1005
247
8
52
496
320
970
949
471
354
767
346
902
933
591
167
370
474
541
924
322
634
484
568
560
124
944
442
772
307
918
18
826
862
707
667
945
356
978
622
232
939
272
876
73
581
171
338
201
971
194
150
216
896
758
33
306
889
583
735
689
54
139
879
433
768
207
391
453
303
83
327
217
1008
842
38
331
724
981
538
914
795
310
90
837
401
130
651
359
836
556
542
71
931
962
588
781
915
367
230
296
539
819
605
756
489
226
600
522
480
808
325
415
175
688
37
884
20
784
697
728
394
239
245
919
666
34
111
481
416
157
85
575
618
294
574
448
955
628
567
762
289
213
534
632
121
571
482
403
418
162
301
412
5
513
188
562
371
461
41
676
214
890
704
253
548
430
456
410
741
377
719
757
447
669
332
631
840
738
744
363
136
321
982
499
869
314
476
855
536
431
200
1001
36
386
909
665
708
820
990
95
215
602
156
79
261
164
807
715
920
223
942
749
317
974
390
284
174
686
585
66
166
220
2
89
228
345
254
810
492
292
32
470
379
512
49
35
521
281
850
755
397
98
925
515
366
563
662
565
14
664
996
434
190
134
775
815
259
424
107
47
219
334
172
898
160
803
105
1022
956
243
441
189
248
65
382
624
195
929
870
530
59
383
952
561
459
93
988
1
127
610
197
1004
847
211
187
519
142
193
224
384
68
315
11
827
986
573
389
692
871
852
822
74
472
670
611
705
980
396
674
792
444
637
395
656
752
288
198
582
848
177
234
525
878
614
801
80
291
280
209
414
580
833
910
636
57
464
88
983
635
381
904
864
558
553
82
103
405
765
1017
766
722
823
779
860
10
255
56
885
13
627
53
834
494
578
154
145
961
485
608
96
500
747
711
125
218
266
777
1007
554
787
576
817
267
509
30
825
572
957
557
420
498
696
126
796
312
816
969
550
934
4
180
954
751
905
655
687
299
740
392
856
308
429
46
409
504
81
947
26
853
518
60
329
658
789
958
780
524
930
357
882
106
695
9
946
507
319
182
713
300
718
829
698
460
790
364
644
