391
263
279
491
445
228
147
153
427
395
344
341
490
422
394
462
24
360
90
396
129
382
231
501
151
481
252
3
188
286
290
405
200
86
242
48
204
403
118
250
508
436
379
324
220
66
269
177
280
195
417
44
219
159
264
22
457
415
358
7
430
150
234
266
475
354
258
404
397
176
345
512
343
350
169
82
308
305
511
364
371
179
381
91
155
317
409
356
386
453
50
439
126
320
351
63
4
11
496
116
89
135
38
221
97
72
460
363
163
171
10
237
451
406
164
284
127
465
289
487
353
64
322
69
137
282
106
499
8
278
119
16
389
47
13
270
113
432
316
370
502
447
390
442
485
434
205
81
214
55
161
99
426
133
115
112
243
277
138
459
495
355
235
319
244
181
429
41
182
423
37
202
190
173
466
361
392
365
92
387
199
318
400
256
306
25
488
507
18
407
452
412
287
211
366
437
342
84
23
36
96
142
227
198
373
347
314
15
156
463
201
283
349
477
75
160
393
192
40
315
273
168
503
367
49
265
443
216
484
483
52
175
212
185
450
401
210
14
107
148
146
157
117
145
130
478
140
337
51
213
165
340
100
506
251
498
311
83
102
111
194
424
222
470
73
143
468
369
388
223
187
307
458
149
304
123
54
352
232
509
500
312
402
67
257
297
435
296
469
414
42
454
80
510
433
262
39
330
338
411
128
35
346
276
53
291
27
240
288
334
121
141
335
301
209
310
467
132
489
448
492
239
260
29
2
362
383
191
328
78
208
292
332
20
85
321
189
472
410
336
62
497
104
6
94
449
428
108
19
377
248
26
303
1
203
32
420
281
21
438
225
236
70
224
218
302
154
134
274
186
229
295
267
34
374
105
416
408
58
357
329
162
230
124
109
180
494
418
398
479
378
331
215
325
172
474
268
101
103
57
326
246
375
71
197
294
207
125
166
421
505
144
313
238
384
174
206
76
110
56
241
399
385
152
88
254
327
68
348
5
60
65
259
28
136
9
45
12
87
419
413
122
368
298
183
309
440
253
376
359
275
98
444
17
217
46
184
425
139
95
93
120
226
178
380
480
431
486
493
193
261
473
79
158
170
504
299
293
167
43
74
372
249
476
455
446
441
114
255
456
59
61
77
245
461
339
300
333
272
464
285
247
482
196
233
33
323
471
271
30
31
131
