7942
7838
1066
2414
626
3677
3695
495
2125
942
3059
3858
1927
5389
2991
401
670
7889
6571
2636
3381
4022
7721
1268
2265
5754
2504
4952
6181
8172
1596
4276
3392
6381
7348
3892
7598
701
4273
930
4135
7577
6426
7199
36
5193
2649
2751
433
8158
5773
1295
5821
2409
2342
3842
3049
1895
6662
7797
4752
5380
7037
3226
6084
774
8048
382
3398
2903
4249
6285
6310
7939
4301
6262
6637
2188
7409
277
8189
452
8058
7719
3914
6773
6730
1213
3021
2791
7538
286
306
6925
1160
6060
6250
4638
4334
1724
2325
5004
2343
3368
2068
6231
3697
6632
1086
5396
4358
5177
6436
198
4119
6753
1159
3913
4635
1446
5190
4674
5044
7380
2509
3955
1572
800
7592
7219
1759
5029
4401
2828
3912
6762
1256
5914
7670
7883
3846
407
3151
5699
1089
6238
3800
4415
4677
1452
4343
3875
4716
2877
3197
4626
6437
2383
714
3504
572
6895
7551
707
7557
6198
295
4826
8098
3852
1958
5739
3013
7535
3639
1961
132
3533
6739
2312
6276
1224
651
6324
4841
1998
4875
5211
7398
3302
2960
5947
315
7504
2729
5897
1257
4755
2944
3285
7439
4355
6440
4647
4709
2519
2801
8134
7647
640
1739
6546
1084
6465
6373
4371
7477
1882
4115
4619
2845
2609
5828
3826
639
5265
3486
5679
4416
3323
8103
6943
5905
7278
8141
3777
7973
2086
5817
3850
3229
7006
3899
5431
4051
4191
2876
4884
2538
143
808
2952
6928
339
7138
929
2600
4956
1375
4506
1236
6639
624
6555
2736
7928
6111
2012
6544
2419
7091
1983
5651
3445
6131
5072
887
5916
3974
5528
671
4545
715
7176
7865
4861
1844
1959
3977
902
1990
2946
2653
1136
1499
2929
6778
6225
655
5883
481
8100
3644
4581
3092
7600
2808
2668
3112
439
1340
486
3609
3176
5434
4517
641
4395
1216
2583
1400
5005
1979
7358
2077
2089
3985
7340
1175
1977
318
6116
4235
6125
4146
3077
4300
3002
2121
5671
2274
575
1967
775
289
2821
1518
4744
5803
4887
5233
7947
1337
218
7786
168
5570
4496
6252
2840
8126
7990
1804
8029
1512
5146
3280
3075
1889
2495
874
3212
3029
4558
2160
3465
26
2833
2679
1449
69
3802
8070
752
4363
4333
908
7643
5111
7884
5775
4293
3406
6751
1912
3807
3088
1328
4803
2376
601
5894
4717
6312
6201
8020
2621
4305
1623
4133
5035
6903
2456
8090
460
4498
6499
6578
3312
2291
6759
6796
4161
1547
4766
3656
4382
88
5511
3518
7457
180
1130
6026
7518
6882
6163
115
113
5548
6372
5836
4536
4251
7913
6816
7596
4310
5950
2984
5524
3972
6595
7563
3900
7844
4504
1497
7038
2452
5157
4306
3929
2421
4486
5935
2095
3622
172
974
2038
2518
4274
3137
2379
11
6248
281
3979
3290
6174
6218
3238
5323
321
3970
4969
5789
6425
1263
4390
4093
7225
2177
4099
6021
6727
10
2392
2423
1478
5716
7772
8088
4260
3819
1963
2391
7501
690
2350
1612
7757
6167
203
2866
7910
5244
3263
2420
1694
4483
7574
7221
2148
8074
4889
6976
4683
5121
1587
2774
2417
6744
4629
1613
5130
1355
3218
7400
3707
2976
1479
3619
3274
5077
296
5263
3114
1433
319
442
7020
8170
6556
1541
3515
3641
6706
1342
1383
740
5998
6123
7018
4588
5395
1219
7222
2303
1661
5175
3410
2885
288
6785
2277
686
4186
5410
5145
1545
1593
3575
298
834
4533
6648
7876
6318
693
3311
1306
4866
7118
806
3367
6039
7733
5349
5660
4532
7229
3898
2542
7762
7281
6275
4658
4757
3509
5458
6085
605
4832
1964
4650
5709
56
5730
573
4059
4663
282
1246
164
2212
1868
3963
5984
7780
3357
6911
7906
5798
19
2587
6954
7500
5685
8135
6784
6223
4209
7502
6105
7132
33
3543
2043
4174
1908
7899
3989
3082
6787
7645
5449
7083
7815
5091
7885
4139
5724
4138
5093
1037
2601
2134
1302
2128
2154
2864
2937
221
2667
3011
7932
682
5992
8176
5418
5402
6462
5007
6519
960
3585
2323
6254
6583
537
3905
2865
5931
5273
3054
360
6729
658
2820
6024
1750
5964
6107
17
2254
4657
6103
2004
729
148
1873
7995
5433
6547
4865
3710
542
4425
181
4814
5229
4036
1836
4615
1491
1282
5011
6916
4525
853
5266
7587
2206
2384
2749
2235
2200
6745
4460
6956
6824
5061
5990
5294
1114
810
8150
1304
7832
7392
6551
5470
6540
3007
3980
1482
4684
5048
6593
1573
5780
6114
75
2431
944
2333
6967
2222
2248
4794
7491
6365
5681
5907
3181
6899
4070
4979
7458
567
6036
1906
3293
1365
958
1182
6053
233
6232
5290
6273
334
6509
2941
2097
3026
1984
7505
1064
828
24
3539
8114
5002
6558
3815
1277
526
6148
6458
1735
7386
866
3937
2073
1484
1636
6851
2257
2219
2896
489
4350
325
3660
8168
207
2490
5704
5569
381
189
8146
8003
6564
2360
2185
3729
7015
5228
6278
1924
7302
4033
7649
4958
1955
3041
1289
6153
3159
928
656
833
2615
6168
1392
6099
3142
3345
4840
1827
839
6871
7403
2074
977
7342
383
973
451
727
2734
4298
5383
864
7025
1876
3447
7921
5472
3761
7405
5304
5014
4946
1139
731
5025
7522
1253
708
813
1278
7408
3147
3919
6528
5661
6815
4997
2378
1044
1540
3487
4628
4897
2129
3743
5446
4763
6501
2454
312
6980
3087
7846
1948
4914
453
3365
216
4369
399
3940
1727
6748
6340
2060
1140
3550
230
6942
2817
5088
5330
5379
1562
6515
7984
3215
4694
6083
1167
4372
2745
3878
2139
7692
1814
3889
138
4125
4016
4874
915
1462
7853
1794
6989
1135
7509
4182
4130
4151
2701
6452
3126
3658
2250
2182
7126
7860
377
7630
751
118
6574
6423
2131
340
2824
7205
5235
7496
2931
3806
7008
6162
591
6534
7992
6216
6100
5944
6856
957
283
5949
4827
7588
7748
6080
2075
3845
2968
3144
70
2654
57
3407
2556
7959
5991
6870
5590
6375
4466
8041
3154
8063
6023
7460
3736
5705
7881
7958
4599
5376
1496
6428
2629
1330
3896
2994
98
6466
3505
7987
4397
551
2547
811
1653
3562
2053
4789
1614
7988
1305
3812
7999
4197
7687
1591
2795
2331
2237
3249
8097
5352
4349
2532
7497
1608
5359
5631
684
7604
6471
1957
7432
2488
2410
348
3823
7696
4919
7526
6151
322
4330
232
3134
402
2738
2424
2962
7907
5880
3586
7628
5859
3860
7627
3690
1949
7158
6441
6000
7210
6855
1662
2213
3871
1391
2577
7488
5226
2630
5195
3349
4726
6237
4667
473
139
3446
3698
7593
3952
6722
8021
660
4446
2288
500
1866
5816
3276
1672
6608
477
6726
5183
3236
2552
1586
633
1520
7525
21
3597
4652
1229
1318
297
4080
1611
1232
6307
914
4811
3881
5212
5554
1775
6297
1655
6657
4964
5541
7183
4531
6483
324
5469
4775
1137
3789
6043
5696
3313
419
7586
2781
6592
3121
93
6485
5074
5772
4147
7513
1732
2298
1077
2715
4467
4399
2576
2703
3767
1254
1513
1407
6620
6511
2099
1092
6094
7813
4388
3692
6659
3672
2124
5682
7890
2058
6268
2923
6333
1476
877
2462
3480
1913
3360
3482
3757
6264
6215
2850
4470
7384
255
2035
3435
2572
1267
3066
6652
6280
8075
5581
2268
5748
932
3494
4548
646
7835
5890
7301
398
1658
1085
2908
6840
3281
3844
7524
7580
2505
443
7683
5453
2550
4283
254
1603
5562
1601
2696
3768
4931
4027
2887
6164
1027
6883
7669
3133
3170
7517
956
4122
5287
4511
3956
418
3060
744
6721
3548
4171
3237
4196
7867
8182
7949
6345
2338
1976
5725
6869
2173
5802
3403
2186
4921
6906
691
6433
2610
3908
4165
3726
4926
1354
3606
577
2106
3383
884
5288
227
5702
6930
2739
6012
8177
5242
6124
1284
7055
3119
5743
3491
2234
6038
471
4396
38
4079
1458
5652
2335
894
5834
4205
7555
2534
1522
2215
700
1920
2245
2580
1317
3471
5510
2151
1796
4784
6389
5641
3476
6995
7189
6607
1503
5360
3053
5809
5411
1813
2529
5413
6067
3386
3096
376
5592
4424
2719
4169
4177
5137
6982
5174
531
859
3902
7729
4444
2255
41
4267
1817
1045
2669
4495
3649
1519
7769
4422
6624
4760
3101
978
5057
1485
2699
1598
1577
2199
7512
1982
2838
5837
5509
6673
264
4797
4259
3324
4863
6983
3759
4985
3416
426
855
716
4623
1648
8019
7978
4089
5805
2225
3044
4217
2244
6643
2684
290
6461
6191
1227
681
1907
4431
2453
1276
6129
5327
597
3393
7130
1555
6754
5826
952
5440
5819
6241
3130
5391
7805
8036
758
7123
1772
3608
2848
2578
1444
3073
5142
7414
5333
6335
7397
3731
6698
1180
918
4140
7723
1093
7924
2061
4445
3361
7239
7428
5750
1339
7012
7182
6947
3958
7312
6704
925
336
2593
1111
7327
2695
1833
7657
5708
4593
4804
1199
7561
3379
7718
6820
108
1251
5356
6139
248
5967
7412
1811
6919
6804
621
8045
7710
1947
1345
4336
7104
7167
6106
2249
5455
4476
2651
8068
2064
7100
5771
4798
6850
7807
4853
7498
2747
949
6808
7359
1460
3676
5219
2922
6979
2107
4839
2112
2690
6009
6233
119
8085
5257
842
174
5476
4723
2158
2084
5176
6957
4633
763
3982
1252
2663
4955
7875
5976
1841
6135
7148
3244
4719
7135
6042
7003
5770
2100
5972
4988
441
5224
6077
2007
7063
6527
2146
7935
5161
6479
6025
1508
1208
743
4534
368
7009
1872
6249
999
209
6145
2031
7269
7960
8165
604
1807
2013
719
2920
7463
1734
2812
516
5889
2204
42
5844
5280
4611
2059
6002
4960
1244
4970
1178
4502
5749
6096
2471
2743
1196
275
7673
8116
3138
2135
1163
5929
6392
6394
4823
1742
2018
3022
7869
6474
584
2393
2796
5141
1569
1150
1228
5108
505
5264
3115
238
6044
6208
2020
4170
8026
4241
4402
2337
92
2348
173
2809
2467
7372
4463
4664
1348
3042
6459
3162
7002
7030
6801
980
1001
8052
5230
1552
4024
5858
4063
2500
8115
2599
6660
4515
7257
7515
527
1789
2632
6488
2720
7099
155
8061
2329
4695
817
7383
4705
5310
5497
6144
5325
1602
7362
4067
2197
2763
2939
5815
2709
4791
4802
409
4156
2658
3364
963
5939
6246
5297
899
7382
5285
4732
1457
5365
7443
6764
1385
8022
7597
4278
1058
6152
1072
1186
2243
3120
1606
7837
215
1316
7242
7779
5494
7706
6418
8106
7208
3339
7080
1900
8162
6393
179
4765
342
6395
226
821
4245
852
7473
5997
4625
3127
192
2466
5884
5045
6482
3799
5814
5492
6512
6563
2930
6972
984
1761
7196
3624
7125
2950
2361
6503
3756
493
1191
5563
2141
6035
52
1260
7191
6702
1248
1622
1298
1953
2670
3422
8102
2153
2752
3700
6045
7895
3965
7799
5452
6813
7715
345
6699
2548
4857
2648
6709
2846
7976
5759
5462
1559
3994
7879
2051
1239
5300
7546
4231
8147
936
3583
5521
3455
5788
2085
7279
247
3334
6663
6298
4621
2359
1332
5888
3840
7830
4512
6439
6332
2025
3544
3903
6443
2371
522
4069
2367
1448
6780
2521
2856
1292
4685
4417
4160
5051
4870
3926
5460
823
3584
688
4739
1109
7022
6800
5487
2813
4471
7584
6326
5632
228
4555
7226
6197
6740
1308
2732
1854
725
1778
43
1621
6202
2783
3301
3499
490
598
8091
3884
3213
1628
5103
5170
4263
1071
5328
3629
1264
4899
7695
1566
476
2733
4465
219
1864
5807
8178
7297
3942
7152
3198
1194
2533
6388
1033
4883
4649
4568
3310
428
4026
6279
7150
2506
2982
4793
7197
1116
3888
8180
2445
4746
7434
7110
1025
7455
6480
3801
2458
2659
1063
3440
3705
6350
2707
3363
7310
3304
104
3401
66
3132
2871
4932
5808
3019
5047
4500
2522
1878
5407
7190
6988
5752
1096
2607
4457
4376
4696
81
5927
2778
2894
3330
2365
8047
1413
5363
4820
4137
7033
4045
3146
2594
3187
4347
5895
5782
5774
6476
4873
3685
5267
7822
8113
7572
6832
3239
3827
5891
2227
6823
2430
1777
1250
7446
2614
3632
545
4265
1956
4009
3006
2686
410
5593
5030
2165
2132
588
7511
1784
5114
1143
4219
3561
5018
7471
8081
7549
3191
2120
2634
3411
2524
7377
5428
4854
1515
6082
4180
642
4733
6833
3089
4924
6391
1902
6016
6119
4225
7236
7274
5575
5250
1028
5677
5572
3017
5169
4828
3016
6172
3873
7686
7303
6378
4448
1597
3719
2526
2585
4981
7788
1012
8062
3105
7998
6968
3122
2644
4173
2603
6010
2966
6807
6505
4247
449
3414
440
6560
6142
4096
3667
2401
594
4586
7961
2281
6464
1766
3951
3637
7371
6230
5530
2932
4404
5765
7131
5163
4085
6599
1029
4944
6649
4659
6581
1506
761
4338
931
6160
2765
7355
5270
5134
7258
4852
1943
3371
6274
2351
3106
3078
4850
5272
5874
2017
7017
7927
7701
2702
1102
7333
5369
273
7533
2880
6757
3993
5723
5995
1703
6615
5642
7507
3067
6997
7866
8171
1467
1867
1563
260
5143
5240
2230
3153
5417
4756
4060
8167
2608
6688
5375
5353
6450
2318
4513
2993
5767
5318
4785
3709
8065
3634
6631
4221
3251
7246
7986
435
4453
5392
1022
6007
3502
171
1617
7559
5281
4877
5848
2209
4200
6847
1677
2055
4314
6717
574
940
3184
234
5194
3836
1620
3626
2170
4020
2127
3452
798
6825
815
2673
1079
7951
5868
7870
2680
5812
5489
7659
4818
2746
4480
5942
6552
3377
2275
7888
6771
86
7730
3278
1100
8111
3306
3837
5026
8080
4232
4081
3724
5038
7230
4718
2562
7782
7607
6015
5867
7620
7467
996
722
5222
7102
5513
6978
6537
7672
6339
4616
3593
4375
5033
6604
7224
2981
2470
3051
1803
3948
1403
5037
6669
6228
5726
4154
3589
3217
2066
4049
6849
2973
4923
1334
6265
5634
5209
1980
3303
3968
6962
3497
1004
4576
770
4452
3474
7160
6545
2115
7873
3835
559
1935
675
4927
5517
3885
7128
6346
2779
5148
1645
6478
5046
7014
2176
4003
2842
5538
3549
4468
4341
1041
5840
1008
5080
1393
2005
1625
4381
1222
7043
326
7510
4737
6374
992
878
6687
7929
4994
2697
8051
5913
1333
1588
2936
6609
6760
8096
7468
2784
1647
3091
4975
6306
444
7097
6661
4725
7194
1923
6965
1714
7937
607
8035
7783
4995
5303
5605
2002
3760
3287
1529
1323
1690
6879
509
6338
1451
1050
4708
1225
6839
2800
3000
3430
8071
6130
6542
557
3987
4166
4013
2628
2369
3180
1195
8049
5338
1641
5609
8137
1680
7709
400
6628
5478
365
6658
7461
5981
6611
7966
2591
2666
1616
7493
6697
5189
6913
3033
2712
6566
4475
2959
1730
3959
4939
5466
3168
8142
4965
5454
5241
1481
5600
1763
3352
4940
1630
1570
364
7717
1712
5138
4618
3841
2072
5279
7341
462
6629
5109
5361
912
5577
4991
5941
3295
7304
3538
405
391
3814
8028
2034
3050
420
3496
5519
8054
1190
7115
3457
2030
5862
6588
882
5866
2314
7086
6484
7763
5744
3552
865
3500
7187
1669
1818
3443
2516
4769
6424
3670
178
2924
6190
7108
6898
3388
2203
327
1356
4872
3590
4836
7732
4676
1936
5464
1847
592
1649
7064
2486
6405
5885
2489
1704
4023
4606
6955
2083
7292
6822
3853
184
6795
3551
7144
7272
2849
4414
8010
2901
262
7373
2387
5736
5448
8185
300
3095
5793
2143
116
1801
7552
1638
4727
6251
5822
7204
6532
7800
6065
6364
7724
612
4740
8079
479
3369
2892
1926
1802
3859
4116
3463
4275
3870
2027
2563
2477
7731
699
5729
6261
6147
6413
5516
5781
5200
4462
3576
7337
7880
5493
1053
7585
2178
6908
3717
7934
8145
5186
1424
8166
7811
1456
824
7545
35
3149
188
3924
2834
3681
6670
4701
5112
3569
134
745
927
5422
818
6848
7768
7766
1915
6959
2426
6504
74
2196
2573
1473
4261
3793
2402
1695
7045
3300
5390
4645
3741
6063
4321
3039
271
2270
1685
6724
5067
6606
329
4172
8033
4569
142
6126
4933
4311
7423
5463
6750
7608
4565
239
1600
7266
6876
5461
7653
7156
6811
4155
6654
2208
2756
2390
2067
704
6242
1731
4690
5071
4915
1723
257
6496
4482
7554
6684
3530
935
5686
6176
7861
270
4758
2561
3628
7700
7437
2054
7902
771
696
5635
6917
804
5738
7541
4440
4086
3131
5262
3932
1106
2375
2479
2893
478
6014
728
3650
6382
7707
3420
4966
6791
4240
5099
2674
6282
3394
4547
3725
3514
120
7864
2473
7056
2039
5414
6001
2098
6667
8156
4442
1905
6845
6156
2076
5785
8190
2613
6888
1917
981
2790
5594
4514
7566
1060
2050
7638
4124
4697
4162
8192
8044
2881
4077
2555
2404
2551
6783
1
7714
2860
2806
1743
4771
5405
6991
7430
213
4307
430
8184
2862
7237
5069
3797
5485
8175
6700
1081
7044
3754
5940
162
595
1049
1584
2407
5982
6939
4492
561
1729
2485
5277
1787
5687
1105
1933
1697
3716
5043
197
1711
3216
1660
1995
7220
1683
5602
5851
2987
7836
4379
5480
4459
6236
1461
1996
2026
5835
3064
5917
3188
4743
1692
5040
644
1329
4693
2175
5129
2710
4223
5467
4064
6902
6498
7741
2754
190
875
4368
6541
742
161
7074
7052
4100
5830
3764
6141
7946
5922
438
4370
844
3387
3286
737
5064
6568
6175
5152
7137
5928
367
2399
363
5027
909
395
6792
7106
4038
5282
2118
6446
511
2029
4380
3400
4575
3254
4871
6767
4487
6219
3603
6005
2689
4700
3267
7364
6936
791
2737
3804
4292
7615
2762
4669
7996
2258
3148
2525
4610
5090
2087
3205
5893
1848
3390
3047
4678
863
6327
3163
4057
4675
4025
6073
1174
3196
819
2616
7975
1176
513
3070
2447
6733
7378
3099
2280
1372
3706
732
1871
5350
4187
7036
6960
4410
8011
1578
1469
8057
1551
201
3954
2705
857
6817
7481
7061
7537
3015
2192
7286
2133
3309
6224
2914
3621
2071
1576
7852
4592
1544
782
7494
856
3790
8005
2769
2948
1409
97
6058
5543
5098
4437
1938
5669
6447
3657
5737
920
7344
7032
1078
3531
7356
3246
4878
7177
2662
552
7764
6635
2394
4246
1311
4896
1157
7084
6019
566
2979
7752
3998
5899
1214
6981
7026
7368
5585
3613
151
3680
4477
5119
18
835
2078
2753
5649
3738
3391
8160
1888
5800
7893
7181
2975
7629
2459
4202
5254
4101
7299
2352
5644
112
5197
543
7635
6915
243
2867
966
706
5158
1200
838
609
3214
4017
2216
2168
3220
1944
1585
945
7085
6032
1283
1382
7029
3848
6
4084
2382
1466
6329
4906
2229
822
5833
210
6605
4876
532
5625
5008
1498
1118
867
3473
1665
6296
4461
7395
6196
2980
6404
7193
8007
411
1741
5070
6321
2341
5039
299
7530
827
1877
7326
3116
4391
5172
4671
2019
6122
889
917
5245
4337
6562
4703
2261
1188
4061
4054
1120
4792
7930
883
4211
6467
1539
2954
724
5618
3630
8066
3933
3838
72
7967
5943
7816
6363
5612
4353
146
4429
6384
3598
7374
2443
7201
6927
6651
3389
1006
106
6810
6051
3526
2685
5274
5366
6619
6186
7263
7898
3247
4107
5714
7664
5312
3737
7082
2620
346
330
272
1580
3839
6690
6772
7968
5557
2957
615
3164
7361
7311
2389
6017
2560
797
7251
1145
7624
5110
1209
4549
1720
781
3466
6331
3833
5162
3918
7792
3752
4326
6843
3973
5617
6243
1746
2240
5971
2113
1709
1273
2306
5354
2223
3292
4362
4730
2724
6923
53
3642
3240
5909
1548
8104
4824
1247
6150
133
16
2226
3025
5364
3751
4373
2246
5872
7081
2492
224
4834
7233
3991
1387
5540
3241
3423
5741
7098
6950
3831
240
1218
6062
308
2468
6086
3173
5613
6343
3524
4327
4699
7612
2284
6134
1445
7685
3057
5877
1338
5633
721
4104
1687
5054
7016
5068
1402
7459
6027
7548
1940
4830
5133
78
4258
6166
5499
1046
1532
6034
2672
1776
3605
141
7962
6828
1408
8001
5953
4942
2694
7508
4491
562
6420
7419
7640
8174
4602
4934
2825
2231
7256
4822
2377
972
6781
5887
337
7520
7077
2789
2253
6573
2096
6472
2440
5206
3813
4902
4220
7004
2853
5056
1427
994
7343
8107
1346
2049
176
3299
1657
4556
6132
7595
1736
388
371
4704
2998
6736
63
8140
3479
4609
7248
7839
6157
4642
2122
6411
4759
4019
3946
5049
4607
6355
4907
4908
7089
1038
1857
2
5065
7654
5776
6453
2285
7290
267
4624
2581
4773
4118
7179
5488
2319
5760
1710
1059
1837
5578
7614
8043
3200
2328
2299
2677
4288
6710
3771
683
1589
622
7141
5855
4720
635
4398
2171
2403
6713
5221
926
3661
2589
3348
7440
1904
5797
5284
7712
6692
3536
2386
1005
1367
2438
841
1574
5415
5974
2940
5784
5881
2162
1568
5663
4037
4392
5791
5385
6487
6266
3296
5515
2252
1538
7911
2228
4810
6330
5920
6088
5438
6616
5747
469
6304
5703
5020
3981
1098
8078
4192
7095
5842
5580
1154
5996
7116
3186
1151
3108
128
85
3780
1786
1901
907
7387
7245
9
403
6922
137
6435
4706
1031
7514
1993
6842
2110
3732
3749
636
6886
540
2839
4458
1414
910
1757
3109
7046
7429
5710
4320
6113
4668
1951
570
1870
7066
157
5205
7078
4529
7385
5416
1664
153
2036
166
2037
687
3558
6159
2278
2260
4553
6155
4614
8077
5173
2308
4738
3779
15
1331
446
1810
2358
816
858
792
6456
2716
2009
7240
2289
1070
7693
4208
5564
4374
5243
5792
1422
3202
1350
3847
1124
7212
4807
7418
1271
1962
630
3811
6763
4296
5722
2713
955
2104
3314
5896
6874
685
4143
6738
7165
5362
2802
385
5523
869
6802
1015
2259
7011
3503
1172
2001
4860
990
1760
1019
5140
6270
1055
3863
5675
2044
1816
386
3338
7093
4712
900
830
6680
564
8014
6857
799
6666
7252
6912
5820
7243
3145
596
145
2283
965
590
499
3167
1455
5508
421
4042
4406
4268
1376
177
3376
4632
905
7642
7475
5185
7424
1619
7644
3834
4742
3451
2528
205
3110
2543
1454
997
5552
6900
6362
7981
7202
5498
8138
5167
1401
2381
1171
2997
2537
245
519
7671
541
2974
5707
28
3355
2565
4282
4560
2364
7153
5468
2363
4806
583
4829
6854
7684
3227
7253
3172
3696
7287
5421
2464
6489
279
5268
4909
2655
5910
3554
4917
4091
6061
144
986
2272
5436
5192
4014
3409
6325
8031
2958
195
3143
2717
5646
7892
6040
1142
482
6089
1062
2635
2859
2698
199
5728
4554
3337
6409
4233
5081
6794
1023
4869
455
3796
4072
5412
7882
1863
1557
5139
5292
7147
4175
1682
7295
7306
6863
37
602
6508
5638
3382
1582
1428
502
3708
4630
7636
8069
6397
558
6245
5393
1634
2336
1366
2028
2311
619
3233
4432
1374
4783
4519
4799
3171
4713
3037
7101
6377
5630
1189
3008
3320
6517
2545
4918
5955
5718
2033
6158
524
8108
7285
6494
1911
7449
1034
4088
2678
214
7778
5135
5334
7803
837
1415
1768
3517
4239
7688
3081
734
2190
1533
7209
4489
3809
2094
3547
3701
4158
6924
8040
3910
7544
7466
1459
1488
1595
1830
3782
4538
6821
1397
3317
5256
2448
1300
1821
1065
5201
6934
261
6548
1851
6263
2633
7216
249
3699
3638
7483
6641
6625
5979
1412
4464
7469
2167
2910
5154
2558
7570
464
3315
13
7834
6531
7904
7076
2451
7143
7765
3501
717
4439
7317
4831
4540
8130
2955
269
7426
2945
3291
7539
5565
6361
6602
2843
5322
5636
2385
4707
6059
3442
1747
4888
5550
2305
4849
6438
1217
4212
7133
2665
7163
7623
2989
5234
7154
6553
3103
3571
7823
7198
3266
2582
1129
4710
5096
5382
6951
4893
2092
4144
4474
7195
3988
2211
5324
47
6731
1790
461
3009
6028
1237
2400
3652
2282
1082
3651
5000
5355
6507
2766
5745
4904
333
3934
3279
1368
27
5227
5302
3063
5482
6523
7238
1504
3288
7944
2063
4065
937
4987
4891
5525
8124
709
6681
6214
2596
5768
620
3944
4387
4579
1896
412
6703
6416
6336
3071
4541
4597
3459
5429
4419
5668
2627
7149
5672
2682
521
390
5408
14
1335
6455
832
2890
3784
4317
7983
5346
4774
2803
7626
5147
122
554
25
4550
5159
2512
6966
1754
5295
2605
6184
7940
5574
7603
4281
103
361
3601
82
1068
1673
8012
4957
4012
7536
5252
5595
7850
629
3678
1987
2554
4469
4935
7168
2297
3098
8023
3441
668
1970
5533
3358
2645
6069
2236
1516
3065
5827
5151
292
5342
3679
7058
6998
2638
2895
7739
5507
5689
8039
4962
1510
7842
431
5370
2179
1013
3079
4050
4409
1287
6806
1477
6104
3384
2023
1859
3636
4068
5136
6309
2657
5357
344
3694
7925
3915
3431
6068
4505
550
2688
7950
7142
5208
1321
5957
2661
1605
7276
3821
4790
187
1490
5386
6904
4183
3183
5843
5932
4490
54
7798
96
1238
7021
3031
276
712
1134
5358
6575
7677
6598
1020
5755
4279
4838
7307
1822
7648
4941
3253
4035
384
3721
2513
4542
7445
1592
1525
183
5120
7908
5742
6380
503
5711
6938
938
6990
4523
8157
5399
5441
3755
2302
4973
5343
4846
3204
5475
6910
4266
3867
4352
3460
3100
302
7490
1701
6572
2295
2807
809
6490
5589
374
5986
5216
3564
5003
5381
3669
2692
2584
7938
3653
6770
5783
6078
5607
3448
7367
1307
2725
389
2220
3925
5852
7280
359
1988
665
695
7255
2413
1643
3983
881
3232
3028
6877
7948
6194
2949
718
6220
6071
5261
5906
4234
5495
7155
5676
5656
5539
702
750
941
4254
89
876
5314
2536
5479
6463
534
2963
7796
5650
1609
5041
1693
1771
4031
310
4062
1032
7847
4110
1293
7482
278
4864
1793
779
55
3308
2024
4851
3798
5946
1309
5306
2711
7582
3557
5425
1825
4
4204
6720
1785
6705
2346
1663
3971
756
4655
5457
5215
4816
2276
101
5490
6235
7454
6655
1121
1036
1986
1829
2799
4408
6996
4563
5115
3711
1108
2373
6623
1795
5269
748
2080
7997
2126
1887
4149
4772
1322
6410
6149
2915
730
1500
3587
5251
5423
1886
7728
3139
1945
5717
4152
7923
5933
3674
772
1748
3481
7185
5753
4971
3395
5042
5921
1640
5155
2569
4328
3436
3347
3344
6640
4428
3415
7094
3228
546
3938
6052
3969
2116
175
3332
1211
2147
6647
7690
4359
6701
3939
2136
2602
1941
4411
4817
6633
498
5010
3284
7849
1464
5220
6269
581
4242
3178
3712
2356
7495
147
5712
1681
3305
7124
826
5796
5131
8059
5831
3541
4007
1954
3783
5847
5180
2761
7206
4862
3040
5527
4961
888
6091
5591
2180
2567
7917
7267
1192
2972
7773
2301
906
8024
6112
6412
1744
6136
1560
7777
2183
7801
1571
3175
2625
6725
807
7965
5900
4389
1656
3083
3602
586
1021
64
6516
2832
5332
4485
7472
6961
6920
6371
6798
4319
1918
4651
5598
2239
4364
3158
886
7103
3036
7767
3573
3828
3297
7776
5727
408
1523
6422
3742
7334
7442
3321
7164
647
6066
7325
6550
5804
5253
1326
3682
3689
7171
6756
71
4762
2102
4535
7121
4342
627
2883
6259
1241
6986
1235
110
829
2123
7711
3283
6387
4285
117
2624
2432
4989
182
6133
2996
4264
7964
7050
1869
4928
3995
7346
6303
6969
350
6486
3916
5603
6630
4543
4227
7516
6858
7691
3563
3350
5870
787
8038
4598
3199
1792
352
2770
2564
204
2217
8016
222
1095
6533
711
4680
6013
7666
4974
3462
3277
1651
6286
1624
3519
4287
5116
983
3803
6818
846
6115
7915
7969
3207
6319
1362
3206
355
3735
7722
1721
4636
2539
5903
3600
4213
7775
680
6708
1928
5445
3675
6797
7532
5665
2408
4800
4497
3222
6360
6272
3488
5337
2198
2909
6627
1975
3659
6530
7527
485
2742
3631
6905
1440
504
3325
2327
6891
1314
5690
3920
7989
7540
2723
535
854
7760
2450
6207
528
5179
3648
7207
1003
4447
1489
2354
159
739
2480
1826
3351
1127
8133
762
7007
5567
6031
8092
6287
4295
5658
217
2934
3911
7365
3529
6549
3763
563
1358
304
7379
2334
2155
3449
7567
4184
2847
7761
7840
1395
7217
6809
3625
6006
4126
6188
5160
4662
5542
5568
5980
369
3665
2618
4978
4681
3781
3984
953
1147
4837
1797
7661
1583
2642
5239
5756
8055
3469
2293
4564
3829
6357
5105
6037
2549
7416
4691
7316
2484
5377
5719
7569
1861
765
2999
4194
2757
7425
514
2623
5083
1909
3508
4745
2830
802
6918
7436
3895
5534
4284
8148
4443
6300
8105
1353
3335
1999
3062
4728
5439
2897
5654
1450
3874
3289
3275
3231
7227
4546
1047
6283
6594
6281
6803
5621
7806
5861
8064
328
2721
4195
5683
7821
450
3258
1627
2415
105
1997
5556
6653
5787
6836
1043
625
6137
3794
6457
413
4356
7529
8128
713
7476
6668
4351
7698
746
536
613
3252
616
1537
7872
4770
5432
152
1443
7039
7051
4768
6793
5799
5911
7590
2207
468
7641
643
549
8131
1088
2514
7120
4567
5085
556
3245
1494
6728
2362
6761
7591
4516
4761
2541
6138
2014
156
1495
880
497
862
1474
3362
3921
1679
61
1644
3817
7260
7393
1249
3775
5988
1700
4779
849
777
4670
5367
976
5962
1501
5168
5960
475
4867
2210
4423
5213
5313
669
5473
3111
6752
1170
7679
4930
1899
3273
5766
3683
7841
7041
6200
3818
3372
6284
4605
7972
8132
4117
5777
140
4185
4880
4510
3766
4590
3953
417
2300
3643
4092
5856
5762
7941
6383
5622
7534
5016
3890
8122
3581
6295
2884
5317
3490
5023
7192
4661
4947
7464
1753
3542
429
769
2202
1668
6140
7503
492
313
4427
2397
4199
3264
1141
1875
2510
6786
7602
7215
7480
2919
3785
1725
235
2891
6366
246
7273
3346
4922
2345
2307
4316
7315
5388
3616
2117
3353
1604
2469
2810
3399
4986
1425
2221
7247
3190
2398
4367
840
2571
8053
5758
694
2744
3270
135
873
2858
3805
1410
5978
553
6590
5082
860
6646
3663
6535
1245
1486
6407
4665
474
4325
1087
8002
3294
3668
6227
805
456
7427
5286
7072
611
6814
4813
1301
6169
2437
2611
5915
4318
124
7399
2494
7282
83
5258
5122
6093
2831
1153
3645
5198
2647
3468
4181
185
5824
7877
7499
5404
372
6347
150
7660
4903
77
6033
7113
1272
2499
3419
614
3655
5066
6430
2664
6095
5127
5865
971
3356
1384
5128
4193
6442
1542
4925
2531
1865
467
5101
4348
4916
3808
1162
5012
20
2755
606
6838
7
3664
1432
3058
2740
2262
34
7180
6909
7067
4855
4313
7370
5124
3891
5713
7324
3269
7705
6587
488
672
1419
2457
979
3868
4715
7726
2780
2370
2449
6937
1439
3055
2916
3018
2819
3235
7112
2048
4393
2926
5954
4912
6370
2844
4083
3150
5934
6154
4781
317
7617
7658
767
2439
7573
2523
6454
2874
6664
5247
1054
7963
6747
3917
2326
4848
1764
5166
1798
6351
6958
2592
6079
7363
6901
1380
5673
1719
6601
6396
7746
5985
6614
7353
7634
6050
7129
6448
425
759
7054
8032
1937
6226
2823
65
305
1075
3024
4040
4136
7855
5409
3967
2205
4844
7622
5684
6677
8118
2316
1016
2000
4207
170
3046
1843
4833
3718
6672
959
4996
1932
3592
1845
5214
3909
6642
6098
4286
4613
5731
6584
5588
6334
8086
7857
4821
8037
7663
3034
659
3380
4178
7571
4585
6621
2251
5657
7528
6004
3444
5100
169
7979
2191
1599
5813
6977
4953
378
258
2970
7323
4582
7173
7829
229
94
794
5597
1696
1550
332
263
1207
4859
4315
5959
8006
1138
7031
7175
301
4103
5055
7651
5182
1686
7980
2985
126
3512
7169
5034
393
7785
4226
529
6513
1447
871
2776
7550
5999
160
2827
1197
2321
1713
6180
7024
5720
6732
6864
6987
1556
1185
4702
241
4819
3671
6580
354
6897
4087
4617
2040
4735
87
7971
6293
231
2296
943
5092
4518
768
1767
631
3610
4407
3464
7791
2501
5908
3931
6683
7953
2163
632
5347
4949
2169
2344
778
6889
3331
4654
1849
5231
458
6291
6894
1860
6203
1705
1835
5397
457
2214
8084
5692
4622
2412
2718
7751
7122
5259
6398
5601
3578
1265
2418
5938
6011
7812
2785
6003
2882
2925
6475
3894
3521
3074
5706
5249
904
2463
6896
3559
1166
4324
5420
5171
5097
2290
4248
3986
8188
735
2947
7479
4128
320
7388
2483
501
2045
76
5075
801
5989
870
4034
4686
3545
5443
32
3097
2052
1916
7784
46
7411
3745
1179
3157
3094
5994
4055
6195
5087
3069
5761
1423
1631
7244
7366
1201
49
4039
7318
4747
4129
3612
3316
2575
4724
3298
1637
1610
6715
6417
3177
5763
5491
6860
2193
2111
6561
6313
3843
2540
1884
1475
4503
923
6970
6348
939
3489
5506
6932
1148
7562
4109
8117
5496
3461
1418
6665
1115
6522
1527
8004
6087
2829
1262
6610
3418
8013
8144
1133
4076
5406
6520
2069
3546
392
3155
2406
1650
6929
2465
2416
2090
7268
2478
191
7704
4583
1629
5764
2446
5345
200
2140
6328
3169
723
5596
107
3788
7241
31
3747
4959
8017
3193
3477
2566
3820
394
8152
4426
5919
898
1357
7433
3570
4892
2042
7170
7214
7462
415
3746
2507
2878
6432
5558
1343
890
4736
285
4236
2292
380
7576
6403
5447
2921
5430
1240
370
3527
1231
512
1493
4044
7421
3336
1202
5374
4438
3210
7023
2022
1922
3140
6880
2070
7262
523
1067
7887
7589
3733
1733
692
6290
726
59
1352
6765
5298
396
4881
8154
7770
6952
6525
7926
7375
5028
5113
44
3104
4929
1824
2913
4639
7734
3703
1708
7581
3930
6914
836
3556
2965
7249
689
7391
6676
530
1158
7848
4047
3947
8027
1014
7616
4578
5465
7802
7985
3005
757
7145
1099
6341
1939
2304
3723
4291
3964
3203
7713
4596
8025
5153
6559
7040
2872
649
7431
6288
2332
3795
7977
4455
3816
3185
5545
5210
196
2287
4108
3883
4421
6890
6589
4527
3010
2811
2942
2888
661
5031
5571
3405
4571
5599
8183
154
7013
4777
1564
4672
6255
4753
4150
4238
2315
7406
7919
3507
5551
7697
4620
8169
6723
6495
1290
7568
4776
4394
6211
3467
4594
7376
4188
1823
2568
1164
7547
995
7157
4218
3510
2142
7485
5053
4418
786
7826
7556
149
7933
5236
7912
1635
5052
5746
1405
8173
2218
5501
8120
4580
5700
3272
5403
8136
698
265
3647
5435
3646
1320
1030
208
6146
6221
1351
6735
7814
1885
3004
5857
4967
1294
8153
8101
1119
5674
6875
3734
7329
5442
7831
1914
3165
7678
6940
1919
5969
4577
6878
2057
1291
6244
4788
1699
3686
8046
7575
307
8034
1554
1487
6782
349
5961
2372
2986
5217
2145
2911
62
6518
1122
795
294
5246
5372
1210
6644
5426
7019
4473
5951
506
3136
4640
3861
1377
3225
3614
4190
4801
2902
2978
3633
3702
90
303
2368
2366
1371
3402
1543
4587
5892
4346
6557
2502
780
3623
4561
4304
1347
5623
1881
4782
1453
4030
7136
7702
5104
3950
3748
4176
2082
507
2232
7071
7068
903
7422
4595
6755
2574
1212
8008
4262
3715
2273
5882
697
3611
4004
4882
4454
4999
2357
5869
8127
568
1177
7808
4951
4008
2374
7096
2487
4322
6097
3328
6931
447
8129
2935
3856
206
3107
2772
7420
2899
6178
6510
6046
6622
7542
8143
7564
5740
6974
6603
6805
4229
4751
2497
4825
12
1783
6434
2956
1894
6267
6872
7790
1978
437
5624
638
3413
3577
7758
5320
5165
753
4386
7117
1890
3787
6565
4383
7610
6829
5084
6419
463
2961
7625
2496
7680
5560
6567
4711
423
5832
7283
3572
7470
5335
6222
1758
6390
2787
5544
2898
1684
7804
6873
2201
4895
7583
3495
6538
7905
4983
3523
3439
2588
4787
5898
4729
5237
2722
6656
5307
5218
1989
6944
5289
6758
5187
356
6054
6686
5532
7863
4481
4228
95
8009
6682
5339
1728
2835
4948
3620
793
1266
7313
2992
5459
7270
5156
7974
3003
2161
897
788
3366
7943
7957
2735
4123
6569
4335
7856
480
911
7851
2256
4634
1715
5936
1781
766
6852
7435
3255
7618
948
4646
2683
3421
3429
1468
6638
8187
5062
6985
6716
2011
3396
6779
6101
5079
3485
6768
2704
3208
1815
1470
7444
7107
8179
7787
3824
1921
3453
1420
6090
623
3023
2900
1553
1892
5751
1018
7945
7858
7742
6831
237
7186
4795
7161
5963
4796
2238
7793
6308
4041
1960
8083
4537
5735
1327
7639
1791
3076
6127
2353
3056
3553
7682
7034
60
2108
2905
6234
4905
6671
518
1360
2586
6835
4982
3043
754
242
4499
5015
1639
5647
5036
1981
2149
2837
5794
414
2818
3810
8073
7789
167
1991
8149
7088
919
7070
4052
7264
710
4134
7745
5610
885
4868
5945
4666
5975
1676
5611
2797
4400
4095
6711
1437
5786
6047
7159
6179
4001
7632
5178
7952
784
331
525
6862
6342
5
2411
3640
7401
4557
654
357
6187
8018
3588
3882
5536
2339
7931
7918
5695
3030
1521
7001
7111
3084
4206
6481
4420
2475
3160
720
284
579
4271
466
2181
538
1349
287
6685
5424
3484
2933
1985
3945
2355
5616
7447
1642
316
4493
7330
1840
2597
1363
8042
2172
1341
1042
6975
351
7896
6576
5225
7553
2530
7631
7352
565
4302
4812
358
5662
1891
4809
851
4120
375
4539
496
1117
3791
2691
741
3456
1567
4648
5336
4643
4243
5549
1024
4257
6881
4456
1399
6400
4911
7320
212
1097
1223
2114
5966
2943
1862
1808
7920
2527
5503
2081
4682
7465
436
4028
4032
2511
256
5627
7970
1438
7415
2777
2015
2349
5050
6081
4591
3032
5296
4968
3935
4847
6260
1325
924
6993
7993
4436
961
3992
2990
6521
4687
6935
6305
5926
5181
4010
5019
7665
3722
544
8155
3566
3404
7828
4434
7543
2271
985
3211
6030
6070
4749
2535
3535
7819
2652
6861
7360
1373
814
1782
5505
5734
5437
7075
5619
7172
4910
5319
5628
3854
4329
2971
6108
5801
2622
7982
7119
2195
5238
7656
3927
7708
7781
3425
2727
5876
341
3370
4764
2626
7492
3261
1674
2241
1565
5987
7845
4270
7261
8015
2322
7605
2429
6057
7298
1007
6636
29
1303
6506
2137
7655
2433
1670
1839
3161
5117
5106
5664
1480
211
7594
7478
3012
3341
6029
6102
582
4021
5126
4164
3086
6984
3257
8164
6041
1204
2544
1514
7750
2852
7874
5853
3704
6460
5371
847
2969
1010
1992
5924
6586
6470
6353
4105
2461
3580
6468
5311
3492
3978
127
7065
2730
652
6049
1281
968
268
1531
1898
5341
1274
2681
7900
5850
4977
510
6337
6229
7438
5546
4215
5344
3125
6257
2330
2928
6110
5132
2706
776
7820
3268
1852
1181
1359
6675
5904
4584
6749
2854
3483
1398
2708
353
2693
1404
1187
3635
5063
4340
6376
4524
2938
5326
6885
73
1842
5531
4679
5930
4167
5655
7345
515
6907
1579
3907
6055
1288
448
7357
7048
5721
1379
1386
5614
6737
831
2873
5451
6317
603
5886
5615
4734
1056
4604
1834
494
5305
7109
1934
5348
4627
4980
8112
6121
7235
4250
678
4332
5291
7487
4484
4509
539
2436
3532
3375
2870
3408
5864
6600
4272
1799
4114
1769
5203
6543
4603
6354
8050
7354
3129
3342
7699
1505
1069
6449
1009
5486
7028
1173
5948
1812
1073
6271
617
5680
3922
5299
1773
470
5977
4113
3596
933
4433
1296
4451
6056
4253
7328
6526
2441
2794
4521
2016
4361
4435
1220
7817
4385
2247
5871
4641
7818
6799
225
3192
4058
6689
738
2879
548
4885
3928
3906
571
4256
3
5520
3540
109
6766
7047
589
764
1002
7390
3327
5384
7916
5584
4780
220
4722
5769
6887
3666
91
2324
1123
1675
6867
3329
6320
1752
347
5829
1057
6369
163
4222
7450
6712
5958
5321
2263
7689
3684
7127
3567
4344
4945
4552
3118
1581
251
1048
7060
7579
2152
2006
343
6945
4488
5645
6741
7184
1809
3432
7146
7558
3340
4331
2503
2748
7667
3174
5255
3397
4366
2041
3319
2953
2773
6992
7452
6301
3373
3428
5879
1361
7903
4097
6514
3020
5701
2822
3897
6379
2758
4198
6408
50
2728
84
5697
5555
6613
2759
1091
291
6415
4094
6502
8163
1388
465
3966
6841
1110
1828
3941
3265
4299
7413
970
3179
1394
1879
102
6177
868
599
8089
6253
2164
7140
5666
7506
3866
3996
7059
7794
7284
610
7833
4203
3201
5639
3886
1313
628
8161
3714
7668
5688
8000
1040
7291
2598
1722
3673
6239
1369
4142
293
274
2474
3224
6289
1233
5202
749
3475
5566
5150
7753
2643
6582
962
416
5923
5419
2798
5586
1897
2967
5514
4252
3123
2194
5275
2021
7289
6183
7369
5278
1242
7271
5481
6206
7456
1831
5308
6868
820
4673
6591
1131
6500
7174
1258
2726
6277
4992
7613
2918
338
4290
987
1463
1080
916
4082
3326
5576
7886
6349
6827
1535
5309
6469
2793
1517
1026
5021
3035
1472
1549
7862
3424
7336
1035
7296
6385
2425
3117
1435
4572
5398
6612
8087
4721
5518
5340
23
445
8121
3528
6120
6679
1297
5009
4856
6585
6444
7300
4216
6401
6171
4843
4551
7738
6170
1431
5875
1417
1492
1652
1221
51
3242
4378
2805
1966
136
6893
4071
3194
4612
3574
2482
2062
2579
1930
1125
4357
7674
5232
1442
5204
1590
5795
491
3579
934
3072
6826
2816
6492
6367
803
1243
1910
6199
165
1626
2714
1594
4570
1511
483
7725
3438
1416
5373
3750
1169
2267
4520
6617
5606
3765
1483
3555
6973
5400
3758
1226
7646
1112
7716
1215
4530
5993
3936
1530
6076
1161
4449
3851
434
2889
4574
2857
202
3822
7743
4937
901
7314
2639
3433
4698
5823
7914
922
5925
3762
131
6788
4201
5733
2008
7069
4472
7339
7234
7105
7049
785
1832
4289
5901
1184
1074
2187
5199
4403
4053
4132
2767
2395
5553
5076
3923
6696
5006
2347
8186
7922
7633
648
2788
5526
1654
7871
5022
7756
3654
4562
4090
3778
1974
4601
5694
6292
6777
1946
7565
1090
2046
2868
6414
773
6926
3333
1000
7955
3693
4920
4269
7755
5504
645
2631
3792
7073
7560
6695
5626
6205
2233
1762
755
7259
2156
2003
1269
3412
733
5845
4074
6212
2595
969
6789
7404
2103
2841
5086
7402
593
896
6402
6192
3849
5207
2646
6421
6570
3997
7218
3568
3182
7389
5271
790
7053
3135
1969
4858
4501
6812
760
6204
5849
3728
459
2032
1820
3877
1310
6650
5331
259
2109
6742
1299
5017
5952
1755
950
4778
3617
4943
2105
3472
2741
951
8082
2481
4566
5471
3113
520
1718
1061
3520
1364
484
7057
6314
2804
3166
5500
3470
2553
1806
2557
3374
3230
129
6477
1378
3887
7771
1156
7619
99
5387
253
1716
1255
1994
2687
5810
7448
4354
5860
4750
5637
5456
7749
4214
335
1017
8076
7134
1534
2869
2927
250
4938
3525
6497
8110
6240
676
4936
6536
7521
1434
4308
1312
5316
3825
8094
5965
1285
988
5878
6834
1575
4842
3872
121
266
1193
8
7936
7810
7676
3522
666
4112
4210
2760
5450
424
6247
3691
314
6210
3506
7727
125
3152
3038
7288
7531
5248
6694
2317
1633
6315
7188
7599
2836
3322
1883
3343
4102
7027
1659
2476
1230
4741
7737
7740
4098
913
2472
4277
5260
3627
6994
2604
650
1509
1779
3739
1076
1856
2517
194
2101
3427
3454
2676
4255
7396
7381
8095
7474
6853
2422
6008
1155
3511
4972
387
3727
560
7087
4441
7275
3607
3189
1528
2951
3855
8093
3770
657
2520
6473
5561
5401
2855
6645
1315
7351
2224
4954
4913
6693
158
5757
4224
1756
1646
1144
4127
3961
1738
1051
5732
1737
4018
6429
2079
373
2427
6143
5778
1855
5094
58
7859
1205
6359
3534
1780
2617
7519
2320
4141
6719
5629
3223
8067
653
5001
6579
3943
6020
7293
5811
667
7843
4384
397
5643
3048
4413
5790
7265
1874
4006
6718
6746
3259
3869
825
4148
4688
3773
964
3594
5678
1800
4157
989
7662
2650
508
3960
7611
533
893
3618
5164
6117
6406
6577
454
1270
6427
1436
4280
6209
1971
892
6933
2656
1324
1113
3426
4786
7294
4297
2269
3085
2750
812
6189
6072
1052
1441
1952
5329
2242
2434
5779
3001
5196
6865
789
6018
7254
5691
2093
5125
8099
3378
673
2995
850
6953
4589
1286
2184
2174
1749
7407
5477
1740
5351
6182
1275
2279
2047
2508
3537
4808
3014
4168
3876
4430
8109
1751
3516
3221
6092
576
2294
2917
1546
4660
7151
6491
7203
6128
1319
4073
7211
7489
4748
8060
7332
5276
8191
677
1421
4805
2851
404
3957
4048
1850
747
1858
3687
600
1152
1607
4294
4886
3962
975
40
4494
2640
2455
3478
6554
3318
664
3262
5529
5973
6258
3893
6431
7954
5573
5648
4078
48
422
5863
1104
2159
1381
3776
7349
3128
1168
3857
848
2907
3307
7878
3865
6323
2428
4412
3599
7200
4507
2460
1234
4015
6971
4879
244
7486
1618
1536
5223
1561
2388
5118
6213
6311
1039
946
1198
3052
7774
2977
663
4159
5956
3124
427
5670
6299
5078
1426
472
1396
674
5512
6866
7484
5060
7350
7166
7231
5559
4043
4656
111
585
1666
7331
8056
4029
679
2442
954
3772
7909
252
3256
637
1838
5608
4111
3080
2775
3209
982
5484
2671
2559
7754
6941
2641
6217
22
4312
4000
5653
5378
100
6539
1406
5547
2904
7652
6846
3359
5640
2056
7035
6948
3595
580
2119
6734
1950
8151
5013
6949
3990
6921
4528
7453
3437
4608
1558
3753
2498
7308
6524
5123
1726
3662
2612
4890
432
6618
2405
7897
487
4637
1846
7213
5102
5537
1094
45
7338
7000
5841
2906
79
517
3864
8072
5095
4309
1390
3141
703
2266
6964
1507
1146
7991
4237
1280
1165
7394
6064
4714
3027
7232
3904
4323
2546
6859
2637
4894
2144
843
7703
6999
872
3949
8123
2826
3243
4056
4450
2157
311
7694
1429
3901
1706
1471
6946
1132
1279
6445
705
4993
6707
186
4179
7114
7736
1615
2444
5283
4478
4345
1968
3786
845
1667
5873
2700
4011
998
5368
6884
4163
5024
1259
4544
323
4900
4360
587
1853
4145
7090
7451
5838
309
6830
7994
4815
2675
4689
4365
5620
7321
1107
2792
2010
6790
6048
5315
3250
7092
3498
879
2515
3434
6256
1370
4998
578
5667
7621
2570
8125
5918
6678
2815
993
1965
5184
7010
5806
5937
6193
4692
7042
3604
4984
4377
4131
5839
1336
7347
6316
991
6368
6074
6634
7744
1524
7410
2313
2786
1502
1903
7228
4106
5188
1973
7650
6691
3744
5191
5846
4066
3234
7747
1717
1689
2886
2988
3832
3720
5059
2875
2065
2130
4653
1745
68
1765
4754
1707
4522
3354
2782
4479
2166
6344
1671
6173
8030
2088
5825
3156
7578
5582
3560
2764
5073
1698
6352
5032
947
4559
1011
5854
7637
3999
5693
6892
7005
3450
5970
5394
6769
6597
1925
2863
618
967
1632
3769
4976
5149
3061
5659
3976
1083
5483
7441
6075
1678
4046
6493
2983
7956
1261
4898
7223
1774
67
4731
796
2396
1389
3582
1430
4901
4189
3458
1972
3513
223
2493
3565
3975
80
6161
7795
1411
921
1465
7824
5293
6819
5715
6399
1788
6322
6185
7609
123
3688
6774
5698
6837
4508
6118
4600
1206
891
7894
3730
2660
7735
2435
1688
39
2150
1126
6743
1149
7827
569
1344
1931
3068
6165
5444
3615
236
3248
6302
7523
1128
861
6356
5089
5902
114
4153
7825
7759
7079
130
736
5604
3093
3879
3271
4244
2814
5983
6294
4644
7062
2731
2380
4303
6109
4339
4405
2590
3591
3195
4005
1929
1702
7250
4573
3219
2189
3713
2768
634
6626
3090
3102
1103
4963
5474
406
6674
3830
7335
4631
4950
3880
5583
7162
5535
2340
7309
4075
1203
7891
1101
1691
8181
3417
7868
5522
280
4230
3740
362
5587
7675
2286
2771
7720
4767
1526
5144
3260
555
4990
1819
6358
7854
7178
2619
1880
6022
5502
6775
4835
2491
5579
6963
2964
5058
4526
6596
6714
2861
30
2264
7681
8119
4002
3862
895
7305
5968
8159
193
2912
5107
5427
2138
1805
4845
1770
366
3045
6776
1183
7606
7277
7319
3385
6844
6386
7322
547
5912
2091
5301
7417
3493
7809
3774
1942
7601
1893
783
2606
6529
4121
608
6451
379
3282
5818
2309
2310
662
7139
7901
8139
