1398
452
1898
1966
1531
216
591
350
177
795
131
1418
1383
19
536
921
889
955
1578
558
639
1868
1266
1943
583
1586
1043
372
1101
130
1877
1094
1812
1399
1920
1637
1742
1654
1447
1227
1859
1972
1128
1337
901
1514
1097
644
1056
1126
308
1466
1475
1845
1064
245
1368
541
1698
1051
1179
1883
253
1839
380
1102
439
1846
1196
196
134
1477
750
1603
537
1963
62
471
1673
1530
1210
949
267
1885
31
1503
1048
849
463
952
1377
813
1335
1087
1559
116
561
922
1036
400
1300
631
602
1005
1095
1053
1238
135
1296
1680
648
682
494
342
924
676
788
1804
173
1177
962
303
357
1569
1827
475
1438
1499
1791
1076
1495
259
1959
313
206
1690
1436
994
1820
1413
992
520
275
902
406
752
738
1901
587
963
1114
217
1444
474
277
1207
1340
425
711
839
898
254
1535
1566
1100
274
1035
843
161
1432
1691
118
1182
945
1268
841
484
1575
1090
450
1240
154
515
251
840
322
593
1907
580
1573
1981
1458
796
585
817
1715
1728
913
99
279
873
1131
451
1119
1504
918
368
1291
383
867
1136
1034
857
67
455
1410
1572
891
1142
1980
407
1582
1351
742
18
1595
1850
1851
379
1313
683
117
1412
232
1411
1878
1749
622
943
900
1643
416
1026
378
513
1847
516
101
1796
2004
1521
1197
940
21
1904
396
1853
530
464
1667
200
1381
387
1280
1423
1518
1602
886
1217
1443
1875
966
1070
830
928
1568
17
646
1779
199
1622
114
419
1545
1543
628
1816
1844
1685
1634
1348
856
726
635
489
1278
1496
1494
1150
1705
1450
1189
1239
925
991
1831
1333
1589
1970
1149
1325
618
598
1579
1193
1992
529
637
872
240
1905
1233
723
941
1363
1084
1183
1604
2018
1004
1979
686
1678
956
1651
769
446
1181
1019
1743
1817
228
1984
472
500
1684
86
1145
983
1983
1057
1164
362
640
626
1525
543
893
212
563
1808
1809
1033
1913
2035
1459
143
1417
666
808
1613
221
211
1135
78
836
123
481
1075
110
1374
595
1542
931
1776
1148
1554
1259
662
1843
205
1380
535
197
1462
1406
128
1621
1702
1957
1837
914
1331
837
696
1895
1517
1588
1541
989
1099
260
1929
1382
599
791
1687
824
45
1492
620
504
1160
794
986
1130
1538
819
1032
1937
672
42
178
575
298
1329
1243
269
1841
1317
1379
728
1218
532
155
597
1775
399
960
352
307
660
997
804
417
1544
1319
340
1999
54
1879
1154
527
1774
1071
667
509
574
601
243
14
1729
1759
365
707
1918
993
278
497
1468
306
1549
1242
1206
1228
1066
1344
782
678
1385
679
1063
692
168
1672
1204
1733
2034
458
1461
421
1270
1716
935
930
725
1973
786
57
1668
1156
670
58
1110
514
879
2022
1631
1405
779
1257
1068
1642
1
1012
370
4
588
179
731
1493
1790
176
227
1519
758
1942
1630
1427
540
467
1079
272
548
1498
1505
468
1892
567
1607
685
88
1987
1165
1367
388
868
777
2000
36
934
235
572
1930
875
1797
1580
1663
831
1686
149
213
1624
1107
1147
1401
1439
1688
2045
1175
911
1299
539
771
462
906
800
1220
1298
576
1939
376
29
1311
858
327
780
1152
802
133
1449
1338
517
348
1736
1902
432
1513
1741
1828
1694
1017
1756
1527
1345
741
984
23
1424
1561
1271
612
774
1120
1908
1069
871
1390
433
1286
28
353
1098
1433
712
681
1526
1787
1926
324
1840
44
820
1195
22
942
1302
1190
508
1887
861
1768
93
687
633
65
546
1618
550
894
701
1693
502
386
698
317
356
1948
431
1248
107
694
657
1451
927
1396
1529
506
1838
958
6
145
422
238
1587
1171
755
1961
127
690
270
1854
671
1730
1088
939
183
97
1205
1583
1600
24
1441
919
1485
1106
908
410
184
716
1807
1533
869
1400
784
1318
826
1645
202
100
282
749
291
1155
403
1933
688
1421
503
1647
1122
1734
1616
332
545
554
987
673
247
457
424
1024
1065
887
1627
737
756
1524
1777
314
807
490
705
785
1316
1991
164
1769
932
1954
1476
309
2001
1356
445
1420
344
392
1245
1592
20
743
1062
811
1118
1487
1560
627
393
1565
9
1682
1940
220
1336
959
1011
700
334
73
1358
48
610
1934
1284
1137
684
1426
1103
735
693
1442
1555
448
103
511
1247
76
645
1263
174
229
1274
231
669
1324
1662
1784
1191
970
1244
1826
1899
677
812
429
492
1915
710
1763
263
781
1921
1158
1307
1168
854
1073
566
264
1553
2040
367
1052
1516
1799
833
89
675
1465
2009
2044
1612
1842
1882
853
1452
659
1852
1127
923
1431
1740
94
1139
706
1751
607
1975
331
488
1731
1261
1969
533
936
2025
1294
1422
1703
1778
35
1352
156
111
1865
163
1665
292
948
1387
354
55
623
2006
1712
815
1548
1301
1157
2017
375
734
434
230
1037
1848
1457
1770
33
70
1038
1635
454
106
1163
1086
1863
299
1884
695
1823
165
112
1141
1947
304
980
440
283
326
384
862
409
81
319
866
1279
234
1849
1876
1679
577
1938
1794
402
658
1704
215
1310
1232
1112
608
1203
1912
1502
663
1138
1174
762
11
1670
1192
1234
1445
1890
1944
1105
518
1893
2003
1655
1641
778
204
803
1025
72
1507
159
1404
638
2028
881
1822
1932
52
104
201
486
1867
271
242
148
845
363
1309
1873
1339
1746
1557
818
1974
1928
1320
745
2041
1639
751
547
412
2021
510
985
1753
964
1782
1723
1223
1072
482
1925
1322
1596
556
1581
1253
330
1551
542
1359
1653
703
579
1469
733
84
1638
139
1272
66
1760
26
1917
1626
32
315
1858
1536
1748
1501
732
1440
1394
244
1754
1293
1074
1869
761
338
385
1819
1632
1677
790
250
1897
1201
96
335
90
2013
1956
1949
1909
2032
295
1683
998
420
499
1080
616
1332
1675
1606
1615
41
1833
505
1208
1267
759
834
809
1610
2029
377
1463
366
1162
1303
1649
976
1470
1472
990
714
1409
876
441
910
2002
501
47
1738
301
408
1481
720
491
302
1045
1657
1697
2046
757
294
1215
225
191
562
1104
1172
1287
736
978
549
1623
933
1508
1978
1132
747
1375
1617
1091
1789
1273
1184
469
1585
210
1945
1968
1214
1805
613
1910
1414
476
1906
524
606
1308
63
262
2008
305
1829
2010
1226
1614
1022
1486
842
1067
1997
142
885
1605
167
1732
1478
1292
1115
83
1222
1644
609
1857
60
880
1361
1669
1584
647
979
290
1124
1629
1408
414
1800
787
1593
1480
1652
1323
1990
34
333
394
1719
226
404
605
560
288
1125
487
443
442
160
1891
1511
1389
1269
1199
1792
10
1976
1023
1159
1484
1212
1061
882
438
982
1788
495
68
848
1446
281
552
1758
1014
1811
144
480
665
603
1219
1993
1786
1415
1597
1264
1767
1726
49
1435
1832
137
1186
1144
1567
744
343
1355
246
765
1275
614
1522
760
1636
346
1369
957
1931
884
865
1108
358
1861
389
1764
1717
192
1109
1030
1958
789
1523
1860
1229
1092
53
1914
1646
316
1766
972
1041
1482
835
1620
844
1258
897
186
1453
1571
129
1985
1386
273
1946
770
1354
51
2031
1558
1855
1006
1813
1143
1755
988
1083
717
775
92
39
132
1020
38
1806
405
1810
568
793
909
1793
2043
586
255
390
1009
977
1170
289
1146
689
816
1419
1650
415
975
195
1500
381
2042
965
995
1167
1096
2037
337
1722
1911
905
1888
1178
138
430
75
863
141
1965
704
336
248
1718
1625
827
1089
113
829
120
651
1039
13
553
680
1334
783
852
1564
1042
727
999
172
1362
1540
182
589
1378
214
584
624
2047
423
1967
418
325
557
763
1874
825
1357
252
1952
656
1013
655
171
355
1995
1372
1488
285
1251
329
699
1031
1720
1388
1479
395
2011
1200
1350
968
435
1598
1666
1896
847
1721
1140
1927
1434
1659
1231
926
258
1599
1903
459
320
46
1341
895
1249
519
1235
1520
1830
1710
904
1376
15
1305
828
43
187
85
1951
74
1003
1761
2030
2016
578
2
534
498
1049
892
1532
1709
341
1330
1058
1283
522
564
1040
80
64
1497
559
411
619
1821
1353
691
973
126
1960
444
436
664
581
287
1633
152
810
359
1403
2012
917
1246
838
621
1161
1676
236
1416
188
1347
528
1658
224
1209
1153
946
8
2015
1241
1894
971
590
2039
373
953
1349
1225
1871
929
748
611
1537
954
2026
2048
185
1151
209
1737
636
569
1696
398
466
1166
1862
470
525
1370
2024
649
1880
903
1282
634
95
397
77
1397
1512
1194
724
746
1373
1198
832
1133
218
1727
2038
531
961
1711
709
1460
79
1295
2005
1047
1285
1093
1739
374
1456
1671
266
766
1474
194
437
284
864
1550
222
1304
570
1699
1824
1116
1835
1689
1211
801
1221
158
1314
124
1528
190
768
318
642
1306
915
1706
1950
604
485
1563
1795
1185
25
753
382
650
1180
950
1590
496
702
538
797
890
1752
153
1082
1771
121
477
328
1202
1574
59
2023
1117
1664
1539
16
1078
996
1134
740
146
643
1371
1836
674
1312
1224
1216
1346
874
157
181
555
193
364
297
1783
3
1547
754
870
1660
1757
460
1007
369
1429
1290
1044
1747
798
1471
1081
1297
1692
207
1448
223
944
859
773
1237
799
2036
697
594
1609
465
71
822
427
1255
1001
1464
1428
1506
1744
641
565
1483
1256
1393
860
478
1955
1473
91
630
1570
1971
1289
447
1577
166
1515
1864
878
582
401
1343
1360
1250
241
1425
652
938
1546
140
967
1594
1801
1187
1230
907
1923
521
1674
772
1889
2020
713
473
1941
1735
1750
249
729
1552
1745
27
189
1707
1391
721
571
1977
1924
668
82
1619
916
1327
1982
2007
1364
2027
268
256
102
1260
1077
1392
877
109
512
1608
37
1407
349
1640
151
654
1111
1701
1000
108
347
371
920
1510
629
718
1437
1556
1611
1288
1176
1986
821
119
1265
239
1281
98
1919
261
321
1085
456
169
912
1576
87
1534
1402
461
1015
198
12
280
1886
823
208
1121
479
61
722
125
1781
40
1342
69
150
162
1315
1762
1996
1188
293
1935
105
974
1803
1055
1277
1365
493
1254
453
883
1900
1825
300
1591
632
1276
1489
1870
1681
136
1922
310
1430
233
323
1780
1713
7
426
1785
1050
806
551
360
5
1002
1989
947
896
1814
1018
1695
1714
1262
776
1724
1628
351
203
1656
814
237
1454
122
180
257
600
1708
1988
544
1491
30
391
596
219
265
1326
888
719
1054
1252
1953
1818
1213
1998
1169
1029
286
1834
2033
1129
1601
715
1509
617
764
1881
449
1815
937
855
805
1046
276
175
1455
1725
1059
296
1236
1866
339
767
1916
1802
1936
526
115
1856
1328
1562
1798
1366
1113
1962
1384
311
1700
1016
1173
1964
1773
2014
792
50
2019
573
1123
483
969
981
1027
951
846
312
592
170
1994
1021
1490
708
1648
1028
1872
1010
507
625
1321
147
1772
899
361
661
1008
1467
851
1765
730
345
523
1060
56
850
1661
413
615
653
739
1395
428
