870
561
898
11
844
788
35
943
345
805
263
746
560
291
19
655
361
814
969
533
795
938
857
540
1004
703
922
56
436
249
823
316
996
348
218
643
302
909
146
669
680
651
835
131
738
270
918
442
444
942
940
778
40
999
801
656
421
500
219
133
159
984
51
115
770
125
208
401
932
580
58
525
802
796
241
811
130
482
1002
464
861
606
550
47
809
799
381
850
205
191
9
119
259
952
359
981
694
236
330
988
972
792
754
753
718
72
954
106
294
201
223
1009
820
903
783
61
931
587
262
685
548
356
109
777
168
428
846
14
255
907
132
202
849
845
257
975
181
515
704
736
357
477
360
385
756
776
435
177
666
939
238
627
631
110
571
585
431
433
793
586
698
194
916
603
696
638
25
577
693
553
394
416
329
1022
711
853
338
335
690
153
171
314
502
447
771
645
494
632
831
454
501
266
94
252
463
542
309
69
516
390
991
856
491
1014
737
830
892
426
862
383
83
604
785
479
415
637
173
1
358
949
230
897
681
319
371
484
66
376
797
165
38
224
913
728
337
50
794
322
225
98
213
274
82
866
960
366
865
545
676
350
570
596
55
934
822
715
89
267
847
521
244
397
742
614
334
660
727
169
607
523
798
1011
833
536
668
558
601
108
438
187
852
373
758
917
708
692
979
863
926
602
983
21
32
955
315
392
734
145
508
375
667
819
769
414
752
441
466
352
277
612
29
806
24
929
174
59
686
43
947
535
883
592
203
443
579
222
630
812
854
365
904
915
2
33
200
189
605
880
743
878
506
347
689
440
675
674
26
662
498
264
1005
649
123
340
740
557
945
760
782
49
768
362
476
280
749
619
695
427
212
121
706
965
725
608
888
299
773
808
713
547
285
817
176
342
28
499
313
876
289
287
541
448
748
10
107
813
867
101
924
295
311
864
642
707
950
941
233
890
120
576
76
332
636
163
4
307
78
920
714
784
839
214
298
142
344
23
391
81
507
326
129
87
519
772
976
530
818
186
1008
113
688
678
705
729
57
400
658
182
995
581
505
232
910
137
105
423
430
112
495
653
789
382
405
923
537
284
765
851
114
874
170
190
149
474
629
46
472
908
239
679
227
425
93
12
100
682
827
1016
54
67
31
198
673
928
554
842
973
265
490
538
980
513
595
489
318
216
891
868
751
13
609
546
369
228
956
461
539
456
68
971
730
235
99
272
468
162
568
117
406
62
935
183
930
702
346
324
34
204
185
363
552
411
343
966
253
240
1000
670
512
152
902
927
393
111
325
128
80
804
826
522
389
333
308
661
84
139
532
417
30
933
156
6
905
893
879
175
1018
147
750
919
1001
648
460
810
1017
816
566
328
73
126
652
288
124
824
364
220
323
339
875
624
887
744
293
894
41
803
529
127
407
462
27
71
825
286
623
96
143
757
256
613
321
432
509
977
968
840
387
247
1015
664
564
899
18
95
485
720
834
763
590
726
759
964
572
677
353
657
304
709
492
242
206
1013
615
786
60
209
836
154
64
148
663
731
687
388
925
1012
791
384
409
310
372
160
42
248
20
136
739
403
978
188
450
755
936
475
821
473
412
422
260
957
261
434
843
211
733
79
527
103
486
591
882
885
481
217
48
300
1024
589
628
237
510
22
92
531
97
424
90
937
320
258
306
275
644
380
234
144
199
544
974
717
386
618
349
497
872
210
828
610
229
138
745
453
467
164
762
575
504
712
52
408
355
250
184
716
3
53
317
779
871
534
543
395
419
640
151
180
556
367
869
787
625
196
413
378
621
562
683
896
135
368
161
458
761
900
273
15
722
959
439
520
735
967
654
583
88
723
399
351
377
593
963
701
1023
166
245
1010
297
719
961
276
946
251
691
641
747
354
684
633
271
246
17
16
65
951
279
790
841
1019
281
881
598
563
626
997
620
838
496
1020
179
290
911
85
859
301
327
611
404
549
178
5
74
296
157
518
514
1007
1006
331
118
445
807
77
526
487
766
86
283
63
732
215
449
140
986
775
646
948
221
987
699
551
511
944
781
886
1021
594
70
429
480
528
410
167
39
985
1003
195
231
970
895
889
877
989
483
478
226
953
104
582
962
697
102
650
700
914
767
75
197
855
457
721
503
665
578
134
815
994
639
398
573
588
282
402
998
634
555
341
992
524
418
569
921
470
269
517
837
455
312
906
243
990
141
44
420
116
832
268
617
829
599
622
303
912
254
597
37
567
671
469
858
559
155
993
884
437
647
7
901
659
172
192
800
982
780
446
150
574
493
565
379
873
584
292
459
45
672
488
471
91
710
370
635
958
452
764
600
278
305
616
860
848
8
122
465
396
336
374
36
774
724
741
207
193
451
158
