1767
1056
1635
1221
1563
1907
582
310
842
615
1219
1090
820
596
104
1249
1845
700
400
1435
100
874
1561
850
1124
1002
395
845
2022
789
1833
703
863
754
1897
575
175
759
116
1326
1599
973
879
601
1127
600
1754
1141
1017
1208
1853
465
1982
254
1964
529
1449
1499
1023
1229
1935
881
146
2001
756
341
168
1552
1916
1732
641
1509
134
1013
794
1211
495
634
1705
812
332
1980
1993
214
466
565
2002
544
2040
1761
1598
857
1670
1366
611
643
971
580
848
1556
109
1518
1683
773
654
1521
365
1792
993
2018
1140
757
1258
418
917
1270
1380
1538
467
1909
1274
121
30
53
1794
744
372
574
981
944
503
376
1639
838
346
1608
1398
594
682
1707
723
1543
1568
300
1708
241
2027
51
893
915
1560
352
24
871
478
1379
949
1008
230
1047
927
112
1812
217
1814
1464
378
725
1240
2041
776
2035
1650
295
1619
1097
1387
858
181
1107
291
562
117
589
1989
1277
1773
709
336
955
1283
1905
585
579
887
567
1631
143
1852
1300
1100
1655
1085
474
85
979
1245
894
429
283
1862
1305
673
1057
706
538
1306
1248
1308
1038
909
239
72
1967
962
130
2048
883
851
1756
1262
1922
763
930
1985
547
1134
1738
120
1231
910
1271
270
1230
548
1112
1565
533
383
139
1816
925
152
183
1988
681
1348
92
14
1497
1373
1940
93
1893
741
1267
163
1681
1450
1117
1516
966
577
956
1857
1612
1095
422
1998
1177
1438
1966
1981
1007
95
639
1419
957
604
761
1595
1669
1408
1628
1835
36
1765
1934
1251
2007
1084
1331
1736
1799
943
1226
780
488
885
837
1735
1390
1215
1246
401
18
1503
1581
309
59
1861
39
1340
2033
133
839
989
1898
1540
298
1319
297
1105
693
284
1753
1873
1036
1745
127
1289
1197
1548
1504
351
512
890
1750
1001
1393
1829
50
255
440
1182
1119
590
715
218
106
1557
1429
1776
176
1627
189
258
787
1874
985
140
768
2042
1880
1572
1375
267
506
1592
1510
321
1096
343
1402
775
207
608
1243
1472
1789
1809
729
1808
1385
1743
1795
653
717
1160
526
803
1482
108
1673
1500
1040
1623
536
1011
471
900
445
786
674
379
972
1746
1553
647
1222
1176
1924
1060
1677
382
1416
1041
412
490
2016
1986
731
1418
49
277
1420
167
1384
1971
659
1101
1345
1902
333
1304
58
1328
1600
1126
1603
1666
617
591
273
1785
1350
32
1656
102
91
6
303
252
758
866
790
407
1173
1378
1820
1693
627
1228
1192
1383
698
1314
110
1045
334
1779
1218
1147
804
1978
274
89
945
607
1547
1159
665
1851
2010
694
1424
1346
1755
1774
664
1575
510
1617
447
1371
1337
1663
238
1512
1582
1999
1152
278
363
1923
1324
656
1781
626
559
1740
1162
1709
16
1114
1073
1622
1359
1536
2036
415
1362
1433
606
1368
922
1049
1461
1264
20
113
384
1061
1128
1926
612
1620
191
1263
1537
1343
1455
1686
261
1291
1238
1120
573
247
1625
983
558
1604
179
504
994
1876
458
1091
1724
7
487
374
1664
190
111
1093
1479
832
1725
263
1071
1973
886
1749
2030
1275
1050
29
1648
593
99
71
1456
1272
160
449
476
1529
1452
1322
663
318
771
1391
743
633
1478
657
1944
576
86
1802
1087
918
1217
1741
423
1281
1488
2021
1766
1634
609
202
1730
888
1517
625
1915
637
349
1213
282
1841
732
1477
1273
1076
855
42
951
1952
603
1194
1523
1484
1149
1067
745
373
17
1682
1532
249
468
1444
952
1502
340
1676
1145
1132
80
1469
1335
1165
1163
2009
459
199
1858
1133
1288
1138
308
473
1089
460
1179
203
1399
1382
55
782
1489
1823
1104
361
1077
54
938
1659
66
1613
319
1863
1803
666
1930
1891
1562
1290
819
1466
515
432
305
1136
1178
212
905
1690
784
428
852
348
1662
520
1167
646
1877
691
1080
1174
597
195
675
281
795
772
1780
933
1590
1282
482
1427
2038
1259
1313
185
1950
1826
1763
686
2024
777
1161
219
1186
563
1491
84
1885
1494
441
584
413
1220
1436
610
1170
739
1103
271
571
420
1668
1991
995
1700
912
1914
907
329
312
522
19
1644
265
2023
1710
1201
161
1144
1286
1839
1760
1410
1297
65
1654
1963
530
244
206
1094
1695
1481
1312
1261
953
327
513
2008
1428
1818
1870
1868
469
730
364
1370
1168
1253
572
1804
1425
829
595
33
1672
1437
1242
67
435
1597
1121
964
1386
1945
1108
902
81
193
1593
1421
68
87
711
923
272
1280
1005
293
958
1817
1534
1284
426
1962
531
813
1787
564
996
521
279
1764
1713
1295
21
1347
1442
1850
1465
1106
1889
746
1995
781
718
103
982
1496
1584
1082
669
948
52
680
122
248
939
991
70
713
1268
774
1535
501
926
1196
1407
499
875
690
425
1332
1983
1292
752
409
1
1028
872
128
1172
708
1363
702
145
1811
1151
1451
427
41
807
144
652
1630
1062
148
194
1467
1733
299
1495
368
31
833
1487
227
740
1544
1847
1250
1035
264
456
147
1583
1204
436
1164
347
554
1015
697
1954
338
240
867
1610
1404
220
1840
1316
747
1723
287
870
629
118
1647
937
727
1365
516
390
184
399
1770
1376
1699
1567
62
1968
1830
90
1169
532
1531
339
1012
1758
1224
180
268
260
262
1052
1209
753
1298
899
1680
1854
452
586
1828
1602
1824
1422
82
2028
1395
712
1555
1892
154
1793
331
98
793
314
45
566
714
1577
738
57
1401
2015
1701
545
1066
165
172
847
444
1227
602
1296
670
859
635
1043
860
892
1193
613
676
1859
537
398
828
1058
1903
403
457
2017
710
2020
491
1975
1674
1414
34
78
1070
204
153
405
2011
1053
1831
64
620
1564
836
209
285
528
896
877
1423
1842
992
967
1153
946
963
306
1356
699
1810
628
1759
1762
1643
1570
1338
1317
592
1977
1911
224
44
448
1778
1016
1948
862
1660
1748
826
1027
1142
1276
1244
198
323
1798
1946
1960
22
1958
821
1032
424
980
764
1064
1471
1691
1614
26
88
630
1336
810
864
1895
208
796
1997
655
485
1888
1550
1747
856
1454
569
500
1146
231
720
1339
2003
1490
367
755
2034
1910
1974
954
229
668
1188
1051
619
1943
523
1896
1589
1786
1022
1030
1704
389
1483
1938
1526
1468
1054
83
320
527
959
1949
1996
77
1848
335
1558
701
961
210
430
1566
1832
830
1098
1714
1189
416
1931
869
540
1692
47
358
986
1807
79
1406
2029
276
123
632
1917
1405
1285
1507
1658
1539
137
679
549
13
587
1549
947
799
1605
1039
1546
394
2014
1872
1099
748
1576
1594
1430
721
806
903
941
1514
588
1426
431
2012
1675
1034
1925
454
1198
707
15
1784
1927
2000
1148
251
683
735
1942
1315
2046
228
1158
1358
8
484
159
410
1878
1932
1048
211
135
1956
555
156
818
392
935
1055
502
1731
483
802
1392
307
880
824
1352
1918
1864
792
1475
1241
1768
96
950
215
27
1321
162
1372
684
301
623
1694
898
1088
1397
644
1652
1716
442
1641
1303
1116
1187
269
1412
1360
1294
1737
1137
4
150
733
1374
1900
1742
1636
1800
174
1667
406
1578
805
1894
1110
1890
225
1908
1947
1969
1445
23
1574
56
1712
325
1775
678
651
1678
1447
1881
43
371
840
561
868
765
734
984
1075
149
722
69
1621
1470
1849
1357
749
1003
1453
1657
387
1413
904
1615
2031
1579
645
1706
1791
865
889
716
1476
1327
1727
173
1072
1403
942
882
1184
750
188
1279
362
1448
1921
1638
1135
696
1485
201
1834
1522
97
552
884
1154
636
1417
1463
751
3
1181
1278
1260
1462
817
797
157
169
1232
1805
414
1624
1037
1611
1883
434
292
1843
539
578
1010
550
1551
1458
814
1257
317
1528
222
115
581
1111
1515
1131
1965
1301
1474
791
695
197
1157
1970
769
337
213
1247
1856
131
736
1269
762
1744
1236
560
492
924
437
878
1092
1353
968
1183
1979
525
1640
897
1685
493
136
1068
142
800
960
906
311
1796
553
1698
541
1688
1109
1541
1703
1175
402
505
1505
94
1972
1718
391
649
234
1899
1629
518
1256
1342
105
1806
1860
1310
1432
1400
519
1203
508
514
2005
976
453
1836
266
1933
975
2045
5
825
245
1344
1519
1302
76
1939
1951
1009
1990
704
557
216
342
816
932
236
1783
1394
396
873
302
1287
1837
689
1377
618
1086
472
38
1887
1014
667
671
1596
1771
1702
901
1976
480
1790
614
913
2019
200
919
570
1355
798
598
1381
1957
1025
1886
1102
1959
1123
1607
728
801
1199
1679
360
1486
934
475
1156
61
397
233
74
1882
1609
1341
921
1936
638
1729
489
605
315
1441
661
1443
929
1388
1618
2004
1588
1865
1585
1018
1166
443
380
494
687
1586
1191
974
1844
1616
481
417
1255
1782
1711
498
1904
350
997
1180
987
75
1580
1533
138
688
1411
827
1078
853
1559
242
1299
809
186
742
658
1129
1937
178
1651
28
1118
660
2044
770
1369
1867
834
1212
25
1207
461
1235
2025
1633
2026
1813
1591
920
999
205
914
356
1031
170
1139
1155
1671
1480
1626
1361
1266
1185
978
1961
223
568
182
1309
1545
1492
650
616
463
1446
1210
1019
2013
1354
11
1143
662
1928
988
1498
377
381
1115
1819
823
766
1825
1195
1459
931
831
1074
496
253
1871
1265
1838
40
1879
1606
1396
63
1901
370
1205
599
788
556
965
1697
177
2039
1717
1919
385
1527
187
101
1046
1513
1661
1122
1239
1757
1307
1323
164
1855
1869
1021
250
497
511
462
977
2037
2043
1004
1912
330
1063
1237
1367
1389
125
359
843
1769
1333
1200
1920
916
286
822
583
141
648
1044
366
677
1069
114
692
811
543
998
970
1653
1506
37
1508
719
1233
1081
1696
316
969
155
477
386
767
1520
171
1214
783
450
737
446
124
439
470
542
815
1542
1715
1992
621
1206
844
1029
1524
1006
1330
2047
1913
1234
438
705
1026
1866
1751
640
1329
455
1646
779
1434
259
895
1815
1821
237
854
631
132
246
326
375
1941
1293
624
778
1827
1687
507
726
535
1083
1216
1150
1364
1846
1460
235
1728
1311
289
73
388
345
1569
166
2
1587
672
1637
861
129
151
12
1554
1906
479
1632
524
1689
1130
1079
1726
1929
1987
551
1788
243
1223
328
1642
1601
1325
1113
928
196
785
1984
1125
355
940
1439
369
1797
1571
1042
1320
642
1884
1649
1720
257
1875
1415
2032
1994
1190
296
622
546
1721
808
9
1065
1734
1719
1202
344
1573
304
46
464
313
433
876
1501
1409
226
158
1511
192
1318
908
294
1473
1225
1000
534
509
421
404
411
1349
1665
1772
408
1684
280
1722
1171
835
1431
1351
1334
221
1777
2006
1457
1059
60
1033
1530
35
760
1645
107
1440
1525
290
1254
911
48
1739
1493
1024
1955
990
10
724
486
256
841
353
322
1752
849
126
324
393
1801
517
119
936
354
419
1252
846
1953
288
357
891
685
451
275
1020
1822
232
