2057
2635
1567
1059
7525
6036
2484
4003
457
371
4447
7129
5766
2885
6680
1860
4222
6290
3230
6198
5298
89
6977
4839
706
7933
6550
4403
4610
2701
1804
5067
3439
1459
1995
4848
5593
7360
8167
2372
5009
6452
84
607
2903
3411
2763
4962
7862
4666
3409
6633
6462
5368
1636
4209
7758
3943
4201
3755
2664
1722
907
7452
2464
6026
4264
7157
5903
6402
631
6028
4601
2425
5928
809
1863
2343
3986
7495
2413
7723
6444
1847
3620
3728
2404
2630
7966
2101
368
5353
2232
7479
7922
7377
4366
8170
7920
6771
3296
6075
5026
5416
1781
8013
7135
5491
4637
7673
3874
6447
3878
7986
1633
6219
2165
5360
7061
6322
7774
3972
1631
8157
2016
2660
1369
1019
3858
8186
1852
6214
3596
3131
3737
7630
5698
5352
992
8132
3803
4987
913
2470
7970
2482
2414
1729
4409
2109
5885
1128
40
7565
922
6684
1461
3249
200
1911
189
840
7299
4199
5076
1280
396
8192
3384
5412
5072
7638
7773
4271
4799
1543
6715
2218
2031
2154
3554
3535
5062
7172
4104
2722
3477
2038
5812
6955
2214
507
6574
2508
5517
7605
8189
1642
591
962
3748
6227
7895
56
3929
2235
2724
2547
1449
3161
6253
1728
213
4653
2007
5489
3930
6001
2937
3758
7189
187
6541
2262
1353
1507
5471
3831
4548
4883
1609
5177
6618
3789
4491
7155
5558
6710
3527
4982
4466
561
7267
1445
8191
917
91
6646
6805
4647
4034
1825
988
1810
3515
3942
597
7852
6538
676
4365
3192
235
437
4131
3591
545
6774
5639
5494
140
7057
7720
2984
1058
6818
5467
857
2149
2244
1183
4979
3694
3085
237
8142
7556
6896
5873
7257
5854
2931
3014
748
7587
4405
3915
4542
3067
3013
6315
3881
2823
836
2035
1624
1293
2792
1887
5715
1545
6416
8126
4682
1611
7440
956
3988
164
2448
2700
1242
5366
2673
7580
2908
6540
7546
5176
435
7340
2163
6790
1381
1760
932
6136
3868
4894
1139
1497
4404
3255
4677
5168
4818
5836
6352
1346
3082
4545
3077
650
4594
1096
6072
36
418
3791
2468
5329
6890
5649
5511
5507
4215
5668
853
6264
5001
2412
7164
6734
5976
107
3847
6500
7044
131
6599
378
1934
6927
780
6681
190
5839
5925
8074
4229
4648
5108
6147
1819
7547
48
970
5185
5783
2912
1767
4101
2802
4717
614
436
993
3101
881
2526
2357
1331
5918
7697
2992
1908
2890
5028
4147
6143
2248
7288
1725
7663
3012
4281
654
2663
6670
1595
7853
5434
657
367
4479
4356
5661
2782
3151
4914
7238
4809
4065
499
120
3089
5946
2997
3903
6448
5574
265
2391
555
2236
3144
6533
217
613
2652
6121
3257
210
2494
7200
5169
5829
6968
5132
1092
4984
2184
318
7626
4361
2003
2618
1838
2796
2269
425
4186
6508
6077
2203
127
512
3375
660
7950
5453
6419
6825
1049
1283
5708
5056
5420
2843
5065
7081
3917
674
5561
8150
6144
7373
5063
5327
4203
1042
1295
1091
5898
4925
4144
8116
2681
3392
6615
1115
5957
5765
808
6213
2498
1699
4895
2215
3287
2619
3177
610
1309
914
1441
5580
387
1155
3726
7573
3951
4063
817
4903
2835
2597
1589
7529
5007
7681
1782
6092
1088
3937
5872
7051
6030
7610
2893
7271
7537
2739
5098
1414
2265
1833
541
5115
4358
7590
4772
6483
1015
3022
3010
6397
2083
4000
1
4112
7670
3975
1979
7016
5376
2555
4985
1264
4687
6430
2957
6090
1481
333
4983
2422
892
6813
2347
5645
5736
6159
7408
666
8120
831
2766
5498
5628
3639
3383
372
1469
188
7302
2125
2348
7647
1463
1026
4691
1846
5590
221
6694
7287
5940
3505
3186
1565
3648
5415
910
4999
7456
4597
1428
4168
1274
6043
114
2274
7649
7465
6379
7742
2887
7909
6629
7517
6263
347
2196
2477
4872
105
1557
6621
7191
6471
7825
7337
3681
7520
4849
602
3571
4731
4218
245
2672
3377
4856
3866
2246
7973
7253
3247
6665
5874
2386
1220
3979
3885
765
2971
5516
101
705
2025
7167
2243
7201
2490
1712
7999
6425
7937
2054
361
7716
2703
552
1201
3522
521
3011
4307
2192
2952
4057
6690
8044
4353
3869
5088
2335
2261
2647
2360
462
2930
4840
8131
1260
3499
7298
4261
5374
4512
7256
5865
4988
1181
3454
534
2491
2563
2395
7263
5983
1773
3501
2562
7176
3223
319
2496
7289
7600
7381
6711
4058
2177
2294
2301
6202
1754
4587
8156
6041
1207
2098
6355
4784
5436
5966
7369
5738
4254
6480
1591
7428
690
939
2610
2857
3886
7683
773
4182
1684
3598
2588
5003
230
3336
6834
7307
8075
4303
2760
4155
5312
7864
302
1060
2263
2120
1859
1360
8012
5651
769
5335
1615
3967
4083
6113
5460
6149
7208
2687
6131
7746
5653
4865
4312
5756
415
6091
7453
6801
6472
7018
3181
6643
3277
4618
1761
4570
2669
7918
585
469
924
947
4994
766
8073
5107
3233
8061
7448
5069
7728
3830
1078
5209
2371
483
2056
4278
6936
796
3335
4926
175
6062
3123
4384
7875
7210
5625
2467
3434
5191
132
1464
7942
3735
3138
2123
5540
2859
1793
1496
5958
3684
1951
7402
4048
6423
1036
1888
7033
6409
272
6275
995
1637
3569
3871
7618
6901
3809
6022
2783
6835
2336
3113
777
7997
1447
5794
2143
3829
269
2106
5476
3721
4754
5860
2778
719
5518
3821
2014
2598
1097
6265
266
5622
1778
433
2538
2978
2027
5585
5045
5117
3339
7860
1209
4733
3725
7502
7019
5602
3066
4224
6838
2754
5012
5549
4833
4441
5916
790
954
1229
4870
689
5261
7755
2
3165
2166
4169
6237
7929
5334
5551
7665
6908
7274
3289
6102
4927
1976
4232
3435
3597
5767
5197
6712
2750
382
73
4018
5834
6812
7514
1918
8011
1547
2403
3608
7770
3925
8141
8111
5515
1855
7231
5626
1493
7606
2709
393
5428
4064
5155
890
2088
7259
7705
6495
5189
7245
5224
3835
5806
6721
3714
5777
5280
1903
6081
2217
6820
5299
3774
365
775
4755
7065
3764
7621
675
3225
1915
4753
3429
3120
1439
4713
133
6784
4381
4313
5960
5827
6576
7817
5935
1756
1288
7149
3495
5620
1817
6373
1320
5405
7343
7268
7300
4965
6656
7105
961
5285
735
176
4635
2557
2888
3892
1432
1763
6395
6203
2028
825
1158
2737
3649
5071
2781
7656
3157
7541
7328
15
6037
2316
7557
3783
2170
6768
2379
3448
1094
1836
1536
841
1533
3546
6169
8128
1542
4964
3229
1546
7749
4712
3776
1834
7235
7070
1284
7122
3288
4946
3117
3073
5040
3340
3201
5438
611
3982
2097
5902
4275
7323
5788
5306
4351
4547
2832
1614
6045
2897
4930
6226
1218
4820
1099
5010
7195
7324
4658
4180
3437
7730
6393
6251
2385
5324
4729
7285
7906
2999
5685
788
8076
2572
351
1709
1594
7334
3589
348
5526
2117
2363
2596
5342
6192
4715
5099
5160
833
5459
6802
6458
4817
5556
959
6851
7325
6337
2775
3218
1999
3350
2367
3214
6506
2051
8050
7851
7002
696
1425
31
5126
2705
7765
8119
6474
6701
7306
2530
3754
3275
5472
5832
618
2991
906
5398
6115
6440
4513
4341
8130
160
4832
5592
2578
5926
8110
5448
3231
5305
1935
6797
3658
2096
1016
1909
345
604
7634
2569
7904
4219
3419
3155
6478
7608
2553
7383
2380
6390
5246
2744
6800
5409
6612
5408
4087
1868
562
3068
2463
2726
5479
6881
5413
7473
2499
1021
721
2059
1254
1970
7115
4728
4227
6520
2625
713
6747
7692
4339
5041
875
1960
3813
1068
263
5154
668
1290
1635
3126
5271
4010
34
6966
3478
625
7363
971
450
193
2268
905
637
1063
1227
7190
1127
7123
4200
4874
4718
898
3966
5684
2331
7348
582
2271
3911
6867
7979
403
7510
250
3412
3380
1455
1291
7972
4363
4850
5672
3137
3593
4700
1600
7101
2504
5445
5038
5779
3762
1070
3116
6776
2178
742
108
717
4051
4672
5680
1113
5264
3057
2815
5468
8136
5129
6722
2252
4033
4450
2550
3567
513
1747
6630
6637
4454
5572
7855
471
2746
4362
6292
5407
3962
6783
9
6886
5857
7710
4438
1651
1871
7902
5669
702
2173
3956
4305
6931
2607
364
6729
5570
1160
2940
891
1488
7871
7237
2740
4660
3555
3946
7751
27
6108
2974
7576
3279
2334
2904
257
3053
5826
7861
273
3445
6497
6163
4416
7925
8081
2613
6912
5989
4892
5732
7636
7740
1035
2171
3349
2444
5914
5618
7931
5275
1061
4410
837
5697
1256
7834
3463
2973
7524
4044
785
4471
6531
4009
5548
6067
1952
6674
2692
3342
7757
813
893
2634
3358
8179
2168
3184
6206
5630
6266
2738
248
1500
3072
2639
2307
4096
2443
2854
7706
3159
6464
5718
6190
7283
4469
569
2773
3753
2436
5932
184
2624
6589
3160
5140
753
4408
1272
4277
7450
2601
6980
5475
3876
1948
3003
2169
991
3122
161
7175
6929
3842
1355
7833
4075
1077
3698
4025
5013
2204
3810
969
1417
2642
5969
1142
5782
4586
4206
7255
3838
8021
2297
5431
3099
1749
4629
7370
1479
3665
8089
6234
62
6323
6840
6364
5751
5951
1223
6003
3295
5016
6873
5773
5332
3455
2522
1572
7218
3050
560
1801
3654
859
5797
3650
2374
8094
3765
7718
3595
771
2325
5537
5380
7703
1031
7
3585
4295
5015
1899
7213
2279
1681
4411
4516
645
2592
3351
2906
1120
7521
1750
7582
1803
2571
5425
2670
3094
1468
901
4220
449
4349
2241
1907
6622
6769
7945
3548
99
1405
6104
6176
6945
2388
1151
6343
6129
1946
2910
3537
4626
6220
1410
6627
5514
2671
6518
1047
5222
3449
951
7030
1583
256
3127
3959
3207
5745
2349
3532
2959
5775
677
2745
7113
4887
1249
7574
1013
7039
2643
6821
5787
6726
2780
3811
1411
7168
6065
950
3052
3921
7439
6823
511
800
1690
5660
5838
142
7146
3458
3467
1741
7397
6610
336
6787
3465
2599
4980
5265
7733
2189
770
4902
3118
7504
7518
2472
3533
4559
7898
6941
6786
8033
4167
8020
6947
7632
6644
4749
8112
5011
5304
7217
6014
2300
7419
1297
6217
2100
5388
3221
7430
4768
3466
1845
7617
4212
4302
5789
2907
5910
6193
1816
7461
681
1967
2576
2456
7941
498
5094
2675
3272
1003
3544
3237
177
4643
6516
7994
1776
7346
4802
2147
4107
7756
1473
2237
6167
343
6691
5178
6380
4751
2427
5956
518
2564
2869
6766
7193
171
359
1929
1663
3854
2712
4656
6080
4864
4781
8022
6087
8145
463
7336
5440
6057
5719
4458
2876
1409
5583
1022
7437
5944
5835
4028
44
1503
8005
5764
5381
1797
5130
3670
945
8143
3008
2926
7739
7685
1731
7108
2846
1156
4317
1198
4039
595
3408
7058
2285
4869
6666
6895
4233
3843
434
6998
4550
5135
2770
3782
4066
829
2471
5279
1030
7454
2242
7447
4462
1149
5134
3041
7640
2961
195
744
6809
4861
6716
7136
332
7914
1380
5080
2006
2862
1316
5111
3852
4577
4172
4778
5055
531
1189
3700
7010
97
454
4176
6675
5954
584
3584
5490
5079
761
1067
6274
628
7309
2253
6668
7464
656
5681
3794
1895
1110
3038
4280
3031
3420
1659
2923
7877
7562
5270
1300
423
6299
4669
3563
7398
95
174
6935
2606
3303
115
1499
6438
7426
940
6369
2111
6407
6705
7286
4915
6676
6308
7460
6546
4046
7094
3362
998
8040
3474
3318
2829
4260
2723
5441
1523
8049
5325
2126
4906
2188
4534
801
6650
6937
6731
445
2104
4319
7192
2176
502
5869
3779
3662
1361
522
1074
1342
4975
4976
7468
6259
5666
3841
6559
4942
5720
2172
963
5643
5920
3891
4958
5255
2911
5887
1174
2226
3867
3097
3580
2771
724
5291
6242
6679
3024
8166
2677
633
3677
606
7098
1388
6645
3498
888
5588
2122
6753
7145
651
1963
6224
5356
2213
5378
1512
6624
3360
8088
7622
4163
3629
6952
3939
4150
1727
5503
2594
878
7777
1539
1674
6383
4027
2487
6151
5005
6431
2902
7882
5449
7269
4573
1133
1224
7449
7927
6704
355
7561
1325
1069
5262
5492
7805
3051
104
137
1502
3860
5502
7436
3682
1733
869
6426
6564
7351
5060
3536
8155
1239
5741
2398
6413
1491
5081
3154
1772
570
324
3912
2208
1798
8065
1277
3920
5365
4301
5868
4624
3371
2396
179
6916
6777
7607
5173
2453
5665
7827
3312
85
6066
3696
3309
6693
2447
3823
5986
391
2460
7569
8058
3228
6141
4655
1954
2465
3751
1392
5394
6714
4680
795
3547
4445
6371
4866
620
7138
4489
2697
5792
873
6460
4123
4539
530
6997
3285
314
5901
5948
304
6110
4783
4146
5913
6750
3286
5573
3322
2118
946
1028
4196
900
6330
6396
5809
6577
5401
1321
5646
4578
1917
4745
6210
5101
475
4750
5127
5921
6616
7492
2964
2814
7988
1777
5701
6411
7698
2967
4943
4842
3801
5952
6160
1167
6212
2114
3128
1875
6785
5587
8148
6199
4917
504
6793
2612
5723
274
7475
7894
3602
3724
1989
550
5647
787
7119
3321
7596
5949
5442
4538
519
130
6405
3749
3822
5061
3973
7707
1222
3730
344
6698
4689
4248
6165
309
4556
6196
206
1399
2148
5640
4928
3928
1969
2820
6655
1451
5399
8097
6685
6170
6326
6273
1996
4266
7748
468
2416
7554
2121
3216
4503
3206
6023
4654
4086
4464
1534
6725
4535
2397
76
7375
3657
1407
3102
6017
1723
2198
4705
7131
3369
2795
5466
7952
7147
3815
1011
6878
6526
5500
1675
7513
6338
3355
6579
7187
3646
7246
7498
289
7001
3849
8070
2077
2840
938
789
8187
5024
5532
1195
7684
8004
1602
5696
6372
2939
4013
7635
7308
1344
7767
1335
4694
1271
7212
6600
1765
241
456
65
4197
5862
554
2693
5143
8077
1990
6446
1927
2424
978
473
4525
6854
291
2202
5252
381
5904
824
4807
1009
6505
488
223
838
7788
1141
6252
6554
6201
6000
2329
3845
4336
6189
5730
5694
1048
173
960
7035
7384
781
2806
4110
6079
4951
4156
4904
7689
4837
5008
1603
407
3619
6205
3359
1190
1255
6989
4644
339
2702
6703
5840
2891
3292
6847
2293
3663
7721
5477
4530
4350
7889
1805
384
6467
3851
6594
7455
1448
7916
5199
7471
23
8042
1373
4103
5627
3114
6883
4279
2734
7654
4228
7840
5214
4283
5793
6342
6519
4373
5390
821
1235
4589
3090
2928
1363
1520
448
5385
7466
866
5819
4134
4359
7207
8023
7326
557
207
644
7060
7013
5313
7846
3346
7423
6024
3226
267
5095
6728
7392
7203
3836
2489
5554
4412
6563
3653
1138
1010
481
4162
394
568
624
2346
2768
2875
7315
426
6902
5609
7485
5373
6349
1237
7803
88
2713
6939
6949
4477
1786
4291
109
168
4011
662
1197
608
4804
5686
4460
282
897
4374
8140
7483
6706
1248
2751
7312
2994
7470
3516
6
5883
4463
4730
6833
236
704
2281
4738
3644
6128
4434
1678
7025
5705
1585
2699
7064
7179
7205
6366
6197
7071
4108
8125
6321
4938
3016
6891
6370
3601
4004
5375
8029
2045
7816
697
1827
2680
159
1832
3952
4256
1839
5082
7530
7837
3254
6828
2046
2855
3416
4452
7124
2600
1289
6356
1152
4073
7820
5522
1975
6268
5504
5987
4095
6461
3802
4806
6368
8109
7579
1890
3025
7983
7160
7378
444
8137
443
4963
5221
2541
5421
2085
5110
75
6238
1480
3482
8003
4109
6211
8180
4502
4786
5463
8178
1920
3565
3315
3240
5307
3103
1326
6492
4650
3047
6956
1867
7438
738
4214
2811
5196
1474
7736
8129
1324
2156
5623
6695
1126
2087
5731
2779
5512
4737
5349
353
2431
7648
3941
8063
6557
1874
6172
2493
5286
7117
5722
3523
360
3415
4756
4959
4389
1269
3019
7967
4316
7602
3981
587
528
3093
7841
2688
1940
5025
341
653
6296
2654
2611
7961
4385
2916
8083
3924
7508
7005
3209
5683
6262
485
5706
1299
693
3513
6059
2238
6899
7905
3761
7633
167
6071
1302
5020
2283
3631
885
2717
1540
4609
5523
7088
3162
2450
3655
3076
1460
1881
3612
8159
820
4828
1510
7734
2036
4955
1770
2894
736
5268
1367
3824
2938
234
935
227
4761
1268
2341
2167
5273
1650
6794
5258
2240
3506
7387
2691
455
8096
6682
920
5144
6329
7627
8048
1743
1065
879
4439
2475
2505
2791
7934
2138
2145
1333
4905
260
6641
7038
1144
944
7311
4126
1971
2070
4128
6592
989
320
5347
4310
2521
7020
2419
3086
4068
6009
4352
3705
1607
5704
5605
6229
3361
2790
500
8139
6435
1538
3323
5689
1613
3056
5433
2260
4393
3491
5136
6306
972
4326
7917
7347
3364
7180
6573
1983
731
3212
1215
409
6336
4969
2108
3306
328
1645
5207
1981
571
1696
2390
5146
8064
4296
1639
1292
5581
4913
2033
7992
4237
6161
987
6530
1304
8024
4032
7409
5423
1119
2434
4529
1313
3426
2798
3385
5824
427
1923
6493
4843
7183
53
7292
5601
1161
1877
7420
2996
7333
5841
1368
4777
8053
4116
540
7991
6388
7726
709
2473
1897
182
7567
6105
315
4739
7664
1477
1100
4659
2251
1780
996
1452
357
1555
3814
7659
2858
1552
87
4311
5641
638
3701
5890
5139
5295
768
851
1177
416
7089
5942
622
7166
431
4948
2175
1086
4724
4679
3140
822
2107
2983
4038
3193
1370
4562
4037
6829
3907
7310
1738
2819
5557
553
224
4069
1073
1896
4413
16
2040
1992
6870
6488
6103
6094
4722
8188
8105
6257
3208
7405
1023
2954
13
1820
7578
6917
1387
1774
4183
5975
4480
4863
4921
5195
6642
5050
3451
392
2629
588
4483
791
2603
895
4515
2872
5253
3265
3450
278
7319
4236
6277
1179
4343
1683
7236
5878
42
2022
238
4487
6844
1394
5469
6765
5845
1253
1466
5889
3958
1173
6699
6361
863
5473
6907
7280
4394
6880
2694
5202
7611
4695
6204
4074
5371
6200
8185
3389
4273
1001
2345
7790
7266
3641
6842
7225
2918
4588
4671
6350
3476
487
7650
1412
399
526
3009
3736
3356
8054
3300
5631
4099
7680
5464
7599
1717
6133
452
2648
4017
4933
3840
4935
4085
934
5397
1968
180
4297
7054
6779
3826
7811
2090
6182
803
6843
7969
421
7823
5964
3618
4399
2288
5242
1535
1617
5493
3722
6608
2915
7344
6154
5411
3040
4184
6509
5927
1495
3002
4785
441
5657
5396
5203
567
4424
429
2531
1080
1800
5457
1906
7668
1654
2759
2864
2627
5387
737
4106
375
4386
4495
4043
2516
5616
4486
7443
2023
4321
2913
6528
3058
7154
3500
6294
5059
1973
599
5541
6140
5846
1196
3635
5172
4072
3573
5763
7416
3543
4216
6304
5345
5432
4862
7406
5175
5370
6994
976
5078
7998
2079
2290
4511
2987
4111
6025
5091
4847
6465
3262
931
3509
6814
51
2662
1515
1081
5979
1279
7153
5757
6640
129
7885
4056
4877
7644
4309
2945
2809
5825
6845
6477
158
3203
4141
1402
5116
50
3692
6874
4947
6457
1391
7320
4995
4171
7330
2917
220
3185
1922
1886
5393
3844
3395
3301
4663
7747
745
3545
4891
4274
8108
330
3990
2871
3431
5303
1012
6279
7883
5450
2333
6661
297
7220
5744
1662
1397
7552
3195
6345
2528
636
4812
6921
1247
106
3046
3530
8138
3899
2589
1766
5795
4448
3260
162
3526
4189
1864
4867
6135
2197
6658
406
7553
5748
2789
616
1311
317
4510
3496
6826
4129
2861
3778
2068
1270
7826
7614
2805
325
1393
4678
2451
4631
5237
2519
3807
7977
5482
6035
2793
308
350
2696
5351
1966
6565
4924
7091
8172
1281
4973
692
3399
7052
2458
6109
128
3109
686
2382
1285
1822
5225
3574
243
2337
5105
8086
4583
943
7782
4253
3985
1866
313
3932
8059
3153
2591
2922
3470
303
1622
621
4446
6906
7150
5513
3391
7839
6298
3235
5278
1117
5900
1509
529
2801
1176
2646
6649
3625
264
2899
6124
8102
5330
292
2826
1261
4884
4591
3652
3512
146
2545
1549
3788
1667
8098
7116
2788
1007
2239
6922
4414
1815
7884
7865
5121
5675
3524
7990
7345
1792
8001
6913
3600
4813
5973
7533
2376
6185
6605
3697
7100
1919
6580
1403
4117
2989
6752
7975
1338
2936
1118
7652
4208
6598
4633
5230
383
1306
1211
2512
7262
6034
6960
7735
3475
2585
3017
3777
4981
6117
2949
1027
2728
2441
5023
135
5293
5938
2364
6885
2799
1282
8079
2094
7651
138
3796
6164
7284
3372
2134
3096
3147
3100
1226
5891
5032
2418
8060
7727
5267
8017
8045
6585
5227
6536
205
8091
8127
4899
3659
8190
994
6596
2658
5737
39
4407
4674
826
5474
5369
8158
1941
2408
2593
7432
8163
467
5083
564
2839
6441
3251
722
7451
7791
4596
5357
3901
4636
7277
4634
2950
3329
2354
4282
1029
6453
6850
5077
6445
4127
5124
581
872
3070
7254
5211
6751
497
2674
3365
5029
7868
6012
7497
741
5495
5122
3348
2797
5220
7099
4185
2272
5508
6748
6436
6499
6707
7512
2560
149
7660
1171
5192
2132
4289
4767
6597
816
7022
7444
2725
1705
5245
1668
6730
5555
7260
4945
5340
4819
2665
2721
5036
2881
678
563
2356
4475
7671
5297
3148
6741
3806
5150
8066
2044
3401
4372
4996
6082
6016
7597
211
1707
26
3378
5213
1576
1959
5884
1194
3984
7037
7896
3733
2565
2368
1677
2055
3756
979
2406
6746
3935
374
7366
66
4770
5100
3387
4225
4244
1700
8101
5810
5673
7892
2377
6569
723
4567
2058
7121
6276
3376
1632
752
6837
532
122
3771
1136
3294
5974
1711
3667
5907
3018
3417
4720
6859
2050
3007
5075
5164
5287
6293
4852
5716
3121
1957
6479
2852
2587
8016
3710
326
5499
6332
3443
7009
258
1339
5284
7724
6378
827
4661
1090
7974
4991
2258
1203
1930
3812
5182
6822
3413
2210
2303
958
2277
6556
493
1437
7690
6992
3421
8043
1796
3945
7391
7612
3444
7216
5606
5133
113
7844
848
6359
4716
4986
7261
6222
6374
2834
2934
6020
2339
1050
6689
4354
6938
6101
7087
5157
5414
659
4825
3000
7789
4021
3250
8035
172
2827
5187
1598
2962
3950
5350
792
3173
4306
7932
5167
4603
1408
3064
3343
2958
5483
5021
6737
7581
2247
5992
6904
3872
1192
5823
7779
1830
388
5159
6086
600
6868
2748
4665
603
7110
5796
3628
335
252
4688
5153
6974
5250
4468
4901
6619
514
3711
7560
4092
4581
7111
24
8080
3772
1608
2947
3302
2817
100
5181
4428
2417
4993
2822
7762
1791
6611
5064
886
2837
8099
2157
7279
6970
7185
3582
4435
7531
7048
6971
3297
4953
3263
8028
3394
965
7181
4992
3828
2924
7252
2742
1233
5600
7962
2558
2355
3030
225
6692
2020
2767
7708
2302
2644
884
2980
4537
1416
3202
3556
52
4383
2590
5595
8095
7075
4506
5236
3430
3559
5892
410
4967
5831
74
7073
2190
5967
855
3264
3923
3678
1357
3317
1713
7693
4622
2525
3490
5711
2001
8173
5714
3731
537
4734
4207
6346
233
5790
6387
5679
6188
7985
4612
921
3388
7711
2925
6948
6456
2668
4170
1124
5611
1083
6039
7086
7688
4528
2140
1379
834
4398
2344
4873
3199
5183
5014
2732
4625
1064
1806
7109
476
4493
6381
7812
7177
1590
5402
5256
4258
7743
6602
6749
5959
751
6420
551
5156
3581
4397
2064
7584
3446
6179
3877
5422
1994
7014
6339
3557
1377
5994
1020
1657
8182
2776
1939
6195
7042
2883
4
7678
3691
2234
363
4683
4876
6443
7674
3194
6243
2920
155
3048
3607
4789
3825
3055
1129
2965
5880
4113
466
4859
5740
6177
4900
7422
5735
7813
5521
1823
6127
1527
4213
5113
1905
2032
2535
2299
6593
4136
1958
7702
3781
7275
2313
1599
6451
763
2311
3832
7199
4338
4675
8181
6875
4067
6166
1891
3248
3447
3373
8069
5982
2194
478
4769
7223
7226
3088
1163
1054
4931
369
5057
783
1111
1329
3442
3252
2800
594
784
7143
5671
8100
5519
298
5240
3410
6348
2733
3363
3561
2921
4605
1153
3043
655
883
4287
2352
3604
6146
5559
1574
4143
4166
5269
7068
5346
470
123
2043
6819
1062
4639
4620
815
1649
6988
3334
6429
5893
6542
244
728
4262
4265
6514
1259
5488
2583
7399
4746
5842
3859
2559
6261
2510
7249
6940
1169
2575
8041
5629
4565
5509
2584
7367
2139
5644
2131
4853
1349
3368
7624
7843
285
6162
3316
8177
7491
4557
1165
3143
1869
7076
8164
6418
5709
4854
1736
2656
4223
1676
5382
5599
3818
4375
5263
4893
5458
8161
7281
5801
684
1159
6233
7140
5915
126
209
5372
4335
6877
2327
3256
1993
703
3888
1318
6053
5710
6758
5348
4940
2254
3964
2716
247
7332
6789
6494
1446
7442
2295
4504
8
6669
7731
8078
6928
5233
7577
7717
2459
178
3081
4920
6603
4960
4391
4685
860
6013
2381
7545
2785
6993
5877
2975
691
4910
6333
1079
4555
7539
7989
1529
7930
1610
7646
4640
7523
2317
7953
1828
3987
4396
7401
7815
5815
710
665
402
7628
4288
933
8162
6770
3610
4841
262
1884
3232
296
5894
6490
7769
1618
2969
1251
4681
3804
2041
2955
7361
5882
5807
2710
8146
5770
5243
1216
1714
1807
6175
5300
7667
72
3464
5636
5002
5218
3149
3551
8068
7313
1623
1809
754
2836
1087
6791
4602
4449
7872
1341
8176
6434
1902
3763
646
5615
3560
5786
8084
1490
4619
3244
2069
7676
3331
5525
3614
2844
6548
5769
3471
3529
1531
1950
3493
2849
1962
854
2421
7781
1849
7766
2951
930
1052
642
5568
10
6048
700
6804
1757
1861
2808
1844
982
3213
5712
2784
96
3745
1275
3045
1943
2321
5444
2153
5742
4402
6301
2013
4885
762
1569
5634
7753
68
5484
170
5864
3693
6830
8171
2649
7822
6244
6724
2402
3611
166
6811
152
7760
4202
3961
3222
1912
4552
3769
7411
246
2828
1701
86
1352
1375
6049
2113
6272
2756
5747
2909
3999
4388
2741
6344
3622
732
3456
2570
2842
4937
2225
2267
5210
3538
6713
1314
7090
5323
1504
3238
844
5729
5586
3914
6340
7301
7069
79
1559
919
5066
908
3004
1814
2995
7847
1453
6718
8090
7162
4461
117
6918
2187
3507
6178
125
3552
5328
5166
3963
7380
3061
5814
6614
7487
5875
6278
1330
7368
2551
8147
3889
6501
6953
630
3633
405
3485
667
1032
4377
1214
4226
337
1666
1561
4793
5044
7462
2884
3460
6702
3978
4571
400
1018
1579
3919
474
7230
1458
2270
7866
1348
1813
4022
3890
492
4195
2481
1265
7024
6138
1017
2631
3668
2556
772
4621
1471
2318
2264
2037
1853
7555
3167
118
6863
5853
3174
842
4886
799
2727
7282
5339
1442
6560
8152
501
4047
2315
5993
376
4846
1961
2366
7946
2532
3037
2628
4860
6414
7082
20
896
1986
8168
7198
7011
5833
5033
4243
3282
5943
6382
4611
1359
3989
6584
2222
743
546
7589
1427
6852
6137
3119
7040
6123
782
5331
1947
3863
1232
3634
7015
8175
2536
3176
5655
5322
4417
4553
4912
544
4369
7000
4138
7772
1206
1301
7831
547
3617
2830
5404
7493
3954
2008
3320
2874
4507
2042
7542
2982
3405
6221
5663
4276
2520
6093
7047
1550
6653
687
2130
5229
3054
4646
4630
6152
4692
7879
5068
7625
7686
7258
847
1680
5131
5125
7372
5520
1351
8039
1315
3905
8057
4711
255
4494
3215
7474
1426
7528
6119
6848
4125
1424
2018
1186
4135
6248
2524
6040
1130
3900
3281
4771
5695
157
3354
1856
2320
2195
2074
6978
5034
7551
4177
6171
6529
2305
8006
4560
7954
464
7476
5612
5118
4139
6532
749
4337
2446
4345
2743
6767
3674
4533
6150
5658
5876
6231
7148
7096
3479
2073
2905
3130
4918
3910
183
5707
4153
524
3311
1454
1751
428
6256
5688
7662
1137
5455
379
2110
3875
7477
6827
3566
7356
4376
3704
2091
6623
2981
6561
2373
5316
5821
2127
3091
7745
4546
6708
3276
3379
4234
3242
5354
7874
4484
5386
417
2605
7880
1698
7472
4673
1435
4179
7364
366
2342
6959
451
558
4898
7215
7848
2437
2879
6432
7494
5539
150
3386
6617
2616
1135
370
6281
6437
6876
408
7114
6590
4235
2306
6606
535
1928
7063
579
1643
871
3895
2105
7538
5816
4956
4997
6433
4030
5734
4527
3587
5941
4400
7295
7526
6911
3906
2082
8037
5997
4098
2119
4151
6466
283
3484
3095
3197
1053
4270
2428
1172
5318
4395
5922
4005
1577
2233
3613
7964
3269
3274
3699
6914
2898
1429
3616
3079
5848
5843
1865
7469
5343
4465
439
4442
3441
5084
4890
3534
1413
2378
1168
4757
2953
1746
2039
577
1400
7478
832
6106
2358
25
3744
4453
2794
2461
6744
7376
2183
1312
5677
1630
1014
867
1082
294
7174
4736
6964
3636
7583
3462
5141
4998
4972
4040
4606
1626
4430
7152
669
4762
3278
4558
7913
1034
5259
3746
5553
726
5813
1936
2856
4370
1904
5215
3708
1366
7031
5817
6318
1964
7759
6008
6235
2617
852
1671
3514
5054
6894
2970
7371
3402
3266
609
7104
6754
7592
1475
1653
805
3599
5272
2062
506
4907
2017
682
7400
3259
6089
7814
7006
80
4725
7431
5988
3521
3615
7186
5435
6981
5051
3980
6031
1485
3039
4323
6973
7921
2942
3021
985
1008
3997
7322
2469
4242
327
4192
774
5727
1955
4012
1821
6155
4879
6839
1146
7243
8183
5784
103
3324
7643
77
7170
6946
3651
7421
6044
542
1972
1336
4026
6742
6145
1695
1841
124
311
6029
2941
5149
6406
2435
6620
928
5687
2865
1669
812
6424
4181
1638
3713
3427
2689
21
3486
4387
6363
1721
3327
6944
1188
3502
6070
6587
438
592
3908
887
1374
2250
3798
2286
3168
7543
7595
5452
1882
4814
3005
1991
1456
7413
4371
1938
7613
5216
4340
3026
4160
5855
5635
1004
4607
755
2439
5929
1541
6507
6421
849
484
7209
4331
412
6865
2977
2506
5725
3715
5377
1885
7713
4290
3481
2735
2878
8174
7960
527
6858
3541
2682
5193
1808
1625
5703
7830
2567
414
2393
3293
2509
3558
5659
7211
1949
7845
2518
461
2896
1573
2943
7067
136
3353
35
3164
3425
3817
899
7802
6291
3642
5228
6512
6882
2497
1560
1157
4364
5257
4286
1537
3969
1303
1528
5035
865
7987
153
4827
1095
163
3685
453
3488
1132
5429
3669
7619
4304
7385
6047
7233
7890
7415
2323
2030
7161
5174
7358
5591
5552
6932
1802
41
6319
6664
5584
6295
4747
7993
3245
5248
7204
649
4440
1811
2711
2507
239
6482
6312
3107
3367
3539
465
1419
3473
2986
3766
1854
6586
1354
1740
7832
8165
7657
7682
5089
2319
8085
17
2714
5613
3564
6063
3270
3508
6969
5749
7976
5162
7132
2548
672
575
5791
5844
5053
7251
1703
5309
1024
6984
3913
7219
2483
517
7134
259
5803
5163
4916
3219
4418
3065
4858
7077
7159
5713
2231
7653
4050
2275
5642
2757
7923
4379
5301
253
3305
5326
5337
2216
1487
3141
4006
3190
4684
37
390
4259
5443
7591
4617
5563
727
6831
83
619
7125
861
2199
7429
4632
5505
5427
4284
8133
1848
5870
4093
3712
2099
7178
323
5847
5990
4794
197
1236
3059
1568
3577
1334
3129
5047
6051
1664
5308
1180
7623
5058
7585
7142
5778
957
4549
5984
199
5234
4723
4002
6534
4221
1581
5603
8122
7341
7709
5886
5597
7951
7563
2093
7939
6849
739
1305
4652
3135
1724
6683
1937
1872
3313
2718
1587
7519
8018
6239
6107
7264
3993
3795
3424
7784
1267
4401
1506
4501
990
5266
208
7558
3271
3390
6735
28
6957
2282
7007
7393
5367
6816
281
5235
271
5487
196
4590
7699
6475
49
6010
6442
3922
7695
5931
3396
7250
4822
2365
1438
6015
7389
203
6074
1715
3848
3001
1687
2229
3750
4041
8113
4638
5364
6720
5579
1842
4532
5911
7888
6775
2095
1837
1231
759
6284
3525
3968
707
7374
55
4582
7858
3918
4566
4419
7480
1450
3904
6485
5355
3645
2186
2932
5290
3960
4382
4957
181
7515
7112
331
4888
293
1665
1298
3688
1327
7549
3407
3459
4161
3112
3319
2706
3542
5604
397
5676
3027
6328
1308
5632
3664
7488
14
4743
2944
3136
3656
5383
4001
7981
2383
3734
5546
4881
4662
1122
5998
973
7536
7935
3857
1606
5039
2328
7240
1524
1356
6635
3579
3689
2026
287
3497
4348
7965
730
8117
1489
2479
7102
4941
5090
5424
6187
968
7118
1892
647
758
8092
6398
3953
5524
7196
904
4779
2882
4023
7318
4780
6920
7810
6331
4467
4676
4249
4334
2698
559
2848
612
4436
2777
411
3977
3307
6052
5501
5086
5361
5837
1616
4706
1191
4425
1043
4145
6307
3605
4247
2990
1933
1421
6869
7797
5802
2720
3996
6186
5277
3576
894
3080
2573
7353
2072
1140
446
4764
804
2179
5251
3438
5249
7752
165
111
4054
7959
300
8107
948
57
7349
3191
2438
5863
4838
5662
2205
2582
7944
2292
4157
2338
6792
6310
6385
5917
6558
4429
1319
8019
6871
4774
6667
7856
1287
2223
4178
2400
4036
7127
6384
923
4255
3955
716
7824
4707
1358
5534
6375
1383
793
6909
2136
7783
566
7899
7350
2209
7227
1570
6055
1900
3063
3799
1826
1564
964
6054
798
7911
1200
4315
983
999
1689
5395
1704
2540
3839
1362
5781
4543
7072
1182
6983
5496
5161
6700
1944
3934
3179
1688
6778
3338
3069
2503
5186
4031
4347
1824
1150
6286
5895
4329
1706
5996
3314
226
1843
1982
1702
6362
6671
7026
3171
32
5019
5851
4423
729
8123
4485
2620
1619
2129
4664
6987
6223
640
2988
4443
2708
2608
5562
362
5545
1708
6358
7435
6073
6570
605
2060
5614
508
6313
1033
6394
2554
2102
6401
5112
846
7078
4355
6283
4344
4252
4324
4094
4142
3182
4758
4148
1831
6132
6097
6897
1317
7441
5937
460
301
3180
515
8151
3717
1482
7829
5567
1558
7012
1483
4481
1039
6018
2211
4651
3035
5637
19
119
4595
7926
4826
4823
2653
1526
276
6950
7522
7835
1753
7501
1121
6019
2803
7093
6855
3816
6095
7404
5533
4598
2362
3172
6487
4561
2180
4759
7305
5102
1162
6260
1147
3517
4517
1974
1046
3834
139
819
6455
2351
6898
1596
5805
6297
5617
1799
4744
2309
4714
3357
3647
1406
2946
2581
98
7484
936
6486
3098
6439
981
7799
6183
632
6168
7540
1436
5978
6745
4422
8071
81
8046
8027
4456
601
3965
5859
216
1238
8135
7956
8124
4541
4703
4191
7234
7194
3974
6999
5858
5103
635
2529
4042
5478
5674
3760
3747
1732
7120
779
352
2086
1431
1109
1627
7407
321
2929
5454
6990
5315
6376
3578
1783
148
7021
7386
3894
7321
18
1390
1597
4831
7984
5963
7034
912
7588
4427
6112
7490
1005
5798
5151
6647
6571
882
3062
7836
4585
480
4845
3489
7130
7947
536
2623
3092
7978
2568
1556
6628
8104
3727
5362
5569
3108
794
5726
3626
4693
915
4810
7876
4584
4431
7029
2405
4787
3757
6772
6663
3550
169
4246
6985
1932
1057
3370
3793
2877
5212
4518
7821
811
7163
2029
1787
6207
2537
4173
1187
3742
6857
8154
204
6100
1789
4308
2502
2645
5774
5030
6933
4079
7900
5446
2116
3433
380
1670
7776
3864
3166
5693
6923
6111
1107
7598
1544
925
5776
6798
3553
3909
3770
548
6678
5897
671
4600
5754
1185
2135
2870
6836
7958
1164
1498
3200
580
4702
4231
398
3916
516
6459
6335
420
4878
6245
3332
47
5961
5437
4797
1748
6068
6139
3227
7499
7796
2206
78
1478
64
1213
4121
5392
6810
4193
6503
6417
5241
261
699
4122
5828
7297
2152
6639
2729
1278
1762
7857
3640
6341
2850
3133
955
974
1371
4575
556
3132
7615
3992
358
277
5624
6404
5188
7467
4115
5223
5239
4328
4245
4194
46
1655
2847
1423
8056
2963
386
33
6625
4250
2880
5006
6553
6096
7534
5310
1212
997
6240
2637
6872
3124
4327
1719
5753
718
6126
1000
3679
3111
4090
2514
4016
93
6595
7603
1575
880
6280
1592
2160
505
6568
2821
4710
3423
5566
6657
4961
525
3188
7642
1105
3575
862
3572
2761
1997
6521
5991
4029
4187
2276
4667
4035
1697
3283
3453
1571
1718
4007
1044
7354
5004
7248
2853
7729
4509
4970
6723
2956
6042
1850
2249
5296
6271
69
8115
5417
3630
4102
1775
3428
6241
1720
949
3623
4719
5980
424
4269
4882
2420
5530
2765
6270
3624
219
3328
2392
7272
5619
3991
3105
3246
1518
2833
4574
3310
1601
7818
6636
5123
1045
3947
2851
1998
523
270
491
334
4592
5577
6191
4623
1484
7329
4782
5148
3787
5656
2933
6410
648
3549
7278
3949
8121
1682
1901
1584
1514
2758
2730
7417
1112
6523
1347
5000
5042
714
4420
4392
4070
1739
2340
2993
3773
3926
1332
6428
5547
845
7738
4616
7156
6567
4816
4049
5106
7594
2474
7691
6806
4164
6317
1835
2690
5096
7509
6926
1658
7881
634
6846
3291
7173
5317
4668
6232
6208
2960
573
5527
7232
1629
3706
4492
5621
740
3381
5759
6943
1240
7214
4701
7940
4649
1686
7604
1889
7754
5535
1914
6473
6324
6392
7304
6626
7593
147
3873
8184
4499
6824
7273
6717
2812
4015
6976
6609
7171
6450
578
1628
6254
4240
479
6796
4488
1745
2423
1553
1219
6951
7293
3187
1942
685
6215
7775
1641
11
6083
7869
1829
3115
2513
1084
4476
7943
4175
4554
1894
3666
4776
3189
2927
3797
218
5690
110
2769
2867
2324
1276
8153
7137
6303
6347
7907
1389
1071
4857
5970
6314
1921
5852
830
3675
385
2174
1513
2019
1730
6476
2284
643
3087
2813
5
4320
966
7424
340
5531
5302
2704
4314
5962
2159
4378
2511
3178
3976
5544
342
7854
4251
2462
6184
874
2133
3015
6552
6084
5097
6389
3853
3603
3775
7503
8144
1434
5461
7511
1102
4805
6032
2533
4815
2081
3739
1085
7532
2895
7938
4478
3723
116
7661
2755
1066
4966
3139
1364
3719
7084
6631
2651
5194
4159
4060
2245
5633
4357
3586
4897
4708
6484
5400
5934
7798
903
5137
7801
5691
3861
58
2762
4149
1985
305
2810
7103
3676
4763
4908
8038
5070
4114
6547
2586
7229
2678
6743
2384
4052
4082
1131
6309
1755
4062
2291
1396
6282
5200
2595
1984
683
3273
941
5206
7701
1551
6632
2480
3204
4500
5238
4239
242
6662
6607
1679
6504
4889
1879
5138
839
7719
6498
7144
5550
1006
7388
7639
1978
7919
6085
82
3330
5981
2866
2614
2500
5575
5145
7296
586
6510
1612
5319
3837
7700
2534
4268
977
2686
7763
7506
6118
3780
5721
1517
3686
90
2061
1378
4950
6056
5451
2212
5152
5363
5652
6157
6511
1620
7446
430
4627
4830
6491
3738
4519
3267
2256
2457
4604
312
7887
6677
3883
6673
12
7800
440
7787
3253
1257
5576
2640
3452
7586
5419
3759
7924
1956
6562
1726
5341
4330
1114
2845
3887
7559
349
3418
1987
212
1116
574
2574
6972
6982
3382
3931
329
4699
6288
1123
6634
7244
194
1108
3397
202
5391
5692
3110
757
4522
3800
4008
5497
7481
4152
3720
30
5750
5205
6377
2753
1660
8008
6230
1554
1350
43
889
8087
4059
2831
7032
3074
1492
5866
4230
3436
2661
7294
7362
7046
5610
5281
3672
2749
6763
2445
6468
3494
6525
6651
6218
5231
5945
1562
639
254
1548
3896
2816
5908
2227
3211
1072
5861
629
7807
3865
1694
322
7079
61
6078
4267
1566
4097
7379
6285
4205
2350
6613
6910
2787
4949
7996
5950
7893
5947
6539
5724
1051
5017
2633
3683
6958
6255
2579
658
1876
4158
7507
764
5093
1230
2161
701
2838
6764
373
6551
5180
2632
4880
1977
1913
5226
299
338
5276
2394
927
6861
7028
7224
5699
2478
4735
5808
1494
7808
2655
5480
1106
1296
5760
186
986
3511
4124
6320
6860
3006
715
6489
459
4896
843
7785
6756
3347
1210
7169
3540
5780
2076
7570
5733
1505
2005
5971
2966
5052
1228
1170
5074
4773
2515
4944
2010
4024
2150
6782
5762
6832
486
3106
7564
7355
7188
2002
6173
1472
7948
2615
4824
4686
6942
6572
3833
1878
5955
7339
8149
5447
7036
7908
2495
6399
6027
6007
3743
1737
5426
7055
2024
5888
7197
6601
2486
2774
4346
1883
1193
6962
7265
7741
290
926
1457
5818
6403
4580
4526
5247
7637
598
2542
5128
5743
4796
4968
7184
5165
4285
4174
8036
6799
7778
4855
3261
7764
2370
6892
2112
6125
7206
6216
8025
1742
4990
1648
2636
5804
2886
2137
3510
3146
7327
6893
6122
4851
5682
2667
3862
7609
1245
7963
7903
6887
1710
2695
6076
549
6965
2359
2075
2071
2543
2066
5565
2280
952
2914
6011
980
7715
7027
4954
3480
198
6289
7352
3333
1372
7403
5912
6064
2296
2719
3268
4798
6415
1401
7793
2764
6148
1103
589
7335
503
7527
3752
6788
1840
8118
7544
5664
5881
7221
2151
3326
6648
6050
3304
1386
2012
1916
2142
240
6527
617
4263
2063
7949
6250
2659
3142
1418
6961
59
4084
1621
902
797
937
1422
6069
6153
975
3740
1250
1040
6755
2841
2998
4433
5598
7838
4089
7080
7182
2454
2201
4563
6905
1522
3298
5046
2200
6954
6353
7128
1511
1273
3790
3325
543
2415
4426
1582
3163
1578
3284
7809
5867
3638
868
2485
5972
7342
288
5761
627
2144
7290
4698
4645
7672
5771
4977
3198
8026
8114
7859
5147
5403
1101
1199
4080
2666
389
6591
2433
192
1604
356
2310
3718
7655
1735
7694
5018
688
1862
494
6815
7601
191
953
5758
1647
5506
7050
3234
6258
6884
5119
413
5142
3741
5667
664
2602
6688
2092
7106
746
3995
7995
4540
3504
6757
1926
1588
67
679
3170
7041
134
2387
6006
4360
2000
3709
3827
2626
6249
295
6134
4551
7338
6522
4599
6469
3403
6795
2146
2863
2353
8160
767
5085
6545
7496
2322
802
1382
472
6225
2609
3104
3621
5582
377
1089
6807
565
1661
92
911
2257
1771
4474
1693
2604
2476
2807
4299
8007
7489
275
3468
6386
1433
1056
5120
828
7083
4444
1385
2523
7849
458
2298
2052
6686
2021
1486
4788
3492
3588
3583
2103
419
5700
7571
6325
6582
1294
2650
6738
3299
3344
3337
2972
2220
7357
7095
7434
877
1980
5528
6098
5930
2577
6357
6732
6021
4628
1759
6287
7980
4078
7629
2312
1337
7317
1221
6130
1605
5849
7620
7645
6400
538
2255
4697
2488
8051
3290
1716
1818
6351
3768
4696
447
143
7982
7074
4790
6759
4800
1154
7107
3732
4520
4514
3469
4498
4421
6903
5439
2308
2375
4523
6422
4765
6803
7242
1166
495
1395
4989
3483
3936
3846
5359
6247
4748
5589
7704
7276
2259
2544
3169
7418
5608
2287
7097
7873
7017
7915
4752
623
4642
5022
6311
6114
8031
760
2501
7722
2314
786
7863
6496
5288
663
711
6575
2892
2089
4293
6194
1025
5418
1532
1076
5564
6934
5638
4569
3028
858
4875
680
4210
4741
214
733
4929
3792
2011
776
6449
3898
4803
3236
1656
6269
6305
3784
3606
810
3457
3520
870
5219
2429
7516
1965
1691
1104
539
1516
7768
4211
4455
4579
3850
2164
7658
7023
7133
6033
3042
1098
3695
7425
4531
2124
3205
5204
6316
1404
2736
1508
6739
2155
6925
228
3020
5344
8047
7382
5321
1758
2442
7804
7365
8103
7043
4524
4120
4217
2455
6808
6427
231
5799
3196
7049
6638
6697
8072
215
1685
3998
5650
6660
3957
7390
3882
3210
2221
7228
7270
5184
5670
4132
251
3994
1323
6578
5596
7744
712
7870
5073
2657
698
5027
7957
3660
2065
6862
520
4496
7139
7459
2561
1873
2330
6853
3870
3786
3258
2278
6604
4971
4775
4732
5768
4615
6991
6005
3125
5456
1246
2622
2289
7316
6979
8093
7410
756
5031
8014
1234
1398
5752
6986
2786
4140
5739
482
1376
2084
3716
2080
4459
4014
3034
7675
576
3487
5201
2715
1673
4564
7003
3432
6515
4390
3933
6327
5811
7780
5822
1225
5879
4657
652
6463
4727
8134
4241
4190
4088
5985
909
2049
1851
4333
2219
6120
4053
5909
3729
3352
7714
4105
4198
2326
3661
5333
2452
1055
3049
4836
7141
4118
5087
6180
5755
1037
823
4521
5244
4368
2641
1672
3690
7568
3940
1880
4974
6709
1580
4076
4704
3078
3033
2185
5654
3805
6060
2182
2985
1734
7575
7486
572
984
7359
3592
496
4572
5274
6334
2873
806
6736
5043
7414
3145
1858
4472
4871
3345
1812
5190
3075
3308
5678
3461
1768
7794
1244
1241
4497
7669
6174
1764
2935
6740
7303
7786
2638
5389
6555
1519
3531
7457
4811
1530
1953
7550
144
5933
2389
3029
5254
3671
7679
7666
8030
3134
2410
778
6061
1525
7712
4844
6088
2752
249
7910
489
8010
70
5772
1262
2228
2266
154
4939
8032
4154
3036
1634
102
3820
2273
71
4188
3938
1779
3570
2919
6158
4204
286
3023
6696
6209
2158
4593
694
3673
3422
942
2527
1470
4257
7928
7687
8034
7458
7291
7158
2546
1465
5820
3183
2804
5379
422
2772
3393
3702
6975
4238
2078
695
7004
94
5485
5571
5294
8009
4091
4133
641
1790
2067
3983
7867
306
4119
2004
6727
1430
1204
3158
4808
6888
4071
6581
673
5462
3637
7505
4367
4760
2432
2048
6900
6879
6996
5648
864
222
5283
7886
1440
5292
1744
807
3971
6391
4490
7126
3400
401
1243
477
4932
2207
615
4137
7936
1415
3707
7806
8106
720
7066
6360
1931
1945
5594
6761
5800
1870
6246
5871
7771
2948
6002
3856
7463
916
1420
280
1988
1521
7445
6995
7878
1784
5049
7241
3880
1002
2466
4835
442
6537
734
7616
596
4451
316
4934
2684
3855
6058
2009
4061
7955
4482
7850
7482
4614
4300
5968
6889
112
7971
3150
5179
6780
4437
5336
6652
510
1769
4470
4294
1134
4821
5578
4792
7092
5048
1857
121
6654
5486
850
2128
5406
2976
1075
1462
2115
6566
856
4690
2015
3440
4332
6841
6099
4100
4055
2900
1893
4801
1145
354
279
7433
6672
2369
2162
7500
6856
6412
4432
141
3590
229
4670
6967
2047
7314
3243
8002
3927
1925
4829
5906
5208
7222
6535
2552
6046
7151
2230
1593
5217
5785
1692
708
6228
818
2409
7842
1795
7548
5999
4641
3374
1652
3060
3032
6302
6583
5746
2685
2141
3944
5905
7677
6408
4505
3879
7891
5470
1263
5542
5282
3083
5529
7412
7331
7394
4342
307
4544
814
2824
593
3568
151
1586
3156
2683
3224
4322
1640
4077
3519
2676
2304
1041
3
2361
3687
7696
4045
1143
7750
4978
63
3562
1467
201
1125
6773
6517
4936
4919
3785
6915
29
5481
2193
6544
747
2449
1794
2399
7819
1322
232
3680
6760
404
5536
670
395
268
590
3366
6367
725
7572
2430
4019
2679
3808
7737
6181
835
1788
4742
6267
876
5850
6588
2539
626
4318
38
6142
4923
6116
3217
5856
5923
4721
1898
7247
3071
7792
45
509
3609
432
1501
6687
4911
5358
5899
929
7045
145
1208
5995
7053
3902
1444
3239
7828
5702
2411
8015
4576
1563
3643
2968
7062
3280
4740
6454
5311
7912
750
5977
6300
1205
5170
5232
5314
7427
6038
3703
4791
2868
2053
8067
5260
1148
5543
5896
6866
5510
54
1365
5109
3897
7725
2181
2426
6817
7732
4415
7085
4165
4709
2549
1644
1340
6502
4952
6513
1266
310
7056
2889
3220
1202
60
6919
3884
3594
5919
4868
185
3518
2731
3627
4130
5037
5465
8062
6781
4457
7239
4922
6470
5830
1093
2825
5560
7968
2492
1217
2401
6365
4508
3341
2860
8169
6762
2566
5158
5728
5198
5171
1252
4726
6481
8082
5430
5717
7395
7795
6963
5924
5320
5538
5410
2517
5384
4795
1178
4272
6659
5936
1384
4081
5104
346
4909
3175
6354
1258
5338
3404
3948
2901
1443
3970
5607
1476
1286
4380
6924
533
4298
3152
7901
2407
7165
7535
2979
7396
5114
1038
3472
8055
1910
4766
3503
3893
8000
1343
2440
6719
490
2224
4568
3767
3406
3632
1175
2332
6543
1924
3414
3819
1310
3398
6004
1307
967
3084
3044
1785
4834
6156
4608
7202
6236
4406
2580
661
3528
6733
6524
1752
7059
4536
7897
1646
5953
7631
156
583
284
1184
4613
4325
4292
7566
5289
1328
8052
3241
5939
918
7008
6549
4473
7641
2707
5965
2818
2191
6930
2747
6864
7761
5092
4020
2034
2621
1345
22
