23
164
85
123
104
115
219
96
142
139
159
34
55
157
207
25
28
127
15
233
90
175
58
153
36
61
227
3
88
231
20
22
44
65
146
166
211
155
178
12
161
169
151
32
97
64
196
51
186
81
189
226
148
218
10
141
250
244
236
208
158
37
49
41
214
210
239
13
7
138
98
183
1
80
174
73
71
42
182
136
245
252
201
6
60
46
247
4
202
179
79
26
111
134
135
197
9
165
209
102
200
128
193
50
8
103
213
70
86
19
53
194
129
177
87
21
176
66
168
251
69
68
47
40
205
75
237
204
241
253
225
222
238
144
173
185
38
167
77
131
150
212
154
171
126
95
156
5
83
152
54
235
2
191
249
120
195
133
203
121
254
118
243
206
199
93
172
116
99
89
132
33
215
78
24
117
190
240
232
105
113
124
17
27
143
220
14
162
217
216
67
29
246
56
76
180
52
229
184
35
109
108
140
145
230
198
72
147
188
122
94
110
92
170
100
43
18
30
82
62
107
114
221
31
48
125
112
16
101
106
119
45
130
234
255
57
256
63
248
223
228
39
137
11
224
163
160
59
181
91
242
192
149
187
74
84
