375
1451
878
1667
1739
465
944
1458
98
1111
1379
1602
170
1950
1664
1779
1050
1411
1158
1469
840
1617
8
150
680
604
1115
78
1104
1069
462
127
566
816
1679
853
121
995
378
1614
390
1723
1596
814
1827
472
476
1319
47
722
558
548
1031
368
690
1130
1205
1083
1768
163
1663
1105
933
303
1894
2044
315
2045
414
356
1678
876
519
727
1748
805
1721
369
215
1351
2026
250
1729
1471
405
1661
1969
1981
1014
179
156
448
818
1476
815
1084
1207
534
1071
1560
273
870
890
1354
1613
737
1646
203
1254
1977
155
470
2039
1494
1545
388
610
1170
1547
598
1323
1996
1332
1092
1512
1648
384
2017
784
852
1863
613
1636
72
1844
728
1385
1987
1140
618
347
1410
1805
866
669
1896
632
1274
1225
634
1390
424
719
958
1340
1563
1166
1966
223
1504
1971
1962
1619
828
1327
1357
1496
425
12
1490
1402
337
1466
451
619
1078
320
1830
1581
961
699
1377
1135
1190
799
638
1382
245
573
66
2046
1394
535
271
596
615
1485
229
1555
714
23
597
972
931
1938
1880
896
365
822
269
246
1955
1799
1246
452
1929
1730
510
1013
1808
1961
1472
847
366
964
651
960
755
1070
1927
1386
650
1719
1393
343
178
1737
1422
1823
111
491
996
1840
17
886
912
647
1060
264
1923
693
750
1021
1315
119
1569
712
1956
104
1114
837
516
288
1169
1029
948
611
461
177
278
568
695
718
729
1793
969
2034
1660
1360
1683
2004
938
228
1091
1134
1057
1942
14
1934
1208
2038
1803
628
394
1456
513
1908
224
929
522
734
658
1449
172
1197
310
265
685
952
1543
196
1212
441
309
907
1859
857
262
1401
1216
1412
1519
991
1952
1589
1612
1995
1534
1325
1431
1535
1749
586
181
1892
1051
675
932
1275
515
1511
1152
1945
1407
773
1392
209
1497
951
188
1705
531
1367
1526
871
1267
1059
99
1659
920
1049
1303
602
1384
1724
62
1580
248
1578
2014
578
402
1557
1220
1774
902
1073
1186
860
563
364
1136
1694
1812
540
1717
131
1167
1860
788
1433
1559
370
868
827
482
1400
1007
910
1984
560
1618
846
422
1501
1549
557
1815
244
410
423
1763
341
2018
1649
994
1611
1455
1800
231
75
340
538
708
786
1171
985
363
1182
1356
1572
763
641
1911
1299
1550
631
1893
85
1591
1427
1443
333
993
1261
1122
1714
1528
1949
838
207
46
1026
109
415
473
797
1109
446
906
1586
2023
1529
2036
1210
1588
1755
1146
260
297
1895
1590
10
305
1540
376
221
1113
1232
1193
1726
752
434
980
926
789
329
872
1645
974
1704
1553
1174
1344
296
1697
766
1189
300
970
858
1688
753
243
1253
1066
295
1692
1767
418
1742
1062
511
1165
1693
1787
1761
161
893
1527
1489
982
725
124
1151
1312
436
2020
112
1040
1221
1965
1116
1722
1005
2022
442
1750
946
162
843
1404
1568
1789
1452
24
945
96
1125
1107
128
494
261
1432
1846
351
293
1574
1878
1388
1626
1616
1506
453
1834
1097
1037
1853
57
68
1316
1387
1184
445
1011
864
84
2047
1487
294
272
830
1988
56
845
268
1857
783
1008
1525
1335
1345
1074
92
745
875
834
581
1415
810
1541
1891
1835
64
2041
1964
101
1468
1282
77
344
772
764
562
1223
1753
345
934
38
1533
1509
1017
1065
804
33
1484
684
39
352
1593
950
962
940
154
582
286
943
107
93
670
256
1349
919
594
1687
240
1922
1430
149
630
514
1033
1650
1869
2021
15
1413
841
395
227
617
69
1698
1740
1738
406
90
898
986
1224
925
588
7
1817
168
63
1260
1375
1042
389
145
1901
1843
1957
1256
739
541
1453
1217
939
1633
314
306
219
666
2015
1599
1690
88
1772
1847
1148
152
1321
1598
821
819
963
1673
553
1854
1542
35
1577
475
831
2012
1856
1884
1712
1605
720
1689
570
166
678
746
79
671
882
1816
1164
496
679
1989
1771
454
770
928
1953
263
137
1350
74
1056
765
646
637
1371
1584
856
625
148
1100
507
1986
1333
2006
873
1862
756
1820
354
481
174
185
1175
1068
731
1669
892
1876
1486
1904
1085
187
883
500
421
701
1517
255
792
1824
489
1963
640
233
1120
1285
751
438
1396
704
326
1320
644
1053
530
321
298
2
399
52
520
914
1112
258
1339
281
1035
1905
173
1765
330
771
1023
136
1865
1172
1733
141
1342
518
1643
665
1975
574
40
1259
1919
1864
743
1651
1429
29
429
1622
1576
1943
490
1000
1022
2003
601
1204
325
335
1914
1503
917
979
576
1709
1623
253
552
1463
1289
1001
120
1245
705
2029
1711
1769
904
1395
1226
1131
396
190
1514
803
1103
226
842
1154
1968
1780
779
1980
660
382
1924
1887
1558
723
1795
1149
193
1121
545
176
1752
941
285
863
655
730
1813
1099
692
292
1457
182
251
1139
732
1706
1162
206
1762
1928
100
1426
237
1700
1794
533
486
142
301
609
923
1012
208
184
622
432
687
464
1192
132
89
547
703
36
521
1833
416
37
1482
146
242
1306
1361
1028
1676
542
1671
806
1196
543
1900
579
1601
1126
1627
1346
656
913
1686
1423
1948
1906
1773
1810
924
1090
1655
1195
1326
1872
1672
1656
457
497
930
275
716
798
1334
122
1445
1647
595
809
726
1979
1702
1047
681
1406
459
299
652
1499
505
1464
220
911
793
778
118
1707
198
73
1446
1674
523
1264
956
1308
801
1778
1826
501
397
1629
1933
1710
318
605
499
532
22
450
1467
865
1575
234
1143
210
1797
284
1397
999
1548
1234
616
1727
1150
1744
485
736
1241
125
1439
324
850
836
1383
279
1565
1287
546
998
1369
1262
1298
1850
1441
1781
849
1270
584
1465
1718
795
891
2024
1442
1304
186
1851
2033
1766
1855
180
1039
126
673
833
682
1077
587
413
116
564
82
848
95
825
1638
1268
1814
1438
556
1138
1507
153
102
1513
1993
593
1745
614
1764
1516
879
1990
492
2048
387
1930
1292
1746
1181
1258
689
27
1341
440
1211
1958
348
580
1338
55
1838
895
741
829
380
1640
621
439
218
1034
1409
144
407
9
1809
2009
483
749
1885
1348
1523
1554
997
1045
1538
1002
1675
1897
1713
503
761
1358
1477
1086
1665
1237
733
167
785
1677
624
28
1018
474
901
249
139
1759
199
694
1448
13
1597
1868
1681
194
87
935
431
157
1483
711
1495
463
241
1157
469
1314
183
147
1329
214
1635
1852
428
1144
455
2001
1043
1595
1434
331
1064
346
1214
18
359
748
1101
160
444
626
1198
1792
1475
702
1940
1061
1760
709
877
1036
1046
855
959
1127
192
572
629
189
393
1370
888
377
2035
1695
1491
1280
1405
826
1570
947
3
1807
1582
191
108
807
1959
1006
322
106
1424
1875
539
1178
1967
1941
1751
571
419
1137
274
1858
468
1281
627
1592
1621
517
1450
484
1265
1571
577
1518
67
544
2016
1515
1806
583
1228
1630
236
1300
927
1999
1818
2013
403
2011
1720
2002
554
1408
1218
1278
1841
1680
1015
1736
65
1607
1909
123
1296
1888
1318
983
649
1882
367
607
213
1359
433
1194
1240
1583
86
504
774
1094
2010
787
1480
1539
1918
1081
1510
1317
1420
110
1030
889
169
61
697
316
238
43
869
968
1741
1133
217
1230
1594
435
1252
1153
1886
2005
1982
175
1883
526
1096
707
1293
1290
1063
1414
1890
867
230
1437
1160
212
1871
1324
1931
252
19
2032
953
195
1365
1322
1685
713
113
1155
808
247
1202
975
1657
1238
529
94
1328
512
1825
2043
1095
813
2042
1380
1173
270
443
1024
289
1566
955
817
1119
1631
83
2030
1183
1973
1915
1907
824
1632
1829
1079
696
1249
1551
1128
1790
400
775
1177
508
276
493
1877
528
291
1978
1802
1055
1206
1716
949
20
1912
973
1546
361
21
1842
1798
674
259
688
645
648
1628
133
790
1715
1796
1460
1027
612
710
1305
550
151
768
350
635
44
478
767
1970
1391
1861
1185
698
1508
1257
992
922
1776
509
2027
1652
1639
738
1552
42
1425
880
1634
1615
1641
1271
1378
1203
304
487
1147
1991
561
506
957
921
977
606
1003
1129
1532
290
76
1822
1902
1019
981
1283
372
1770
1845
1620
392
1881
796
657
887
575
1124
197
1307
11
385
1670
1682
437
1783
1269
1229
1366
1009
1428
1791
1311
114
129
1708
776
854
202
1106
2007
1159
312
971
426
1440
1786
283
667
254
1775
204
686
1500
105
409
1141
1010
823
502
1421
590
758
1337
676
1284
844
967
1951
672
683
1972
762
4
1447
909
59
1168
1098
978
379
158
653
988
1052
769
1606
349
835
989
1301
1610
1811
205
1436
663
936
1243
1983
135
1587
360
1994
357
1478
1898
1684
777
60
759
1804
747
2031
1479
717
551
1520
332
54
1330
1020
211
1191
662
1156
1870
1236
308
317
1785
905
1276
374
1004
1782
391
1072
103
1921
1728
1936
990
754
1536
282
280
942
1573
1352
1699
412
1041
1343
1123
603
1291
782
1544
200
1459
1488
555
81
1505
25
1355
1163
117
791
1294
6
1481
1608
1658
1295
987
50
966
1473
1974
691
1625
1093
1219
1653
1054
1788
1251
5
839
894
1732
1389
1937
1313
1309
1247
32
1530
1734
1179
1531
460
900
140
1032
1076
2037
1239
257
1939
1
1373
1222
724
1372
471
51
1279
811
1747
721
1873
559
266
232
358
1416
1145
664
1624
449
874
1757
1374
1916
1879
537
599
1470
143
1603
1498
1213
780
1231
1353
757
319
903
1562
427
30
327
2040
1819
1368
2019
1837
307
1273
1454
1899
1997
1889
592
589
1417
812
1235
1502
965
49
1567
861
1362
1462
1703
34
569
1731
1917
45
1331
171
353
897
456
53
1662
1801
600
800
1188
1347
48
477
1944
1187
467
1932
862
1363
976
1419
1579
159
1302
1444
362
1132
1784
498
820
447
1913
527
549
832
411
859
715
1048
643
1743
1828
536
1926
26
1016
336
1399
1903
1946
633
1756
1089
1200
328
1418
1666
2025
342
1336
1644
1161
700
740
1925
608
1725
1227
1286
323
1691
1701
1493
654
1118
639
1831
1832
458
138
1600
623
1954
383
1754
235
1176
134
1242
1910
918
794
355
1250
1180
1758
479
1735
1297
1836
267
1272
585
1080
1561
401
80
31
677
1848
1277
937
302
1381
760
1199
2028
404
1564
58
97
524
115
130
1821
884
1075
495
1364
1288
1654
1537
1935
1403
1088
2008
1947
488
1556
1585
239
1263
1461
1398
225
480
386
16
1102
1522
1067
668
1992
620
1082
706
916
381
1609
1604
338
1960
1266
915
984
954
781
1310
1696
371
1117
1492
1058
165
565
91
398
339
287
1209
201
216
908
851
1998
466
636
642
222
744
1637
1867
1255
1376
164
1025
408
1874
661
430
1038
1839
1920
70
420
417
735
1244
1866
313
659
885
373
802
1110
277
1248
1524
1474
311
1521
1087
1985
591
1142
334
1435
899
1976
2000
1233
1215
881
1642
567
1849
71
742
1777
1668
1108
41
1201
1044
525
