220
252
197
166
63
123
233
191
185
15
205
177
241
232
194
216
36
151
92
210
184
202
229
57
163
179
113
99
124
240
37
143
48
135
29
56
162
73
53
227
222
224
251
153
155
169
116
167
114
195
4
200
150
11
88
127
133
139
209
130
41
187
108
126
62
204
68
172
125
96
66
71
2
148
76
253
34
186
158
67
83
136
255
59
45
156
138
13
146
154
98
230
206
221
31
28
110
69
235
9
79
193
105
212
170
243
89
55
249
145
32
38
94
81
120
223
159
17
78
192
188
44
160
134
24
87
16
86
77
122
5
35
161
6
173
27
245
217
22
214
239
84
10
26
97
100
91
21
72
199
234
58
50
106
33
215
211
181
12
196
104
256
109
149
107
213
64
218
95
25
250
14
225
207
246
141
102
164
65
121
54
198
180
190
42
60
219
248
101
142
174
203
147
47
189
157
61
112
168
152
70
137
236
51
90
132
247
182
117
30
129
175
111
85
140
176
144
43
128
115
19
18
49
80
93
228
3
244
226
103
52
74
171
75
118
119
238
7
40
1
231
242
46
237
131
165
208
82
254
183
178
20
201
8
23
39
