128
1 2 11637
1 3 7891
1 4 1704
1 5 14266
1 6 11313
1 7 2519
1 8 7852
1 9 4326
1 10 14030
1 11 12956
1 12 6294
1 13 303
1 14 8646
1 15 5120
1 16 11214
1 17 6007
1 18 5732
1 19 4584
1 20 8044
1 21 15693
1 22 2645
1 23 1196
1 24 8954
1 25 8194
1 26 10328
1 27 7292
1 28 2135
1 29 7615
1 30 15120
1 31 2834
1 32 16120
1 33 16378
1 34 10543
1 35 9296
1 36 15424
1 37 297
1 38 5688
1 39 15929
1 40 6143
1 41 6214
1 42 10331
1 43 15547
1 44 5933
1 45 3149
1 46 15778
1 47 16243
1 48 6006
1 49 8073
1 50 11200
1 51 5170
1 52 14860
1 53 1427
1 54 7789
1 55 2903
1 56 16161
1 57 8930
1 58 9284
1 59 11032
1 60 889
1 61 3844
1 62 1253
1 63 3452
1 64 5249
1 65 3947
1 66 15800
1 67 10390
1 68 666
1 69 5113
1 70 14597
1 71 328
1 72 1225
1 73 6101
1 74 5663
1 75 8631
1 76 9288
1 77 11675
1 78 13565
1 79 1541
1 80 13537
1 81 14246
1 82 4014
1 83 10417
1 84 13851
1 85 6911
1 86 7921
1 87 3325
1 88 10001
1 89 12839
1 90 7341
1 91 6401
1 92 11220
1 93 13602
1 94 14655
1 95 9373
1 96 8946
1 97 4214
1 98 4979
1 99 15020
1 100 5961
1 101 5248
1 102 8602
1 103 15267
1 104 14506
1 105 11005
1 106 2123
1 107 14006
1 108 5185
1 109 11414
1 110 10820
1 111 7560
1 112 13306
1 113 12412
1 114 10854
1 115 6130
1 116 11000
1 117 14040
1 118 9943
1 119 13717
1 120 1095
1 121 5658
1 122 13254
1 123 13595
1 124 14004
1 125 5424
1 126 4864
1 127 13845
1 128 8085
2 3 10280
2 4 3215
2 5 9047
2 6 7642
2 7 2099
2 8 14517
2 9 728
2 10 8719
2 11 10429
2 12 365
2 13 10909
2 14 753
2 15 10484
2 16 7502
2 17 14046
2 18 14540
2 19 16246
2 20 6466
2 21 14461
2 22 10724
2 23 5267
2 24 14243
2 25 15292
2 26 16372
2 27 14001
2 28 6861
2 29 14086
2 30 10969
2 31 2557
2 32 815
2 33 7380
2 34 461
2 35 7419
2 36 10810
2 37 5835
2 38 7358
2 39 16368
2 40 11895
2 41 10744
2 42 13906
2 43 15066
2 44 6036
2 45 6538
2 46 15594
2 47 14617
2 48 2771
2 49 6873
2 50 1068
2 51 4722
2 52 3052
2 53 13675
2 54 4439
2 55 4030
2 56 2406
2 57 230
2 58 282
2 59 3184
2 60 6983
2 61 571
2 62 3470
2 63 205
2 64 809
2 65 11747
2 66 14858
2 67 12774
2 68 4222
2 69 11874
2 70 14089
2 71 12151
2 72 8827
2 73 12288
2 74 11134
2 75 12300
2 76 6079
2 77 3568
2 78 14347
2 79 5476
2 80 14566
2 81 11958
2 82 8790
2 83 5105
2 84 1761
2 85 15892
2 86 4373
2 87 1927
2 88 6948
2 89 10640
2 90 16000
2 91 3885
2 92 15381
2 93 693
2 94 244
2 95 3464
2 96 10160
2 97 2187
2 98 14384
2 99 3253
2 100 9565
2 101 13782
2 102 9170
2 103 15964
2 104 4940
2 105 137
2 106 8224
2 107 10170
2 108 356
2 109 4259
2 110 5932
2 111 5532
2 112 3727
2 113 4747
2 114 5971
2 115 15862
2 116 8830
2 117 13481
2 118 1018
2 119 734
2 120 3316
2 121 8326
2 122 9525
2 123 4193
2 124 10427
2 125 3901
2 126 9701
2 127 12798
2 128 15527
3 4 13542
3 5 12758
3 6 6686
3 7 14204
3 8 11706
3 9 1920
3 10 11782
3 11 10629
3 12 3358
3 13 9965
3 14 7259
3 15 3860
3 16 13691
3 17 5372
3 18 13406
3 19 13189
3 20 5309
3 21 15537
3 22 11521
3 23 4815
3 24 4832
3 25 12427
3 26 2295
3 27 8581
3 28 8809
3 29 9631
3 30 8024
3 31 9032
3 32 14248
3 33 8629
3 34 2584
3 35 2871
3 36 3857
3 37 11260
3 38 1054
3 39 3931
3 40 10587
3 41 4704
3 42 16191
3 43 3055
3 44 15130
3 45 13919
3 46 12422
3 47 11196
3 48 6699
3 49 9891
3 50 10067
3 51 2875
3 52 6428
3 53 13589
3 54 11466
3 55 13381
3 56 15274
3 57 1367
3 58 10206
3 59 12296
3 60 7560
3 61 6041
3 62 11262
3 63 4006
3 64 1776
3 65 8727
3 66 3243
3 67 5482
3 68 16363
3 69 2686
3 70 13196
3 71 3440
3 72 1015
3 73 1936
3 74 13182
3 75 14156
3 76 11304
3 77 11743
3 78 380
3 79 5047
3 80 4332
3 81 9740
3 82 11161
3 83 6450
3 84 14997
3 85 11074
3 86 586
3 87 6855
3 88 9734
3 89 14855
3 90 5659
3 91 12088
3 92 8982
3 93 13160
3 94 1045
3 95 9196
3 96 6611
3 97 6968
3 98 5702
3 99 7113
3 100 116
3 101 11662
3 102 11310
3 103 11764
3 104 14677
3 105 13671
3 106 9994
3 107 1071
3 108 16349
3 109 10972
3 110 614
3 111 8599
3 112 12547
3 113 13546
3 114 10478
3 115 3
3 116 1195
3 117 13841
3 118 4898
3 119 14358
3 120 8857
3 121 1495
3 122 8655
3 123 4798
3 124 2890
3 125 12877
3 126 5960
3 127 7941
3 128 7283
4 5 1067
4 6 2500
4 7 2215
4 8 15768
4 9 9771
4 10 4579
4 11 6933
4 12 2457
4 13 6364
4 14 8724
4 15 9997
4 16 12642
4 17 11917
4 18 4496
4 19 15741
4 20 7820
4 21 11897
4 22 13302
4 23 2714
4 24 13877
4 25 8588
4 26 758
4 27 9130
4 28 5520
4 29 6205
4 30 15533
4 31 8487
4 32 9351
4 33 12161
4 34 7539
4 35 9098
4 36 3905
4 37 3550
4 38 2498
4 39 8421
4 40 5960
4 41 921
4 42 5149
4 43 423
4 44 4882
4 45 10305
4 46 11279
4 47 15356
4 48 10871
4 49 3823
4 50 7978
4 51 5980
4 52 15899
4 53 5640
4 54 2537
4 55 1315
4 56 5685
4 57 16145
4 58 10699
4 59 14462
4 60 621
4 61 12505
4 62 13791
4 63 4803
4 64 7319
4 65 11377
4 66 5165
4 67 7832
4 68 6394
4 69 10400
4 70 5145
4 71 9177
4 72 66
4 73 4610
4 74 1022
4 75 3700
4 76 3740
4 77 3666
4 78 2141
4 79 2133
4 80 7136
4 81 832
4 82 12558
4 83 3613
4 84 9353
4 85 9189
4 86 2983
4 87 14533
4 88 3416
4 89 11921
4 90 4997
4 91 3197
4 92 11582
4 93 4079
4 94 14933
4 95 7623
4 96 10826
4 97 11366
4 98 12210
4 99 958
4 100 15258
4 101 12201
4 102 13809
4 103 12201
4 104 1877
4 105 1757
4 106 3692
4 107 188
4 108 5238
4 109 12564
4 110 6598
4 111 11889
4 112 13392
4 113 8351
4 114 6690
4 115 13245
4 116 2454
4 117 12920
4 118 5722
4 119 13377
4 120 702
4 121 14437
4 122 13728
4 123 13846
4 124 14350
4 125 16280
4 126 16031
4 127 16296
4 128 13140
5 6 10515
5 7 10138
5 8 11357
5 9 3100
5 10 11081
5 11 11443
5 12 11115
5 13 5524
5 14 2497
5 15 14601
5 16 746
5 17 3258
5 18 8115
5 19 15233
5 20 4553
5 21 4383
5 22 11639
5 23 3341
5 24 7211
5 25 3432
5 26 12120
5 27 4693
5 28 1694
5 29 456
5 30 333
5 31 12384
5 32 6956
5 33 9318
5 34 3123
5 35 12114
5 36 6006
5 37 15813
5 38 5890
5 39 5678
5 40 12103
5 41 4088
5 42 5003
5 43 3265
5 44 10790
5 45 1571
5 46 5579
5 47 5150
5 48 7125
5 49 11561
5 50 2645
5 51 15655
5 52 7143
5 53 9904
5 54 15010
5 55 5595
5 56 7906
5 57 15616
5 58 8766
5 59 1256
5 60 7665
5 61 13091
5 62 2707
5 63 14268
5 64 8456
5 65 9012
5 66 621
5 67 13934
5 68 2429
5 69 7306
5 70 15507
5 71 2733
5 72 14192
5 73 11054
5 74 4539
5 75 11777
5 76 2783
5 77 10362
5 78 10075
5 79 9822
5 80 12981
5 81 3457
5 82 4519
5 83 7525
5 84 14233
5 85 3313
5 86 10085
5 87 3907
5 88 5537
5 89 15969
5 90 11397
5 91 838
5 92 6013
5 93 9051
5 94 15499
5 95 3090
5 96 4242
5 97 5367
5 98 15601
5 99 11110
5 100 14435
5 101 4912
5 102 14277
5 103 4426
5 104 316
5 105 495
5 106 13050
5 107 5456
5 108 13136
5 109 7080
5 110 938
5 111 5753
5 112 16026
5 113 12481
5 114 8971
5 115 4477
5 116 6587
5 117 16083
5 118 90
5 119 326
5 120 6086
5 121 9770
5 122 15016
5 123 11639
5 124 10287
5 125 15409
5 126 6286
5 127 11555
5 128 11298
6 7 4622
6 8 2785
6 9 2141
6 10 10963
6 11 13550
6 12 670
6 13 13684
6 14 635
6 15 9401
6 16 12433
6 17 2888
6 18 15344
6 19 2621
6 20 9907
6 21 15340
6 22 4679
6 23 8843
6 24 269
6 25 7555
6 26 14565
6 27 15539
6 28 6963
6 29 12165
6 30 5182
6 31 15272
6 32 9385
6 33 8782
6 34 2785
6 35 13929
6 36 10557
6 37 1357
6 38 3136
6 39 6346
6 40 761
6 41 8508
6 42 14262
6 43 8883
6 44 2175
6 45 15523
6 46 15125
6 47 15240
6 48 6268
6 49 11248
6 50 9695
6 51 7861
6 52 3123
6 53 8175
6 54 1536
6 55 13290
6 56 3951
6 57 3386
6 58 9856
6 59 4973
6 60 9325
6 61 10870
6 62 15775
6 63 1822
6 64 11432
6 65 7992
6 66 187
6 67 8039
6 68 4353
6 69 171
6 70 9181
6 71 2434
6 72 6349
6 73 3192
6 74 3578
6 75 13149
6 76 5593
6 77 13731
6 78 10886
6 79 9011
6 80 5090
6 81 3887
6 82 2538
6 83 8771
6 84 15908
6 85 15581
6 86 13693
6 87 10321
6 88 11571
6 89 15674
6 90 968
6 91 7645
6 92 6744
6 93 3083
6 94 674
6 95 4223
6 96 3791
6 97 12771
6 98 15465
6 99 11191
6 100 11498
6 101 16381
6 102 1838
6 103 11511
6 104 1449
6 105 1016
6 106 9686
6 107 10549
6 108 15523
6 109 6639
6 110 7029
6 111 10985
6 112 13573
6 113 16025
6 114 10323
6 115 2226
6 116 1849
6 117 16102
6 118 7913
6 119 7936
6 120 6883
6 121 13147
6 122 12357
6 123 8748
6 124 7889
6 125 7036
6 126 3543
6 127 3444
6 128 6125
7 8 4914
7 9 5756
7 10 11015
7 11 8341
7 12 3659
7 13 10729
7 14 4283
7 15 5489
7 16 8330
7 17 12907
7 18 323
7 19 10731
7 20 6209
7 21 5865
7 22 3583
7 23 10405
7 24 3139
7 25 12739
7 26 3874
7 27 11047
7 28 812
7 29 3530
7 30 8896
7 31 16097
7 32 13537
7 33 4041
7 34 3801
7 35 14235
7 36 12882
7 37 8433
7 38 3643
7 39 8859
7 40 2804
7 41 1797
7 42 7778
7 43 8542
7 44 14903
7 45 5310
7 46 6352
7 47 4720
7 48 10181
7 49 6700
7 50 8301
7 51 611
7 52 15990
7 53 9961
7 54 14112
7 55 3791
7 56 15170
7 57 5634
7 58 7091
7 59 11655
7 60 10205
7 61 6066
7 62 10534
7 63 6208
7 64 5003
7 65 12836
7 66 13101
7 67 10161
7 68 7358
7 69 5599
7 70 5999
7 71 2023
7 72 2692
7 73 8042
7 74 4467
7 75 8807
7 76 13321
7 77 12746
7 78 13761
7 79 7567
7 80 9735
7 81 549
7 82 11007
7 83 1550
7 84 4577
7 85 9828
7 86 14223
7 87 9016
7 88 6263
7 89 6072
7 90 15595
7 91 6641
7 92 1559
7 93 277
7 94 14608
7 95 13597
7 96 4820
7 97 14936
7 98 15629
7 99 6826
7 100 2552
7 101 15842
7 102 8556
7 103 8096
7 104 3466
7 105 16022
7 106 7516
7 107 8231
7 108 5152
7 109 2054
7 110 10661
7 111 12
7 112 656
7 113 14144
7 114 2040
7 115 11731
7 116 14346
7 117 13699
7 118 7007
7 119 12685
7 120 503
7 121 7114
7 122 4182
7 123 13705
7 124 4808
7 125 15140
7 126 7372
7 127 14253
7 128 9444
8 9 3612
8 10 13905
8 11 15852
8 12 11880
8 13 13257
8 14 8799
8 15 15898
8 16 10916
8 17 2686
8 18 15849
8 19 152
8 20 11129
8 21 8808
8 22 8346
8 23 7717
8 24 13693
8 25 12281
8 26 14149
8 27 12346
8 28 3383
8 29 2777
8 30 51
8 31 16267
8 32 10560
8 33 5843
8 34 4831
8 35 11989
8 36 8458
8 37 12332
8 38 3230
8 39 8710
8 40 6281
8 41 3995
8 42 3715
8 43 4506
8 44 6176
8 45 8376
8 46 2504
8 47 11470
8 48 12342
8 49 13204
8 50 6174
8 51 11176
8 52 3707
8 53 1288
8 54 8389
8 55 11676
8 56 15487
8 57 1748
8 58 7977
8 59 296
8 60 2698
8 61 4228
8 62 8828
8 63 4318
8 64 7737
8 65 1448
8 66 8455
8 67 2200
8 68 5353
8 69 4000
8 70 836
8 71 12559
8 72 3866
8 73 12819
8 74 5391
8 75 7771
8 76 8604
8 77 15178
8 78 6034
8 79 5049
8 80 8906
8 81 3836
8 82 10621
8 83 675
8 84 10375
8 85 861
8 86 11131
8 87 12643
8 88 12791
8 89 204
8 90 2271
8 91 5694
8 92 12711
8 93 14810
8 94 2532
8 95 6563
8 96 13101
8 97 13958
8 98 13850
8 99 3081
8 100 14585
8 101 4393
8 102 491
8 103 5085
8 104 14195
8 105 5540
8 106 2046
8 107 9354
8 108 5146
8 109 5674
8 110 12029
8 111 8736
8 112 4677
8 113 12338
8 114 12669
8 115 6439
8 116 9761
8 117 10252
8 118 8844
8 119 2005
8 120 9827
8 121 7334
8 122 8429
8 123 564
8 124 10114
8 125 2317
8 126 6375
8 127 5272
8 128 3266
9 10 13367
9 11 8907
9 12 3004
9 13 3953
9 14 7497
9 15 15438
9 16 13408
9 17 11822
9 18 3371
9 19 10885
9 20 9914
9 21 12592
9 22 1629
9 23 8595
9 24 13582
9 25 5165
9 26 12538
9 27 9648
9 28 4109
9 29 12721
9 30 952
9 31 15518
9 32 9005
9 33 11593
9 34 7865
9 35 13309
9 36 11754
9 37 409
9 38 2933
9 39 7693
9 40 6865
9 41 5447
9 42 13360
9 43 8285
9 44 4186
9 45 16216
9 46 4178
9 47 16098
9 48 10708
9 49 1994
9 50 2430
9 51 2972
9 52 10002
9 53 6624
9 54 15305
9 55 7048
9 56 11637
9 57 520
9 58 14637
9 59 3787
9 60 13562
9 61 1294
9 62 440
9 63 11065
9 64 12436
9 65 4695
9 66 2239
9 67 1314
9 68 9348
9 69 3765
9 70 9572
9 71 3650
9 72 11486
9 73 1438
9 74 1477
9 75 3881
9 76 4707
9 77 4577
9 78 4311
9 79 4898
9 80 11310
9 81 8216
9 82 10270
9 83 15128
9 84 2605
9 85 9007
9 86 8440
9 87 2980
9 88 5269
9 89 9336
9 90 6320
9 91 5291
9 92 7234
9 93 8975
9 94 3436
9 95 5895
9 96 5675
9 97 2872
9 98 10873
9 99 7752
9 100 2938
9 101 236
9 102 863
9 103 12459
9 104 1371
9 105 6396
9 106 16276
9 107 10510
9 108 1775
9 109 3520
9 110 4158
9 111 15977
9 112 1535
9 113 15023
9 114 9411
9 115 10792
9 116 8873
9 117 12672
9 118 10630
9 119 6265
9 120 6512
9 121 12988
9 122 1986
9 123 4372
9 124 1251
9 125 5374
9 126 5411
9 127 3091
9 128 747
10 11 230
10 12 8
10 13 15053
10 14 7392
10 15 5886
10 16 12792
10 17 14837
10 18 13993
10 19 10616
10 20 8920
10 21 14643
10 22 13679
10 23 6470
10 24 2448
10 25 5110
10 26 8278
10 27 1361
10 28 13145
10 29 6376
10 30 11266
10 31 7477
10 32 10506
10 33 1864
10 34 8169
10 35 1421
10 36 9188
10 37 7543
10 38 15538
10 39 14038
10 40 1350
10 41 7135
10 42 13348
10 43 2001
10 44 9231
10 45 10910
10 46 7072
10 47 5831
10 48 5948
10 49 6082
10 50 15767
10 51 152
10 52 10938
10 53 798
10 54 9037
10 55 4966
10 56 12708
10 57 11263
10 58 715
10 59 272
10 60 14348
10 61 3820
10 62 5289
10 63 7079
10 64 4628
10 65 5465
10 66 7918
10 67 4043
10 68 1864
10 69 6566
10 70 12773
10 71 6558
10 72 11482
10 73 9204
10 74 6995
10 75 7951
10 76 5608
10 77 299
10 78 8849
10 79 2367
10 80 8838
10 81 4314
10 82 15350
10 83 809
10 84 14231
10 85 14525
10 86 2342
10 87 14903
10 88 13362
10 89 16178
10 90 12299
10 91 314
10 92 7560
10 93 1452
10 94 10084
10 95 10159
10 96 10091
10 97 16292
10 98 4156
10 99 13899
10 100 6464
10 101 2221
10 102 1839
10 103 14821
10 104 9265
10 105 3942
10 106 46
10 107 9820
10 108 5588
10 109 12124
10 110 10756
10 111 10674
10 112 1169
10 113 5250
10 114 15860
10 115 11146
10 116 8488
10 117 351
10 118 7614
10 119 2724
10 120 672
10 121 11870
10 122 12978
10 123 800
10 124 4390
10 125 11173
10 126 5159
10 127 14832
10 128 11335
11 12 3039
11 13 3734
11 14 13770
11 15 10743
11 16 2866
11 17 11136
11 18 8124
11 19 7230
11 20 15768
11 21 767
11 22 14579
11 23 12799
11 24 5509
11 25 14847
11 26 16314
11 27 4822
11 28 2772
11 29 6498
11 30 14598
11 31 6235
11 32 9519
11 33 13840
11 34 3775
11 35 2263
11 36 7537
11 37 14915
11 38 12390
11 39 8577
11 40 10658
11 41 13467
11 42 5062
11 43 15347
11 44 7642
11 45 1503
11 46 10673
11 47 4379
11 48 10258
11 49 5899
11 50 7407
11 51 10190
11 52 14958
11 53 7715
11 54 249
11 55 12994
11 56 5693
11 57 8464
11 58 7282
11 59 3713
11 60 10810
11 61 1652
11 62 6939
11 63 15949
11 64 624
11 65 8574
11 66 5072
11 67 12050
11 68 4690
11 69 3313
11 70 9687
11 71 16103
11 72 2431
11 73 6408
11 74 15120
11 75 68
11 76 4269
11 77 10239
11 78 14190
11 79 2215
11 80 4641
11 81 8138
11 82 16252
11 83 14280
11 84 10199
11 85 11705
11 86 13177
11 87 11990
11 88 2806
11 89 2178
11 90 15539
11 91 3423
11 92 5828
11 93 9906
11 94 15352
11 95 3826
11 96 12634
11 97 3738
11 98 16186
11 99 11185
11 100 15110
11 101 1206
11 102 13849
11 103 12661
11 104 6558
11 105 4813
11 106 12387
11 107 11332
11 108 11990
11 109 10890
11 110 4334
11 111 15396
11 112 10965
11 113 8161
11 114 3764
11 115 16122
11 116 5865
11 117 14208
11 118 3434
11 119 5723
11 120 14740
11 121 3860
11 122 3584
11 123 192
11 124 5428
11 125 3098
11 126 3666
11 127 3627
11 128 6642
12 13 1803
12 14 1748
12 15 9192
12 16 13058
12 17 9352
12 18 13330
12 19 13464
12 20 9319
12 21 6062
12 22 2704
12 23 15926
12 24 12436
12 25 16143
12 26 11436
12 27 4487
12 28 12827
12 29 8588
12 30 2330
12 31 7023
12 32 1405
12 33 14754
12 34 3002
12 35 9766
12 36 4397
12 37 6619
12 38 1949
12 39 14107
12 40 4458
12 41 10183
12 42 7210
12 43 10420
12 44 103
12 45 2316
12 46 13118
12 47 8642
12 48 11861
12 49 15753
12 50 6232
12 51 12489
12 52 13318
12 53 10574
12 54 3913
12 55 7713
12 56 7474
12 57 10365
12 58 5167
12 59 12576
12 60 11310
12 61 13060
12 62 4490
12 63 3987
12 64 639
12 65 15494
12 66 12578
12 67 11032
12 68 10724
12 69 787
12 70 7663
12 71 3422
12 72 5646
12 73 14970
12 74 4119
12 75 11273
12 76 4557
12 77 3607
12 78 274
12 79 7908
12 80 6141
12 81 12849
12 82 8986
12 83 12092
12 84 7682
12 85 9596
12 86 12470
12 87 10386
12 88 9958
12 89 11348
12 90 10079
12 91 7860
12 92 4118
12 93 9869
12 94 8605
12 95 13055
12 96 5792
12 97 14415
12 98 10380
12 99 2440
12 100 10542
12 101 10128
12 102 9608
12 103 1468
12 104 2207
12 105 13559
12 106 3517
12 107 15457
12 108 14124
12 109 8257
12 110 5757
12 111 10653
12 112 12880
12 113 11659
12 114 6427
12 115 10656
12 116 907
12 117 7709
12 118 3037
12 119 10004
12 120 13422
12 121 5489
12 122 16239
12 123 15901
12 124 10094
12 125 10176
12 126 5896
12 127 8123
12 128 11846
13 14 9792
13 15 11905
13 16 8694
13 17 14355
13 18 12569
13 19 5308
13 20 1983
13 21 1362
13 22 7303
13 23 7551
13 24 10647
13 25 1692
13 26 1945
13 27 12034
13 28 37
13 29 1232
13 30 12831
13 31 11475
13 32 13161
13 33 3862
13 34 10945
13 35 2041
13 36 10842
13 37 12657
13 38 8545
13 39 13825
13 40 13775
13 41 12430
13 42 2658
13 43 6093
13 44 4769
13 45 7255
13 46 3922
13 47 13234
13 48 11499
13 49 11340
13 50 16258
13 51 10460
13 52 7710
13 53 1557
13 54 11644
13 55 12916
13 56 1267
13 57 11437
13 58 4401
13 59 15948
13 60 10685
13 61 4715
13 62 3235
13 63 4815
13 64 14764
13 65 3553
13 66 5219
13 67 13634
13 68 14045
13 69 9807
13 70 3349
13 71 3281
13 72 13268
13 73 16189
13 74 2218
13 75 6289
13 76 7520
13 77 14202
13 78 9098
13 79 427
13 80 10873
13 81 13138
13 82 9978
13 83 6624
13 84 1845
13 85 13301
13 86 9342
13 87 5967
13 88 11495
13 89 5935
13 90 14870
13 91 2793
13 92 13525
13 93 706
13 94 9059
13 95 2119
13 96 12491
13 97 645
13 98 842
13 99 1681
13 100 848
13 101 3092
13 102 2432
13 103 12140
13 104 13208
13 105 15127
13 106 1119
13 107 1954
13 108 6028
13 109 1653
13 110 13161
13 111 13401
13 112 15564
13 113 4962
13 114 177
13 115 3581
13 116 11930
13 117 2639
13 118 7083
13 119 4292
13 120 3582
13 121 10108
13 122 6816
13 123 12001
13 124 6164
13 125 4142
13 126 13395
13 127 4137
13 128 16055
14 15 13817
14 16 11806
14 17 3963
14 18 15916
14 19 702
14 20 10651
14 21 7107
14 22 7339
14 23 2981
14 24 1522
14 25 2059
14 26 6391
14 27 7919
14 28 7848
14 29 5489
14 30 1204
14 31 2993
14 32 14022
14 33 15889
14 34 14794
14 35 8069
14 36 14020
14 37 3305
14 38 12115
14 39 10589
14 40 9888
14 41 5925
14 42 12984
14 43 12784
14 44 15844
14 45 4467
14 46 15332
14 47 12724
14 48 15251
14 49 3402
14 50 4883
14 51 6385
14 52 12678
14 53 10988
14 54 2321
14 55 7638
14 56 442
14 57 12016
14 58 13326
14 59 281
14 60 11904
14 61 2943
14 62 8368
14 63 7005
14 64 4426
14 65 9979
14 66 16020
14 67 7946
14 68 15166
14 69 14686
14 70 6512
14 71 14112
14 72 3998
14 73 6282
14 74 12003
14 75 8130
14 76 2588
14 77 1204
14 78 6042
14 79 13984
14 80 10267
14 81 7027
14 82 7949
14 83 3470
14 84 123
14 85 327
14 86 9962
14 87 2555
14 88 62
14 89 12624
14 90 13903
14 91 2991
14 92 2117
14 93 8436
14 94 1328
14 95 8126
14 96 2867
14 97 12600
14 98 3880
14 99 7932
14 100 12436
14 101 10934
14 102 6444
14 103 10941
14 104 3853
14 105 11691
14 106 9647
14 107 2094
14 108 409
14 109 1217
14 110 15276
14 111 10934
14 112 13251
14 113 7499
14 114 2287
14 115 2664
14 116 3391
14 117 2677
14 118 14974
14 119 13743
14 120 3400
14 121 12116
14 122 7897
14 123 11568
14 124 13076
14 125 9473
14 126 3012
14 127 14953
14 128 12058
15 16 3469
15 17 11049
15 18 5622
15 19 14419
15 20 14711
15 21 13172
15 22 13904
15 23 12642
15 24 11317
15 25 9766
15 26 4048
15 27 16237
15 28 4432
15 29 14192
15 30 4070
15 31 9158
15 32 10395
15 33 5906
15 34 4958
15 35 3174
15 36 13460
15 37 3407
15 38 4037
15 39 914
15 40 8631
15 41 1950
15 42 3588
15 43 12751
15 44 1906
15 45 6882
15 46 14505
15 47 4430
15 48 4362
15 49 15999
15 50 3392
15 51 4653
15 52 1860
15 53 15461
15 54 14795
15 55 13268
15 56 13947
15 57 3078
15 58 5053
15 59 14412
15 60 6469
15 61 6108
15 62 1200
15 63 4582
15 64 12423
15 65 4299
15 66 7970
15 67 9443
15 68 9548
15 69 15011
15 70 13288
15 71 15882
15 72 12397
15 73 6275
15 74 9874
15 75 11637
15 76 9368
15 77 12809
15 78 5361
15 79 15860
15 80 10459
15 81 4896
15 82 700
15 83 4459
15 84 14830
15 85 6003
15 86 10687
15 87 12171
15 88 8590
15 89 13134
15 90 4751
15 91 7603
15 92 2740
15 93 7845
15 94 5716
15 95 423
15 96 3494
15 97 3976
15 98 9478
15 99 11934
15 100 306
15 101 14202
15 102 14343
15 103 1520
15 104 3595
15 105 2185
15 106 11222
15 107 4076
15 108 8613
15 109 5226
15 110 4225
15 111 8833
15 112 2770
15 113 8558
15 114 9420
15 115 13605
15 116 1829
15 117 9647
15 118 16092
15 119 5306
15 120 15800
15 121 4880
15 122 11041
15 123 13629
15 124 11838
15 125 5760
15 126 1206
15 127 1103
15 128 3587
16 17 14760
16 18 3135
16 19 13026
16 20 7825
16 21 14524
16 22 9041
16 23 2318
16 24 1486
16 25 10728
16 26 1602
16 27 114
16 28 592
16 29 1613
16 30 14151
16 31 16103
16 32 15797
16 33 7065
16 34 46
16 35 2142
16 36 12079
16 37 10934
16 38 9319
16 39 10211
16 40 9218
16 41 14697
16 42 13998
16 43 7233
16 44 11447
16 45 9782
16 46 5365
16 47 3581
16 48 11229
16 49 6143
16 50 1038
16 51 8000
16 52 8199
16 53 10801
16 54 875
16 55 9757
16 56 12782
16 57 2095
16 58 5959
16 59 8240
16 60 1597
16 61 14482
16 62 11209
16 63 16017
16 64 3000
16 65 4350
16 66 410
16 67 7226
16 68 11814
16 69 3237
16 70 10544
16 71 1802
16 72 9089
16 73 3866
16 74 11836
16 75 1308
16 76 14096
16 77 467
16 78 14092
16 79 9645
16 80 11993
16 81 4112
16 82 6063
16 83 3757
16 84 15501
16 85 9116
16 86 13918
16 87 11139
16 88 14482
16 89 12306
16 90 14021
16 91 11136
16 92 10324
16 93 3305
16 94 14209
16 95 4865
16 96 5980
16 97 12483
16 98 14150
16 99 11891
16 100 3815
16 101 6344
16 102 4820
16 103 9161
16 104 1858
16 105 10410
16 106 2173
16 107 12130
16 108 15193
16 109 9792
16 110 2409
16 111 4763
16 112 12165
16 113 4819
16 114 12331
16 115 865
16 116 3617
16 117 11954
16 118 5682
16 119 13801
16 120 5085
16 121 15357
16 122 12037
16 123 6913
16 124 16382
16 125 4841
16 126 15286
16 127 198
16 128 3112
17 18 7085
17 19 13595
17 20 14841
17 21 990
17 22 245
17 23 11560
17 24 3533
17 25 8560
17 26 5970
17 27 16237
17 28 13500
17 29 994
17 30 698
17 31 2222
17 32 11930
17 33 10722
17 34 10206
17 35 4954
17 36 4927
17 37 3565
17 38 2003
17 39 8531
17 40 13653
17 41 2443
17 42 1579
17 43 2879
17 44 9265
17 45 12114
17 46 6668
17 47 8979
17 48 12775
17 49 4059
17 50 7051
17 51 6522
17 52 3228
17 53 9695
17 54 1606
17 55 8356
17 56 5038
17 57 9305
17 58 752
17 59 13730
17 60 15183
17 61 13949
17 62 400
17 63 13063
17 64 6062
17 65 15117
17 66 10256
17 67 7451
17 68 6057
17 69 14761
17 70 14677
17 71 7394
17 72 9270
17 73 15659
17 74 11856
17 75 15943
17 76 276
17 77 15141
17 78 7163
17 79 3870
17 80 4694
17 81 4508
17 82 1549
17 83 13957
17 84 14234
17 85 5474
17 86 15196
17 87 7931
17 88 15629
17 89 3276
17 90 8920
17 91 10620
17 92 12470
17 93 2972
17 94 12160
17 95 6415
17 96 3404
17 97 1378
17 98 3820
17 99 10603
17 100 7899
17 101 2810
17 102 13448
17 103 11125
17 104 4924
17 105 15402
17 106 9964
17 107 14589
17 108 15120
17 109 8173
17 110 12637
17 111 829
17 112 988
17 113 4926
17 114 11517
17 115 4270
17 116 8928
17 117 7433
17 118 14039
17 119 1368
17 120 14244
17 121 220
17 122 938
17 123 13475
17 124 3296
17 125 12430
17 126 12401
17 127 1562
17 128 479
18 19 3195
18 20 10420
18 21 11723
18 22 43
18 23 1660
18 24 3187
18 25 2852
18 26 10225
18 27 5696
18 28 11503
18 29 408
18 30 497
18 31 4158
18 32 1035
18 33 5316
18 34 4999
18 35 8926
18 36 14201
18 37 4880
18 38 9177
18 39 9950
18 40 968
18 41 3591
18 42 791
18 43 9359
18 44 6725
18 45 5948
18 46 5020
18 47 11119
18 48 12692
18 49 8198
18 50 10132
18 51 7480
18 52 15408
18 53 10050
18 54 1911
18 55 11989
18 56 2311
18 57 11461
18 58 1679
18 59 8592
18 60 13040
18 61 10892
18 62 13191
18 63 6556
18 64 8411
18 65 4712
18 66 7751
18 67 9231
18 68 2186
18 69 13096
18 70 4243
18 71 2287
18 72 1714
18 73 16027
18 74 6656
18 75 1955
18 76 1053
18 77 4216
18 78 6709
18 79 16034
18 80 908
18 81 6560
18 82 9179
18 83 619
18 84 14078
18 85 5963
18 86 1639
18 87 8174
18 88 7078
18 89 7324
18 90 10623
18 91 821
18 92 8355
18 93 5918
18 94 1389
18 95 5242
18 96 152
18 97 12882
18 98 14640
18 99 2703
18 100 894
18 101 1176
18 102 8523
18 103 7995
18 104 11700
18 105 15217
18 106 15378
18 107 47
18 108 12701
18 109 8290
18 110 8888
18 111 523
18 112 14791
18 113 7074
18 114 10682
18 115 5131
18 116 11249
18 117 10620
18 118 5053
18 119 2539
18 120 7292
18 121 303
18 122 13543
18 123 9273
18 124 8532
18 125 6846
18 126 15457
18 127 8896
18 128 11471
19 20 16248
19 21 12426
19 22 6219
19 23 16068
19 24 14427
19 25 6289
19 26 983
19 27 16329
19 28 13314
19 29 9744
19 30 1971
19 31 2376
19 32 16154
19 33 72
19 34 13208
19 35 13753
19 36 3413
19 37 13598
19 38 2133
19 39 6355
19 40 11699
19 41 14202
19 42 9423
19 43 10241
19 44 13132
19 45 1566
19 46 11113
19 47 4366
19 48 7223
19 49 12551
19 50 13784
19 51 3691
19 52 5897
19 53 3186
19 54 10192
19 55 13458
19 56 5787
19 57 10426
19 58 12181
19 59 3192
19 60 13599
19 61 2220
19 62 12680
19 63 1034
19 64 2825
19 65 3765
19 66 12865
19 67 11634
19 68 12791
19 69 9835
19 70 8975
19 71 7914
19 72 11888
19 73 6685
19 74 7130
19 75 4257
19 76 7039
19 77 13453
19 78 7750
19 79 1943
19 80 14708
19 81 13415
19 82 13349
19 83 1615
19 84 7454
19 85 689
19 86 9885
19 87 8881
19 88 7343
19 89 1746
19 90 3518
19 91 12314
19 92 13701
19 93 9300
19 94 8881
19 95 11346
19 96 14753
19 97 3591
19 98 8173
19 99 6749
19 100 7991
19 101 5711
19 102 7941
19 103 10297
19 104 10021
19 105 16021
19 106 2605
19 107 11567
19 108 12300
19 109 5461
19 110 1348
19 111 15391
19 112 14444
19 113 8552
19 114 12610
19 115 6088
19 116 581
19 117 1919
19 118 14318
19 119 9544
19 120 7797
19 121 14828
19 122 352
19 123 2581
19 124 76
19 125 10262
19 126 8110
19 127 13152
19 128 13968
20 21 3932
20 22 3997
20 23 1954
20 24 9263
20 25 15671
20 26 2658
20 27 11255
20 28 7002
20 29 12549
20 30 10580
20 31 6937
20 32 15522
20 33 7661
20 34 11132
20 35 12073
20 36 16271
20 37 15815
20 38 2107
20 39 2564
20 40 4429
20 41 13750
20 42 15617
20 43 13010
20 44 1079
20 45 16004
20 46 2596
20 47 2198
20 48 13199
20 49 3983
20 50 16259
20 51 6833
20 52 23
20 53 15913
20 54 9548
20 55 480
20 56 5332
20 57 9355
20 58 6826
20 59 1213
20 60 11105
20 61 14527
20 62 5925
20 63 1904
20 64 2604
20 65 3443
20 66 4177
20 67 3456
20 68 433
20 69 11493
20 70 12905
20 71 6007
20 72 620
20 73 5690
20 74 12769
20 75 11317
20 76 3582
20 77 9019
20 78 3612
20 79 14917
20 80 13887
20 81 5892
20 82 11437
20 83 3729
20 84 1383
20 85 6507
20 86 10362
20 87 12928
20 88 10647
20 89 15993
20 90 14285
20 91 5577
20 92 6755
20 93 2888
20 94 9658
20 95 10023
20 96 2729
20 97 805
20 98 12441
20 99 1694
20 100 6864
20 101 9746
20 102 13210
20 103 10194
20 104 7147
20 105 10734
20 106 11675
20 107 14694
20 108 150
20 109 1672
20 110 14974
20 111 16160
20 112 3957
20 113 13912
20 114 5216
20 115 6672
20 116 12969
20 117 8619
20 118 13671
20 119 1957
20 120 2835
20 121 6549
20 122 10613
20 123 6177
20 124 5321
20 125 3764
20 126 10632
20 127 15023
20 128 8170
21 22 7506
21 23 15248
21 24 14084
21 25 9041
21 26 10358
21 27 12858
21 28 10724
21 29 9185
21 30 4188
21 31 13275
21 32 15749
21 33 13588
21 34 7729
21 35 15979
21 36 2057
21 37 13851
21 38 13025
21 39 14863
21 40 5862
21 41 158
21 42 6726
21 43 11707
21 44 10473
21 45 5092
21 46 956
21 47 2659
21 48 12812
21 49 8919
21 50 5418
21 51 12107
21 52 15095
21 53 10892
21 54 646
21 55 6708
21 56 10094
21 57 1856
21 58 2137
21 59 1705
21 60 4875
21 61 6557
21 62 13691
21 63 10647
21 64 7689
21 65 7364
21 66 8954
21 67 8831
21 68 13813
21 69 15166
21 70 2200
21 71 5465
21 72 15996
21 73 9517
21 74 4046
21 75 5080
21 76 13482
21 77 7827
21 78 1732
21 79 10302
21 80 2403
21 81 1921
21 82 12839
21 83 15010
21 84 11743
21 85 4832
21 86 1433
21 87 15912
21 88 7922
21 89 5039
21 90 12979
21 91 5357
21 92 12032
21 93 3640
21 94 8009
21 95 9153
21 96 6976
21 97 4442
21 98 15278
21 99 9947
21 100 4834
21 101 13030
21 102 11031
21 103 115
21 104 245
21 105 3742
21 106 13816
21 107 8032
21 108 15321
21 109 13118
21 110 3682
21 111 16345
21 112 12162
21 113 2777
21 114 10637
21 115 6968
21 116 14956
21 117 10909
21 118 2746
21 119 15343
21 120 4857
21 121 15687
21 122 13096
21 123 5509
21 124 2329
21 125 15677
21 126 11104
21 127 10192
21 128 4402
22 23 15942
22 24 14072
22 25 9014
22 26 7506
22 27 2081
22 28 15427
22 29 15087
22 30 13815
22 31 3367
22 32 13770
22 33 9382
22 34 15375
22 35 16119
22 36 9379
22 37 5124
22 38 7762
22 39 10439
22 40 11337
22 41 11673
22 42 4391
22 43 1746
22 44 7880
22 45 7630
22 46 2938
22 47 15022
22 48 2444
22 49 294
22 50 8262
22 51 1313
22 52 4662
22 53 7930
22 54 11882
22 55 5444
22 56 6585
22 57 8683
22 58 10457
22 59 4585
22 60 1350
22 61 5214
22 62 253
22 63 632
22 64 12874
22 65 10576
22 66 14015
22 67 8002
22 68 11082
22 69 12117
22 70 4271
22 71 262
22 72 11538
22 73 16287
22 74 634
22 75 13400
22 76 13585
22 77 12988
22 78 7271
22 79 1431
22 80 13474
22 81 16163
22 82 11053
22 83 1559
22 84 8825
22 85 1920
22 86 5717
22 87 6295
22 88 7368
22 89 12550
22 90 13760
22 91 9822
22 92 10640
22 93 5092
22 94 5124
22 95 4504
22 96 12001
22 97 3858
22 98 92
22 99 14173
22 100 3683
22 101 2392
22 102 14168
22 103 9416
22 104 262
22 105 1616
22 106 29
22 107 9722
22 108 8065
22 109 5073
22 110 14366
22 111 16369
22 112 2522
22 113 7182
22 114 7572
22 115 9052
22 116 5500
22 117 4465
22 118 8477
22 119 10982
22 120 10282
22 121 12378
22 122 3261
22 123 2036
22 124 2316
22 125 4397
22 126 11677
22 127 3774
22 128 4520
23 24 14425
23 25 11423
23 26 2792
23 27 2552
23 28 11764
23 29 8033
23 30 16073
23 31 16339
23 32 11362
23 33 2422
23 34 14180
23 35 13209
23 36 46
23 37 11537
23 38 2866
23 39 15164
23 40 9806
23 41 7320
23 42 3509
23 43 2036
23 44 11545
23 45 1014
23 46 7081
23 47 13842
23 48 14709
23 49 4763
23 50 925
23 51 15916
23 52 14963
23 53 9697
23 54 1428
23 55 10891
23 56 14220
23 57 10285
23 58 10084
23 59 6
23 60 16205
23 61 9926
23 62 5018
23 63 12716
23 64 10685
23 65 11426
23 66 11381
23 67 14564
23 68 5526
23 69 2764
23 70 16164
23 71 6212
23 72 9795
23 73 12573
23 74 4257
23 75 6200
23 76 9649
23 77 1002
23 78 4664
23 79 7832
23 80 8870
23 81 7658
23 82 8201
23 83 5560
23 84 15176
23 85 12880
23 86 10987
23 87 603
23 88 317
23 89 134
23 90 10293
23 91 7113
23 92 3149
23 93 10325
23 94 3494
23 95 8297
23 96 2398
23 97 10668
23 98 15661
23 99 3387
23 100 2888
23 101 1052
23 102 2067
23 103 14435
23 104 1376
23 105 14976
23 106 3760
23 107 7376
23 108 14782
23 109 13851
23 110 7342
23 111 3059
23 112 20
23 113 10256
23 114 12160
23 115 4662
23 116 4703
23 117 7569
23 118 1210
23 119 5374
23 120 13141
23 121 9930
23 122 11725
23 123 954
23 124 3017
23 125 7803
23 126 12314
23 127 3183
23 128 13540
24 25 13119
24 26 1621
24 27 7693
24 28 11117
24 29 13243
24 30 784
24 31 8770
24 32 1728
24 33 8054
24 34 7195
24 35 15211
24 36 12332
24 37 15857
24 38 546
24 39 6702
24 40 10156
24 41 13508
24 42 2296
24 43 4773
24 44 3054
24 45 8763
24 46 8093
24 47 14031
24 48 14667
24 49 12753
24 50 10436
24 51 1115
24 52 15722
24 53 7107
24 54 13074
24 55 14738
24 56 7760
24 57 13970
24 58 5318
24 59 8443
24 60 11229
24 61 1597
24 62 15659
24 63 13139
24 64 9069
24 65 13312
24 66 10588
24 67 3258
24 68 3480
24 69 5860
24 70 13009
24 71 7475
24 72 10060
24 73 12053
24 74 16352
24 75 3735
24 76 4283
24 77 11557
24 78 9692
24 79 1022
24 80 9499
24 81 4542
24 82 9162
24 83 4227
24 84 5151
24 85 2899
24 86 9541
24 87 5648
24 88 6775
24 89 15665
24 90 12558
24 91 15331
24 92 13179
24 93 1121
24 94 8037
24 95 14681
24 96 6871
24 97 1390
24 98 8840
24 99 7492
24 100 4238
24 101 8780
24 102 9148
24 103 10181
24 104 7302
24 105 4408
24 106 13829
24 107 6115
24 108 15271
24 109 9468
24 110 16098
24 111 15059
24 112 10691
24 113 4305
24 114 7583
24 115 8386
24 116 11345
24 117 15259
24 118 5202
24 119 16096
24 120 14353
24 121 8037
24 122 16358
24 123 6951
24 124 3504
24 125 3702
24 126 739
24 127 3570
24 128 2326
25 26 10905
25 27 12332
25 28 12917
25 29 11136
25 30 11898
25 31 13000
25 32 14741
25 33 6462
25 34 4138
25 35 1280
25 36 13578
25 37 15439
25 38 14337
25 39 4224
25 40 9391
25 41 56
25 42 7332
25 43 12073
25 44 7261
25 45 12793
25 46 8020
25 47 10829
25 48 10924
25 49 6633
25 50 11239
25 51 14179
25 52 4226
25 53 9886
25 54 6820
25 55 14385
25 56 8848
25 57 7563
25 58 10096
25 59 4316
25 60 10619
25 61 10070
25 62 111
25 63 13492
25 64 12620
25 65 6772
25 66 718
25 67 8012
25 68 10486
25 69 6517
25 70 8376
25 71 10670
25 72 8520
25 73 5996
25 74 3843
25 75 4527
25 76 10743
25 77 3265
25 78 9873
25 79 8764
25 80 15247
25 81 2539
25 82 4469
25 83 14050
25 84 8840
25 85 15062
25 86 4357
25 87 37
25 88 2083
25 89 5838
25 90 6137
25 91 5434
25 92 6642
25 93 7492
25 94 3992
25 95 3367
25 96 13024
25 97 10810
25 98 9544
25 99 14642
25 100 15137
25 101 927
25 102 10937
25 103 2868
25 104 11005
25 105 6532
25 106 3182
25 107 10898
25 108 6928
25 109 12492
25 110 97
25 111 7130
25 112 7917
25 113 11713
25 114 6239
25 115 9727
25 116 11788
25 117 5802
25 118 10187
25 119 7218
25 120 4666
25 121 6897
25 122 1730
25 123 6709
25 124 7653
25 125 7850
25 126 2170
25 127 4247
25 128 15052
26 27 15243
26 28 11274
26 29 7744
26 30 10810
26 31 5244
26 32 13230
26 33 6974
26 34 6923
26 35 3670
26 36 3808
26 37 8479
26 38 9769
26 39 13277
26 40 12446
26 41 3657
26 42 7006
26 43 419
26 44 14874
26 45 4281
26 46 170
26 47 2143
26 48 13300
26 49 8631
26 50 16338
26 51 10923
26 52 2783
26 53 11164
26 54 14706
26 55 10043
26 56 6522
26 57 7979
26 58 13652
26 59 14407
26 60 1717
26 61 8395
26 62 16261
26 63 1568
26 64 14836
26 65 5004
26 66 5698
26 67 12381
26 68 15575
26 69 14117
26 70 10941
26 71 10759
26 72 3970
26 73 8325
26 74 9846
26 75 9932
26 76 569
26 77 4244
26 78 4396
26 79 1043
26 80 3527
26 81 48
26 82 12574
26 83 7944
26 84 16038
26 85 11140
26 86 1233
26 87 11109
26 88 15961
26 89 5628
26 90 9349
26 91 8570
26 92 15645
26 93 9803
26 94 4155
26 95 8627
26 96 8045
26 97 14339
26 98 6619
26 99 13925
26 100 16173
26 101 890
26 102 13043
26 103 16163
26 104 10232
26 105 12829
26 106 396
26 107 10773
26 108 12489
26 109 4310
26 110 15345
26 111 8017
26 112 12225
26 113 5709
26 114 7360
26 115 1488
26 116 8165
26 117 2627
26 118 10276
26 119 2672
26 120 8500
26 121 13052
26 122 14897
26 123 10829
26 124 11461
26 125 2137
26 126 1033
26 127 2221
26 128 15704
27 28 1628
27 29 5936
27 30 6482
27 31 7022
27 32 10159
27 33 15867
27 34 6646
27 35 4136
27 36 14276
27 37 8973
27 38 2124
27 39 11349
27 40 13718
27 41 4840
27 42 14808
27 43 12084
27 44 12950
27 45 14788
27 46 78
27 47 4312
27 48 7605
27 49 12672
27 50 11877
27 51 7572
27 52 11206
27 53 3847
27 54 2728
27 55 8874
27 56 15577
27 57 2876
27 58 6046
27 59 4575
27 60 10707
27 61 7962
27 62 11292
27 63 9598
27 64 3161
27 65 382
27 66 8700
27 67 13940
27 68 14418
27 69 12805
27 70 2540
27 71 11412
27 72 11024
27 73 13683
27 74 12702
27 75 10445
27 76 5519
27 77 4345
27 78 6586
27 79 13289
27 80 3969
27 81 11306
27 82 8423
27 83 4730
27 84 15109
27 85 12393
27 86 3161
27 87 4700
27 88 2876
27 89 2384
27 90 1767
27 91 5608
27 92 16121
27 93 14142
27 94 3411
27 95 6390
27 96 6597
27 97 10200
27 98 131
27 99 15276
27 100 13409
27 101 12876
27 102 26
27 103 4197
27 104 9547
27 105 2109
27 106 12285
27 107 7859
27 108 12127
27 109 92
27 110 11419
27 111 2763
27 112 15485
27 113 2811
27 114 7212
27 115 15702
27 116 12175
27 117 12664
27 118 3325
27 119 5297
27 120 6686
27 121 1215
27 122 6691
27 123 3526
27 124 14872
27 125 5972
27 126 6752
27 127 7076
27 128 12702
28 29 13556
28 30 9788
28 31 13359
28 32 9065
28 33 14052
28 34 10730
28 35 331
28 36 8372
28 37 6004
28 38 6608
28 39 8826
28 40 10123
28 41 11286
28 42 8819
28 43 13438
28 44 8557
28 45 3102
28 46 10877
28 47 4039
28 48 15829
28 49 7041
28 50 4557
28 51 12497
28 52 11977
28 53 7565
28 54 9673
28 55 9254
28 56 1789
28 57 8232
28 58 11885
28 59 12708
28 60 15406
28 61 7273
28 62 13180
28 63 3434
28 64 11523
28 65 12858
28 66 4937
28 67 7960
28 68 6619
28 69 13308
28 70 8236
28 71 6761
28 72 7310
28 73 10134
28 74 14549
28 75 15267
28 76 13728
28 77 14799
28 78 13279
28 79 8418
28 80 15958
28 81 5826
28 82 14593
28 83 6919
28 84 15138
28 85 7500
28 86 2625
28 87 2209
28 88 2399
28 89 13168
28 90 4377
28 91 4124
28 92 12828
28 93 15750
28 94 605
28 95 12708
28 96 8621
28 97 2890
28 98 1265
28 99 906
28 100 1156
28 101 3237
28 102 9177
28 103 9237
28 104 12056
28 105 1169
28 106 6442
28 107 3553
28 108 13644
28 109 3148
28 110 9297
28 111 15894
28 112 8549
28 113 6917
28 114 1687
28 115 5903
28 116 1785
28 117 2321
28 118 9095
28 119 2533
28 120 10577
28 121 4276
28 122 5267
28 123 8414
28 124 14104
28 125 10622
28 126 11034
28 127 14574
28 128 10542
29 30 1884
29 31 11014
29 32 363
29 33 1753
29 34 3248
29 35 8063
29 36 7275
29 37 8726
29 38 4302
29 39 10550
29 40 13186
29 41 15097
29 42 3529
29 43 10218
29 44 3012
29 45 12800
29 46 12154
29 47 11484
29 48 5167
29 49 7652
29 50 10957
29 51 1626
29 52 14283
29 53 7623
29 54 13495
29 55 8177
29 56 10980
29 57 316
29 58 229
29 59 6202
29 60 3044
29 61 8225
29 62 10649
29 63 1838
29 64 7630
29 65 5273
29 66 16048
29 67 717
29 68 7107
29 69 10058
29 70 16209
29 71 14664
29 72 11448
29 73 741
29 74 11278
29 75 5497
29 76 6880
29 77 8442
29 78 7789
29 79 11981
29 80 9087
29 81 1564
29 82 2587
29 83 11342
29 84 5116
29 85 8661
29 86 16272
29 87 14394
29 88 4644
29 89 13369
29 90 5311
29 91 9956
29 92 15304
29 93 2124
29 94 4014
29 95 9233
29 96 9100
29 97 12034
29 98 3733
29 99 13883
29 100 12264
29 101 2891
29 102 11824
29 103 7931
29 104 2020
29 105 6444
29 106 2840
29 107 933
29 108 6953
29 109 9421
29 110 14122
29 111 2301
29 112 5584
29 113 9257
29 114 5653
29 115 12962
29 116 9936
29 117 14939
29 118 9274
29 119 11715
29 120 3386
29 121 5011
29 122 9378
29 123 721
29 124 9916
29 125 2917
29 126 8610
29 127 1221
29 128 14968
30 31 10539
30 32 13110
30 33 14684
30 34 1911
30 35 15751
30 36 7497
30 37 13958
30 38 9369
30 39 9403
30 40 15346
30 41 1558
30 42 2396
30 43 7055
30 44 12067
30 45 10071
30 46 2241
30 47 11523
30 48 7767
30 49 3995
30 50 4910
30 51 1761
30 52 12631
30 53 14257
30 54 7664
30 55 2833
30 56 15574
30 57 4063
30 58 14239
30 59 8421
30 60 8940
30 61 3445
30 62 4370
30 63 11470
30 64 5694
30 65 3047
30 66 7021
30 67 13760
30 68 1378
30 69 8751
30 70 1526
30 71 12379
30 72 6863
30 73 8542
30 74 6696
30 75 6215
30 76 13929
30 77 8535
30 78 3870
30 79 14363
30 80 6898
30 81 5227
30 82 630
30 83 16268
30 84 3979
30 85 7441
30 86 11875
30 87 12464
30 88 14739
30 89 10657
30 90 2818
30 91 8661
30 92 6883
30 93 14859
30 94 7258
30 95 6615
30 96 4956
30 97 13357
30 98 12700
30 99 3599
30 100 14516
30 101 14047
30 102 260
30 103 12092
30 104 12152
30 105 346
30 106 3821
30 107 13536
30 108 2213
30 109 9361
30 110 4331
30 111 2318
30 112 6410
30 113 5243
30 114 9373
30 115 11179
30 116 5144
30 117 16238
30 118 3857
30 119 11733
30 120 15551
30 121 4199
30 122 11159
30 123 4665
30 124 9518
30 125 5152
30 126 8151
30 127 10444
30 128 12146
31 32 4036
31 33 8544
31 34 5356
31 35 7219
31 36 15389
31 37 4036
31 38 10001
31 39 3281
31 40 10108
31 41 9619
31 42 12237
31 43 13614
31 44 10751
31 45 9538
31 46 14407
31 47 3819
31 48 989
31 49 1257
31 50 8803
31 51 12519
31 52 5982
31 53 5880
31 54 4453
31 55 2959
31 56 742
31 57 15310
31 58 8130
31 59 14696
31 60 602
31 61 5937
31 62 13347
31 63 316
31 64 11157
31 65 7644
31 66 10265
31 67 664
31 68 3315
31 69 1344
31 70 1770
31 71 176
31 72 9843
31 73 12683
31 74 4619
31 75 7252
31 76 2803
31 77 6852
31 78 677
31 79 10281
31 80 10380
31 81 499
31 82 13450
31 83 3150
31 84 10556
31 85 4019
31 86 14902
31 87 13519
31 88 15635
31 89 710
31 90 9850
31 91 8759
31 92 8912
31 93 7732
31 94 12719
31 95 1875
31 96 13220
31 97 5232
31 98 2467
31 99 7390
31 100 14364
31 101 8655
31 102 16096
31 103 4461
31 104 1336
31 105 8596
31 106 14443
31 107 8734
31 108 10104
31 109 2183
31 110 10504
31 111 9071
31 112 15692
31 113 6098
31 114 6448
31 115 11540
31 116 6793
31 117 15049
31 118 5744
31 119 15042
31 120 12375
31 121 3633
31 122 11799
31 123 12850
31 124 4459
31 125 13251
31 126 6066
31 127 1803
31 128 4506
32 33 550
32 34 12441
32 35 511
32 36 1657
32 37 2152
32 38 13594
32 39 12069
32 40 11552
32 41 3339
32 42 15398
32 43 3759
32 44 2626
32 45 15620
32 46 8548
32 47 8424
32 48 3784
32 49 13655
32 50 6187
32 51 11423
32 52 2829
32 53 16156
32 54 2345
32 55 1519
32 56 6862
32 57 8619
32 58 4726
32 59 4948
32 60 3754
32 61 8212
32 62 8867
32 63 14847
32 64 4993
32 65 3709
32 66 8402
32 67 13386
32 68 5024
32 69 2329
32 70 10003
32 71 897
32 72 11250
32 73 4369
32 74 12948
32 75 9167
32 76 7758
32 77 8942
32 78 11734
32 79 14788
32 80 12141
32 81 2783
32 82 9099
32 83 14215
32 84 12611
32 85 1953
32 86 11020
32 87 1827
32 88 8364
32 89 787
32 90 14960
32 91 15953
32 92 10060
32 93 1353
32 94 9955
32 95 11134
32 96 7150
32 97 12878
32 98 10025
32 99 8457
32 100 11565
32 101 4242
32 102 9627
32 103 1744
32 104 4240
32 105 10549
32 106 11616
32 107 1279
32 108 12529
32 109 2347
32 110 13012
32 111 2474
32 112 13839
32 113 7390
32 114 14674
32 115 50
32 116 12417
32 117 9198
32 118 13351
32 119 6880
32 120 11974
32 121 112
32 122 9338
32 123 11934
32 124 7130
32 125 3965
32 126 2223
32 127 16311
32 128 245
33 34 13107
33 35 8563
33 36 3363
33 37 10132
33 38 15180
33 39 15226
33 40 3611
33 41 13927
33 42 13686
33 43 14884
33 44 3877
33 45 13331
33 46 1053
33 47 740
33 48 15452
33 49 14120
33 50 12582
33 51 10068
33 52 3862
33 53 6131
33 54 14716
33 55 6815
33 56 755
33 57 14938
33 58 1501
33 59 9067
33 60 13449
33 61 13725
33 62 7375
33 63 4307
33 64 13876
33 65 365
33 66 13962
33 67 14978
33 68 14757
33 69 9687
33 70 9147
33 71 5652
33 72 2691
33 73 12387
33 74 16245
33 75 11615
33 76 6747
33 77 10382
33 78 9291
33 79 5869
33 80 13112
33 81 16032
33 82 1859
33 83 15823
33 84 16288
33 85 10265
33 86 1488
33 87 15375
33 88 3003
33 89 11738
33 90 15111
33 91 14843
33 92 10529
33 93 13015
33 94 9675
33 95 4835
33 96 2510
33 97 4847
33 98 14289
33 99 4831
33 100 7440
33 101 9001
33 102 15515
33 103 8152
33 104 1756
33 105 12209
33 106 9881
33 107 14715
33 108 2246
33 109 3993
33 110 13586
33 111 12072
33 112 3886
33 113 8529
33 114 15012
33 115 7389
33 116 3016
33 117 6250
33 118 7083
33 119 11599
33 120 7591
33 121 6154
33 122 3198
33 123 8335
33 124 6945
33 125 7487
33 126 3455
33 127 5980
33 128 351
34 35 4973
34 36 7531
34 37 1580
34 38 2499
34 39 6672
34 40 6820
34 41 3251
34 42 11142
34 43 12952
34 44 6455
34 45 3201
34 46 12788
34 47 16056
34 48 3254
34 49 4663
34 50 13348
34 51 13149
34 52 15142
34 53 7331
34 54 11648
34 55 7513
34 56 13263
34 57 14931
34 58 10927
34 59 11251
34 60 16337
34 61 4367
34 62 6237
34 63 13483
34 64 2623
34 65 5059
34 66 4993
34 67 8523
34 68 4501
34 69 4829
34 70 14258
34 71 3201
34 72 13123
34 73 2281
34 74 8870
34 75 8853
34 76 13232
34 77 13386
34 78 13722
34 79 9389
34 80 14172
34 81 2517
34 82 6520
34 83 13913
34 84 15875
34 85 5630
34 86 12165
34 87 8117
34 88 9499
34 89 10173
34 90 6540
34 91 3300
34 92 9072
34 93 1866
34 94 11989
34 95 4663
34 96 11984
34 97 461
34 98 7337
34 99 508
34 100 11258
34 101 1732
34 102 1228
34 103 388
34 104 13009
34 105 7938
34 106 3269
34 107 9176
34 108 15735
34 109 5432
34 110 6374
34 111 7176
34 112 5361
34 113 13931
34 114 15781
34 115 9693
34 116 14931
34 117 366
34 118 15967
34 119 14136
34 120 11806
34 121 9712
34 122 268
34 123 6948
34 124 14555
34 125 54
34 126 9325
34 127 12831
34 128 12091
35 36 7836
35 37 14740
35 38 4343
35 39 9119
35 40 9712
35 41 9679
35 42 11340
35 43 16226
35 44 14390
35 45 6383
35 46 8217
35 47 2408
35 48 9919
35 49 9972
35 50 12177
35 51 16269
35 52 11588
35 53 12158
35 54 3799
35 55 11870
35 56 2422
35 57 10229
35 58 2152
35 59 14223
35 60 16257
35 61 10003
35 62 3323
35 63 8410
35 64 5850
35 65 3653
35 66 8147
35 67 13995
35 68 8287
35 69 5873
35 70 12965
35 71 15636
35 72 7886
35 73 15482
35 74 15292
35 75 4528
35 76 16126
35 77 7615
35 78 7181
35 79 9479
35 80 12088
35 81 4850
35 82 11325
35 83 3227
35 84 6253
35 85 5318
35 86 834
35 87 16038
35 88 7463
35 89 14859
35 90 15577
35 91 2841
35 92 2957
35 93 10731
35 94 1278
35 95 7908
35 96 10578
35 97 2790
35 98 12770
35 99 16218
35 100 4693
35 101 3014
35 102 324
35 103 3543
35 104 15358
35 105 6624
35 106 1093
35 107 6131
35 108 5720
35 109 12021
35 110 13039
35 111 7423
35 112 5981
35 113 10106
35 114 195
35 115 13182
35 116 11564
35 117 8048
35 118 1719
35 119 16269
35 120 2015
35 121 7542
35 122 1336
35 123 7347
35 124 10620
35 125 3186
35 126 9623
35 127 5870
35 128 10034
36 37 579
36 38 6724
36 39 9787
36 40 5078
36 41 7297
36 42 3795
36 43 119
36 44 9688
36 45 11826
36 46 3021
36 47 14490
36 48 237
36 49 12436
36 50 7233
36 51 5561
36 52 9546
36 53 2647
36 54 6272
36 55 12886
36 56 10010
36 57 7794
36 58 9527
36 59 13021
36 60 5529
36 61 2290
36 62 8428
36 63 11255
36 64 11717
36 65 3085
36 66 6122
36 67 5182
36 68 4080
36 69 8379
36 70 11078
36 71 7005
36 72 13634
36 73 6376
36 74 7658
36 75 14412
36 76 1489
36 77 1830
36 78 12605
36 79 5436
36 80 6487
36 81 8320
36 82 7468
36 83 6198
36 84 6532
36 85 3483
36 86 15428
36 87 15853
36 88 13267
36 89 7645
36 90 7225
36 91 16091
36 92 7960
36 93 6557
36 94 63
36 95 9497
36 96 16159
36 97 8705
36 98 11491
36 99 11312
36 100 4396
36 101 7564
36 102 9909
36 103 3591
36 104 4573
36 105 6046
36 106 15639
36 107 758
36 108 15164
36 109 6905
36 110 3119
36 111 12626
36 112 932
36 113 13990
36 114 1761
36 115 11662
36 116 4264
36 117 139
36 118 12707
36 119 7670
36 120 16209
36 121 15746
36 122 773
36 123 8114
36 124 2573
36 125 8730
36 126 14136
36 127 10772
36 128 6706
37 38 14774
37 39 4753
37 40 1168
37 41 9573
37 42 9139
37 43 14632
37 44 12061
37 45 15470
37 46 7007
37 47 11181
37 48 1595
37 49 2368
37 50 2181
37 51 14346
37 52 10056
37 53 8530
37 54 13376
37 55 11992
37 56 13760
37 57 8398
37 58 11133
37 59 10695
37 60 3252
37 61 9194
37 62 12628
37 63 14932
37 64 980
37 65 7076
37 66 14956
37 67 782
37 68 718
37 69 7697
37 70 6963
37 71 1680
37 72 15819
37 73 8397
37 74 8861
37 75 15592
37 76 7135
37 77 12475
37 78 13973
37 79 1771
37 80 11871
37 81 6815
37 82 11590
37 83 3861
37 84 16165
37 85 9440
37 86 16346
37 87 14804
37 88 4868
37 89 4032
37 90 12527
37 91 11372
37 92 5210
37 93 10297
37 94 430
37 95 3864
37 96 6021
37 97 6436
37 98 8361
37 99 12740
37 100 11611
37 101 10947
37 102 635
37 103 7549
37 104 16253
37 105 10814
37 106 13270
37 107 2756
37 108 8770
37 109 3435
37 110 14203
37 111 15306
37 112 2553
37 113 4082
37 114 2939
37 115 7799
37 116 5389
37 117 4319
37 118 1282
37 119 5563
37 120 9471
37 121 12376
37 122 13586
37 123 4182
37 124 8725
37 125 820
37 126 8588
37 127 74
37 128 10530
38 39 5316
38 40 5433
38 41 14423
38 42 11414
38 43 7974
38 44 6759
38 45 14785
38 46 14263
38 47 4265
38 48 12330
38 49 10311
38 50 7026
38 51 5153
38 52 14110
38 53 8574
38 54 4696
38 55 13195
38 56 2428
38 57 10080
38 58 14897
38 59 3004
38 60 11390
38 61 9748
38 62 12032
38 63 4343
38 64 7976
38 65 6563
38 66 11146
38 67 9838
38 68 14016
38 69 6731
38 70 7375
38 71 11902
38 72 7911
38 73 1971
38 74 8160
38 75 7724
38 76 9720
38 77 9478
38 78 15183
38 79 5857
38 80 7364
38 81 12279
38 82 11587
38 83 3191
38 84 16354
38 85 9195
38 86 103
38 87 6723
38 88 15224
38 89 8783
38 90 1100
38 91 11938
38 92 3231
38 93 13903
38 94 7498
38 95 14846
38 96 191
38 97 8930
38 98 5064
38 99 13009
38 100 8906
38 101 9374
38 102 567
38 103 3039
38 104 12408
38 105 258
38 106 11184
38 107 10229
38 108 5411
38 109 11038
38 110 12189
38 111 3284
38 112 2660
38 113 194
38 114 3566
38 115 2192
38 116 14321
38 117 4600
38 118 3560
38 119 1600
38 120 11215
38 121 1343
38 122 12198
38 123 10088
38 124 1831
38 125 1484
38 126 11240
38 127 8527
38 128 15480
39 40 8957
39 41 12209
39 42 6203
39 43 3534
39 44 4030
39 45 9535
39 46 4632
39 47 14707
39 48 10007
39 49 5424
39 50 15389
39 51 12560
39 52 3690
39 53 15807
39 54 11462
39 55 7553
39 56 1934
39 57 4170
39 58 14635
39 59 15987
39 60 14337
39 61 2905
39 62 1394
39 63 2451
39 64 14326
39 65 13810
39 66 1265
39 67 1732
39 68 11993
39 69 8651
39 70 12000
39 71 335
39 72 10654
39 73 1325
39 74 3849
39 75 11652
39 76 9437
39 77 2542
39 78 12521
39 79 9809
39 80 10084
39 81 1170
39 82 1170
39 83 3298
39 84 7822
39 85 7473
39 86 4357
39 87 10756
39 88 10170
39 89 10193
39 90 3746
39 91 712
39 92 12963
39 93 14406
39 94 6753
39 95 13902
39 96 4517
39 97 4695
39 98 12411
39 99 3625
39 100 12285
39 101 7453
39 102 9947
39 103 12155
39 104 9460
39 105 9815
39 106 15147
39 107 2896
39 108 1020
39 109 4159
39 110 11276
39 111 2120
39 112 10894
39 113 4965
39 114 9128
39 115 7402
39 116 8883
39 117 5143
39 118 832
39 119 12223
39 120 8474
39 121 10701
39 122 7818
39 123 10767
39 124 31
39 125 15134
39 126 14616
39 127 10339
39 128 660
40 41 8843
40 42 205
40 43 6031
40 44 10423
40 45 5988
40 46 14194
40 47 498
40 48 13478
40 49 10049
40 50 7428
40 51 10302
40 52 1799
40 53 4020
40 54 2058
40 55 15559
40 56 474
40 57 11996
40 58 3881
40 59 15154
40 60 10147
40 61 11937
40 62 7663
40 63 12065
40 64 7739
40 65 2819
40 66 4711
40 67 895
40 68 6553
40 69 4421
40 70 5056
40 71 723
40 72 12800
40 73 11850
40 74 14352
40 75 10249
40 76 14353
40 77 12516
40 78 8877
40 79 3011
40 80 13997
40 81 11027
40 82 10364
40 83 4013
40 84 6400
40 85 10328
40 86 9042
40 87 6381
40 88 13750
40 89 14943
40 90 14731
40 91 821
40 92 6914
40 93 9999
40 94 14877
40 95 929
40 96 1982
40 97 8150
40 98 4558
40 99 12202
40 100 3019
40 101 7933
40 102 8836
40 103 11176
40 104 5352
40 105 785
40 106 12557
40 107 1480
40 108 10666
40 109 15775
40 110 11633
40 111 4989
40 112 10741
40 113 15347
40 114 16166
40 115 16276
40 116 14021
40 117 5857
40 118 14387
40 119 2264
40 120 6037
40 121 14578
40 122 2915
40 123 10804
40 124 10413
40 125 11049
40 126 8657
40 127 4485
40 128 4920
41 42 281
41 43 5343
41 44 1142
41 45 14681
41 46 6351
41 47 10669
41 48 5559
41 49 6188
41 50 9753
41 51 8651
41 52 11132
41 53 13904
41 54 3753
41 55 10092
41 56 6037
41 57 11953
41 58 15260
41 59 9086
41 60 3897
41 61 4902
41 62 14233
41 63 1010
41 64 12705
41 65 9654
41 66 8094
41 67 12392
41 68 8708
41 69 14567
41 70 15915
41 71 13011
41 72 12787
41 73 13254
41 74 9338
41 75 7535
41 76 8657
41 77 12912
41 78 16068
41 79 245
41 80 1269
41 81 14297
41 82 12405
41 83 14945
41 84 11450
41 85 10640
41 86 10910
41 87 12657
41 88 2373
41 89 6201
41 90 14303
41 91 2483
41 92 6676
41 93 13948
41 94 10502
41 95 15760
41 96 11757
41 97 7489
41 98 7130
41 99 120
41 100 11128
41 101 1206
41 102 12310
41 103 15811
41 104 15385
41 105 6674
41 106 6891
41 107 1777
41 108 3236
41 109 12062
41 110 1589
41 111 9986
41 112 2499
41 113 12990
41 114 3494
41 115 13007
41 116 4981
41 117 3627
41 118 5695
41 119 2393
41 120 5401
41 121 8134
41 122 9568
41 123 8896
41 124 2316
41 125 15830
41 126 11111
41 127 11015
41 128 13406
42 43 7524
42 44 8241
42 45 7592
42 46 12585
42 47 9136
42 48 9529
42 49 8909
42 50 11575
42 51 1310
42 52 12525
42 53 4278
42 54 2176
42 55 8987
42 56 1707
42 57 3594
42 58 11371
42 59 3196
42 60 15923
42 61 6852
42 62 12051
42 63 4426
42 64 5437
42 65 12684
42 66 13494
42 67 14424
42 68 7453
42 69 15695
42 70 6479
42 71 7146
42 72 11558
42 73 3289
42 74 1849
42 75 15186
42 76 5368
42 77 8551
42 78 9544
42 79 2632
42 80 15155
42 81 81
42 82 14348
42 83 11129
42 84 11082
42 85 8755
42 86 14994
42 87 6107
42 88 114
42 89 7767
42 90 14767
42 91 8679
42 92 6774
42 93 4319
42 94 2768
42 95 4617
42 96 10738
42 97 15470
42 98 3101
42 99 15949
42 100 14993
42 101 15881
42 102 15812
42 103 2546
42 104 10177
42 105 10560
42 106 15824
42 107 9804
42 108 10166
42 109 10244
42 110 13664
42 111 12816
42 112 8423
42 113 2958
42 114 6315
42 115 6236
42 116 3024
42 117 16269
42 118 6429
42 119 11202
42 120 15964
42 121 14436
42 122 13651
42 123 10649
42 124 4058
42 125 5585
42 126 3852
42 127 15165
42 128 1906
43 44 15017
43 45 1820
43 46 9338
43 47 8193
43 48 1463
43 49 9158
43 50 1123
43 51 4656
43 52 11097
43 53 2435
43 54 10496
43 55 15270
43 56 4054
43 57 9348
43 58 16153
43 59 3564
43 60 5240
43 61 3128
43 62 14731
43 63 4805
43 64 7697
43 65 7460
43 66 2081
43 67 6235
43 68 8230
43 69 9185
43 70 13959
43 71 1691
43 72 14016
43 73 4133
43 74 2282
43 75 1586
43 76 14796
43 77 1967
43 78 4443
43 79 15005
43 80 7902
43 81 7262
43 82 15667
43 83 3073
43 84 1203
43 85 15908
43 86 10536
43 87 8395
43 88 9003
43 89 16239
43 90 6735
43 91 4888
43 92 5795
43 93 4499
43 94 5824
43 95 11028
43 96 10545
43 97 8163
43 98 15553
43 99 401
43 100 3778
43 101 14765
43 102 8
43 103 7870
43 104 16384
43 105 4727
43 106 6376
43 107 4616
43 108 1862
43 109 13644
43 110 8152
43 111 4986
43 112 7462
43 113 5093
43 114 5999
43 115 5030
43 116 2286
43 117 163
43 118 5650
43 119 13235
43 120 9838
43 121 59
43 122 3153
43 123 11269
43 124 8986
43 125 3661
43 126 11926
43 127 4977
43 128 1108
44 45 12510
44 46 10312
44 47 12815
44 48 15263
44 49 9051
44 50 13548
44 51 9303
44 52 5422
44 53 1094
44 54 1535
44 55 14302
44 56 7436
44 57 12472
44 58 1175
44 59 9232
44 60 6485
44 61 8127
44 62 4042
44 63 8838
44 64 14666
44 65 3983
44 66 14116
44 67 8461
44 68 2252
44 69 9990
44 70 13581
44 71 2856
44 72 9077
44 73 8691
44 74 3066
44 75 3088
44 76 198
44 77 13993
44 78 4804
44 79 2137
44 80 15855
44 81 14139
44 82 13037
44 83 7739
44 84 2085
44 85 12758
44 86 10836
44 87 9115
44 88 15446
44 89 453
44 90 2634
44 91 11889
44 92 6244
44 93 9148
44 94 3248
44 95 8068
44 96 14084
44 97 3922
44 98 15698
44 99 15558
44 100 11879
44 101 6113
44 102 6454
44 103 2051
44 104 790
44 105 6346
44 106 3066
44 107 15543
44 108 15980
44 109 14249
44 110 5241
44 111 15309
44 112 1313
44 113 14734
44 114 5719
44 115 12002
44 116 7173
44 117 4375
44 118 13330
44 119 5081
44 120 5502
44 121 11948
44 122 6129
44 123 13905
44 124 9567
44 125 13690
44 126 16184
44 127 10850
44 128 8565
45 46 3193
45 47 8173
45 48 6476
45 49 6725
45 50 9406
45 51 10789
45 52 9273
45 53 1677
45 54 14473
45 55 2816
45 56 7473
45 57 12866
45 58 9131
45 59 14042
45 60 8493
45 61 671
45 62 13577
45 63 6006
45 64 5369
45 65 10547
45 66 5078
45 67 10218
45 68 2863
45 69 14680
45 70 13626
45 71 4161
45 72 10378
45 73 14064
45 74 6919
45 75 6150
45 76 2429
45 77 16108
45 78 6774
45 79 3290
45 80 9249
45 81 14995
45 82 2558
45 83 2661
45 84 2950
45 85 6700
45 86 12813
45 87 7465
45 88 12567
45 89 1481
45 90 10981
45 91 6761
45 92 2929
45 93 16382
45 94 13209
45 95 7665
45 96 8479
45 97 7677
45 98 7992
45 99 4754
45 100 2805
45 101 14357
45 102 11174
45 103 2453
45 104 6587
45 105 2769
45 106 12459
45 107 10759
45 108 13722
45 109 2273
45 110 9330
45 111 7395
45 112 15886
45 113 12370
45 114 1464
45 115 10704
45 116 2630
45 117 11214
45 118 7066
45 119 12788
45 120 12117
45 121 361
45 122 14299
45 123 16107
45 124 1044
45 125 15126
45 126 14162
45 127 205
45 128 3668
46 47 13241
46 48 2928
46 49 7868
46 50 101
46 51 6887
46 52 14226
46 53 12409
46 54 10060
46 55 8429
46 56 12254
46 57 5016
46 58 8769
46 59 12340
46 60 14056
46 61 10145
46 62 14031
46 63 8425
46 64 471
46 65 2015
46 66 15469
46 67 4505
46 68 15570
46 69 9154
46 70 5270
46 71 4355
46 72 5983
46 73 13274
46 74 9860
46 75 8850
46 76 14280
46 77 9844
46 78 11133
46 79 364
46 80 5779
46 81 2349
46 82 4931
46 83 5374
46 84 11898
46 85 7472
46 86 10251
46 87 4703
46 88 4780
46 89 2487
46 90 4556
46 91 12275
46 92 13141
46 93 9080
46 94 12187
46 95 8363
46 96 7462
46 97 517
46 98 5421
46 99 13281
46 100 788
46 101 6718
46 102 11124
46 103 6093
46 104 13515
46 105 10882
46 106 12447
46 107 3618
46 108 15720
46 109 15788
46 110 10572
46 111 8930
46 112 2631
46 113 13223
46 114 8106
46 115 8458
46 116 4032
46 117 4054
46 118 14269
46 119 1809
46 120 3614
46 121 4608
46 122 10680
46 123 7637
46 124 7064
46 125 6172
46 126 1067
46 127 11368
46 128 2437
47 48 1129
47 49 9031
47 50 953
47 51 6667
47 52 13495
47 53 2900
47 54 9789
47 55 544
47 56 12239
47 57 14068
47 58 7644
47 59 4260
47 60 12772
47 61 12564
47 62 3652
47 63 12646
47 64 13283
47 65 12448
47 66 4039
47 67 8898
47 68 5574
47 69 13638
47 70 3816
47 71 14197
47 72 8010
47 73 2426
47 74 1074
47 75 8185
47 76 2358
47 77 11345
47 78 10667
47 79 13875
47 80 8816
47 81 4982
47 82 15214
47 83 16007
47 84 6471
47 85 10251
47 86 8188
47 87 6854
47 88 14516
47 89 14518
47 90 3110
47 91 12578
47 92 3151
47 93 9318
47 94 10723
47 95 15757
47 96 8470
47 97 3766
47 98 5615
47 99 13019
47 100 15473
47 101 5503
47 102 8527
47 103 8857
47 104 9980
47 105 6061
47 106 9652
47 107 10854
47 108 4326
47 109 13872
47 110 15393
47 111 10904
47 112 7991
47 113 15049
47 114 13289
47 115 15080
47 116 13965
47 117 13157
47 118 8134
47 119 10381
47 120 15224
47 121 6641
47 122 347
47 123 3183
47 124 624
47 125 14236
47 126 14750
47 127 6452
47 128 5821
48 49 3556
48 50 12039
48 51 5652
48 52 14339
48 53 11091
48 54 3817
48 55 12405
48 56 11871
48 57 15742
48 58 9903
48 59 13633
48 60 10187
48 61 15388
48 62 9680
48 63 8725
48 64 11767
48 65 9305
48 66 14920
48 67 3277
48 68 13748
48 69 11748
48 70 16037
48 71 8105
48 72 2877
48 73 5810
48 74 371
48 75 2173
48 76 6381
48 77 8278
48 78 4226
48 79 16230
48 80 6353
48 81 14613
48 82 12362
48 83 4448
48 84 793
48 85 13375
48 86 11948
48 87 3695
48 88 3712
48 89 12478
48 90 1512
48 91 4492
48 92 3244
48 93 12660
48 94 4784
48 95 12855
48 96 15781
48 97 13759
48 98 1035
48 99 10267
48 100 7124
48 101 2530
48 102 14940
48 103 3272
48 104 10282
48 105 762
48 106 10743
48 107 7348
48 108 4811
48 109 14545
48 110 377
48 111 9542
48 112 10880
48 113 9229
48 114 11334
48 115 15601
48 116 13064
48 117 12525
48 118 16266
48 119 12716
48 120 4934
48 121 4824
48 122 5470
48 123 13392
48 124 15130
48 125 5673
48 126 4251
48 127 12420
48 128 3759
49 50 8453
49 51 14217
49 52 11703
49 53 1950
49 54 4712
49 55 2579
49 56 1516
49 57 3191
49 58 1134
49 59 11010
49 60 13786
49 61 12699
49 62 1031
49 63 2685
49 64 2290
49 65 5169
49 66 1258
49 67 13224
49 68 8718
49 69 13010
49 70 11155
49 71 2287
49 72 9188
49 73 3428
49 74 6568
49 75 13558
49 76 13797
49 77 3221
49 78 9711
49 79 15922
49 80 2195
49 81 5356
49 82 4007
49 83 10678
49 84 2138
49 85 14629
49 86 12568
49 87 791
49 88 655
49 89 8365
49 90 10686
49 91 1298
49 92 8989
49 93 15992
49 94 2893
49 95 5652
49 96 12927
49 97 751
49 98 11476
49 99 16018
49 100 722
49 101 15550
49 102 4212
49 103 9368
49 104 10538
49 105 4105
49 106 9663
49 107 11612
49 108 7909
49 109 5792
49 110 6018
49 111 563
49 112 2222
49 113 14281
49 114 10576
49 115 5812
49 116 4165
49 117 3094
49 118 8699
49 119 9242
49 120 11104
49 121 2814
49 122 6315
49 123 15503
49 124 16247
49 125 9059
49 126 2744
49 127 4735
49 128 15673
50 51 15244
50 52 5422
50 53 5793
50 54 1315
50 55 7021
50 56 14465
50 57 11548
50 58 1722
50 59 11167
50 60 12333
50 61 6343
50 62 16039
50 63 10825
50 64 13809
50 65 3274
50 66 8064
50 67 16336
50 68 56
50 69 1215
50 70 381
50 71 2005
50 72 11220
50 73 8831
50 74 11023
50 75 13100
50 76 12989
50 77 2643
50 78 503
50 79 3533
50 80 432
50 81 13222
50 82 4764
50 83 3714
50 84 12530
50 85 1750
50 86 1122
50 87 3274
50 88 13480
50 89 12630
50 90 9875
50 91 7379
50 92 11114
50 93 12643
50 94 5927
50 95 13781
50 96 13756
50 97 869
50 98 13319
50 99 9148
50 100 13477
50 101 3562
50 102 7394
50 103 14684
50 104 4190
50 105 14139
50 106 8035
50 107 8730
50 108 9074
50 109 9387
50 110 16042
50 111 665
50 112 3065
50 113 1538
50 114 14721
50 115 13671
50 116 14111
50 117 10549
50 118 5617
50 119 12957
50 120 3256
50 121 14472
50 122 11561
50 123 1229
50 124 7415
50 125 1509
50 126 7147
50 127 9002
50 128 6321
51 52 788
51 53 9165
51 54 2561
51 55 11066
51 56 2887
51 57 5955
51 58 15475
51 59 15804
51 60 15759
51 61 12829
51 62 15674
51 63 9866
51 64 9533
51 65 15687
51 66 5738
51 67 6732
51 68 9516
51 69 12464
51 70 7752
51 71 4637
51 72 6547
51 73 16328
51 74 13385
51 75 14317
51 76 15763
51 77 10679
51 78 12509
51 79 1150
51 80 11445
51 81 4641
51 82 16112
51 83 5858
51 84 6162
51 85 1615
51 86 9749
51 87 8720
51 88 13216
51 89 15702
51 90 12776
51 91 13985
51 92 4848
51 93 3311
51 94 13830
51 95 8625
51 96 6323
51 97 3465
51 98 8869
51 99 5305
51 100 1004
51 101 3691
51 102 6016
51 103 6237
51 104 15239
51 105 5315
51 106 12163
51 107 9759
51 108 8542
51 109 10412
51 110 6909
51 111 9833
51 112 1703
51 113 7672
51 114 11056
51 115 7169
51 116 4485
51 117 1033
51 118 1239
51 119 6418
51 120 15010
51 121 5614
51 122 5381
51 123 236
51 124 2556
51 125 6261
51 126 13502
51 127 15502
51 128 5698
52 53 7517
52 54 10935
52 55 8914
52 56 2893
52 57 7766
52 58 829
52 59 15446
52 60 4434
52 61 8564
52 62 11550
52 63 2542
52 64 7264
52 65 11234
52 66 13587
52 67 4167
52 68 15198
52 69 13855
52 70 799
52 71 5018
52 72 6459
52 73 4149
52 74 14446
52 75 9560
52 76 260
52 77 5566
52 78 12530
52 79 3877
52 80 9835
52 81 13423
52 82 10687
52 83 415
52 84 7107
52 85 9688
52 86 11698
52 87 11553
52 88 4291
52 89 4520
52 90 10982
52 91 235
52 92 5611
52 93 391
52 94 15094
52 95 12467
52 96 12918
52 97 15343
52 98 7726
52 99 14771
52 100 3374
52 101 9649
52 102 5177
52 103 16261
52 104 6539
52 105 13452
52 106 9688
52 107 9974
52 108 8678
52 109 915
52 110 15301
52 111 4225
52 112 6384
52 113 15050
52 114 14008
52 115 8433
52 116 5001
52 117 13315
52 118 5606
52 119 9669
52 120 7084
52 121 14498
52 122 15580
52 123 16113
52 124 14170
52 125 11653
52 126 1255
52 127 2075
52 128 1726
53 54 3233
53 55 10394
53 56 14394
53 57 14408
53 58 13919
53 59 9341
53 60 14917
53 61 12854
53 62 7302
53 63 9792
53 64 5866
53 65 11438
53 66 7403
53 67 12379
53 68 11061
53 69 15048
53 70 15988
53 71 11007
53 72 14928
53 73 9354
53 74 5236
53 75 9444
53 76 15890
53 77 16238
53 78 8362
53 79 15233
53 80 4201
53 81 11338
53 82 13018
53 83 12784
53 84 16024
53 85 10308
53 86 2397
53 87 14313
53 88 7707
53 89 13898
53 90 6134
53 91 6003
53 92 3160
53 93 8202
53 94 15664
53 95 13203
53 96 15915
53 97 2013
53 98 5370
53 99 10200
53 100 16061
53 101 7510
53 102 3434
53 103 6678
53 104 4337
53 105 15966
53 106 15781
53 107 8607
53 108 9606
53 109 11456
53 110 12315
53 111 10868
53 112 6307
53 113 8031
53 114 5444
53 115 9842
53 116 10890
53 117 1331
53 118 13292
53 119 2681
53 120 9013
53 121 1403
53 122 10553
53 123 5375
53 124 4588
53 125 11690
53 126 12704
53 127 7786
53 128 7200
54 55 7412
54 56 9624
54 57 13248
54 58 15353
54 59 12728
54 60 9252
54 61 816
54 62 256
54 63 14080
54 64 13708
54 65 7472
54 66 2104
54 67 703
54 68 3028
54 69 843
54 70 9820
54 71 13637
54 72 11650
54 73 15384
54 74 1397
54 75 2162
54 76 4043
54 77 11486
54 78 15437
54 79 1736
54 80 6576
54 81 2517
54 82 14983
54 83 11650
54 84 12647
54 85 3856
54 86 1766
54 87 10054
54 88 11126
54 89 9831
54 90 56
54 91 11951
54 92 10747
54 93 4870
54 94 7822
54 95 1230
54 96 10931
54 97 11001
54 98 8453
54 99 12600
54 100 13814
54 101 7403
54 102 5809
54 103 4125
54 104 16026
54 105 7527
54 106 16
54 107 13575
54 108 14092
54 109 9877
54 110 5026
54 111 15230
54 112 1771
54 113 15386
54 114 12131
54 115 5402
54 116 2032
54 117 8725
54 118 3073
54 119 8643
54 120 10902
54 121 8743
54 122 523
54 123 7760
54 124 3854
54 125 2069
54 126 3257
54 127 7521
54 128 7234
55 56 7212
55 57 10655
55 58 16107
55 59 10893
55 60 4313
55 61 5437
55 62 10987
55 63 15052
55 64 4971
55 65 13124
55 66 14639
55 67 14400
55 68 5531
55 69 1253
55 70 10225
55 71 4287
55 72 367
55 73 13388
55 74 3083
55 75 10781
55 76 559
55 77 11670
55 78 10973
55 79 4165
55 80 11140
55 81 3712
55 82 12520
55 83 15775
55 84 9622
55 85 13638
55 86 1483
55 87 3499
55 88 3872
55 89 3841
55 90 15288
55 91 6696
55 92 8366
55 93 7311
55 94 1345
55 95 1920
55 96 9939
55 97 1737
55 98 9872
55 99 16117
55 100 7312
55 101 100
55 102 14018
55 103 4267
55 104 3986
55 105 4620
55 106 4208
55 107 6985
55 108 8811
55 109 6106
55 110 10263
55 111 14597
55 112 1328
55 113 10769
55 114 14263
55 115 3199
55 116 11549
55 117 11918
55 118 5532
55 119 12177
55 120 2065
55 121 6471
55 122 11925
55 123 10767
55 124 1324
55 125 9268
55 126 11581
55 127 2007
55 128 1945
56 57 15930
56 58 8749
56 59 13229
56 60 4925
56 61 14654
56 62 11438
56 63 12743
56 64 5865
56 65 6483
56 66 14519
56 67 3498
56 68 10733
56 69 14298
56 70 10889
56 71 13584
56 72 1757
56 73 2367
56 74 7353
56 75 10140
56 76 7075
56 77 5397
56 78 11374
56 79 7871
56 80 15999
56 81 8787
56 82 8319
56 83 2091
56 84 10270
56 85 8942
56 86 14466
56 87 4982
56 88 4929
56 89 6699
56 90 12
56 91 8665
56 92 15582
56 93 16361
56 94 1508
56 95 12163
56 96 2080
56 97 9537
56 98 2883
56 99 625
56 100 8439
56 101 11539
56 102 2744
56 103 5409
56 104 7433
56 105 7686
56 106 13249
56 107 9958
56 108 9247
56 109 14001
56 110 8525
56 111 4967
56 112 8998
56 113 6137
56 114 516
56 115 4283
56 116 13541
56 117 1287
56 118 2174
56 119 3262
56 120 49
56 121 2243
56 122 7769
56 123 14144
56 124 8080
56 125 6401
56 126 12539
56 127 11555
56 128 2705
57 58 2483
57 59 16382
57 60 5192
57 61 12964
57 62 11963
57 63 9907
57 64 13569
57 65 14432
57 66 7900
57 67 10085
57 68 14964
57 69 8492
57 70 14020
57 71 11781
57 72 782
57 73 2562
57 74 1977
57 75 14089
57 76 10283
57 77 7500
57 78 1743
57 79 2883
57 80 1003
57 81 8513
57 82 9220
57 83 12157
57 84 7999
57 85 13403
57 86 1457
57 87 6436
57 88 4360
57 89 5121
57 90 14331
57 91 3840
57 92 6134
57 93 707
57 94 1234
57 95 4124
57 96 15398
57 97 4317
57 98 167
57 99 4175
57 100 12370
57 101 4365
57 102 11820
57 103 15967
57 104 10469
57 105 6157
57 106 16041
57 107 10320
57 108 8678
57 109 3322
57 110 6754
57 111 151
57 112 5419
57 113 13469
57 114 8266
57 115 9212
57 116 10103
57 117 7708
57 118 7970
57 119 11363
57 120 2418
57 121 10048
57 122 12754
57 123 5854
57 124 12280
57 125 115
57 126 2715
57 127 4123
57 128 13636
58 59 14872
58 60 12427
58 61 1851
58 62 7351
58 63 2232
58 64 11429
58 65 14474
58 66 15924
58 67 14560
58 68 3679
58 69 875
58 70 11975
58 71 6786
58 72 69
58 73 2648
58 74 12532
58 75 10891
58 76 2562
58 77 14784
58 78 1960
58 79 14089
58 80 9583
58 81 15231
58 82 4990
58 83 1655
58 84 13438
58 85 8943
58 86 6414
58 87 6268
58 88 1693
58 89 12611
58 90 8034
58 91 4661
58 92 11238
58 93 7552
58 94 8941
58 95 4128
58 96 4959
58 97 13267
58 98 13444
58 99 6918
58 100 683
58 101 7008
58 102 356
58 103 4276
58 104 6084
58 105 747
58 106 14317
58 107 13280
58 108 12142
58 109 7025
58 110 6735
58 111 6744
58 112 8153
58 113 6824
58 114 9871
58 115 5023
58 116 14880
58 117 1366
58 118 15520
58 119 263
58 120 6867
58 121 15907
58 122 12595
58 123 10885
58 124 11300
58 125 11464
58 126 3184
58 127 7073
58 128 9320
59 60 14326
59 61 400
59 62 4304
59 63 12201
59 64 8397
59 65 5915
59 66 12917
59 67 14773
59 68 1039
59 69 11310
59 70 11989
59 71 12939
59 72 14543
59 73 2216
59 74 14885
59 75 6393
59 76 2172
59 77 14947
59 78 252
59 79 794
59 80 3507
59 81 2493
59 82 11504
59 83 11186
59 84 15980
59 85 9927
59 86 3244
59 87 14710
59 88 7061
59 89 10243
59 90 3100
59 91 8925
59 92 8815
59 93 2371
59 94 1726
59 95 13534
59 96 6047
59 97 13832
59 98 263
59 99 5663
59 100 23
59 101 3314
59 102 5642
59 103 15926
59 104 11690
59 105 9315
59 106 3692
59 107 8206
59 108 15581
59 109 3360
59 110 7417
59 111 16185
59 112 9885
59 113 13237
59 114 7186
59 115 7993
59 116 9436
59 117 5097
59 118 1146
59 119 13545
59 120 1440
59 121 10728
59 122 13889
59 123 11484
59 124 11381
59 125 8253
59 126 4182
59 127 4770
59 128 8138
60 61 14311
60 62 2606
60 63 12125
60 64 6603
60 65 4468
60 66 4632
60 67 3911
60 68 11422
60 69 1821
60 70 5387
60 71 14951
60 72 2000
60 73 477
60 74 12021
60 75 6700
60 76 10141
60 77 2179
60 78 13886
60 79 11316
60 80 3494
60 81 16154
60 82 7408
60 83 6769
60 84 5061
60 85 10416
60 86 16126
60 87 15286
60 88 8248
60 89 6692
60 90 10840
60 91 7377
60 92 12951
60 93 13694
60 94 10563
60 95 1254
60 96 7619
60 97 12487
60 98 16019
60 99 10825
60 100 12753
60 101 6717
60 102 419
60 103 9193
60 104 6818
60 105 5889
60 106 12207
60 107 8747
60 108 6496
60 109 5706
60 110 4654
60 111 945
60 112 10480
60 113 10201
60 114 11001
60 115 1177
60 116 8170
60 117 14663
60 118 3571
60 119 15418
60 120 12791
60 121 7642
60 122 12642
60 123 13654
60 124 13189
60 125 2066
60 126 14016
60 127 9924
60 128 11436
61 62 10629
61 63 8804
61 64 14880
61 65 15151
61 66 3009
61 67 14885
61 68 5790
61 69 506
61 70 11347
61 71 15417
61 72 16066
61 73 10560
61 74 5591
61 75 9315
61 76 4532
61 77 15518
61 78 12830
61 79 7261
61 80 4726
61 81 12720
61 82 12943
61 83 10552
61 84 10092
61 85 12347
61 86 8966
61 87 399
61 88 919
61 89 6778
61 90 12579
61 91 8517
61 92 9751
61 93 10950
61 94 301
61 95 13898
61 96 4402
61 97 10116
61 98 3418
61 99 12009
61 100 7877
61 101 15960
61 102 5997
61 103 8972
61 104 5222
61 105 15980
61 106 11581
61 107 8842
61 108 15314
61 109 10597
61 110 9869
61 111 6518
61 112 14627
61 113 16236
61 114 3745
61 115 5755
61 116 2701
61 117 4101
61 118 10492
61 119 1102
61 120 12603
61 121 7966
61 122 10846
61 123 10583
61 124 10383
61 125 4055
61 126 11700
61 127 3865
61 128 2262
62 63 7594
62 64 14802
62 65 7487
62 66 9083
62 67 3031
62 68 10106
62 69 15178
62 70 6836
62 71 4303
62 72 2667
62 73 861
62 74 4910
62 75 65
62 76 1770
62 77 15401
62 78 5076
62 79 8591
62 80 16295
62 81 15671
62 82 1428
62 83 7830
62 84 14280
62 85 2827
62 86 4889
62 87 10695
62 88 2821
62 89 7753
62 90 14039
62 91 15011
62 92 3463
62 93 15941
62 94 12878
62 95 4673
62 96 3597
62 97 2591
62 98 8091
62 99 46
62 100 1378
62 101 5941
62 102 7092
62 103 12342
62 104 733
62 105 9059
62 106 14899
62 107 3245
62 108 4025
62 109 4517
62 110 789
62 111 597
62 112 10180
62 113 7511
62 114 10623
62 115 7454
62 116 2774
62 117 10635
62 118 2288
62 119 2587
62 120 11503
62 121 5352
62 122 840
62 123 9504
62 124 10014
62 125 3147
62 126 3654
62 127 10424
62 128 11047
63 64 176
63 65 5461
63 66 12527
63 67 1476
63 68 10738
63 69 11612
63 70 11077
63 71 1995
63 72 2387
63 73 936
63 74 7504
63 75 15110
63 76 14082
63 77 5380
63 78 8958
63 79 10124
63 80 16125
63 81 3026
63 82 14074
63 83 6441
63 84 12380
63 85 4022
63 86 15606
63 87 15581
63 88 9172
63 89 6816
63 90 12129
63 91 11403
63 92 7404
63 93 2353
63 94 929
63 95 7386
63 96 14715
63 97 4575
63 98 635
63 99 14008
63 100 3969
63 101 4917
63 102 11785
63 103 3464
63 104 2335
63 105 5854
63 106 4553
63 107 4334
63 108 15826
63 109 15789
63 110 4946
63 111 12310
63 112 8218
63 113 7892
63 114 1322
63 115 2949
63 116 5951
63 117 4507
63 118 9912
63 119 4812
63 120 1889
63 121 9496
63 122 14073
63 123 12099
63 124 15739
63 125 1930
63 126 9810
63 127 6191
63 128 127
64 65 8959
64 66 12315
64 67 384
64 68 15595
64 69 10062
64 70 4367
64 71 9377
64 72 14946
64 73 3922
64 74 10000
64 75 12268
64 76 13014
64 77 15469
64 78 14019
64 79 11466
64 80 6739
64 81 12596
64 82 5497
64 83 12619
64 84 15681
64 85 15723
64 86 2132
64 87 14336
64 88 14610
64 89 8236
64 90 689
64 91 1989
64 92 10154
64 93 10275
64 94 2710
64 95 14531
64 96 13014
64 97 16039
64 98 14176
64 99 4387
64 100 1210
64 101 7022
64 102 14473
64 103 10218
64 104 2237
64 105 224
64 106 11528
64 107 14293
64 108 10804
64 109 11039
64 110 11284
64 111 13520
64 112 12305
64 113 4769
64 114 13395
64 115 12275
64 116 12117
64 117 8350
64 118 15114
64 119 6529
64 120 2042
64 121 15037
64 122 15802
64 123 8938
64 124 4090
64 125 13901
64 126 13961
64 127 12157
64 128 7227
65 66 6018
65 67 16112
65 68 7683
65 69 6689
65 70 7189
65 71 11105
65 72 10524
65 73 3872
65 74 652
65 75 2243
65 76 11312
65 77 12588
65 78 15735
65 79 2853
65 80 5304
65 81 9490
65 82 13253
65 83 8311
65 84 8777
65 85 7958
65 86 15468
65 87 604
65 88 3273
65 89 11863
65 90 8201
65 91 13396
65 92 11244
65 93 13281
65 94 16198
65 95 13435
65 96 4439
65 97 4343
65 98 246
65 99 3562
65 100 866
65 101 5490
65 102 4543
65 103 6817
65 104 248
65 105 1314
65 106 12017
65 107 1694
65 108 16041
65 109 13271
65 110 2383
65 111 5380
65 112 13527
65 113 7992
65 114 11463
65 115 10777
65 116 12935
65 117 5082
65 118 15433
65 119 14983
65 120 16381
65 121 6854
65 122 14743
65 123 1457
65 124 3967
65 125 7869
65 126 2321
65 127 7031
65 128 11981
66 67 8739
66 68 3698
66 69 2243
66 70 937
66 71 2861
66 72 13060
66 73 456
66 74 13060
66 75 4249
66 76 11174
66 77 7566
66 78 8549
66 79 14322
66 80 5161
66 81 2584
66 82 9845
66 83 5944
66 84 10320
66 85 13906
66 86 3609
66 87 15076
66 88 10639
66 89 5848
66 90 3121
66 91 8687
66 92 7245
66 93 398
66 94 14083
66 95 3943
66 96 14709
66 97 5828
66 98 14487
66 99 11869
66 100 8769
66 101 7763
66 102 8945
66 103 401
66 104 1355
66 105 12975
66 106 6434
66 107 1476
66 108 10536
66 109 5579
66 110 8271
66 111 7389
66 112 7298
66 113 10632
66 114 15107
66 115 10836
66 116 12119
66 117 14721
66 118 15096
66 119 7240
66 120 487
66 121 1587
66 122 1540
66 123 4723
66 124 13223
66 125 10697
66 126 9072
66 127 16225
66 128 8360
67 68 953
67 69 8100
67 70 4312
67 71 13185
67 72 5226
67 73 8108
67 74 5451
67 75 2036
67 76 12634
67 77 203
67 78 6287
67 79 2721
67 80 14376
67 81 3899
67 82 4672
67 83 13883
67 84 14667
67 85 4186
67 86 15347
67 87 4295
67 88 11834
67 89 8866
67 90 4609
67 91 6122
67 92 3787
67 93 11188
67 94 10846
67 95 16135
67 96 7749
67 97 8877
67 98 1066
67 99 5338
67 100 4776
67 101 9913
67 102 109
67 103 14510
67 104 8158
67 105 11643
67 106 1860
67 107 5058
67 108 4531
67 109 8224
67 110 12516
67 111 16054
67 112 1522
67 113 4512
67 114 3621
67 115 11333
67 116 10397
67 117 8184
67 118 10026
67 119 8032
67 120 9562
67 121 13009
67 122 9699
67 123 2573
67 124 13179
67 125 8742
67 126 1830
67 127 6403
67 128 11203
68 69 12148
68 70 11466
68 71 11690
68 72 2357
68 73 2454
68 74 16188
68 75 6961
68 76 6579
68 77 5497
68 78 8704
68 79 11588
68 80 9895
68 81 638
68 82 5026
68 83 15763
68 84 6674
68 85 3464
68 86 4109
68 87 1118
68 88 16300
68 89 14291
68 90 6574
68 91 4530
68 92 5173
68 93 513
68 94 11105
68 95 9472
68 96 6481
68 97 1999
68 98 14797
68 99 13839
68 100 8905
68 101 4368
68 102 13090
68 103 1491
68 104 11809
68 105 4046
68 106 15467
68 107 9873
68 108 4669
68 109 3560
68 110 2071
68 111 10742
68 112 198
68 113 3664
68 114 2525
68 115 10982
68 116 11318
68 117 7453
68 118 6037
68 119 15055
68 120 10670
68 121 13648
68 122 6231
68 123 15390
68 124 4612
68 125 10305
68 126 4216
68 127 16121
68 128 7196
69 70 4033
69 71 7575
69 72 1988
69 73 13174
69 74 11598
69 75 49
69 76 663
69 77 13927
69 78 14020
69 79 841
69 80 11139
69 81 2518
69 82 6748
69 83 11623
69 84 9796
69 85 5541
69 86 1713
69 87 12949
69 88 1125
69 89 8471
69 90 5956
69 91 9284
69 92 12541
69 93 2068
69 94 1227
69 95 5207
69 96 8620
69 97 14392
69 98 4754
69 99 5570
69 100 13368
69 101 14983
69 102 5489
69 103 5035
69 104 10792
69 105 1676
69 106 11228
69 107 5611
69 108 687
69 109 69
69 110 12423
69 111 3400
69 112 535
69 113 2110
69 114 3477
69 115 5585
69 116 10250
69 117 15683
69 118 12900
69 119 10010
69 120 6740
69 121 4820
69 122 10312
69 123 3949
69 124 5662
69 125 5215
69 126 1572
69 127 10718
69 128 5247
70 71 2946
70 72 11782
70 73 13791
70 74 4868
70 75 11183
70 76 12035
70 77 5492
70 78 2116
70 79 14371
70 80 626
70 81 14690
70 82 3403
70 83 13897
70 84 10588
70 85 12672
70 86 8877
70 87 15799
70 88 14446
70 89 15584
70 90 10420
70 91 1771
70 92 3347
70 93 13289
70 94 4578
70 95 869
70 96 13951
70 97 11408
70 98 11568
70 99 13249
70 100 4589
70 101 2496
70 102 13858
70 103 12035
70 104 990
70 105 10106
70 106 9533
70 107 3429
70 108 6985
70 109 1026
70 110 2599
70 111 872
70 112 10409
70 113 12253
70 114 11740
70 115 5762
70 116 15005
70 117 1364
70 118 12644
70 119 4116
70 120 8048
70 121 6613
70 122 6012
70 123 7523
70 124 12456
70 125 9387
70 126 12741
70 127 13664
70 128 14463
71 72 6729
71 73 9824
71 74 16148
71 75 8654
71 76 9770
71 77 9687
71 78 1598
71 79 13920
71 80 2710
71 81 11368
71 82 7800
71 83 8764
71 84 4447
71 85 12751
71 86 6063
71 87 2511
71 88 15317
71 89 14819
71 90 6934
71 91 7781
71 92 5861
71 93 9556
71 94 5612
71 95 14865
71 96 9379
71 97 12637
71 98 8492
71 99 7778
71 100 9636
71 101 15620
71 102 12186
71 103 7211
71 104 4308
71 105 10466
71 106 14911
71 107 12279
71 108 9247
71 109 9375
71 110 13950
71 111 64
71 112 14133
71 113 7876
71 114 684
71 115 2975
71 116 7253
71 117 559
71 118 9618
71 119 4327
71 120 15332
71 121 6970
71 122 818
71 123 15675
71 124 13178
71 125 9274
71 126 7384
71 127 9814
71 128 9720
72 73 8860
72 74 15292
72 75 10337
72 76 9855
72 77 15330
72 78 5186
72 79 15612
72 80 12006
72 81 12518
72 82 4263
72 83 8315
72 84 8648
72 85 8337
72 86 4072
72 87 3994
72 88 12480
72 89 296
72 90 11899
72 91 5988
72 92 5980
72 93 4821
72 94 2121
72 95 7710
72 96 16047
72 97 1309
72 98 14738
72 99 10766
72 100 16262
72 101 5879
72 102 12981
72 103 3145
72 104 3106
72 105 6468
72 106 303
72 107 9674
72 108 6002
72 109 5677
72 110 6344
72 111 3823
72 112 13845
72 113 621
72 114 12217
72 115 14746
72 116 3101
72 117 15898
72 118 11959
72 119 12199
72 120 15637
72 121 15492
72 122 8213
72 123 14327
72 124 5771
72 125 1246
72 126 1848
72 127 1203
72 128 775
73 74 6507
73 75 15281
73 76 8920
73 77 4989
73 78 1364
73 79 3584
73 80 14453
73 81 2308
73 82 14322
73 83 11789
73 84 1194
73 85 13555
73 86 6309
73 87 12437
73 88 6094
73 89 12992
73 90 3802
73 91 1010
73 92 10270
73 93 7462
73 94 15152
73 95 12991
73 96 9549
73 97 4745
73 98 4742
73 99 8041
73 100 11548
73 101 10667
73 102 12732
73 103 11286
73 104 10493
73 105 11028
73 106 6697
73 107 4788
73 108 5539
73 109 8161
73 110 658
73 111 2929
73 112 5727
73 113 12935
73 114 14854
73 115 12350
73 116 6216
73 117 863
73 118 5582
73 119 6077
73 120 11389
73 121 15137
73 122 11479
73 123 12638
73 124 7032
73 125 10877
73 126 4426
73 127 2768
73 128 7725
74 75 2558
74 76 13548
74 77 4117
74 78 11114
74 79 15826
74 80 5997
74 81 12819
74 82 7447
74 83 6507
74 84 5572
74 85 8693
74 86 16187
74 87 3235
74 88 7725
74 89 656
74 90 7611
74 91 10203
74 92 10295
74 93 2790
74 94 5156
74 95 13213
74 96 9075
74 97 5029
74 98 13653
74 99 387
74 100 8405
74 101 3174
74 102 10170
74 103 11140
74 104 5470
74 105 13488
74 106 14260
74 107 3674
74 108 3055
74 109 15429
74 110 13560
74 111 13077
74 112 3404
74 113 2153
74 114 12028
74 115 8042
74 116 1683
74 117 14938
74 118 6093
74 119 1848
74 120 13543
74 121 4783
74 122 8980
74 123 244
74 124 8169
74 125 308
74 126 2278
74 127 9732
74 128 9556
75 76 16091
75 77 11514
75 78 13537
75 79 8732
75 80 12448
75 81 6939
75 82 4981
75 83 12741
75 84 15600
75 85 9011
75 86 12410
75 87 14444
75 88 5951
75 89 11628
75 90 2006
75 91 227
75 92 14741
75 93 12676
75 94 5150
75 95 9863
75 96 14883
75 97 7053
75 98 9498
75 99 7945
75 100 657
75 101 5241
75 102 1860
75 103 12898
75 104 11263
75 105 7037
75 106 15720
75 107 12747
75 108 14208
75 109 1524
75 110 13487
75 111 11357
75 112 13490
75 113 2477
75 114 2301
75 115 703
75 116 9719
75 117 5210
75 118 3881
75 119 6629
75 120 10991
75 121 3893
75 122 6270
75 123 3564
75 124 8646
75 125 14966
75 126 14861
75 127 8565
75 128 15050
76 77 9939
76 78 1249
76 79 5952
76 80 3725
76 81 10813
76 82 2777
76 83 4281
76 84 15683
76 85 13550
76 86 11464
76 87 8268
76 88 12362
76 89 11550
76 90 457
76 91 2928
76 92 12080
76 93 78
76 94 8387
76 95 2009
76 96 258
76 97 12145
76 98 5659
76 99 13794
76 100 9541
76 101 1243
76 102 10642
76 103 3050
76 104 4827
76 105 1209
76 106 13263
76 107 2821
76 108 3738
76 109 14545
76 110 7642
76 111 3727
76 112 12381
76 113 5482
76 114 1349
76 115 16048
76 116 2091
76 117 13124
76 118 11575
76 119 4435
76 120 16315
76 121 6032
76 122 15773
76 123 5420
76 124 5431
76 125 8338
76 126 8166
76 127 14903
76 128 321
77 78 4125
77 79 5531
77 80 13818
77 81 4102
77 82 7037
77 83 8695
77 84 11726
77 85 15630
77 86 13694
77 87 16353
77 88 5860
77 89 2147
77 90 14748
77 91 8780
77 92 2703
77 93 2497
77 94 10185
77 95 2994
77 96 13543
77 97 12268
77 98 16177
77 99 9388
77 100 3250
77 101 12366
77 102 14341
77 103 7523
77 104 8875
77 105 11813
77 106 14381
77 107 2360
77 108 2284
77 109 3888
77 110 11942
77 111 11896
77 112 5989
77 113 10906
77 114 369
77 115 7924
77 116 7857
77 117 4013
77 118 5831
77 119 12841
77 120 1441
77 121 11182
77 122 10033
77 123 12499
77 124 11943
77 125 14627
77 126 5849
77 127 3863
77 128 8232
78 79 1507
78 80 10278
78 81 14374
78 82 9430
78 83 1457
78 84 929
78 85 16346
78 86 11790
78 87 4680
78 88 5928
78 89 3876
78 90 376
78 91 680
78 92 5214
78 93 5382
78 94 4510
78 95 13958
78 96 5826
78 97 8501
78 98 14279
78 99 1152
78 100 15865
78 101 13636
78 102 10475
78 103 11949
78 104 12946
78 105 5025
78 106 4522
78 107 4401
78 108 4354
78 109 12811
78 110 16096
78 111 6996
78 112 2135
78 113 12094
78 114 7914
78 115 34
78 116 11514
78 117 3433
78 118 10077
78 119 11126
78 120 12587
78 121 12809
78 122 14652
78 123 9613
78 124 11032
78 125 14074
78 126 14773
78 127 14439
78 128 2160
79 80 11791
79 81 6140
79 82 5199
79 83 15690
79 84 3291
79 85 7940
79 86 2672
79 87 16073
79 88 12
79 89 4849
79 90 15649
79 91 8632
79 92 5253
79 93 11355
79 94 9266
79 95 3044
79 96 7205
79 97 12254
79 98 10803
79 99 5497
79 100 11733
79 101 4468
79 102 9810
79 103 8745
79 104 10461
79 105 12759
79 106 11462
79 107 12790
79 108 9814
79 109 2498
79 110 14424
79 111 15177
79 112 1692
79 113 15222
79 114 8541
79 115 5496
79 116 11261
79 117 5323
79 118 6022
79 119 12402
79 120 9039
79 121 14619
79 122 11942
79 123 9152
79 124 10872
79 125 1561
79 126 3415
79 127 2340
79 128 12143
80 81 11073
80 82 8086
80 83 4349
80 84 11726
80 85 5466
80 86 8598
80 87 13855
80 88 10130
80 89 11190
80 90 5094
80 91 16361
80 92 6887
80 93 1198
80 94 6966
80 95 6951
80 96 12663
80 97 12966
80 98 7160
80 99 12588
80 100 4430
80 101 14189
80 102 12828
80 103 12983
80 104 4917
80 105 14861
80 106 11171
80 107 14761
80 108 14542
80 109 10742
80 110 2020
80 111 2663
80 112 12518
80 113 4133
80 114 3468
80 115 7585
80 116 1486
80 117 4812
80 118 14155
80 119 4935
80 120 2281
80 121 4031
80 122 8956
80 123 7788
80 124 6855
80 125 580
80 126 16137
80 127 8317
80 128 484
81 82 3752
81 83 4080
81 84 3099
81 85 879
81 86 12883
81 87 5380
81 88 16130
81 89 14564
81 90 15497
81 91 5883
81 92 9715
81 93 9555
81 94 12972
81 95 6255
81 96 15627
81 97 14560
81 98 6406
81 99 7904
81 100 14349
81 101 9105
81 102 11364
81 103 2415
81 104 10484
81 105 11600
81 106 837
81 107 9746
81 108 114
81 109 2140
81 110 2808
81 111 9811
81 112 7584
81 113 6448
81 114 10557
81 115 11135
81 116 5170
81 117 14280
81 118 2810
81 119 5040
81 120 7985
81 121 14382
81 122 391
81 123 2379
81 124 5653
81 125 130
81 126 9530
81 127 4103
81 128 14497
82 83 12808
82 84 5497
82 85 16238
82 86 16192
82 87 12968
82 88 8024
82 89 10845
82 90 8853
82 91 5871
82 92 4760
82 93 77
82 94 8371
82 95 6275
82 96 10803
82 97 4210
82 98 74
82 99 6420
82 100 12081
82 101 4043
82 102 9254
82 103 3157
82 104 15499
82 105 6709
82 106 610
82 107 11605
82 108 13943
82 109 7921
82 110 15477
82 111 4796
82 112 2937
82 113 6961
82 114 15905
82 115 12669
82 116 2484
82 117 11602
82 118 10483
82 119 2952
82 120 2280
82 121 12359
82 122 12427
82 123 13069
82 124 9540
82 125 3752
82 126 13893
82 127 12780
82 128 7702
83 84 11930
83 85 11077
83 86 15526
83 87 15658
83 88 15757
83 89 4461
83 90 13574
83 91 5551
83 92 15850
83 93 15400
83 94 569
83 95 6184
83 96 941
83 97 8082
83 98 10064
83 99 277
83 100 3364
83 101 6842
83 102 1604
83 103 14660
83 104 5467
83 105 14047
83 106 4881
83 107 12827
83 108 14833
83 109 11581
83 110 9216
83 111 10523
83 112 4352
83 113 8679
83 114 11218
83 115 13104
83 116 6328
83 117 6997
83 118 14185
83 119 3159
83 120 2810
83 121 2564
83 122 2742
83 123 13372
83 124 14806
83 125 822
83 126 7909
83 127 1424
83 128 304
84 85 9263
84 86 10308
84 87 535
84 88 8244
84 89 7188
84 90 12883
84 91 591
84 92 4056
84 93 1562
84 94 9663
84 95 4819
84 96 11422
84 97 3293
84 98 4870
84 99 1463
84 100 13693
84 101 2922
84 102 6244
84 103 1677
84 104 5908
84 105 5750
84 106 4535
84 107 9145
84 108 8023
84 109 9973
84 110 896
84 111 15993
84 112 12321
84 113 7357
84 114 11817
84 115 5013
84 116 10737
84 117 10629
84 118 9282
84 119 3429
84 120 7702
84 121 7791
84 122 13735
84 123 14921
84 124 3679
84 125 568
84 126 8133
84 127 3195
84 128 12899
85 86 13484
85 87 4133
85 88 1079
85 89 1120
85 90 12070
85 91 2205
85 92 2775
85 93 6484
85 94 4726
85 95 3429
85 96 4670
85 97 2834
85 98 6106
85 99 11171
85 100 2284
85 101 5525
85 102 9835
85 103 13154
85 104 2888
85 105 13535
85 106 3712
85 107 13999
85 108 5490
85 109 3170
85 110 7113
85 111 15086
85 112 5953
85 113 3006
85 114 3579
85 115 9343
85 116 7161
85 117 16344
85 118 4018
85 119 4093
85 120 9945
85 121 1153
85 122 9553
85 123 10183
85 124 13100
85 125 13921
85 126 9847
85 127 8682
85 128 10859
86 87 5765
86 88 11882
86 89 3150
86 90 10349
86 91 4537
86 92 9536
86 93 11215
86 94 14502
86 95 10879
86 96 11618
86 97 1458
86 98 4692
86 99 1666
86 100 12420
86 101 4251
86 102 13137
86 103 9497
86 104 3075
86 105 16287
86 106 8668
86 107 725
86 108 11128
86 109 869
86 110 916
86 111 10796
86 112 14938
86 113 2653
86 114 12185
86 115 7652
86 116 3397
86 117 15774
86 118 7564
86 119 13615
86 120 13575
86 121 10520
86 122 10309
86 123 8438
86 124 1416
86 125 8257
86 126 7988
86 127 13150
86 128 5543
87 88 12540
87 89 12463
87 90 5186
87 91 5044
87 92 13208
87 93 13450
87 94 13862
87 95 4597
87 96 7302
87 97 440
87 98 1828
87 99 3294
87 100 14150
87 101 10841
87 102 5278
87 103 890
87 104 11328
87 105 2285
87 106 13027
87 107 6979
87 108 10777
87 109 8603
87 110 6948
87 111 11817
87 112 4256
87 113 15984
87 114 14830
87 115 909
87 116 11017
87 117 8454
87 118 352
87 119 14145
87 120 14226
87 121 13631
87 122 5410
87 123 2086
87 124 12322
87 125 10127
87 126 14163
87 127 7547
87 128 13646
88 89 8825
88 90 879
88 91 6772
88 92 5986
88 93 13118
88 94 12852
88 95 13890
88 96 14397
88 97 11575
88 98 12424
88 99 4068
88 100 5935
88 101 514
88 102 4908
88 103 10193
88 104 573
88 105 7498
88 106 8231
88 107 6708
88 108 5152
88 109 10241
88 110 13954
88 111 10218
88 112 540
88 113 12984
88 114 2209
88 115 6089
88 116 8211
88 117 4428
88 118 5516
88 119 10105
88 120 9271
88 121 2907
88 122 4561
88 123 9723
88 124 8778
88 125 14491
88 126 14323
88 127 4688
88 128 796
89 90 3962
89 91 10761
89 92 9808
89 93 15355
89 94 5016
89 95 11037
89 96 428
89 97 15355
89 98 6408
89 99 14643
89 100 12526
89 101 3500
89 102 2619
89 103 12750
89 104 2408
89 105 14267
89 106 4821
89 107 3214
89 108 14099
89 109 14547
89 110 8183
89 111 16381
89 112 6911
89 113 9961
89 114 1834
89 115 13489
89 116 13419
89 117 15875
89 118 1539
89 119 15763
89 120 9642
89 121 10551
89 122 2441
89 123 362
89 124 14498
89 125 15619
89 126 7690
89 127 1174
89 128 12800
90 91 8526
90 92 14053
90 93 12671
90 94 1905
90 95 11952
90 96 14214
90 97 10571
90 98 9349
90 99 1103
90 100 5178
90 101 2892
90 102 8773
90 103 7816
90 104 9597
90 105 10607
90 106 6538
90 107 14819
90 108 1643
90 109 4995
90 110 15269
90 111 13338
90 112 11819
90 113 7148
90 114 9665
90 115 8528
90 116 6384
90 117 12612
90 118 11713
90 119 12077
90 120 6734
90 121 10388
90 122 10609
90 123 7530
90 124 7565
90 125 7562
90 126 5627
90 127 2224
90 128 11580
91 92 15753
91 93 12153
91 94 6917
91 95 13791
91 96 6049
91 97 13354
91 98 5429
91 99 8361
91 100 13906
91 101 14946
91 102 1758
91 103 4751
91 104 15604
91 105 8045
91 106 1518
91 107 8815
91 108 335
91 109 2167
91 110 4926
91 111 13337
91 112 7200
91 113 172
91 114 6392
91 115 7371
91 116 13563
91 117 9043
91 118 7832
91 119 6790
91 120 7143
91 121 5137
91 122 1651
91 123 4656
91 124 14423
91 125 15205
91 126 4624
91 127 10576
91 128 8424
92 93 11987
92 94 10905
92 95 8351
92 96 3668
92 97 7459
92 98 1870
92 99 13215
92 100 10289
92 101 8594
92 102 9477
92 103 15697
92 104 16244
92 105 1238
92 106 3007
92 107 4673
92 108 14990
92 109 1502
92 110 9831
92 111 16091
92 112 3080
92 113 8469
92 114 3970
92 115 2858
92 116 2904
92 117 14145
92 118 3484
92 119 11227
92 120 11463
92 121 42
92 122 3222
92 123 220
92 124 4137
92 125 11176
92 126 11407
92 127 6624
92 128 8968
93 94 16362
93 95 11003
93 96 4416
93 97 9592
93 98 9566
93 99 15389
93 100 12922
93 101 16348
93 102 2967
93 103 14903
93 104 9944
93 105 973
93 106 4917
93 107 453
93 108 6835
93 109 9723
93 110 13071
93 111 15788
93 112 6283
93 113 12497
93 114 3608
93 115 11651
93 116 14120
93 117 4791
93 118 12689
93 119 12562
93 120 11364
93 121 6801
93 122 3350
93 123 4411
93 124 3456
93 125 315
93 126 10670
93 127 140
93 128 16291
94 95 14795
94 96 14093
94 97 12096
94 98 2424
94 99 4655
94 100 14645
94 101 2204
94 102 15082
94 103 13043
94 104 14466
94 105 5709
94 106 11600
94 107 12896
94 108 8521
94 109 8194
94 110 14223
94 111 8581
94 112 628
94 113 6355
94 114 8294
94 115 10304
94 116 10485
94 117 6316
94 118 4759
94 119 308
94 120 4184
94 121 789
94 122 14942
94 123 15150
94 124 2316
94 125 5230
94 126 7634
94 127 14910
94 128 8749
95 96 8597
95 97 720
95 98 13530
95 99 14126
95 100 11311
95 101 13550
95 102 12367
95 103 11781
95 104 4406
95 105 15279
95 106 6411
95 107 11427
95 108 11267
95 109 7714
95 110 2092
95 111 6321
95 112 14030
95 113 8576
95 114 12776
95 115 14671
95 116 7966
95 117 13637
95 118 9928
95 119 1494
95 120 12850
95 121 14657
95 122 13496
95 123 8250
95 124 4242
95 125 11385
95 126 6234
95 127 14237
95 128 9148
96 97 4426
96 98 4174
96 99 662
96 100 14443
96 101 11732
96 102 7290
96 103 12863
96 104 15663
96 105 8667
96 106 3247
96 107 13538
96 108 4345
96 109 12360
96 110 2956
96 111 15437
96 112 15001
96 113 1666
96 114 8183
96 115 9483
96 116 14336
96 117 12631
96 118 529
96 119 15972
96 120 804
96 121 13110
96 122 12913
96 123 11287
96 124 695
96 125 3086
96 126 11476
96 127 14989
96 128 3275
97 98 15790
97 99 1161
97 100 3894
97 101 12103
97 102 2200
97 103 4525
97 104 1467
97 105 2547
97 106 13297
97 107 6412
97 108 11294
97 109 12680
97 110 1987
97 111 871
97 112 3189
97 113 7462
97 114 95
97 115 16301
97 116 12890
97 117 2164
97 118 6317
97 119 9048
97 120 14046
97 121 9068
97 122 10620
97 123 2032
97 124 11071
97 125 7928
97 126 13629
97 127 15040
97 128 7121
98 99 3503
98 100 15905
98 101 9968
98 102 5640
98 103 14144
98 104 14919
98 105 7585
98 106 14475
98 107 2750
98 108 12352
98 109 15350
98 110 14744
98 111 12711
98 112 3150
98 113 686
98 114 6432
98 115 10516
98 116 546
98 117 15451
98 118 13454
98 119 12557
98 120 12792
98 121 729
98 122 9617
98 123 6707
98 124 9687
98 125 13551
98 126 13142
98 127 15070
98 128 7545
99 100 8273
99 101 15291
99 102 265
99 103 2872
99 104 2003
99 105 12185
99 106 5724
99 107 5338
99 108 12654
99 109 8213
99 110 13067
99 111 8530
99 112 952
99 113 2472
99 114 1719
99 115 4574
99 116 12556
99 117 3126
99 118 10856
99 119 2128
99 120 5632
99 121 10113
99 122 15792
99 123 11697
99 124 3842
99 125 2437
99 126 4916
99 127 3114
99 128 9015
100 101 3382
100 102 5665
100 103 2069
100 104 15476
100 105 14014
100 106 6390
100 107 7637
100 108 8244
100 109 59
100 110 4485
100 111 14889
100 112 5845
100 113 1908
100 114 3755
100 115 8509
100 116 14567
100 117 11395
100 118 15010
100 119 8672
100 120 2920
100 121 5427
100 122 10504
100 123 10376
100 124 2542
100 125 11394
100 126 13078
100 127 8784
100 128 6061
101 102 8659
101 103 876
101 104 4759
101 105 9533
101 106 15728
101 107 14582
101 108 12725
101 109 12613
101 110 11861
101 111 3802
101 112 12145
101 113 14466
101 114 12128
101 115 8944
101 116 9994
101 117 13526
101 118 1371
101 119 8592
101 120 660
101 121 5651
101 122 13262
101 123 7605
101 124 6797
101 125 3741
101 126 8200
101 127 9073
101 128 6750
102 103 14179
102 104 5792
102 105 10307
102 106 13788
102 107 7494
102 108 11431
102 109 12660
102 110 360
102 111 13976
102 112 1281
102 113 15597
102 114 5141
102 115 6251
102 116 1399
102 117 16284
102 118 5093
102 119 11480
102 120 2788
102 121 11017
102 122 8808
102 123 8352
102 124 2536
102 125 15840
102 126 11788
102 127 11638
102 128 10976
103 104 9761
103 105 7316
103 106 9849
103 107 4021
103 108 1749
103 109 11205
103 110 15005
103 111 9050
103 112 15645
103 113 14725
103 114 11837
103 115 14502
103 116 5704
103 117 14288
103 118 16212
103 119 5179
103 120 1
103 121 9739
103 122 12701
103 123 2673
103 124 8324
103 125 559
103 126 11125
103 127 11415
103 128 253
104 105 9308
104 106 437
104 107 7695
104 108 10659
104 109 3937
104 110 2304
104 111 3503
104 112 16224
104 113 2361
104 114 12826
104 115 4403
104 116 7842
104 117 3177
104 118 14345
104 119 12396
104 120 2108
104 121 15876
104 122 4407
104 123 5510
104 124 309
104 125 4103
104 126 15826
104 127 4319
104 128 14282
105 106 12134
105 107 5270
105 108 9915
105 109 5309
105 110 4898
105 111 8443
105 112 10733
105 113 16216
105 114 6476
105 115 14298
105 116 4180
105 117 13483
105 118 10104
105 119 3486
105 120 11225
105 121 4896
105 122 5084
105 123 5833
105 124 3029
105 125 15554
105 126 4533
105 127 13874
105 128 1911
106 107 15420
106 108 13674
106 109 11532
106 110 6189
106 111 1123
106 112 15486
106 113 988
106 114 10850
106 115 12905
106 116 8331
106 117 4220
106 118 16376
106 119 5844
106 120 3618
106 121 10479
106 122 10263
106 123 5051
106 124 6390
106 125 2168
106 126 8982
106 127 2395
106 128 11633
107 108 2167
107 109 2210
107 110 5764
107 111 233
107 112 15827
107 113 1628
107 114 10614
107 115 15793
107 116 11703
107 117 7810
107 118 2257
107 119 14607
107 120 4753
107 121 15634
107 122 3822
107 123 1581
107 124 10281
107 125 14785
107 126 5936
107 127 12048
107 128 863
108 109 13265
108 110 7549
108 111 10247
108 112 13742
108 113 723
108 114 5405
108 115 14132
108 116 4109
108 117 7094
108 118 12656
108 119 10346
108 120 14864
108 121 7420
108 122 2824
108 123 9723
108 124 11843
108 125 1084
108 126 13955
108 127 2984
108 128 1043
109 110 2678
109 111 2751
109 112 6039
109 113 6741
109 114 6065
109 115 1089
109 116 137
109 117 6613
109 118 2935
109 119 13976
109 120 418
109 121 2785
109 122 15865
109 123 13161
109 124 11663
109 125 1311
109 126 10851
109 127 9245
109 128 14300
110 111 7328
110 112 9417
110 113 13987
110 114 8662
110 115 1377
110 116 13798
110 117 5286
110 118 4009
110 119 14515
110 120 7409
110 121 11751
110 122 4850
110 123 12034
110 124 10879
110 125 1321
110 126 477
110 127 2388
110 128 11730
111 112 7711
111 113 2293
111 114 4879
111 115 7797
111 116 13018
111 117 11235
111 118 5885
111 119 4518
111 120 10216
111 121 15961
111 122 5320
111 123 7386
111 124 9931
111 125 14595
111 126 10960
111 127 5189
111 128 3868
112 113 14663
112 114 3794
112 115 2803
112 116 14464
112 117 16242
112 118 8213
112 119 14949
112 120 3627
112 121 10426
112 122 1506
112 123 1388
112 124 8554
112 125 9256
112 126 14082
112 127 3350
112 128 14180
113 114 3451
113 115 10427
113 116 3555
113 117 6347
113 118 10448
113 119 10948
113 120 8936
113 121 6957
113 122 9223
113 123 12971
113 124 5652
113 125 7243
113 126 6931
113 127 11169
113 128 11158
114 115 6776
114 116 13563
114 117 15055
114 118 4647
114 119 8941
114 120 1009
114 121 3035
114 122 16254
114 123 12551
114 124 10225
114 125 8263
114 126 12181
114 127 15267
114 128 10917
115 116 7452
115 117 4219
115 118 7291
115 119 9641
115 120 14564
115 121 7133
115 122 5452
115 123 12911
115 124 10778
115 125 2988
115 126 5422
115 127 4537
115 128 6569
116 117 2777
116 118 7027
116 119 5161
116 120 5719
116 121 9694
116 122 13892
116 123 13709
116 124 11009
116 125 1930
116 126 2686
116 127 12726
116 128 6573
117 118 9387
117 119 14222
117 120 6756
117 121 6003
117 122 7057
117 123 12325
117 124 10626
117 125 14013
117 126 1445
117 127 2571
117 128 1270
118 119 14585
118 120 4374
118 121 11160
118 122 1617
118 123 8314
118 124 12746
118 125 11942
118 126 10251
118 127 7658
118 128 15333
119 120 2361
119 121 336
119 122 15602
119 123 8607
119 124 10255
119 125 4150
119 126 3335
119 127 6458
119 128 631
120 121 9966
120 122 9522
120 123 11619
120 124 10520
120 125 4103
120 126 8896
120 127 4864
120 128 3920
121 122 46
121 123 7583
121 124 8659
121 125 11836
121 126 1099
121 127 9865
121 128 10857
122 123 5202
122 124 10820
122 125 14043
122 126 8665
122 127 573
122 128 14214
123 124 16071
123 125 5194
123 126 8255
123 127 9407
123 128 8629
124 125 7484
124 126 9230
124 127 10113
124 128 14563
125 126 12026
125 127 8961
125 128 4826
126 127 14108
126 128 1745
127 128 1609
