50
1 2 1275
1 3 2050
1 4 150
1 5 589
1 6 459
1 7 573
1 8 1408
1 9 29
1 10 2302
1 11 1827
1 12 2296
1 13 438
1 14 2227
1 15 1548
1 16 1932
1 17 1941
1 18 1546
1 19 1460
1 20 2024
1 21 980
1 22 1993
1 23 823
1 24 545
1 25 538
1 26 1173
1 27 1438
1 28 334
1 29 1587
1 30 510
1 31 1088
1 32 2188
1 33 128
1 34 2475
1 35 1725
1 36 2147
1 37 2282
1 38 1966
1 39 2190
1 40 1847
1 41 827
1 42 1723
1 43 1695
1 44 2154
1 45 509
1 46 333
1 47 2060
1 48 1825
1 49 596
1 50 1359
2 3 1492
2 4 1785
2 5 1710
2 6 906
2 7 363
2 8 1397
2 9 1242
2 10 392
2 11 1742
2 12 1376
2 13 301
2 14 1624
2 15 426
2 16 1872
2 17 79
2 18 1010
2 19 1386
2 20 530
2 21 183
2 22 429
2 23 128
2 24 206
2 25 2093
2 26 1416
2 27 2485
2 28 671
2 29 113
2 30 2405
2 31 555
2 32 1691
2 33 348
2 34 1768
2 35 1055
2 36 2341
2 37 2229
2 38 797
2 39 2241
2 40 762
2 41 1784
2 42 1890
2 43 874
2 44 157
2 45 2431
2 46 898
2 47 668
2 48 2160
2 49 827
2 50 1915
3 4 269
3 5 183
3 6 2136
3 7 2360
3 8 2462
3 9 2179
3 10 995
3 11 2349
3 12 100
3 13 1085
3 14 702
3 15 1453
3 16 720
3 17 893
3 18 2480
3 19 1247
3 20 1516
3 21 1642
3 22 1250
3 23 1933
3 24 75
3 25 2298
3 26 2136
3 27 706
3 28 317
3 29 1471
3 30 1888
3 31 2046
3 32 1731
3 33 2368
3 34 1568
3 35 945
3 36 1049
3 37 277
3 38 226
3 39 1444
3 40 2127
3 41 397
3 42 872
3 43 2474
3 44 1613
3 45 1813
3 46 2122
3 47 951
3 48 750
3 49 677
3 50 1224
4 5 347
4 6 1586
4 7 973
4 8 356
4 9 193
4 10 1779
4 11 1494
4 12 2148
4 13 296
4 14 1797
4 15 2439
4 16 669
4 17 648
4 18 346
4 19 377
4 20 26
4 21 416
4 22 2275
4 23 176
4 24 1624
4 25 1993
4 26 1198
4 27 2071
4 28 2401
4 29 73
4 30 1983
4 31 413
4 32 1348
4 33 861
4 34 1282
4 35 1293
4 36 728
4 37 422
4 38 1058
4 39 413
4 40 2332
4 41 2093
4 42 2083
4 43 199
4 44 2481
4 45 1930
4 46 1390
4 47 1908
4 48 2255
4 49 2203
4 50 1772
5 6 282
5 7 310
5 8 31
5 9 1662
5 10 907
5 11 447
5 12 1237
5 13 1099
5 14 1849
5 15 2279
5 16 1676
5 17 684
5 18 1817
5 19 280
5 20 798
5 21 187
5 22 2374
5 23 1908
5 24 1199
5 25 1041
5 26 233
5 27 1221
5 28 1921
5 29 2164
5 30 1522
5 31 60
5 32 338
5 33 437
5 34 506
5 35 2168
5 36 755
5 37 2432
5 38 1862
5 39 159
5 40 2406
5 41 1659
5 42 1568
5 43 221
5 44 2255
5 45 2044
5 46 157
5 47 1891
5 48 502
5 49 975
5 50 102
6 7 1544
6 8 1243
6 9 1317
6 10 1202
6 11 1752
6 12 1311
6 13 1007
6 14 2463
6 15 1326
6 16 98
6 17 1536
6 18 966
6 19 760
6 20 1550
6 21 1576
6 22 202
6 23 721
6 24 312
6 25 2313
6 26 596
6 27 1703
6 28 211
6 29 1238
6 30 2162
6 31 1480
6 32 422
6 33 1350
6 34 1028
6 35 1803
6 36 1474
6 37 1052
6 38 2339
6 39 1727
6 40 1100
6 41 491
6 42 2333
6 43 526
6 44 84
6 45 236
6 46 361
6 47 846
6 48 2448
6 49 1601
6 50 1433
7 8 303
7 9 1064
7 10 1604
7 11 2042
7 12 1818
7 13 1456
7 14 151
7 15 1343
7 16 1114
7 17 2465
7 18 2342
7 19 1480
7 20 2309
7 21 582
7 22 327
7 23 1599
7 24 1096
7 25 1941
7 26 2458
7 27 2012
7 28 2355
7 29 738
7 30 1465
7 31 63
7 32 315
7 33 2407
7 34 62
7 35 993
7 36 1090
7 37 588
7 38 2321
7 39 1088
7 40 2408
7 41 2354
7 42 549
7 43 1021
7 44 1533
7 45 1248
7 46 479
7 47 2308
7 48 2148
7 49 449
7 50 2424
8 9 390
8 10 1893
8 11 94
8 12 781
8 13 1356
8 14 888
8 15 2143
8 16 998
8 17 2244
8 18 142
8 19 2475
8 20 134
8 21 92
8 22 553
8 23 1071
8 24 1091
8 25 1151
8 26 1382
8 27 273
8 28 1469
8 29 93
8 30 250
8 31 1768
8 32 655
8 33 1690
8 34 1207
8 35 1370
8 36 941
8 37 2009
8 38 1051
8 39 1155
8 40 952
8 41 929
8 42 447
8 43 20
8 44 1909
8 45 1483
8 46 562
8 47 2401
8 48 734
8 49 2419
8 50 2377
9 10 1109
9 11 1605
9 12 1400
9 13 2234
9 14 1515
9 15 227
9 16 940
9 17 2376
9 18 256
9 19 342
9 20 722
9 21 157
9 22 276
9 23 1098
9 24 2331
9 25 1438
9 26 2440
9 27 972
9 28 2417
9 29 839
9 30 1695
9 31 2068
9 32 559
9 33 2365
9 34 2245
9 35 2121
9 36 259
9 37 2351
9 38 900
9 39 625
9 40 1667
9 41 501
9 42 495
9 43 211
9 44 789
9 45 2448
9 46 236
9 47 2172
9 48 433
9 49 2015
9 50 1010
10 11 764
10 12 1894
10 13 677
10 14 2247
10 15 990
10 16 830
10 17 945
10 18 1406
10 19 2009
10 20 2046
10 21 1037
10 22 1421
10 23 986
10 24 2149
10 25 275
10 26 2312
10 27 609
10 28 987
10 29 1340
10 30 174
10 31 2302
10 32 1447
10 33 1989
10 34 1366
10 35 979
10 36 1090
10 37 1019
10 38 491
10 39 2185
10 40 1049
10 41 1943
10 42 1405
10 43 498
10 44 55
10 45 1861
10 46 75
10 47 836
10 48 483
10 49 763
10 50 1824
11 12 170
11 13 1892
11 14 205
11 15 372
11 16 1958
11 17 1280
11 18 1061
11 19 1601
11 20 1723
11 21 410
11 22 117
11 23 1748
11 24 1458
11 25 175
11 26 1488
11 27 2419
11 28 1178
11 29 1755
11 30 971
11 31 277
11 32 1182
11 33 1175
11 34 2411
11 35 616
11 36 1161
11 37 346
11 38 1314
11 39 951
11 40 1241
11 41 16
11 42 727
11 43 1428
11 44 1610
11 45 598
11 46 2332
11 47 408
11 48 629
11 49 488
11 50 1403
12 13 1886
12 14 1075
12 15 810
12 16 1347
12 17 2150
12 18 2482
12 19 147
12 20 1335
12 21 584
12 22 2368
12 23 1161
12 24 853
12 25 1572
12 26 1518
12 27 1256
12 28 1823
12 29 2499
12 30 2430
12 31 1259
12 32 1537
12 33 1613
12 34 634
12 35 2266
12 36 59
12 37 1981
12 38 2483
12 39 2030
12 40 958
12 41 269
12 42 648
12 43 984
12 44 916
12 45 1148
12 46 321
12 47 1139
12 48 2338
12 49 2384
12 50 343
13 14 1278
13 15 2493
13 16 1866
13 17 1955
13 18 2415
13 19 1654
13 20 371
13 21 44
13 22 1961
13 23 473
13 24 2458
13 25 1786
13 26 1259
13 27 827
13 28 2080
13 29 1592
13 30 1918
13 31 1174
13 32 564
13 33 1851
13 34 1840
13 35 748
13 36 1508
13 37 1752
13 38 1693
13 39 1914
13 40 2226
13 41 1286
13 42 270
13 43 392
13 44 1361
13 45 161
13 46 2079
13 47 1612
13 48 2120
13 49 1536
13 50 1546
14 15 1618
14 16 1362
14 17 123
14 18 1153
14 19 2199
14 20 1862
14 21 603
14 22 1832
14 23 1119
14 24 1970
14 25 102
14 26 661
14 27 405
14 28 1712
14 29 2325
14 30 82
14 31 483
14 32 2051
14 33 2088
14 34 1224
14 35 1446
14 36 1591
14 37 1312
14 38 2159
14 39 1302
14 40 686
14 41 1435
14 42 1035
14 43 975
14 44 1524
14 45 2293
14 46 2308
14 47 67
14 48 2189
14 49 2149
14 50 280
15 16 1482
15 17 950
15 18 235
15 19 321
15 20 926
15 21 236
15 22 2371
15 23 2235
15 24 1139
15 25 2391
15 26 2079
15 27 2003
15 28 1349
15 29 1559
15 30 208
15 31 864
15 32 616
15 33 473
15 34 1859
15 35 2479
15 36 2497
15 37 2397
15 38 999
15 39 630
15 40 2035
15 41 1082
15 42 2144
15 43 1486
15 44 1521
15 45 70
15 46 595
15 47 338
15 48 1410
15 49 1814
15 50 2346
16 17 788
16 18 320
16 19 1816
16 20 1850
16 21 2476
16 22 2455
16 23 1911
16 24 484
16 25 1709
16 26 1270
16 27 725
16 28 975
16 29 542
16 30 2235
16 31 330
16 32 1117
16 33 1828
16 34 1906
16 35 1614
16 36 2295
16 37 2091
16 38 2369
16 39 2493
16 40 1053
16 41 814
16 42 339
16 43 1196
16 44 1727
16 45 1584
16 46 304
16 47 2459
16 48 1769
16 49 1033
16 50 1630
17 18 1042
17 19 739
17 20 2158
17 21 737
17 22 1727
17 23 210
17 24 2083
17 25 1267
17 26 1758
17 27 1827
17 28 634
17 29 1672
17 30 1480
17 31 785
17 32 656
17 33 522
17 34 2266
17 35 610
17 36 2285
17 37 150
17 38 33
17 39 765
17 40 2199
17 41 837
17 42 2428
17 43 1952
17 44 1327
17 45 2209
17 46 769
17 47 1423
17 48 2326
17 49 2246
17 50 823
18 19 513
18 20 1259
18 21 1289
18 22 245
18 23 2070
18 24 252
18 25 2039
18 26 1999
18 27 1223
18 28 2216
18 29 749
18 30 1245
18 31 500
18 32 2089
18 33 902
18 34 1805
18 35 2217
18 36 1225
18 37 1031
18 38 1014
18 39 1117
18 40 1287
18 41 1592
18 42 875
18 43 2431
18 44 2382
18 45 2096
18 46 1464
18 47 513
18 48 378
18 49 2275
18 50 1455
19 20 330
19 21 711
19 22 1936
19 23 1228
19 24 1950
19 25 1397
19 26 1747
19 27 1711
19 28 2063
19 29 1851
19 30 1750
19 31 503
19 32 1067
19 33 61
19 34 806
19 35 753
19 36 1603
19 37 960
19 38 1617
19 39 1088
19 40 1843
19 41 873
19 42 1363
19 43 991
19 44 1689
19 45 430
19 46 264
19 47 230
19 48 2077
19 49 1250
19 50 2060
20 21 2286
20 22 1659
20 23 375
20 24 1358
20 25 1109
20 26 2132
20 27 1772
20 28 1815
20 29 1673
20 30 1372
20 31 905
20 32 1871
20 33 1306
20 34 2403
20 35 332
20 36 2356
20 37 2
20 38 1758
20 39 1149
20 40 170
20 41 705
20 42 977
20 43 982
20 44 1724
20 45 2101
20 46 1442
20 47 1854
20 48 554
20 49 1839
20 50 573
21 22 2291
21 23 493
21 24 123
21 25 1996
21 26 1624
21 27 1005
21 28 838
21 29 2236
21 30 902
21 31 1635
21 32 2472
21 33 235
21 34 1497
21 35 807
21 36 2093
21 37 2146
21 38 2131
21 39 1617
21 40 684
21 41 2184
21 42 1236
21 43 496
21 44 1457
21 45 534
21 46 293
21 47 1859
21 48 1433
21 49 2289
21 50 336
22 23 1264
22 24 876
22 25 1387
22 26 719
22 27 90
22 28 1594
22 29 1593
22 30 1822
22 31 326
22 32 1428
22 33 1732
22 34 2257
22 35 2439
22 36 2356
22 37 1616
22 38 2244
22 39 1091
22 40 1898
22 41 975
22 42 886
22 43 2178
22 44 873
22 45 1791
22 46 984
22 47 2118
22 48 1199
22 49 1997
22 50 1222
23 24 2243
23 25 1834
23 26 2296
23 27 677
23 28 2148
23 29 1126
23 30 2042
23 31 2368
23 32 1059
23 33 489
23 34 788
23 35 1490
23 36 991
23 37 1102
23 38 187
23 39 1210
23 40 2337
23 41 297
23 42 601
23 43 1839
23 44 1196
23 45 1167
23 46 56
23 47 1284
23 48 2472
23 49 1792
23 50 832
24 25 279
24 26 1932
24 27 1581
24 28 1178
24 29 224
24 30 2358
24 31 1688
24 32 624
24 33 1033
24 34 2105
24 35 1707
24 36 269
24 37 1969
24 38 188
24 39 941
24 40 2438
24 41 2205
24 42 647
24 43 2036
24 44 2261
24 45 237
24 46 971
24 47 1297
24 48 485
24 49 620
24 50 1490
25 26 2178
25 27 810
25 28 1072
25 29 2289
25 30 7
25 31 546
25 32 68
25 33 1315
25 34 1623
25 35 1966
25 36 176
25 37 552
25 38 733
25 39 681
25 40 2492
25 41 48
25 42 1821
25 43 2052
25 44 2125
25 45 1556
25 46 2336
25 47 1960
25 48 88
25 49 240
25 50 351
26 27 244
26 28 726
26 29 28
26 30 723
26 31 470
26 32 1784
26 33 1291
26 34 993
26 35 169
26 36 66
26 37 1879
26 38 291
26 39 186
26 40 2158
26 41 40
26 42 2222
26 43 1128
26 44 1516
26 45 1102
26 46 682
26 47 1507
26 48 2245
26 49 2263
26 50 903
27 28 436
27 29 1279
27 30 187
27 31 1879
27 32 1592
27 33 771
27 34 2233
27 35 563
27 36 2153
27 37 639
27 38 1304
27 39 648
27 40 202
27 41 583
27 42 237
27 43 1767
27 44 1002
27 45 1764
27 46 1841
27 47 549
27 48 1532
27 49 2452
27 50 477
28 29 531
28 30 1486
28 31 2364
28 32 2305
28 33 1828
28 34 1536
28 35 1402
28 36 2191
28 37 709
28 38 593
28 39 2390
28 40 401
28 41 126
28 42 2046
28 43 291
28 44 1324
28 45 2392
28 46 2144
28 47 353
28 48 1343
28 49 317
28 50 1338
29 30 1399
29 31 787
29 32 1779
29 33 553
29 34 2070
29 35 814
29 36 65
29 37 1709
29 38 694
29 39 2158
29 40 2378
29 41 1978
29 42 1910
29 43 1629
29 44 1897
29 45 246
29 46 1019
29 47 1548
29 48 766
29 49 2096
29 50 380
30 31 862
30 32 2281
30 33 784
30 34 1159
30 35 489
30 36 452
30 37 1059
30 38 2039
30 39 407
30 40 1269
30 41 2363
30 42 1654
30 43 2067
30 44 1877
30 45 839
30 46 342
30 47 359
30 48 441
30 49 678
30 50 1744
31 32 1638
31 33 1905
31 34 1730
31 35 890
31 36 2305
31 37 2295
31 38 139
31 39 1129
31 40 400
31 41 1405
31 42 2231
31 43 1664
31 44 2180
31 45 266
31 46 867
31 47 2394
31 48 976
31 49 279
31 50 1418
32 33 1213
32 34 1330
32 35 2168
32 36 1903
32 37 728
32 38 2063
32 39 1821
32 40 769
32 41 1468
32 42 1297
32 43 2492
32 44 1193
32 45 2347
32 46 2032
32 47 1910
32 48 2368
32 49 1005
32 50 1442
33 34 956
33 35 1702
33 36 505
33 37 1628
33 38 328
33 39 2397
33 40 702
33 41 572
33 42 1099
33 43 661
33 44 1989
33 45 86
33 46 1161
33 47 857
33 48 599
33 49 9
33 50 205
34 35 1406
34 36 285
34 37 792
34 38 1074
34 39 864
34 40 1045
34 41 1873
34 42 1711
34 43 1707
34 44 2057
34 45 2326
34 46 794
34 47 1029
34 48 1830
34 49 474
34 50 570
35 36 2043
35 37 294
35 38 860
35 39 1509
35 40 388
35 41 617
35 42 2405
35 43 1104
35 44 1598
35 45 2042
35 46 9
35 47 862
35 48 1734
35 49 2395
35 50 1055
36 37 1374
36 38 1277
36 39 718
36 40 2137
36 41 1129
36 42 1970
36 43 242
36 44 1880
36 45 1481
36 46 249
36 47 303
36 48 19
36 49 2199
36 50 1818
37 38 1663
37 39 1228
37 40 2427
37 41 1487
37 42 396
37 43 1288
37 44 1377
37 45 377
37 46 776
37 47 115
37 48 1978
37 49 1413
37 50 2395
38 39 1505
38 40 2343
38 41 2233
38 42 432
38 43 2020
38 44 702
38 45 1487
38 46 1713
38 47 1071
38 48 1425
38 49 1394
38 50 527
39 40 2256
39 41 1889
39 42 670
39 43 1908
39 44 434
39 45 1096
39 46 1757
39 47 41
39 48 2036
39 49 398
39 50 727
40 41 1181
40 42 748
40 43 2157
40 44 1988
40 45 1953
40 46 2113
40 47 660
40 48 1018
40 49 782
40 50 1303
41 42 114
41 43 87
41 44 1118
41 45 1458
41 46 2492
41 47 1902
41 48 2435
41 49 738
41 50 1283
42 43 875
42 44 1520
42 45 850
42 46 656
42 47 314
42 48 1820
42 49 1021
42 50 2354
43 44 2086
43 45 2155
43 46 1553
43 47 470
43 48 2019
43 49 688
43 50 2089
44 45 1927
44 46 118
44 47 1140
44 48 729
44 49 649
44 50 2137
45 46 511
45 47 1856
45 48 1999
45 49 245
45 50 728
46 47 425
46 48 1631
46 49 2308
46 50 727
47 48 179
47 49 713
47 50 297
48 49 846
48 50 1114
49 50 1324
