512 5837
1 419 44
1 472 -81
1 116 33
1 395 -49
1 490 -29
1 89 -3
1 269 0
1 309 -46
1 32 20
1 194 8
1 217 13
1 96 -55
1 121 82
1 149 -100
1 449 7
1 362 -51
1 447 -24
1 360 9
1 163 9
1 476 -40
1 181 2
1 241 20
1 331 -95
2 73 -24
2 126 99
2 443 -2
2 286 28
2 469 -39
2 276 -21
2 498 74
2 211 -74
2 15 -10
2 234 -51
2 498 -37
2 249 2
2 408 -28
2 313 45
2 326 -86
2 500 -60
2 366 17
2 503 69
2 340 -8
2 448 -70
2 313 96
2 265 9
3 426 -26
3 191 46
3 389 -90
3 68 33
3 31 36
3 265 -47
3 239 -8
3 424 61
3 117 44
3 441 -9
3 211 66
3 412 -30
3 138 -89
3 219 35
3 133 39
3 116 49
3 40 83
3 11 -16
3 329 15
3 327 -19
3 453 65
3 197 8
3 199 77
4 442 89
4 492 15
4 160 71
4 279 64
4 320 35
4 184 16
4 277 -52
4 54 -2
4 475 55
4 273 -70
4 111 83
4 509 0
4 342 -83
4 473 75
4 288 -79
4 149 94
4 260 1
4 460 -23
4 455 -25
4 157 56
4 148 -3
4 391 -2
4 374 -23
5 307 64
5 427 66
5 446 9
5 495 64
5 222 -32
5 15 34
5 185 -93
5 392 -55
5 415 86
5 431 58
5 243 49
5 351 -76
5 168 -61
5 207 91
5 260 -38
5 141 -12
5 6 56
5 272 1
5 62 8
5 309 53
5 188 60
5 158 -70
5 402 43
6 284 -12
6 159 73
6 103 -81
6 164 -72
6 79 -55
6 29 64
6 152 4
6 140 -72
6 296 98
6 304 -80
6 323 -12
6 237 71
6 366 27
6 36 27
6 339 -63
6 8 15
6 383 99
6 301 -10
6 297 42
6 98 37
6 225 20
6 71 -36
6 14 85
7 282 -46
7 408 80
7 242 40
7 331 -92
7 264 -42
7 410 22
7 364 5
7 410 -55
7 380 -54
7 267 -64
7 121 57
7 296 -73
7 215 -57
7 410 -37
7 12 4
7 509 48
7 112 82
7 263 16
7 122 -8
7 468 -14
7 80 20
7 418 -70
7 363 -5
8 499 87
8 84 -53
8 27 83
8 239 26
8 93 48
8 283 35
8 433 15
8 124 -90
8 379 -79
8 188 39
8 490 72
8 84 54
8 101 -60
8 418 22
8 137 -57
8 47 -57
8 32 -43
8 267 -88
8 375 -22
8 240 -76
8 64 -50
8 399 -57
8 90 36
9 210 -68
9 101 -38
9 338 -4
9 470 43
9 49 17
9 87 30
9 406 2
9 381 -36
9 287 -33
9 22 99
9 454 67
9 498 -46
9 72 21
9 88 -69
9 225 89
9 240 91
9 489 -93
9 82 26
9 506 48
9 482 -39
9 17 -73
9 158 80
9 84 -51
10 399 -15
10 205 -52
10 192 14
10 423 26
10 423 17
10 202 88
10 16 90
10 21 -62
10 312 -21
10 87 -44
10 353 -34
10 472 75
10 318 -8
10 139 -39
10 206 39
10 56 -44
10 69 -13
10 96 60
10 340 51
10 140 83
10 405 -66
10 344 -23
10 121 -27
11 423 74
11 270 33
11 304 -94
11 103 -80
11 32 12
11 277 78
11 349 42
11 63 59
11 20 -56
11 417 27
11 383 39
11 88 -62
11 256 32
11 241 72
11 158 -37
11 168 91
11 12 -93
11 171 31
11 198 57
12 415 67
12 162 -31
12 117 56
12 237 -76
12 138 17
12 383 42
12 401 -64
12 359 49
12 439 -98
12 276 -55
12 61 -79
12 83 -60
12 288 -68
12 354 -81
12 453 80
12 235 -45
12 209 -86
12 105 75
12 164 22
12 223 51
12 14 -22
13 344 -100
13 55 -89
13 51 -44
13 167 -56
13 360 -81
13 281 6
13 232 65
13 437 17
13 363 43
13 208 -10
13 300 -98
13 200 55
13 122 -68
13 108 60
13 16 -42
13 315 -69
13 160 -90
13 436 -86
13 339 -45
13 18 -91
13 436 71
13 298 29
14 63 -95
14 242 7
14 124 -16
14 455 28
14 401 59
14 138 35
14 427 -46
14 96 -99
14 34 81
14 197 -24
14 156 -12
14 372 25
14 457 25
14 334 0
14 232 -77
14 99 67
14 136 -21
14 360 -24
14 498 0
14 420 22
14 342 -23
14 370 33
15 238 -32
15 36 -73
15 78 10
15 80 87
15 428 -90
15 102 -74
15 114 57
15 319 -6
15 314 -66
15 23 63
15 209 -49
15 189 -71
15 185 51
15 308 -25
15 40 -22
15 116 -37
15 51 1
15 472 35
15 91 15
15 218 -47
15 197 -2
15 283 57
15 136 44
16 454 -59
16 440 86
16 158 -93
16 326 -10
16 330 80
16 306 -43
16 382 26
16 424 78
16 45 41
16 406 38
16 197 -57
16 230 7
16 462 20
16 488 92
16 326 -92
16 436 -94
16 341 90
16 51 11
16 170 30
16 260 46
16 334 70
16 136 46
17 276 47
17 150 -67
17 208 44
17 510 -27
17 223 10
17 331 -28
17 386 74
17 120 -39
17 476 10
17 452 18
17 55 -66
17 35 -9
17 414 21
17 191 16
17 117 -97
17 243 88
17 63 52
17 220 60
17 41 -49
17 345 -19
17 96 -74
17 163 -47
18 201 -59
18 136 -20
18 176 19
18 27 -35
18 449 1
18 396 87
18 299 82
18 246 48
18 301 14
18 118 -96
18 278 -60
18 161 84
18 71 5
18 474 14
18 202 87
18 388 39
18 411 -40
18 156 92
18 498 -6
18 47 -55
18 510 -59
18 201 73
19 20 85
19 60 21
19 106 -82
19 173 55
19 117 -16
19 340 34
19 307 -73
19 457 11
19 236 -100
19 180 -11
19 307 -55
19 435 -34
19 325 -85
19 94 30
19 53 -81
19 199 18
19 25 -62
19 143 95
19 348 73
19 177 -52
19 378 48
19 479 -38
19 169 -38
20 403 -88
20 115 77
20 268 42
20 92 -80
20 180 37
20 102 73
20 329 28
20 192 -67
20 266 84
20 343 -21
20 377 84
20 399 28
20 333 -24
20 364 58
20 432 -48
20 289 -3
20 426 7
20 286 -38
20 154 72
20 455 23
20 165 -65
20 270 55
20 464 -17
21 387 46
21 484 -56
21 28 -56
21 144 9
21 486 -94
21 151 -46
21 471 58
21 392 -88
21 149 -6
21 54 16
21 372 -3
21 211 54
21 212 -54
21 49 -57
21 507 90
21 163 90
21 113 -21
21 229 31
21 352 -3
21 428 -17
21 159 -98
21 238 -7
21 26 -22
22 251 -61
22 341 -4
22 95 -22
22 174 59
22 446 70
22 304 -26
22 435 -5
22 89 -86
22 297 -71
22 436 -60
22 197 -39
22 439 -58
22 430 27
22 163 62
22 387 -68
22 232 44
22 210 92
22 74 92
22 173 -66
22 228 -45
22 394 92
22 127 41
22 369 36
23 491 60
23 419 96
23 367 60
23 243 31
23 314 35
23 296 -98
23 184 97
23 220 19
23 354 -17
23 358 -1
23 59 15
23 43 -64
23 230 7
23 334 -14
23 63 -6
23 375 -99
23 417 72
23 508 7
23 108 0
23 495 -97
23 87 -68
24 218 7
24 233 -5
24 376 62
24 343 88
24 50 -33
24 72 75
24 422 28
24 392 80
24 130 -91
24 139 -91
24 48 78
24 65 -85
24 240 45
24 322 -84
24 134 82
24 185 -69
24 189 -69
24 283 8
24 162 -75
24 331 -14
24 265 40
24 69 -19
25 285 1
25 441 93
25 41 -34
25 79 31
25 369 79
25 305 98
25 360 -85
25 498 -50
25 492 37
25 279 85
25 42 -25
25 29 10
25 319 38
25 134 -79
25 64 -32
25 146 58
25 297 -60
25 125 -6
25 304 70
25 306 -27
25 122 76
25 433 90
25 215 -90
26 156 -50
26 90 37
26 115 -5
26 69 64
26 407 10
26 138 -29
26 256 -20
26 340 75
26 321 20
26 394 -80
26 449 37
26 228 60
26 299 41
26 391 -59
26 430 -44
26 29 30
26 27 -33
26 37 -93
26 275 85
26 266 89
26 200 -29
26 267 -73
27 493 -23
27 413 60
27 244 -94
27 469 -3
27 172 -75
27 268 -34
27 453 -3
27 448 68
27 176 59
27 202 28
27 64 -49
27 262 -98
27 502 62
27 441 71
27 310 32
27 239 -61
27 242 7
27 252 -16
27 354 -97
27 78 61
27 148 10
27 244 33
27 253 7
28 84 62
28 460 -75
28 265 48
28 301 -2
28 343 10
28 86 -80
28 217 32
28 382 -64
28 508 78
28 64 -14
28 253 64
28 210 63
28 322 -37
28 193 11
28 36 -58
28 480 85
28 218 58
28 76 -31
28 31 61
28 63 -68
28 315 -10
28 287 92
29 283 24
29 178 -88
29 35 -38
29 62 -29
29 478 -9
29 390 -92
29 135 -94
29 381 -11
29 290 1
29 272 54
29 313 -73
29 222 56
29 134 72
29 227 35
29 161 20
29 143 11
29 322 -64
29 341 11
29 73 68
29 486 73
29 175 -87
30 182 40
30 479 34
30 216 15
30 407 71
30 347 -66
30 512 40
30 242 -58
30 423 65
30 209 37
30 301 -7
30 168 87
30 477 0
30 145 -69
30 46 94
30 510 -21
30 297 91
30 310 -31
30 473 -64
30 305 46
30 470 -43
30 96 -70
30 127 40
30 261 -30
31 65 62
31 218 65
31 276 85
31 333 69
31 423 -82
31 350 85
31 312 45
31 436 -21
31 187 -68
31 408 -13
31 390 45
31 405 18
31 481 99
31 493 -5
31 353 -50
31 84 32
31 71 -8
31 164 7
31 347 48
31 300 1
32 184 -26
32 79 -98
32 322 86
32 473 -37
32 475 46
32 131 -34
32 347 -62
32 50 73
32 331 -97
32 469 83
32 205 -29
32 206 -51
32 399 -20
32 71 -42
32 56 7
32 283 -57
32 193 20
32 204 -6
32 265 -27
32 86 9
32 177 -79
33 158 -65
33 109 -9
33 285 3
33 308 42
33 405 32
33 85 61
33 461 46
33 394 44
33 175 -26
33 218 -86
33 305 -39
33 169 -28
33 350 -54
33 476 92
33 51 91
33 227 -84
33 504 86
33 85 -80
34 390 53
34 241 -36
34 147 -77
34 280 59
34 169 -67
34 420 55
34 277 82
34 97 38
34 106 -32
34 315 -15
34 74 54
34 432 -11
34 186 -34
34 358 -72
34 485 -59
34 60 -2
34 476 -84
34 62 49
34 490 -68
34 317 87
34 343 90
34 451 31
35 161 -63
35 317 -45
35 482 -84
35 248 -61
35 127 -63
35 115 -63
35 443 -21
35 228 49
35 157 60
35 363 -32
35 58 86
35 383 -15
35 466 -36
35 188 8
35 244 97
35 485 -25
35 126 -5
35 203 27
35 268 -73
35 98 13
35 292 6
35 238 -11
36 318 -8
36 98 -31
36 295 -18
36 176 12
36 328 22
36 96 -46
36 116 -40
36 445 -25
36 62 22
36 177 -17
36 463 31
36 286 -33
36 436 22
36 220 -68
36 371 -63
36 103 1
36 295 -7
36 191 -36
36 453 2
36 227 65
36 103 30
37 51 -73
37 107 86
37 360 -48
37 108 -7
37 284 -55
37 320 39
37 396 18
37 161 30
37 222 -85
37 89 70
37 287 -91
37 68 -20
37 160 -76
37 366 -65
37 145 -17
37 240 -28
37 419 -33
37 497 -63
37 352 -50
37 187 -87
37 389 -75
37 433 67
38 40 27
38 287 82
38 503 38
38 458 -30
38 311 98
38 462 -50
38 237 -66
38 158 84
38 333 -62
38 263 -36
38 126 0
38 441 99
38 73 29
38 201 -59
38 179 -93
38 79 -7
38 409 11
38 139 -59
38 305 26
38 291 26
38 413 88
38 270 -64
38 362 -29
39 341 -44
39 411 -32
39 75 37
39 223 71
39 53 15
39 211 71
39 149 -96
39 504 -50
39 219 63
39 178 -93
39 487 21
39 400 -58
39 396 95
39 409 43
39 146 24
39 221 60
39 106 -69
39 460 -62
39 260 45
39 369 -82
39 370 88
39 499 -23
39 466 93
40 309 -10
40 382 69
40 266 67
40 362 -15
40 108 7
40 214 21
40 394 81
40 78 -21
40 260 11
40 82 -57
40 164 -76
40 140 -68
40 506 -67
40 471 -54
40 248 9
40 129 -8
40 89 -43
40 360 11
40 241 -61
40 201 37
40 42 97
40 180 -21
41 140 -8
41 46 22
41 134 48
41 357 -11
41 258 -77
41 274 98
41 474 -93
41 313 -41
41 493 -2
41 419 -73
41 374 42
41 272 24
41 112 3
41 409 -99
41 272 -90
41 53 -16
41 418 73
41 193 -15
41 464 -90
42 101 -26
42 88 73
42 323 -36
42 496 94
42 226 75
42 73 55
42 389 -19
42 500 66
42 487 -52
42 223 -63
42 249 -79
42 324 34
42 158 26
42 452 -78
42 214 39
42 281 -20
42 133 -87
42 255 -80
42 324 1
42 111 -37
42 395 11
43 268 -91
43 284 70
43 360 -76
43 111 -13
43 358 -22
43 373 82
43 149 0
43 510 -46
43 206 83
43 393 -46
43 281 82
43 379 83
43 323 -38
43 381 53
43 244 -48
43 328 -75
43 280 -6
43 332 -62
43 91 43
43 192 71
43 503 -85
43 344 34
44 334 45
44 220 -23
44 238 -66
44 182 74
44 504 -35
44 338 -27
44 90 -90
44 259 -67
44 285 -99
44 129 84
44 440 84
44 347 9
44 480 59
44 228 32
44 370 58
44 152 53
44 394 28
44 277 -11
44 469 -86
44 187 9
44 372 -96
44 209 -12
45 128 39
45 316 3
45 61 -80
45 174 59
45 242 -47
45 309 -17
45 370 -48
45 218 -46
45 162 -24
45 201 -80
45 132 94
45 401 -19
45 147 37
45 147 95
45 380 -39
45 182 -44
45 391 -39
45 313 -36
45 114 69
45 325 5
46 246 -13
46 133 -51
46 164 -83
46 300 -33
46 65 -62
46 396 9
46 386 -45
46 444 13
46 446 -95
46 418 -93
46 385 94
46 222 91
46 498 -56
46 503 -52
46 303 10
46 411 -83
46 323 9
46 164 -78
46 152 28
46 118 68
46 405 -40
46 499 10
46 420 11
47 217 60
47 134 -100
47 261 -38
47 72 20
47 399 71
47 446 -32
47 357 11
47 512 72
47 300 -2
47 375 -91
47 484 -18
47 485 -82
47 92 44
47 474 -2
47 120 44
47 390 98
47 146 -54
47 164 93
47 418 13
47 422 99
48 186 -48
48 231 58
48 57 -47
48 320 89
48 163 99
48 232 37
48 84 64
48 328 -67
48 124 38
48 132 26
48 397 87
48 292 47
48 351 22
48 51 -19
48 182 60
48 247 -90
48 504 -12
48 119 -26
48 151 13
48 149 61
48 129 26
48 430 8
48 468 13
49 400 40
49 77 -66
49 151 -46
49 120 -3
49 208 19
49 451 40
49 491 79
49 507 -59
49 354 -23
49 120 -57
49 57 5
49 202 -39
49 241 -25
49 108 32
49 505 -97
49 499 -76
49 272 1
49 476 -72
49 138 -16
49 132 31
50 104 -70
50 225 29
50 103 79
50 281 76
50 63 64
50 409 -80
50 52 21
50 81 -19
50 301 72
50 331 56
50 80 12
50 379 98
50 316 46
50 398 -19
50 146 -4
50 201 70
50 492 -87
50 84 12
50 134 60
50 117 90
50 382 -60
51 220 68
51 434 -19
51 53 69
51 57 -47
51 354 53
51 326 -66
51 178 -40
51 304 -5
51 192 -10
51 447 -53
51 482 -79
51 114 68
51 511 44
51 289 19
51 148 -85
51 117 -5
51 100 66
51 265 -17
51 315 21
51 366 -79
51 495 37
52 244 37
52 235 -82
52 203 68
52 54 52
52 148 -50
52 465 26
52 158 91
52 371 59
52 178 -35
52 170 21
52 480 80
52 464 90
52 410 2
52 419 -1
52 339 -40
52 326 -55
52 211 59
52 233 -3
52 494 56
52 322 38
53 311 -40
53 408 -9
53 488 -28
53 416 74
53 276 -90
53 77 23
53 167 -33
53 110 93
53 336 -57
53 161 19
53 402 98
53 96 -66
53 265 -50
53 140 52
53 451 23
53 268 -97
53 237 -10
53 87 7
54 155 -21
54 236 -56
54 370 94
54 70 13
54 423 58
54 129 43
54 426 66
54 404 96
54 417 -18
54 399 12
54 494 -63
54 254 -76
54 103 -97
54 217 -38
54 219 -39
54 313 -57
54 367 -43
54 440 -13
54 387 -55
54 405 -95
54 374 3
55 442 -10
55 507 13
55 352 -94
55 449 85
55 299 -53
55 382 30
55 446 85
55 467 52
55 494 -79
55 304 41
55 180 11
55 251 99
55 277 -8
55 498 35
55 78 -5
55 129 97
55 217 18
55 57 51
55 140 42
55 290 -45
55 96 -12
56 158 67
56 368 16
56 499 18
56 366 19
56 495 -73
56 105 -49
56 404 -77
56 183 24
56 377 86
56 307 -57
56 310 97
56 246 -58
56 146 80
56 145 21
56 282 -95
56 339 99
56 434 -69
56 98 -42
56 346 98
56 194 18
57 388 -43
57 425 -38
57 267 -46
57 302 -81
57 285 34
57 140 62
57 304 -79
57 143 1
57 498 -28
57 439 55
57 168 -38
57 504 -20
57 187 61
57 483 -11
57 116 65
57 59 -61
57 135 -93
57 65 -15
58 335 89
58 512 30
58 121 -60
58 301 62
58 490 54
58 184 64
58 216 77
58 432 -74
58 350 -5
58 316 27
58 135 73
58 140 -4
58 282 -10
58 307 61
58 349 59
58 396 35
58 405 11
58 373 49
58 77 4
58 383 95
59 332 -4
59 369 4
59 235 7
59 424 5
59 440 -62
59 363 95
59 124 55
59 299 -61
59 85 -98
59 219 65
59 182 21
59 497 -43
59 261 -90
59 479 -48
59 507 -28
59 249 -24
59 256 67
59 504 69
60 333 24
60 478 13
60 400 73
60 404 51
60 245 -3
60 120 7
60 115 -91
60 288 76
60 396 -35
60 73 -20
60 485 -78
60 473 21
60 460 -69
60 422 -70
60 274 -81
60 484 -87
60 229 50
60 299 71
60 409 -52
60 402 45
61 78 8
61 497 61
61 83 38
61 369 59
61 230 15
61 400 37
61 126 -38
61 298 65
61 89 48
61 441 18
61 232 21
61 471 -27
61 494 -37
61 107 -19
61 385 -13
61 451 -59
61 365 -98
61 368 -1
61 389 -7
62 304 -42
62 246 87
62 105 -57
62 219 -13
62 159 -93
62 266 99
62 64 -64
62 245 35
62 240 29
62 429 67
62 348 -99
62 243 -2
62 449 -3
62 459 -36
62 401 -46
62 175 42
62 415 -45
63 314 53
63 108 23
63 437 66
63 208 51
63 376 64
63 423 62
63 195 -76
63 298 79
63 255 -68
63 311 -50
63 408 2
63 406 88
63 224 81
63 116 46
63 120 42
63 199 -95
63 97 -88
63 189 -95
64 271 33
64 479 3
64 374 -40
64 412 -10
64 333 15
64 376 -56
64 143 -7
64 219 60
64 98 26
64 111 -67
64 417 -38
64 339 -17
64 212 28
64 388 24
64 229 46
64 103 96
64 283 77
64 370 -31
64 426 20
65 483 -75
65 412 -23
65 394 9
65 245 -45
65 482 18
65 485 -99
65 428 47
65 86 -91
65 100 -40
65 228 -56
65 162 -56
65 355 92
65 470 -33
65 216 10
65 436 98
65 151 -12
65 238 63
65 322 94
65 229 73
65 234 -32
66 486 50
66 329 37
66 76 -53
66 82 71
66 219 65
66 171 -90
66 348 58
66 396 76
66 131 -25
66 417 -83
66 451 62
66 438 -3
66 259 -45
66 260 -85
66 338 10
66 465 6
66 245 74
66 271 35
66 444 -72
66 76 -2
66 435 -85
66 449 -62
67 403 -43
67 231 87
67 145 -82
67 369 81
67 235 10
67 375 57
67 311 92
67 245 45
67 192 63
67 210 0
67 503 0
67 363 -91
67 134 46
67 235 -69
67 392 27
67 419 -67
67 259 1
67 312 -9
67 219 12
67 434 -68
68 426 28
68 70 2
68 258 -50
68 470 -45
68 308 -36
68 319 97
68 189 -64
68 95 94
68 125 39
68 398 97
68 375 -42
68 435 -79
68 372 87
68 161 -55
68 408 20
68 341 -45
68 266 -90
68 384 33
68 141 -49
68 482 -13
69 354 -30
69 344 90
69 120 86
69 91 -99
69 184 -6
69 217 98
69 462 10
69 252 -11
69 254 -18
69 296 29
69 360 6
69 245 99
69 151 42
69 156 56
69 497 -53
69 477 -86
69 186 76
69 231 59
69 431 33
69 474 43
70 445 -58
70 149 -18
70 453 79
70 480 30
70 273 -33
70 220 63
70 128 21
70 130 45
70 507 90
70 463 28
70 328 -45
70 96 27
70 182 -52
70 415 -47
70 329 97
70 418 64
70 385 81
70 278 5
71 394 1
71 110 -66
71 292 -6
71 292 -52
71 325 -5
71 415 80
71 105 55
71 253 -55
71 155 -3
71 383 32
71 442 -37
71 75 63
71 280 29
71 221 -64
71 305 57
71 195 -37
71 281 89
71 445 58
71 440 -53
71 495 -13
72 351 8
72 355 -52
72 154 -52
72 253 -59
72 123 -54
72 477 58
72 344 20
72 428 -100
72 268 29
72 412 45
72 362 93
72 322 -35
72 207 18
72 231 41
72 112 -69
72 255 -98
72 350 60
72 505 -55
72 455 15
73 204 -59
73 157 5
73 189 52
73 130 -78
73 327 -26
73 90 -72
73 199 -48
73 265 12
73 390 -40
73 384 35
73 151 -32
73 266 -15
73 183 96
73 380 -67
73 241 -30
73 439 10
73 130 -95
73 404 -60
73 215 -55
73 490 11
73 198 -35
73 245 43
74 205 0
74 275 -45
74 430 -4
74 298 -47
74 106 -20
74 76 -85
74 117 -44
74 338 -42
74 495 -35
74 509 77
74 144 19
74 115 13
74 458 94
74 476 -23
74 477 -42
74 387 39
74 467 52
74 172 37
74 80 27
74 119 -18
74 375 -13
74 173 -21
75 313 -11
75 325 73
75 385 -87
75 419 -34
75 433 -90
75 123 -54
75 296 -22
75 267 -13
75 319 -89
75 313 -54
75 279 76
75 226 -8
75 161 50
75 151 -54
75 332 30
75 254 7
75 458 -87
75 202 5
75 189 -5
75 162 39
75 397 -36
76 229 54
76 93 -26
76 496 92
76 260 2
76 440 87
76 98 63
76 427 -79
76 80 7
76 273 -85
76 82 17
76 353 70
76 195 16
76 396 -44
76 315 79
76 358 69
76 231 68
76 450 -2
76 322 13
76 228 -32
76 463 -52
76 412 11
77 89 39
77 119 -45
77 242 79
77 498 85
77 171 24
77 432 -78
77 509 43
77 346 60
77 194 89
77 161 -26
77 137 34
77 145 -43
77 96 -70
77 438 -56
77 321 -15
77 119 -21
77 482 -82
77 319 76
77 490 85
77 138 -46
78 242 -13
78 495 86
78 326 -18
78 379 81
78 469 22
78 105 84
78 280 45
78 370 2
78 361 39
78 351 71
78 355 -29
78 87 -35
78 507 -38
78 154 99
78 485 12
78 435 -69
78 393 13
78 483 -1
78 472 -12
78 95 68
78 96 -54
78 442 92
78 173 -44
79 182 14
79 383 1
79 500 70
79 209 52
79 368 -23
79 384 53
79 295 94
79 173 -83
79 255 -8
79 103 34
79 298 -23
79 414 54
79 80 57
79 494 -54
79 423 88
79 182 1
79 290 -56
79 107 -20
79 107 -40
80 219 -30
80 314 45
80 207 -96
80 474 -99
80 442 -100
80 214 25
80 429 14
80 180 -37
80 291 -13
80 146 14
80 138 -58
80 143 4
80 99 38
80 163 34
80 410 -35
80 104 61
80 361 28
80 310 9
81 425 -2
81 503 58
81 406 71
81 154 -78
81 260 -40
81 315 70
81 322 61
81 179 58
81 135 68
81 245 -58
81 92 -35
81 143 40
81 312 -67
81 281 24
81 332 -85
81 435 67
81 448 76
81 181 -14
81 111 56
82 258 27
82 214 19
82 467 -64
82 236 -80
82 276 -81
82 460 53
82 288 -62
82 249 -92
82 272 -4
82 275 67
82 311 -44
82 452 -1
82 154 9
82 198 44
82 384 16
82 320 -90
82 133 -17
82 160 -50
82 140 13
82 202 53
82 504 81
82 480 -42
82 286 66
83 204 96
83 481 -37
83 374 -31
83 199 85
83 387 15
83 510 -30
83 461 -12
83 463 33
83 269 25
83 470 85
83 467 -30
83 104 -65
83 193 -13
83 136 -90
84 485 -1
84 479 -1
84 113 57
84 356 -51
84 328 -75
84 374 -61
84 97 -70
84 296 26
84 130 65
84 496 85
84 134 -41
84 92 44
84 401 -47
84 205 74
84 346 66
84 187 56
84 91 -25
84 392 -53
84 117 72
85 144 -8
85 211 -74
85 259 -49
85 389 -43
85 132 70
85 116 -59
85 486 87
85 431 -33
85 286 -72
85 358 -32
85 182 2
85 149 33
85 473 41
85 420 57
85 141 13
85 339 33
85 375 9
85 501 -52
86 274 -94
86 334 41
86 344 92
86 191 -86
86 113 33
86 265 -75
86 160 -94
86 347 -96
86 272 64
86 239 -42
86 88 48
86 429 -62
86 393 65
86 438 88
86 140 43
86 278 49
86 191 72
86 511 90
86 108 71
86 138 91
86 427 4
87 238 49
87 206 33
87 319 -67
87 446 19
87 121 74
87 383 25
87 443 59
87 380 15
87 112 -48
87 197 -26
87 117 -45
87 392 64
87 407 -54
87 134 13
87 362 -93
87 456 34
87 278 -24
87 201 64
87 196 10
87 482 -93
87 165 54
88 434 0
88 397 0
88 509 -90
88 235 2
88 395 -30
88 448 80
88 318 99
88 384 -74
88 260 -36
88 507 -7
88 201 28
88 186 26
88 282 1
88 468 90
88 253 -20
88 302 35
88 178 73
88 385 -24
89 326 -3
89 149 44
89 231 7
89 349 -19
89 269 -96
89 202 -94
89 385 -66
89 499 57
89 161 2
89 197 -88
89 253 3
89 211 68
89 391 6
89 444 -83
89 402 -20
89 293 92
89 218 44
89 239 66
89 226 -78
89 271 -70
90 136 24
90 341 82
90 492 54
90 451 -59
90 397 -82
90 133 38
90 362 85
90 152 -94
90 155 -33
90 419 38
90 124 -20
90 416 33
90 486 -6
90 384 69
90 133 44
90 200 58
90 424 61
91 125 -76
91 269 -63
91 474 24
91 181 5
91 445 22
91 241 -63
91 284 10
91 413 77
91 144 31
91 505 -9
91 236 40
91 364 22
91 278 23
91 274 46
91 228 69
91 176 90
91 240 -48
91 220 -70
91 220 13
91 276 -93
92 256 -10
92 322 6
92 251 37
92 428 59
92 113 48
92 197 -39
92 296 -87
92 273 -78
92 210 -43
92 240 -36
92 307 25
92 473 11
92 362 98
92 257 -100
92 108 -32
92 218 3
92 475 2
92 118 -8
92 315 -65
92 336 -20
93 434 -78
93 408 24
93 504 -9
93 271 -97
93 408 -12
93 182 59
93 502 28
93 245 -46
93 403 81
93 307 15
93 440 79
93 101 24
93 120 -8
93 218 19
93 246 -79
93 358 70
93 466 16
93 500 0
94 161 49
94 304 71
94 475 -57
94 347 85
94 258 75
94 380 -48
94 120 6
94 414 72
94 410 71
94 253 39
94 186 19
94 312 1
94 459 50
94 268 -85
94 111 76
94 512 -85
94 339 -86
94 352 -4
94 152 15
94 346 44
94 472 -99
94 323 -93
95 258 -48
95 474 -49
95 130 -55
95 181 6
95 387 -42
95 334 24
95 462 -23
95 241 -85
95 238 -44
95 122 28
95 237 26
95 124 43
95 307 -56
95 442 -82
95 188 43
95 321 78
95 192 -8
95 283 -51
95 439 26
95 387 -25
95 209 -59
96 462 -66
96 310 95
96 168 -19
96 443 -77
96 386 27
96 243 91
96 333 -26
96 487 -59
96 463 -6
96 191 7
96 290 -61
96 444 -7
96 194 -92
96 344 70
96 442 -93
96 340 -21
97 232 87
97 511 38
97 117 55
97 215 90
97 338 74
97 358 24
97 373 24
97 490 -4
97 349 92
97 451 -93
97 272 65
97 331 52
97 479 -63
97 223 -38
97 261 54
97 155 -36
97 341 -53
97 173 56
98 418 -2
98 438 52
98 427 -79
98 149 -66
98 321 -87
98 144 87
98 387 -63
98 152 -89
98 283 -75
98 140 -21
98 314 -63
98 449 54
98 307 -19
98 169 76
98 351 -100
98 481 -26
98 290 -79
98 352 84
98 346 50
98 181 12
98 451 76
99 392 26
99 345 11
99 437 98
99 257 -93
99 390 16
99 471 80
99 341 25
99 328 -35
99 285 15
99 471 -90
99 192 11
99 251 -57
99 152 -53
99 364 -93
99 283 27
99 376 34
99 156 12
99 435 19
99 300 -7
99 311 75
99 101 -5
100 261 -45
100 101 98
100 336 77
100 116 -11
100 399 -36
100 294 81
100 489 -29
100 441 -83
100 469 41
100 270 -7
100 306 -95
100 456 14
100 369 -19
100 506 -95
100 258 -69
100 176 -100
100 360 -82
100 334 39
100 196 0
100 170 96
100 173 -51
101 128 -42
101 363 20
101 324 34
101 487 -82
101 441 -72
101 349 -70
101 203 -74
101 358 72
101 266 36
101 486 -58
101 200 92
101 285 -30
101 176 4
101 228 -74
101 359 -56
101 155 -20
101 388 -58
101 372 -13
102 241 -9
102 276 -15
102 401 -15
102 363 -23
102 476 35
102 293 29
102 377 92
102 315 32
102 193 -46
102 334 -88
102 208 -16
102 141 -74
102 500 19
102 308 99
102 166 50
102 299 62
103 234 -66
103 211 16
103 502 -52
103 323 3
103 267 56
103 279 42
103 474 -36
103 294 99
103 123 44
103 268 21
103 447 -6
103 181 51
103 214 -90
103 467 2
104 266 14
104 188 -14
104 381 -57
104 267 -60
104 202 75
104 460 82
104 465 -81
104 171 -96
104 366 -66
104 163 14
104 512 79
104 237 -74
104 155 96
104 133 -64
104 273 -98
104 436 76
104 370 61
104 165 -27
105 246 -92
105 196 -43
105 488 -53
105 497 -45
105 129 -7
105 366 77
105 480 -15
105 117 -21
105 441 -37
105 500 -90
105 278 39
105 125 2
105 332 22
105 395 -26
105 438 21
105 307 -43
105 115 16
105 475 -41
106 231 -10
106 467 -1
106 327 48
106 399 90
106 234 -91
106 465 72
106 450 81
106 162 10
106 387 -97
106 250 -77
106 146 -83
106 512 53
106 291 53
106 139 62
106 141 -30
106 230 -86
106 455 -67
106 156 16
106 300 -29
107 400 10
107 439 74
107 400 -61
107 179 21
107 363 -55
107 247 -9
107 428 31
107 185 66
107 121 85
107 133 -67
107 174 49
107 268 28
107 208 -92
107 177 5
107 262 17
107 494 49
107 396 1
107 351 -49
108 281 -10
108 315 -43
108 231 -41
108 240 42
108 204 88
108 510 48
108 338 12
108 413 81
108 154 -73
108 368 -19
108 287 -47
108 292 -35
108 210 -83
108 493 73
108 181 -61
108 261 99
108 487 77
108 160 75
108 143 -69
108 315 -68
109 269 -65
109 317 -89
109 421 74
109 357 12
109 159 44
109 250 55
109 359 -10
109 205 -91
109 227 -28
109 137 97
109 472 71
109 240 -98
109 236 0
109 339 -86
109 412 -66
109 304 69
109 434 70
110 162 85
110 190 9
110 408 63
110 347 -63
110 223 29
110 363 47
110 412 74
110 312 83
110 500 -35
110 260 -7
110 115 -99
110 402 92
110 332 -100
110 485 43
110 340 -68
111 296 -28
111 354 98
111 337 83
111 454 -26
111 491 62
111 180 86
111 252 54
111 149 -96
111 353 43
111 362 43
111 414 38
111 300 -34
111 439 52
112 144 36
112 428 2
112 199 -29
112 422 48
112 165 -42
112 248 49
112 468 -60
112 273 -33
112 296 -77
112 229 -21
112 163 67
112 497 52
112 430 -25
112 352 78
112 209 -46
112 377 -1
113 337 -44
113 186 39
113 121 -34
113 459 -86
113 413 50
113 345 38
113 290 65
113 428 82
113 471 -61
113 250 -38
113 288 56
113 501 -28
113 400 -72
113 275 -20
113 180 98
113 131 -80
113 303 -50
113 205 -88
113 482 43
114 176 51
114 428 -55
114 466 -71
114 320 -72
114 339 -10
114 385 -93
114 373 -62
114 215 -22
114 262 -98
114 363 58
114 408 -66
114 287 -67
114 330 -33
114 443 -99
114 456 -43
114 284 85
115 495 62
115 215 -59
115 143 37
115 179 -87
115 335 97
115 200 24
115 264 81
115 471 97
115 416 -36
115 452 -83
115 281 -72
115 412 4
115 382 -46
115 216 -66
115 284 -18
115 146 60
115 393 -82
116 145 -1
116 341 24
116 264 -74
116 183 -62
116 226 55
116 174 -30
116 338 -68
116 328 18
116 154 -95
116 310 59
116 258 -23
116 477 83
116 182 47
116 372 -2
116 239 -96
116 499 31
116 118 -6
117 150 99
117 191 27
117 328 77
117 440 -52
117 215 67
117 419 -33
117 143 67
117 169 -69
117 255 3
117 507 37
117 463 15
117 337 21
117 155 95
117 177 10
117 346 71
117 209 -81
117 177 -11
117 420 71
117 302 41
118 489 67
118 384 28
118 288 -43
118 434 -1
118 171 -40
118 277 56
118 428 -69
118 473 -12
118 132 82
118 425 -93
118 203 -44
118 187 -64
118 293 53
118 204 -44
118 402 -33
118 404 84
118 190 55
118 345 68
118 177 -74
119 436 39
119 326 26
119 154 94
119 407 -42
119 304 -96
119 240 -22
119 155 -38
119 436 60
119 394 -100
119 252 66
119 215 -30
119 309 -83
119 122 14
119 508 22
119 491 -34
119 358 -48
119 242 23
120 374 -16
120 133 -61
120 404 2
120 342 13
120 260 -45
120 443 -25
120 286 -90
120 121 -21
120 175 92
120 228 -26
120 305 -86
120 508 -81
120 316 -48
120 250 2
120 233 57
120 145 -53
120 330 71
120 141 -8
121 130 79
121 304 -46
121 168 21
121 190 40
121 405 -15
121 443 1
121 435 -42
121 399 -75
121 213 96
121 318 -21
121 211 -68
121 384 45
121 444 80
121 253 30
121 136 -92
122 417 -100
122 294 45
122 239 28
122 338 -21
122 177 -3
122 201 31
122 429 -99
122 431 12
122 338 -30
122 273 -10
122 294 -56
122 190 66
122 261 61
122 188 -30
122 304 74
122 310 -42
122 146 -74
122 244 -88
122 159 10
122 331 -8
123 287 -62
123 274 84
123 432 24
123 480 37
123 435 76
123 150 34
123 495 4
123 166 98
123 257 -51
123 509 -58
123 468 -26
123 204 80
123 150 42
123 327 3
123 453 -82
123 300 -9
123 372 56
124 370 -76
124 403 -96
124 250 93
124 354 18
124 492 21
124 394 -90
124 132 10
124 261 -78
124 133 59
124 221 -50
124 304 12
124 406 -33
124 509 -34
124 278 -91
125 217 50
125 375 -42
125 507 82
125 140 6
125 203 -88
125 199 15
125 392 42
125 198 -95
125 468 4
125 148 31
125 155 33
125 388 12
125 398 -62
125 134 -97
125 257 -57
126 357 -46
126 499 60
126 243 -35
126 420 -2
126 328 -11
126 279 -96
126 378 21
126 367 3
126 390 5
126 374 -17
126 247 39
126 245 -45
126 291 -45
126 351 51
126 417 80
126 169 -17
127 386 -74
127 221 51
127 170 -62
127 140 -37
127 314 35
127 443 -2
127 378 -55
127 440 -47
127 173 -22
127 135 7
127 465 -99
127 222 61
127 283 82
127 491 94
127 212 73
127 365 76
127 319 -92
127 231 18
128 428 -81
128 345 -51
128 197 94
128 467 -96
128 419 79
128 459 -64
128 423 17
128 137 -16
128 335 89
128 284 78
128 292 -74
128 487 23
128 145 90
128 349 61
128 193 21
128 339 -62
128 510 -7
129 141 -30
129 248 -47
129 413 1
129 505 -74
129 423 -73
129 483 -62
129 416 -97
129 295 -8
129 261 -90
129 249 85
129 391 -45
129 221 -5
129 277 -10
129 283 24
129 301 -75
129 286 3
130 195 28
130 486 69
130 283 -29
130 160 -19
130 272 21
130 242 20
130 477 17
130 169 54
130 428 15
130 161 -1
130 465 90
130 332 -50
130 146 62
130 137 21
130 455 -49
130 239 -27
130 506 -99
130 240 60
130 365 -55
130 460 -94
130 341 8
130 284 -50
131 180 -44
131 192 -44
131 362 -4
131 345 89
131 440 23
131 428 90
131 377 -40
131 153 -18
131 257 91
131 230 -60
131 261 89
131 479 -45
131 261 31
131 506 -2
132 388 53
132 448 97
132 320 11
132 370 51
132 400 66
132 280 17
132 174 78
132 366 -45
132 176 -78
132 498 -15
132 309 -14
132 267 16
132 247 -59
133 170 -36
133 498 -73
133 358 94
133 352 -24
133 170 -38
133 412 -31
133 398 -60
133 507 -59
133 343 41
133 506 -11
133 290 8
133 476 71
133 497 -19
133 158 -12
133 307 -30
133 470 -72
134 196 44
134 226 -93
134 479 -17
134 165 58
134 202 -18
134 177 27
134 361 53
134 440 59
134 298 58
134 449 -79
134 372 -60
134 341 93
134 300 -89
134 401 87
134 381 77
134 233 -43
134 477 44
134 360 73
135 415 -68
135 317 84
135 442 95
135 400 72
135 162 -59
135 146 -39
135 285 30
135 161 83
135 502 69
135 238 -74
135 481 -45
135 273 -84
135 375 78
135 450 7
135 423 65
135 226 -82
135 484 69
135 330 9
135 403 90
135 216 52
136 167 44
136 387 -9
136 496 84
136 168 19
136 225 6
136 244 90
136 195 -19
136 339 -57
136 406 7
136 265 18
136 396 65
136 196 77
136 449 83
136 294 62
137 353 -76
137 491 -19
137 234 98
137 348 -55
137 300 8
137 312 -47
137 371 -97
137 367 -45
137 163 -21
137 429 -29
137 447 -29
137 187 -49
137 403 -100
137 350 32
137 151 -72
137 456 -71
137 176 17
137 455 -82
137 506 77
138 469 -57
138 391 47
138 397 -27
138 182 -59
138 285 -7
138 214 49
138 315 83
138 263 98
138 172 39
138 256 -100
138 400 -7
138 170 63
138 470 52
138 262 65
138 209 5
138 337 28
138 344 98
138 145 55
138 283 5
138 288 61
138 390 -37
139 192 -77
139 256 -65
139 199 93
139 412 86
139 271 46
139 180 19
139 208 73
139 338 75
139 283 -99
139 305 -98
139 190 -4
139 429 -55
139 220 -30
139 291 92
139 339 -2
139 313 68
139 216 80
139 465 -46
140 382 -69
140 427 67
140 183 -47
140 191 -46
140 208 62
140 429 -26
140 342 -49
140 304 35
140 221 56
140 425 98
140 308 -31
140 410 20
140 497 96
140 253 99
140 289 -53
140 290 -61
140 219 69
140 458 72
140 405 -62
140 341 91
141 227 87
141 440 89
141 235 -22
141 462 99
141 279 -57
141 454 30
141 175 -34
141 274 -34
141 491 -72
141 290 -56
141 309 -27
141 200 -51
141 460 97
141 356 -34
141 173 -99
141 214 -76
141 324 48
141 222 16
142 479 -92
142 302 76
142 307 -25
142 392 66
142 282 50
142 282 -92
142 275 -68
142 207 9
142 366 -79
142 148 -73
142 509 85
142 367 -99
142 212 6
142 161 -65
143 253 19
143 463 -76
143 281 -77
143 346 21
143 409 -57
143 358 58
143 322 76
143 458 71
143 357 69
143 275 96
143 148 14
143 232 49
143 383 36
144 300 43
144 415 31
144 194 95
144 422 98
144 496 -56
144 283 46
144 341 50
144 216 65
144 361 -35
144 386 -3
144 377 62
144 264 -82
144 400 78
144 431 -16
144 457 47
144 173 64
144 153 -95
145 376 95
145 502 3
145 242 -21
145 354 16
145 405 11
145 158 57
145 207 95
145 450 31
145 266 84
145 472 69
145 276 -80
145 268 78
145 329 -53
146 245 -50
146 238 96
146 344 30
146 366 20
146 351 -19
146 451 -92
146 474 -24
146 407 33
146 290 -89
146 263 -91
146 175 -92
146 214 69
146 399 -64
146 466 -75
146 152 -5
146 149 -32
147 348 -16
147 501 -25
147 430 -57
147 372 -62
147 473 75
147 197 58
147 336 38
147 406 -97
147 451 54
147 319 -60
147 441 -23
147 501 20
147 261 54
147 279 -22
147 490 26
147 399 60
147 310 10
148 263 -94
148 228 -100
148 204 -95
148 391 83
148 503 -19
148 291 1
148 248 -75
148 358 -44
148 297 16
148 313 -98
148 208 84
148 166 11
148 239 58
149 380 49
149 278 43
149 263 99
149 211 14
149 171 82
149 223 -97
149 419 -21
149 481 -73
149 206 93
149 238 94
149 342 -64
149 305 -37
149 432 -25
149 275 15
149 359 62
149 339 -22
149 445 -25
149 485 4
149 250 0
150 484 -88
150 447 70
150 385 -38
150 190 20
150 391 -60
150 181 51
150 282 -92
150 345 4
150 455 25
150 343 -87
150 410 4
150 222 -45
150 497 80
150 204 -64
150 423 -15
150 406 85
151 296 -55
151 189 8
151 346 -90
151 296 -72
151 395 70
151 190 -56
151 186 3
151 447 -13
151 264 39
151 460 51
151 328 -57
151 468 38
151 396 55
151 435 -31
151 482 -69
151 436 -8
151 222 -98
151 283 -10
151 302 82
151 173 -32
152 484 62
152 443 -11
152 246 -43
152 189 -77
152 302 20
152 312 -2
152 503 87
152 419 -24
152 318 -25
152 463 37
152 200 49
152 471 -75
152 284 -49
152 461 99
153 389 -92
153 315 79
153 169 60
153 186 99
153 495 -64
153 289 -15
153 172 -92
153 172 36
153 477 53
153 471 -53
153 251 -32
154 244 90
154 247 -52
154 187 12
154 332 95
154 254 85
154 317 -93
154 459 70
154 169 77
154 426 -94
154 457 -46
154 458 -18
154 271 95
154 158 97
154 418 -38
155 425 -27
155 347 72
155 308 85
155 458 -76
155 489 -27
155 509 80
155 279 -28
155 345 15
155 384 80
155 200 -44
155 187 -1
155 297 -82
155 215 -91
155 157 91
156 195 -87
156 307 93
156 365 -94
156 283 -88
156 183 85
156 460 -2
156 253 -58
156 205 8
156 167 -61
156 456 -52
156 172 -4
156 245 4
157 194 38
157 498 12
157 443 24
157 242 -84
157 501 -68
157 232 -46
157 444 -16
157 486 47
157 308 -56
157 310 88
157 445 1
157 440 98
158 289 -86
158 384 48
158 342 -17
158 382 -6
158 318 69
158 445 86
158 160 -1
158 506 75
158 445 65
158 278 -25
158 433 88
158 464 -9
158 160 -16
158 413 -78
158 397 -42
158 239 41
159 188 -20
159 290 9
159 427 -10
159 419 53
159 325 -52
159 170 -78
159 167 95
159 252 -72
159 266 65
159 277 -58
159 434 -55
159 410 13
159 369 61
159 473 44
159 338 -61
159 309 -59
159 443 -5
160 338 34
160 225 -42
160 184 -2
160 408 -86
160 356 -22
160 202 -35
160 311 -5
160 419 -90
160 167 22
160 256 -55
160 396 88
160 214 -5
160 291 -23
160 291 -86
160 268 44
160 476 -33
160 282 -95
161 317 -97
161 229 36
161 455 14
161 180 64
161 365 -84
161 194 61
161 202 4
161 353 26
161 332 -44
161 433 44
161 384 57
161 166 73
161 194 99
161 317 -27
161 377 14
162 171 83
162 350 29
162 297 57
162 331 61
162 448 -49
162 186 2
162 482 39
162 272 -7
162 315 -15
162 240 -9
162 231 -28
162 178 58
162 463 90
162 405 -30
162 357 49
162 310 38
162 504 56
163 434 91
163 197 -77
163 186 93
163 268 31
163 259 -48
163 458 5
163 320 -26
163 504 -68
163 186 -25
163 307 -100
163 447 -69
163 482 76
163 424 -8
163 343 81
163 511 -88
163 409 96
163 233 -49
164 466 -75
164 333 -38
164 489 -3
164 270 -33
164 403 21
164 251 -62
164 168 -42
164 212 52
164 419 56
164 336 -63
164 243 -18
164 433 -71
164 240 -53
164 288 -34
164 216 -92
164 315 33
164 303 63
165 210 -4
165 434 -38
165 394 77
165 260 14
165 460 41
165 314 69
165 363 -14
165 468 48
165 233 26
165 241 -55
165 193 14
165 458 -29
165 340 7
165 449 70
165 204 -86
165 379 15
166 208 32
166 228 25
166 364 79
166 253 59
166 354 45
166 483 35
166 424 -4
166 429 85
166 220 -51
166 229 -78
166 473 -27
166 361 -53
166 222 19
166 378 -77
166 186 60
167 365 50
167 225 -55
167 313 36
167 420 74
167 208 90
167 187 -39
167 398 66
167 413 81
167 332 -93
167 315 -17
167 486 40
167 254 96
168 427 97
168 258 41
168 233 -92
168 486 66
168 373 -89
168 227 -67
168 294 77
168 195 68
168 463 -29
168 414 -92
168 169 19
168 225 -44
168 308 4
168 201 64
169 227 26
169 180 37
169 387 11
169 202 51
169 326 -47
169 219 -53
169 414 -42
169 341 -27
169 357 -18
169 301 -13
169 502 -68
169 497 52
169 191 6
169 377 -45
169 174 73
170 259 85
170 316 -82
170 512 38
170 269 -11
170 391 89
170 206 84
170 299 48
170 241 -97
170 471 6
170 300 92
170 327 37
170 506 88
170 236 -18
170 296 12
170 404 -61
171 483 41
171 342 53
171 275 -97
171 219 94
171 264 47
171 450 -42
171 300 44
171 211 65
171 325 36
171 332 30
171 318 80
171 269 98
171 395 -89
171 502 18
171 351 69
171 326 67
171 300 -81
171 482 -65
172 195 8
172 484 -66
172 446 -38
172 376 55
172 372 -68
172 210 -31
172 384 -98
172 302 42
172 460 -30
172 472 74
172 473 63
172 487 39
172 186 54
172 277 22
173 265 -96
173 483 7
173 277 -100
173 187 29
173 259 9
173 348 11
173 212 -38
173 261 -14
173 262 -77
173 299 19
173 198 12
173 364 -21
173 178 -41
173 291 -50
174 423 -95
174 390 9
174 300 64
174 339 0
174 438 74
174 476 92
174 310 -86
174 274 -26
174 319 -87
174 416 47
174 295 -97
174 355 82
175 176 15
175 471 -86
175 239 -56
175 510 62
175 453 -56
175 196 -71
175 182 43
175 190 -56
175 195 -56
175 289 51
175 183 0
175 459 46
176 333 -83
176 189 -80
176 259 -52
176 457 34
176 346 -20
176 453 -73
176 312 57
176 318 33
176 191 -82
176 212 -2
176 341 91
176 485 81
176 293 -13
176 229 -97
176 509 -3
176 400 -42
176 485 97
177 191 87
177 334 7
177 251 -97
177 314 -16
177 504 -39
177 491 94
177 491 83
177 190 -82
177 184 -60
177 407 -53
177 279 77
177 424 -74
177 232 -89
177 267 53
178 356 66
178 466 -6
178 213 88
178 398 -60
178 340 58
178 360 -27
178 252 41
178 308 -29
178 335 67
178 420 -61
178 507 -23
178 256 -9
178 326 -92
178 327 54
179 479 10
179 449 60
179 371 -49
179 256 -65
179 292 -78
179 361 -25
179 219 76
179 248 89
179 182 -62
179 493 -41
179 495 -15
179 337 76
179 445 -32
179 308 84
179 408 -78
179 499 -47
179 220 77
180 195 -53
180 316 -7
180 398 98
180 424 -2
180 404 96
180 361 70
180 285 -41
180 243 -62
180 195 8
180 260 72
180 419 12
180 288 34
180 480 -40
180 249 -97
181 302 8
181 470 -96
181 470 44
181 427 53
181 492 71
181 357 7
181 467 -30
181 265 -56
181 350 -49
181 490 -64
181 326 49
181 364 13
181 348 -98
182 187 66
182 442 42
182 473 -12
182 464 70
182 438 27
182 228 82
182 215 -78
182 315 46
182 501 3
182 240 9
182 361 -71
182 200 39
182 363 -75
182 413 86
182 267 63
182 192 -36
182 413 -87
183 464 -84
183 328 -64
183 212 -67
183 184 59
183 213 47
183 210 0
183 451 24
183 479 -87
183 186 98
183 189 81
183 259 -100
183 352 63
183 295 -29
183 349 47
183 198 -89
183 304 -9
183 348 -64
183 393 81
184 299 -58
184 498 -84
184 411 36
184 440 47
184 301 21
184 331 51
184 290 41
184 318 84
184 219 28
184 326 42
184 215 86
184 207 70
184 218 -100
184 305 2
184 296 -48
185 462 46
185 383 -60
185 294 63
185 347 -59
185 371 11
185 240 -1
185 200 69
185 426 -93
185 454 -9
185 497 -14
185 209 96
185 477 86
185 459 -91
185 334 -83
186 272 -46
186 427 -76
186 266 -26
186 236 35
186 327 48
186 270 -38
186 236 -30
186 477 -43
186 389 52
186 395 -45
186 428 -28
186 495 95
186 331 -87
186 213 14
187 205 -68
187 418 -29
187 373 -33
187 296 -61
187 210 15
187 352 33
187 297 7
187 197 64
187 468 93
187 359 -63
187 262 25
187 355 -49
187 401 83
187 220 -84
187 259 9
187 488 -60
188 240 -79
188 211 -16
188 245 -92
188 506 49
188 192 -97
188 424 99
188 264 94
188 251 1
188 240 34
188 301 45
188 248 -97
189 450 29
189 463 -33
189 293 -10
189 388 -94
189 485 -41
189 266 -18
189 441 72
189 298 -89
189 357 -18
189 475 61
189 365 -50
189 484 50
189 318 -34
189 255 -98
189 227 -96
189 485 -85
190 329 25
190 212 48
190 460 0
190 356 26
190 330 -32
190 474 -28
190 304 -47
190 212 15
190 296 -69
190 403 84
190 315 -71
190 408 58
190 394 12
190 469 23
190 277 2
190 440 39
190 215 -41
190 469 66
191 453 -13
191 359 32
191 254 43
191 449 71
191 482 68
191 208 -98
191 217 -41
191 462 52
191 412 74
191 452 -82
191 300 59
191 391 90
191 342 11
191 246 98
192 217 -56
192 373 -18
192 388 97
192 475 -33
192 434 -60
192 409 -4
192 331 -86
192 234 48
192 480 68
192 433 -96
192 448 -100
192 416 39
192 200 -91
192 431 -56
192 262 91
192 486 -62
192 211 -59
193 206 7
193 370 -34
193 382 -98
193 419 -77
193 401 9
193 266 88
193 219 79
193 430 -71
193 340 -89
193 286 -20
193 219 -65
193 487 94
193 264 -17
193 345 78
193 491 -27
193 220 60
193 217 -7
193 308 81
194 230 74
194 261 15
194 376 12
194 506 87
194 394 -72
194 301 -15
194 210 -31
194 364 17
194 459 -19
194 386 98
194 374 -90
194 224 -52
194 438 66
194 297 33
194 208 31
194 490 -34
194 343 -16
194 215 -66
195 385 36
195 444 -4
195 460 15
195 410 42
195 356 -96
195 359 52
195 256 -81
195 462 16
195 265 79
195 246 -67
195 485 -10
195 260 -83
195 384 92
195 214 18
195 313 -70
196 351 -63
196 251 -41
196 485 -46
196 235 28
196 214 41
196 378 -91
196 238 -80
196 438 52
196 503 77
196 248 96
196 502 -69
196 510 40
196 416 -41
196 314 -12
197 454 -58
197 376 -16
197 416 -14
197 236 97
197 285 -81
197 495 81
197 403 25
197 364 -93
197 228 93
197 411 82
197 391 28
197 488 -5
197 211 -70
197 505 36
197 440 -34
198 243 22
198 385 -100
198 206 82
198 348 -71
198 427 -39
198 487 47
198 388 -44
198 405 51
198 441 28
198 434 -67
198 397 61
198 206 -95
198 434 -50
198 360 44
198 351 -40
199 330 -95
199 302 14
199 238 85
199 347 -95
199 437 94
199 432 47
199 271 10
199 353 91
199 237 43
199 488 46
199 229 -98
199 251 -66
199 229 59
200 310 -83
200 326 73
200 405 -28
200 420 25
200 381 -9
200 486 59
200 447 87
200 484 -8
200 404 42
200 351 -87
200 317 28
200 385 92
200 423 -9
200 506 -55
200 276 -41
200 486 -90
200 233 -93
200 263 82
201 373 43
201 267 69
201 480 -53
201 291 -66
201 328 22
201 333 36
201 303 40
201 314 -87
201 295 -84
201 317 95
201 466 -17
201 217 -79
201 391 -63
201 460 67
202 364 -93
202 274 18
202 255 12
202 373 -100
202 499 66
202 424 -2
202 261 -72
202 376 40
202 355 -61
202 339 3
202 399 27
202 323 64
203 282 23
203 362 -45
203 308 41
203 406 6
203 444 -50
203 355 -69
203 328 -93
203 310 -47
203 341 14
203 395 88
203 216 50
203 277 75
203 251 83
203 360 17
204 479 61
204 334 19
204 352 43
204 411 -70
204 277 31
204 232 -97
204 380 73
204 232 -76
204 327 -54
204 484 -63
204 317 14
204 352 39
204 487 -65
204 349 93
205 308 21
205 223 -16
205 304 -39
205 380 -13
205 502 68
205 380 -57
205 362 -23
205 381 67
205 279 -7
205 307 -24
205 455 8
205 221 -57
205 266 5
205 477 -1
205 454 -81
205 379 -18
206 465 -33
206 407 16
206 389 81
206 496 -15
206 229 -96
206 386 -66
206 247 27
206 234 62
206 468 19
206 296 -1
206 387 -75
206 264 -67
206 481 -81
207 341 -23
207 211 66
207 500 2
207 237 -54
207 358 -46
207 498 -44
207 319 33
207 320 -50
207 358 18
207 429 -100
207 351 -30
207 335 -14
208 227 8
208 469 48
208 367 -30
208 389 54
208 370 -19
208 316 -66
208 248 44
208 405 70
208 510 -12
208 442 75
208 366 -4
208 479 -1
208 277 5
209 298 77
209 362 -72
209 423 90
209 423 58
209 463 6
209 265 -6
209 486 -62
209 503 8
209 388 11
209 271 85
209 461 86
210 274 -53
210 281 98
210 270 -50
210 226 67
210 463 19
210 314 44
210 337 -8
210 508 26
210 351 58
210 238 -62
210 265 -79
210 508 68
210 330 -60
210 450 -41
211 339 90
211 488 36
211 424 -36
211 492 -36
211 369 90
211 484 -16
211 489 -94
211 399 3
211 415 -71
211 447 77
211 261 57
211 212 17
211 487 4
212 284 12
212 223 50
212 248 -31
212 438 52
212 476 99
212 359 -78
212 511 72
212 347 5
212 244 -93
212 278 -58
212 424 -1
212 286 -76
212 238 -6
212 253 -58
213 479 67
213 274 -56
213 473 75
213 321 -34
213 454 90
213 405 80
213 400 -23
213 498 -70
213 334 -63
213 374 35
213 457 29
213 268 -38
214 280 -59
214 294 14
214 231 7
214 256 18
214 409 93
214 503 3
214 283 -44
214 241 58
214 441 81
214 401 -79
214 289 7
214 367 -79
214 435 -73
215 327 -11
215 495 -9
215 475 -28
215 512 72
215 454 -100
215 412 53
215 299 24
215 411 -81
215 296 -77
215 308 22
215 286 -62
215 328 26
215 427 19
215 426 5
216 221 15
216 488 48
216 484 -53
216 420 73
216 485 27
216 506 -67
216 293 62
216 226 87
216 319 -96
216 248 -17
216 337 -55
216 482 -61
216 463 -78
217 394 -100
217 310 24
217 242 76
217 284 -46
217 321 40
217 335 75
217 431 53
218 447 40
218 468 48
218 286 -68
218 255 -42
218 353 -53
218 339 58
218 256 -87
218 295 -15
218 406 -60
218 388 72
218 341 2
218 361 58
218 261 -16
218 315 35
218 316 23
219 331 54
219 512 81
219 290 10
219 226 77
219 329 83
219 493 91
219 446 -71
219 392 -88
219 239 -87
219 512 21
219 457 -3
219 488 68
220 489 -23
220 421 -80
220 353 -1
220 390 61
220 322 -27
220 239 -29
220 248 37
220 452 -97
220 375 -68
220 259 -96
220 440 47
220 397 -82
220 384 -5
220 346 55
220 352 -8
220 489 -74
220 490 -35
220 225 67
220 481 -97
221 461 82
221 305 52
221 262 25
221 297 56
221 406 3
221 402 -27
221 295 -65
221 313 -2
221 292 -32
221 283 -25
221 378 -76
221 381 -84
221 470 69
221 311 83
221 248 -58
222 329 -48
222 251 35
222 407 19
222 403 35
222 239 17
222 408 96
222 269 -62
222 412 -36
222 370 79
222 470 3
222 454 -2
223 403 -98
223 477 1
223 367 -55
223 319 -32
223 412 -42
223 348 -9
223 387 -60
223 297 -19
223 262 -81
223 398 -41
223 411 32
223 456 -33
223 257 -41
223 277 95
223 494 5
223 412 41
224 400 40
224 449 16
224 278 -14
224 244 -31
224 421 73
224 268 -60
224 335 73
224 432 -79
224 501 50
224 252 -48
224 236 -31
224 422 69
224 430 46
224 439 50
224 422 -50
224 361 -62
225 454 -94
225 494 -44
225 244 53
225 404 -76
225 405 76
225 297 -31
225 266 5
225 266 79
225 355 34
225 246 23
225 261 49
225 451 -83
225 423 65
225 410 4
225 375 -88
226 403 89
226 361 78
226 352 -88
226 440 -83
226 303 47
226 318 -23
226 398 31
226 428 56
226 354 -54
226 387 -2
226 280 -37
227 480 -67
227 469 83
227 449 28
227 321 -22
227 403 44
227 382 -8
227 464 79
227 332 73
227 261 71
227 268 88
227 255 -95
227 291 1
227 347 20
228 235 -39
228 478 79
228 330 53
228 422 44
228 381 20
228 320 -45
228 484 93
228 499 70
228 417 94
228 396 -84
228 465 -20
229 482 47
229 232 -79
229 412 11
229 427 44
229 333 -39
229 376 26
229 510 -46
229 318 46
229 435 57
229 422 -25
229 336 -20
229 410 73
229 417 -28
229 362 50
230 246 4
230 438 64
230 374 55
230 307 -60
230 391 81
230 431 -86
230 402 -20
230 298 -28
230 435 -54
230 370 72
230 326 20
230 338 16
231 342 35
231 249 -88
231 367 73
231 459 18
231 473 91
231 239 9
231 268 50
231 466 -87
231 484 -91
231 295 27
231 380 -76
231 262 -32
231 421 77
232 422 -14
232 329 -43
232 413 62
232 271 -6
232 492 44
232 298 12
232 411 59
232 286 49
232 355 -12
232 294 23
233 403 70
233 504 33
233 355 -50
233 238 95
233 285 7
233 363 49
233 326 8
234 307 -3
234 491 -69
234 498 34
234 467 -61
234 454 42
234 336 60
234 268 -69
234 446 18
234 492 -63
234 413 -28
234 299 7
234 507 58
235 506 59
235 463 42
235 437 2
235 503 85
235 445 -37
235 320 80
235 507 52
235 325 20
235 511 -1
235 291 -2
236 453 13
236 459 37
236 477 8
236 449 -71
236 317 -90
236 290 -13
236 396 -46
236 317 -83
236 350 38
236 474 47
236 511 55
236 387 51
236 472 -35
236 313 -75
236 398 60
236 453 32
236 341 -7
237 302 -79
237 295 5
237 270 -5
237 493 -34
237 477 78
237 439 -59
237 314 -57
237 462 3
237 369 31
237 386 13
238 439 -96
238 314 -36
238 400 61
238 310 6
238 250 38
238 485 -1
238 322 -90
238 302 27
238 472 27
238 464 -57
238 352 -33
238 430 8
238 438 41
238 403 8
238 269 -84
239 244 -84
239 307 -68
239 305 7
239 258 -14
239 343 -86
239 500 -61
239 455 -34
239 473 90
239 378 -48
239 433 -21
239 268 -8
239 369 -26
240 428 15
240 342 92
240 261 28
240 474 -86
240 360 -51
240 304 -51
240 371 65
240 469 -76
241 341 -3
241 500 40
241 304 62
241 378 60
241 444 -97
241 481 1
241 470 36
241 446 63
241 484 -16
241 290 -5
241 421 -26
241 466 -15
242 302 -64
242 411 -48
242 318 49
242 499 62
242 475 98
242 371 40
242 479 -6
242 429 67
242 501 25
242 438 -59
242 435 -50
242 379 57
242 413 -68
243 415 -73
243 323 96
243 314 84
243 382 74
243 465 -39
243 254 -91
243 495 11
243 325 85
243 269 69
243 505 3
243 251 -89
243 347 -58
243 376 -100
243 313 -11
243 281 81
243 484 73
244 495 4
244 475 -49
244 388 -63
244 392 -46
244 452 0
244 420 -37
244 350 66
244 312 -73
244 436 77
244 463 -90
245 316 -46
245 423 25
245 416 -83
245 474 -28
245 257 69
245 435 -88
245 382 -85
245 364 -44
245 402 79
245 415 72
245 417 97
245 342 24
246 287 -99
246 361 -53
246 398 36
246 253 4
246 253 -1
246 388 92
246 418 14
246 450 -14
247 445 -27
247 484 57
247 328 56
247 489 17
247 483 52
247 391 15
247 411 48
247 341 -98
247 436 76
247 511 38
247 447 44
247 354 -46
247 490 -89
248 385 38
248 454 12
248 373 27
248 449 76
248 299 44
248 476 -54
248 424 -67
248 293 42
248 341 -24
248 289 97
248 281 -23
248 390 54
248 492 -78
248 308 -53
248 307 41
248 381 12
249 403 53
249 470 40
249 295 37
249 318 -37
249 311 63
249 350 -12
249 476 21
249 452 -13
249 270 -58
249 274 -39
249 309 -62
249 291 -12
249 418 -6
249 452 -92
249 293 7
249 359 -2
250 365 -41
250 383 -80
250 447 -80
250 320 -67
250 371 53
250 317 85
250 410 89
250 375 -97
251 295 -1
251 383 -93
251 308 -9
251 257 -35
251 259 -32
251 368 53
251 394 45
251 437 68
251 336 -66
251 287 30
252 418 -96
252 387 -6
252 306 -9
252 441 11
252 492 47
252 486 72
252 326 3
252 412 90
253 470 3
253 486 52
253 282 58
253 322 94
253 374 79
253 285 19
253 390 19
253 409 -86
253 281 12
254 342 31
254 289 -16
254 285 -5
254 487 2
254 395 30
254 403 -38
254 327 -81
254 300 -29
255 465 -98
255 483 7
255 491 38
255 311 30
255 455 48
255 478 -31
255 399 -28
255 308 96
255 294 -91
255 365 -49
255 283 -47
255 294 -60
256 267 55
256 360 67
256 303 -38
256 503 -64
256 450 -23
256 344 60
256 309 93
256 335 68
256 391 34
256 404 -6
256 294 68
256 421 5
257 311 43
257 438 -70
257 460 49
257 503 54
257 342 -75
257 387 -77
257 441 -63
257 441 -57
257 328 -53
257 427 -12
257 475 -99
257 406 70
257 452 51
257 390 82
257 504 64
258 469 10
258 302 -8
258 323 -95
258 417 48
258 453 -44
258 508 -85
258 405 -39
258 484 -63
258 463 -87
258 409 -86
259 343 56
259 415 3
259 488 41
259 306 -52
259 342 -42
259 371 16
259 329 -2
259 412 86
259 291 53
259 278 3
259 453 -63
259 399 -29
259 354 46
260 274 -46
260 327 13
260 380 68
260 434 0
260 283 58
260 427 -95
260 357 17
260 410 -87
260 340 -21
260 442 -64
260 420 -15
260 423 -26
261 262 14
261 330 48
261 504 -92
261 306 -24
261 319 84
261 401 -91
261 393 66
261 336 2
261 272 -66
261 500 64
261 373 -33
261 363 48
261 356 99
261 364 16
262 316 3
262 300 70
262 434 -64
262 449 -52
262 455 57
262 354 -12
262 457 -87
262 367 22
262 279 40
262 289 -65
262 496 -40
263 415 41
263 354 -57
263 471 -99
263 438 36
263 455 -3
263 328 31
263 290 7
263 365 48
263 475 97
263 282 -56
263 507 -31
264 298 97
264 475 -92
264 503 77
264 368 74
264 506 -25
264 275 -1
264 441 -48
264 451 -12
264 315 -8
265 464 47
265 371 2
265 506 -16
265 319 55
265 442 -43
265 431 33
265 298 57
265 290 69
266 471 79
266 402 75
266 286 14
266 336 99
266 369 -19
266 284 14
266 412 22
266 462 -97
266 336 99
267 300 32
267 445 30
267 443 78
267 337 39
267 505 21
267 383 68
267 309 -47
267 433 -50
267 466 -93
268 413 -76
268 336 29
268 336 77
268 476 51
268 481 -95
268 424 5
268 315 13
268 507 25
268 505 12
268 407 99
269 372 33
269 348 -18
269 458 -24
269 311 26
269 456 -44
269 507 -81
269 381 54
269 307 42
269 280 89
270 328 -20
270 317 -91
270 426 24
270 379 -60
270 314 83
270 406 -37
270 284 50
270 365 -7
270 437 -62
270 429 -48
271 317 -52
271 478 -98
271 320 24
271 502 30
271 345 7
271 477 -27
271 476 -56
271 356 71
271 355 -46
272 404 10
272 465 -5
272 306 54
272 432 87
272 479 24
272 402 -75
272 398 -37
272 370 84
272 352 72
273 380 26
273 319 -67
273 305 59
273 323 57
273 506 44
274 408 8
274 481 -65
274 466 37
274 288 89
274 497 -18
274 312 86
274 414 -97
274 469 -10
274 471 -24
274 413 10
274 320 -78
275 391 44
275 446 -13
275 475 88
275 427 23
275 418 16
275 340 -16
275 436 -100
275 285 -87
275 454 -29
276 369 89
276 445 95
276 461 -15
276 344 -49
276 476 -56
276 334 88
276 413 52
277 302 -79
277 446 -49
277 512 69
277 337 -10
277 363 -38
277 453 -3
277 285 13
277 432 3
277 369 70
277 421 61
277 335 70
277 464 -10
278 377 -95
278 330 27
278 454 31
278 488 80
278 408 80
278 489 -25
278 437 -79
278 324 0
278 463 69
278 473 -12
279 301 -40
279 379 67
279 368 53
279 387 -34
279 386 61
279 346 -85
279 467 -91
279 395 48
280 409 95
280 386 22
280 501 -33
280 361 12
280 495 -75
280 466 64
280 406 -52
280 469 81
280 330 40
280 472 -5
280 305 18
280 456 -87
280 374 69
281 289 -74
281 471 -71
281 422 87
281 313 4
281 489 14
281 360 -79
281 450 64
281 451 -54
281 476 -7
281 363 -43
282 309 39
282 510 -71
282 296 -39
282 290 26
282 285 -67
282 359 54
282 448 94
282 480 -86
282 477 -1
282 333 64
282 414 -49
283 466 53
283 322 55
283 483 3
283 345 -41
283 468 -43
283 309 15
283 463 -11
283 498 -43
283 390 59
283 447 97
284 455 22
284 380 -62
284 359 -71
284 414 31
284 398 22
284 329 34
284 484 24
284 373 -21
284 508 9
285 499 40
285 478 41
285 459 -23
285 333 -95
285 505 11
285 300 38
285 359 -74
285 355 -45
285 310 98
285 486 48
285 328 -64
285 338 91
285 353 30
286 333 74
286 337 44
286 377 -77
286 500 0
286 391 19
286 404 -3
286 498 65
286 485 -88
287 353 53
287 393 -11
287 492 3
287 351 52
287 421 -60
287 408 -2
287 356 90
287 498 -35
287 381 9
287 417 -54
288 378 40
288 487 60
288 354 -84
288 360 72
288 317 -23
288 494 25
288 485 -34
288 328 84
288 407 -95
288 409 -7
289 296 -78
289 466 -46
289 471 92
289 443 29
289 385 20
289 294 47
289 492 83
289 366 -77
289 395 40
289 376 -13
289 462 -71
290 435 -13
290 374 49
290 390 -11
290 399 85
290 380 -90
290 444 67
290 342 81
290 501 -100
291 310 -95
291 434 -24
291 466 73
291 486 27
291 480 -94
291 292 5
291 422 -40
291 345 88
291 511 36
291 465 90
291 377 -86
291 377 67
292 332 14
292 491 -38
292 351 -90
292 337 64
292 372 90
292 473 -20
292 370 -44
292 443 90
292 428 39
292 369 19
293 384 -31
293 455 49
293 414 -89
293 503 -31
293 326 26
293 483 -11
293 336 -95
293 457 -12
293 309 -84
293 426 16
293 441 4
293 366 -72
294 418 37
294 512 53
294 296 -79
294 412 -52
294 363 -27
294 445 -90
294 444 -23
294 466 72
295 329 35
295 510 -46
295 305 -62
295 506 -75
295 317 -11
295 399 -23
295 374 -26
295 329 -29
295 412 5
295 431 89
295 416 -88
296 327 20
296 510 51
296 344 9
296 379 -51
296 302 -41
296 430 65
296 389 70
296 396 32
296 349 81
297 384 -66
297 506 -54
297 374 17
297 363 6
297 442 -71
297 432 48
297 455 66
298 473 -73
298 453 16
298 411 -18
298 475 -91
298 349 -7
298 500 -91
298 390 -75
298 301 58
299 388 -1
299 336 49
299 380 54
299 325 -3
299 329 -88
299 345 -79
299 387 15
300 433 19
300 488 -34
300 474 40
301 412 58
301 336 55
301 403 80
301 312 -58
301 356 -75
301 469 77
301 307 -2
301 435 -78
302 458 -71
302 364 -69
302 331 -33
302 414 4
302 481 -54
302 304 9
302 475 -48
303 472 -51
303 342 85
303 487 -63
303 471 -74
303 328 -5
303 384 -28
303 465 -60
303 506 -84
303 316 90
303 512 83
303 341 -79
304 320 -16
304 359 4
304 485 90
304 452 -76
304 469 -66
304 316 -71
304 509 -13
304 317 29
304 450 83
305 399 -49
305 399 39
305 397 -20
305 416 24
305 493 15
305 319 94
305 343 -2
305 357 92
305 307 91
305 349 -60
306 378 -11
306 473 -94
306 501 -21
306 433 96
306 385 60
306 375 52
306 364 22
306 333 48
306 510 66
306 449 94
306 440 -19
306 434 85
306 426 -7
306 321 -36
307 354 30
307 351 22
307 441 -27
307 339 21
307 487 11
307 347 -45
307 364 -86
307 423 -59
307 384 -48
307 423 -69
307 339 -4
308 355 93
308 331 -69
308 418 -60
308 492 25
308 487 -90
308 505 -60
308 400 -52
308 474 -1
308 406 -11
308 433 12
308 378 86
308 386 -39
309 354 43
309 500 -15
309 332 -16
309 499 -38
309 319 -82
309 379 45
309 377 25
309 502 -38
309 334 -69
309 492 -36
309 465 11
309 444 -69
309 375 14
310 345 76
310 467 -81
310 345 99
310 351 96
310 508 24
310 446 39
310 431 43
310 363 -67
310 385 82
310 413 -32
310 503 -40
311 387 0
311 448 -27
311 495 -27
311 457 51
311 330 77
311 454 -58
311 424 -64
311 321 -2
311 439 -2
311 404 62
311 408 36
311 316 58
312 348 -91
312 341 -41
312 504 47
312 502 26
312 469 3
312 416 -32
313 456 -67
313 427 31
313 354 11
313 323 -62
313 398 -18
313 478 -41
313 319 39
313 453 -76
313 472 32
313 386 -49
313 369 -64
313 376 73
314 469 3
314 455 -22
314 499 -11
314 320 96
314 324 38
314 392 85
314 345 97
314 326 38
315 366 -2
315 446 67
315 357 -55
315 415 25
315 319 9
315 433 6
315 450 55
315 475 -14
315 337 90
315 437 6
316 445 2
316 356 12
316 507 -88
316 337 -3
316 408 -94
316 337 88
316 439 64
316 438 -95
316 344 20
316 415 -32
317 436 46
317 397 54
317 482 -39
317 505 11
317 381 89
317 343 -58
317 411 63
317 450 -2
317 325 7
317 417 -8
317 466 55
318 397 -8
318 441 54
318 450 87
318 451 81
318 377 20
318 347 -46
318 387 -80
318 398 91
318 338 -74
319 323 84
319 359 -77
319 450 39
319 385 40
319 413 -16
319 358 -94
319 369 49
319 413 89
319 382 -13
319 406 10
319 425 -61
320 400 -6
320 439 53
320 504 35
320 484 -17
320 479 98
320 422 73
320 353 93
320 509 -12
320 379 -6
320 414 -52
321 391 -12
321 410 -1
321 376 16
321 387 99
321 356 80
321 480 -5
321 399 -30
321 426 -100
321 410 76
322 372 92
322 407 -12
322 425 40
322 348 -23
322 397 70
322 501 -68
322 482 -9
322 332 0
322 403 60
322 398 18
323 370 -57
323 345 11
323 334 -41
323 480 31
323 331 -16
323 468 -54
323 392 -96
324 411 -9
324 421 78
324 351 -71
324 357 10
324 472 -55
324 366 85
324 493 73
324 347 13
324 336 64
324 357 4
324 510 -20
324 456 57
324 467 8
325 376 -86
325 451 80
325 469 -69
325 485 -79
325 339 30
325 371 77
325 332 -2
325 486 25
326 379 44
326 361 23
326 483 62
326 464 -36
326 440 -63
326 335 51
326 507 -84
326 329 -97
327 403 -28
327 391 -79
327 488 63
327 420 49
327 475 -100
327 404 -57
327 501 -51
327 491 87
328 508 -71
328 405 58
328 509 72
328 346 56
328 472 -92
328 496 -72
328 350 3
329 370 -32
329 457 39
329 440 58
329 330 56
329 353 27
329 413 -68
330 334 16
330 438 71
330 332 59
330 365 56
330 388 -72
330 345 10
330 510 93
330 489 -33
330 502 -26
330 398 98
330 410 71
330 355 96
330 341 43
331 443 66
331 414 -48
331 463 -68
331 381 -33
331 380 7
331 407 26
331 463 85
332 344 32
332 469 18
332 438 -9
332 348 80
332 425 89
332 435 43
332 501 16
332 421 -89
332 395 -56
332 434 -30
332 467 20
333 402 70
333 342 83
333 442 71
333 339 -89
333 511 48
333 357 20
333 511 -6
333 481 92
333 465 -11
334 485 70
334 401 76
334 402 -16
334 423 -32
334 469 44
334 419 -24
334 403 -31
334 421 -68
334 413 43
334 402 -44
334 452 57
334 386 73
334 399 -80
335 463 82
335 340 84
335 438 -44
335 449 33
335 399 94
335 350 41
336 454 20
336 405 -57
336 404 84
336 409 87
336 493 -80
336 368 -36
336 378 6
336 458 58
336 433 22
337 370 9
337 495 -71
337 425 40
337 445 -48
337 367 -72
337 462 12
338 354 60
338 346 40
338 421 -56
338 404 32
338 477 83
338 365 -90
339 421 -35
339 481 -73
339 346 16
339 430 -15
339 484 -78
339 499 -64
340 428 -44
340 393 -30
340 489 -84
340 464 -14
340 485 -66
340 488 47
341 445 52
341 402 -86
341 413 33
341 348 30
341 342 41
341 363 -85
341 370 85
342 419 -75
342 482 -18
342 427 13
342 489 -51
342 460 -66
342 507 25
343 400 37
343 415 -75
343 493 -41
343 497 -91
343 506 15
343 495 -39
343 429 42
343 411 -83
343 395 -11
344 482 40
344 455 55
344 474 90
344 429 20
344 419 37
344 406 32
344 416 -56
344 440 -84
344 505 -97
345 428 -75
345 480 -87
345 436 88
345 388 -49
345 369 -73
346 372 -1
346 436 32
346 374 87
346 432 90
346 479 3
346 414 -92
346 376 -18
346 443 -79
346 493 77
347 467 99
347 350 11
347 464 -43
347 405 -91
347 394 55
347 470 77
347 469 -8
347 489 -54
348 499 -35
348 510 -46
348 457 2
348 403 -14
348 473 -82
348 466 36
348 436 -47
349 467 28
349 491 -37
349 434 -1
349 359 -44
349 495 -20
349 443 -80
349 396 -82
349 503 -94
350 459 -93
350 454 -61
350 482 16
350 391 15
350 384 -6
350 361 28
350 464 84
350 439 34
350 413 -61
351 502 18
351 461 87
351 403 -95
351 407 -33
351 466 9
351 460 67
352 502 -69
352 388 11
352 405 -22
352 368 63
352 383 92
352 490 85
352 382 -30
353 485 34
353 477 33
353 464 76
353 478 5
353 355 -6
353 414 -79
353 391 67
353 356 -23
353 422 36
353 510 30
354 506 75
354 409 98
354 504 38
354 504 -81
354 512 52
354 388 -81
354 407 -46
354 484 85
354 433 -69
354 462 53
354 442 98
355 409 85
355 504 -65
355 478 93
355 378 4
355 415 80
355 496 -50
355 372 26
355 362 20
356 507 67
356 507 53
356 493 -84
356 428 -25
356 492 -32
356 461 -87
356 487 -61
357 428 -99
357 512 -76
357 509 -18
357 450 97
357 501 80
357 460 -50
357 368 16
358 454 25
358 502 93
358 490 -77
358 478 52
358 385 88
358 453 -78
358 449 68
358 419 50
358 365 48
359 485 93
359 472 6
359 457 -53
359 413 -23
359 372 -69
359 404 -68
360 490 -6
360 506 -33
360 369 9
360 361 -84
360 461 -49
360 451 -10
360 500 -27
360 499 71
361 362 -89
361 452 64
361 477 36
361 510 -63
361 401 84
361 372 10
362 376 23
362 398 92
362 464 29
362 426 39
362 446 -74
362 415 37
362 371 -40
363 508 10
363 426 -90
363 475 9
363 395 57
363 399 49
363 476 -99
363 478 48
363 402 -38
364 381 -58
364 469 -93
364 393 83
364 435 34
364 386 91
364 386 93
365 445 91
365 471 -65
365 460 56
365 454 -48
365 416 -3
365 366 -17
366 472 66
366 407 -91
366 493 -22
366 448 -7
366 394 17
366 426 -58
366 477 -65
367 431 20
367 508 83
367 485 1
367 475 -35
367 508 65
368 489 -97
368 511 94
368 377 44
368 415 -6
369 429 88
369 383 -76
369 469 -41
369 457 40
369 473 27
369 370 40
370 398 51
370 396 -30
370 507 56
370 393 -39
371 489 69
371 426 21
371 470 75
371 447 -86
371 419 -84
371 472 -72
371 404 36
372 471 34
372 397 -1
372 489 -80
372 494 83
372 494 -52
372 411 -63
372 393 21
373 448 71
373 510 -94
373 440 -100
373 470 -42
373 461 -94
373 470 -36
374 455 -84
374 435 21
374 427 -65
374 377 -14
375 377 -89
375 421 82
375 483 -55
375 508 31
375 499 -59
375 460 41
376 421 87
376 410 -31
376 390 39
376 457 -16
376 404 30
376 481 79
376 482 83
376 446 4
376 430 58
377 405 18
377 456 1
377 493 79
377 402 17
377 397 -7
378 392 57
378 468 62
378 457 56
378 455 86
378 480 21
379 402 1
379 433 -23
379 395 -91
379 511 -8
379 497 59
379 413 -22
379 461 66
380 381 -53
380 387 16
380 487 -52
380 411 98
380 429 84
380 478 -81
380 464 -26
381 466 -37
381 512 32
381 424 15
381 411 -82
382 482 32
382 495 -50
382 413 -22
382 472 58
382 471 68
382 394 18
382 502 72
383 499 41
383 512 37
383 395 -97
383 387 90
383 496 -51
384 480 -94
384 464 -66
384 433 -72
384 435 -37
384 469 77
385 511 -73
385 479 80
385 487 98
385 503 -8
385 454 75
385 400 -26
386 403 -76
386 449 79
386 497 27
386 428 17
386 404 74
386 414 -78
387 453 -9
387 499 -38
387 457 2
387 435 55
388 508 71
388 431 34
388 418 -58
389 444 85
389 452 30
389 507 -89
389 456 -40
389 468 -67
389 480 -59
389 451 -31
390 512 -10
390 440 -3
390 458 80
390 464 75
391 409 -60
391 447 -18
391 482 32
391 459 85
391 441 -22
391 416 85
392 456 -17
392 465 -7
392 439 6
392 452 51
393 506 -17
393 395 -84
393 406 -66
393 473 -13
393 468 24
394 415 49
394 430 -60
394 429 -94
394 419 -51
395 446 -60
395 446 -61
395 473 48
396 435 -56
396 446 -18
396 498 -36
397 512 64
397 492 11
397 504 72
398 433 81
398 404 52
398 413 79
398 485 -10
398 452 77
399 420 24
399 413 -44
399 438 -13
400 484 26
400 441 -70
400 413 98
400 433 -22
400 468 -83
401 471 -32
401 454 -41
401 407 -30
401 418 -92
401 411 23
402 468 -62
402 468 -97
402 427 -31
402 409 -39
402 435 -5
403 477 9
403 504 -64
403 447 -56
403 429 80
403 411 12
403 410 -58
404 444 4
404 410 -57
404 446 -36
404 414 14
404 481 37
404 443 24
404 458 54
405 413 -52
405 477 -9
405 415 -71
407 452 47
407 448 12
407 420 13
407 421 -23
407 485 49
407 415 -18
408 502 -23
408 417 -90
408 412 -50
408 433 -15
408 438 76
408 470 65
408 462 92
408 441 60
409 461 -53
409 473 -10
409 472 -25
410 452 75
410 497 78
410 509 69
410 485 63
410 467 31
411 482 -79
411 452 27
411 484 41
411 445 42
411 433 8
411 414 -92
412 454 54
412 423 56
412 418 -86
412 512 -40
412 416 -47
412 439 24
413 509 -15
413 510 14
413 458 -73
413 449 9
413 460 60
413 444 25
413 445 -89
413 507 -72
414 494 -26
414 511 22
414 434 -39
414 497 99
414 432 -81
414 498 49
415 455 28
415 473 -61
415 499 -28
416 474 67
416 477 70
417 505 -99
417 506 -86
417 474 -86
417 430 -96
417 476 -5
418 481 0
418 482 88
418 462 94
418 468 11
418 464 9
419 474 59
419 460 51
419 497 -49
420 448 -9
420 422 -70
420 437 -7
420 469 -81
420 492 24
420 471 -16
421 450 54
421 472 -73
421 507 98
421 492 -70
421 438 36
422 458 -68
422 426 1
422 460 31
422 428 -68
422 498 -100
422 430 77
422 510 71
423 503 -100
423 425 24
423 491 -41
423 505 24
424 501 87
424 442 87
424 460 99
425 450 94
425 509 53
425 503 -24
425 507 6
425 444 98
425 469 78
426 488 44
426 479 -44
426 430 31
426 498 -98
426 470 -4
427 479 -83
427 503 -97
428 477 20
428 448 -84
428 477 97
428 461 -52
428 453 -98
429 464 -80
429 495 32
429 432 69
430 462 -48
430 481 60
430 495 91
431 501 -97
431 435 -58
432 460 87
432 470 -61
433 435 -77
433 458 -4
433 499 42
433 475 52
433 471 -43
433 507 75
433 456 50
434 438 -97
434 484 -52
435 497 78
435 454 -85
435 487 24
436 458 -54
436 480 -54
436 483 -82
436 501 34
437 473 18
437 505 74
437 507 -83
438 448 17
438 439 98
438 500 -59
438 481 -37
439 456 -93
439 461 25
439 509 -54
440 499 -5
440 472 31
441 460 78
441 465 16
441 462 57
441 446 61
441 496 22
442 467 14
442 450 -65
442 511 29
442 463 66
442 447 -12
443 489 17
443 458 -61
443 456 82
444 485 13
444 459 46
444 465 -70
444 474 -35
445 448 64
445 508 -38
445 453 89
445 455 12
446 491 -39
446 503 -21
446 482 -47
447 483 -49
447 473 -89
447 459 42
447 460 -88
447 476 27
447 455 77
448 499 38
448 473 19
449 461 86
449 472 88
449 458 -16
450 472 98
451 499 3
451 493 -56
451 466 -30
451 496 5
452 453 36
453 454 18
453 503 90
453 506 -21
453 467 -74
453 499 -75
453 491 46
454 480 -11
454 459 31
454 505 4
454 500 4
455 495 42
455 458 -56
456 485 -69
456 484 90
456 457 -79
456 473 -21
456 508 -56
458 492 95
458 484 -62
458 502 -51
458 475 62
458 467 22
459 464 65
459 508 -84
460 506 -52
460 493 -95
461 511 -20
461 503 36
462 507 39
462 485 -79
462 466 -22
466 474 -52
468 508 98
469 502 -71
470 502 16
470 504 77
470 503 99
470 505 34
471 499 36
471 493 -24
472 493 -28
474 489 -38
475 502 -39
476 511 -42
477 483 -44
477 480 73
478 482 9
478 486 -85
479 485 -25
482 490 -6
483 499 -25
484 509 71
484 485 19
484 509 -94
484 497 -64
485 492 -68
485 510 -29
485 510 -83
485 503 53
486 492 -30
486 501 69
488 495 -83
489 510 -56
489 512 -11
490 493 -19
491 494 19
491 508 -65
493 508 34
497 509 11
499 507 54
500 502 11
502 503 -46
503 507 58
505 511 1
506 512 42
508 511 -51
511 512 32
