2000000 2000
269161 854857
705557 488903
924000 299400
7776 583721
898423 961451
293392 808266
464540 107962
765649 782996
526822 144379
12819 945582
774441 38544
105131 619197
786366 240713
114133 298421
777058 177322
173054 55087
982702 500976
228631 474287
231683 402492
248830 90553
705118 483877
80415 304811
343502 922455
229406 169318
869534 933449
863816 828466
839386 11528
698431 32363
213278 711622
479764 684505
53546 309840
658840 943074
761444 521243
26896 842571
709141 726426
519387 724692
377068 806189
402443 727122
661482 525344
776714 888940
102019 490439
513254 422077
257409 235870
506476 277579
261181 336396
983088 633320
953743 820155
635430 561771
846583 222092
287961 429711
216823 247637
315442 297493
16355 84899
258236 550359
393949 575536
540443 413403
174082 928170
583662 95408
468104 448990
556108 395360
686574 2331
995729 537281
345112 188622
291415 608268
633826 400045
790331 652883
54811 663469
204004 355696
259494 22925
194515 515722
802249 447163
680339 455285
858842 707782
691730 436241
451989 154264
575543 327750
116737 710903
230666 189145
628884 574454
523342 434847
294431 277087
42505 692855
95991 568622
253870 279067
336828 300483
478529 147407
840805 913163
494613 221200
51810 910659
321907 639264
14756 708137
762360 131282
842626 97565
550931 498803
637539 323097
88741 150195
246413 673018
421857 579286
775857 764261
307791 350481
670490 350789
763253 204963
697746 774286
182549 905077
856059 141150
978059 53249
993750 992977
236487 351478
706032 57553
983964 801473
792547 614620
833850 945971
531436 262425
405862 313009
584372 984515
401540 241342
55535 532893
104615 664313
672610 441649
322742 782166
328216 111844
67723 136554
303242 940125
827276 31295
624293 528456
720454 421602
508987 25117
718179 208923
525136 439220
154890 960621
615604 163857
52824 751609
728638 426866
550441 53704
858647 423631
955322 524136
512728 962417
402034 313329
308424 921753
536750 340856
530208 511048
265405 360919
624883 325024
877957 200108
863259 450836
885357 496199
652999 509844
268011 377296
389123 218223
12854 517990
511306 173085
859035 768484
253983 318927
662631 688252
828964 123489
429991 328799
916087 726035
712691 625701
666674 518132
918152 440737
592751 849280
371353 89085
844604 363275
387502 140897
935963 131734
929542 810278
44786 853063
349320 221603
386067 821028
194950 258643
182666 965923
606761 756716
556729 922032
823354 988536
399539 880468
739027 54778
829782 283742
679299 166729
77933 473399
456797 195717
954293 1975
909 683462
885768 434380
759344 973974
476522 506088
765545 408232
352353 790039
948136 100517
334487 34543
721602 776891
749430 535483
665504 132265
823683 934081
572407 583
592571 13576
499017 392320
779574 169953
133123 183904
835861 753109
500247 535229
938081 619962
349228 979971
110414 932456
314716 400062
657389 20019
406957 576954
257760 80118
116569 585905
768069 265902
76636 642316
53341 845047
662100 191887
148003 601210
834371 873075
95907 357962
724744 429307
559206 818963
200541 408652
737880 872476
431285 977546
962345 325951
551476 94246
671940 133418
564161 346983
237162 740190
633420 821281
744577 510536
345388 958213
574084 21107
281909 107885
22979 900370
22707 105808
765971 643810
779171 143835
679440 697120
946572 818541
373309 913821
765560 387759
326361 235929
548203 807923
617138 536180
436019 395440
813020 376586
511293 228860
665753 7334
695683 935658
286207 156541
659563 308552
356557 81262
828820 934715
178703 233639
788644 131245
31337 400282
19158 481860
531635 815493
489206 804962
49526 493876
91707 233467
414010 114445
741453 841360
623187 528365
386144 427944
482298 329523
687179 188467
958661 660580
830094 416951
334977 948655
154705 539954
940396 63171
803111 620601
388844 217952
542747 714321
136136 176604
856406 136075
599603 99987
301013 979266
264804 165431
84168 877347
366275 26599
792644 242821
1552 86920
54852 152604
102767 581184
64557 844555
33301 62879
152162 957862
464959 455588
406731 506656
783330 18536
394166 35095
739879 532797
620722 43746
898161 614219
44691 392408
370963 315889
371381 647463
691467 241729
969989 173469
100405 729080
366011 642677
809322 840135
740952 387637
761771 286579
140857 6227
2401 514712
767301 215352
26451 633115
266976 481050
964784 247610
740213 14036
445588 588384
680955 545944
843382 241071
118937 323582
594125 417822
662672 796002
286918 734463
887607 675553
5452 13476
938576 891799
128659 193609
832219 850643
128066 738032
68963 23792
866566 282420
662084 614188
589722 968003
897121 848338
587105 902929
231386 282494
513798 288016
736123 72688
291869 656278
812887 439592
319611 789908
10003 529947
904974 927342
184179 934431
120983 521047
54573 298298
199428 147980
875415 837255
334967 952247
108164 798816
979605 411263
206902 209668
442055 741463
115931 836877
778595 122858
388254 6863
363130 585701
599285 657182
847932 76348
745831 969322
506465 908736
504756 205611
949402 848990
755339 332494
264594 369545
818697 132984
705244 240299
469520 984315
772314 853232
925703 833060
970872 599632
737667 688566
688315 224332
789122 892268
70761 508562
171934 577158
348378 919815
954204 471232
705331 101010
471982 207458
409975 430707
159434 206564
964209 859307
142613 815058
848684 568437
89968 431325
192331 605941
578814 185278
281744 567009
928081 375997
582674 613014
284003 705139
366332 452883
361955 150772
34923 617196
629581 60652
975488 224743
467296 229515
665612 474678
472484 830068
426963 408029
216751 270191
56566 984344
911106 879974
775194 577285
639769 96432
81615 202837
640309 182982
828899 697847
211234 521858
670920 408056
316315 655038
571705 686214
910064 544046
402897 585493
253661 575643
627180 304747
858082 561940
282819 972333
73829 17991
711187 389484
986740 37341
435412 471549
914521 963436
307125 689729
419104 349871
478866 863945
300830 612364
450769 203675
965872 707966
573073 56792
123160 343384
648144 539881
799460 60133
595481 178950
54775 482469
216859 335018
143151 121173
524965 292034
65761 996498
187162 531334
580761 736648
887163 47005
938847 247281
912344 103570
176483 487555
169421 226958
198648 999917
769794 580066
688208 787441
668161 364496
677139 582528
582649 867477
550685 889032
462557 550473
170439 993924
719427 6521
720955 75630
801635 226735
725928 856581
633766 945087
338057 926809
248693 955105
827618 396296
464350 616077
93653 797337
32371 582667
320339 71752
160092 99417
140548 708848
827990 26676
938382 801343
145161 392130
545559 190782
669649 445405
518290 592441
719032 370772
111162 128274
820238 738606
291273 52627
552087 946561
379021 584962
395017 986087
852921 644195
895871 238878
887727 485240
161597 989412
624782 640183
396314 427357
152621 892284
789911 461431
443378 716799
375784 270419
465882 573523
682304 371002
889246 885653
410726 227144
118279 240054
493994 423643
890295 85137
768807 116597
791622 58968
139913 731259
88007 476813
373215 526735
746040 863223
366795 325001
505282 46223
582494 758578
719781 645293
362625 29730
215921 133606
195408 573234
252859 738076
140120 649386
782416 284172
58906 681818
8948 521889
857588 900664
866527 847817
371054 534691
20577 635645
45548 945386
771818 896884
855101 389470
521659 312507
610258 954330
885772 455061
176116 342481
457868 94783
718786 808368
242517 522594
132831 246922
199975 673044
583465 407757
304493 671114
931419 757438
477781 899741
258797 401940
578577 173537
869975 38275
675704 776845
770660 501705
479571 418416
417419 428253
868927 223968
432484 990832
126972 102704
824899 271687
198966 954623
224866 142109
963940 873849
762016 401054
867969 582407
65489 544807
13977 763862
391770 25682
614468 414342
397628 487008
840583 961859
465371 17625
96596 108962
207463 191235
243125 918965
718068 878079
189402 458557
591314 684930
924553 165494
572389 425459
700367 341195
584891 229346
794511 132762
277582 258400
845576 100611
933192 594207
324712 902241
866640 733051
846811 118932
534021 136056
512100 92570
897514 858565
446919 144274
339229 936866
421831 512712
78004 70886
55396 144302
473114 56111
237635 846180
171585 120235
631981 523453
295594 600248
709580 733947
958965 381126
815154 447310
268939 844496
514508 544427
335630 708163
439805 712402
597359 344116
782089 22876
918700 306888
566603 389413
9768 784060
160082 235578
190697 274017
593549 698716
991131 695102
51609 827250
374533 728223
824883 142269
722146 722707
93246 993757
616365 144166
705530 285109
53205 983310
206082 413139
152507 613997
409687 368956
112360 703412
709347 992320
393060 839792
978844 161461
139868 334315
675318 286976
763527 204367
489155 5130
255178 705218
935058 604524
833296 399321
303740 223829
860528 244690
257625 720424
193686 334248
980273 588359
169470 537176
337516 625599
4699 9255
534590 821956
965321 383104
279817 477333
675489 524956
561201 870510
994323 463117
703325 349010
225408 960858
414242 378296
807267 28993
523103 860454
73281 136551
888186 116217
537005 180924
144477 836255
780803 639146
146374 125933
31201 97286
320093 877948
1174 279431
84984 769925
237377 851327
457611 839737
237087 820417
324379 617014
92927 823725
512365 776848
804965 205938
443379 740195
635449 390921
191778 169746
761441 231043
300409 584223
235556 472683
62585 373107
689542 244836
797310 683342
83782 132740
713872 733750
928233 773753
107126 504301
599102 794400
573048 322082
407787 196547
872546 812116
736486 162253
259889 417247
17082 911284
264926 159424
611992 336927
664134 339858
818390 371221
399301 75787
967728 184693
634945 265716
700438 780869
928438 135527
442631 302898
544474 234795
323439 603818
683196 956837
599982 741462
412305 305892
774263 468741
295760 835224
186198 451346
507624 616848
452064 527595
180254 509384
943970 203680
102695 906378
769094 165020
601963 442412
781409 203514
713563 343122
369892 501074
463195 114701
154993 235405
183220 245672
48684 799130
654863 565547
616065 90131
880561 845747
155905 118148
289345 879125
898225 962064
625263 371233
307249 373496
269637 424636
909219 54732
716584 531452
454775 504314
454456 44310
600045 737365
173838 145362
425191 171853
496663 267821
651248 550142
87593 560896
220360 470890
725597 976155
585785 843576
797787 11368
975422 184416
283966 253896
702065 391653
307251 32054
81633 314939
235618 994906
948872 419837
400658 126018
841456 170754
258999 998551
233698 856889
991580 218856
23211 970422
752474 81310
796753 438636
942269 48468
526975 536112
302246 828562
845577 393140
432085 444927
617621 92784
565260 448897
131813 173328
965493 460925
452635 243862
107725 872036
939481 107601
966043 792857
975707 143555
614907 249685
127799 495890
629306 843686
713207 543979
659014 802562
376660 980570
953317 868606
928844 443183
611684 561571
818936 83068
21979 23763
395326 352862
701360 179981
848150 866958
292686 672407
557317 605312
65873 223240
901106 635305
826440 532454
957053 963636
113402 488000
69343 858866
22969 798401
693558 454293
429285 924153
995762 401176
312232 577535
601975 507836
290927 629138
22824 832485
573612 288739
494881 999202
981242 41842
128559 429939
719252 179649
264858 633650
103184 582079
962068 485402
595016 910366
348046 148423
995795 950732
180235 654387
634758 344800
657207 816858
622007 239301
115528 353547
417060 798659
874841 936010
223036 895183
864995 292641
596326 224562
282704 46142
2376 366917
473376 866796
117617 482671
576024 312903
583684 709122
677006 170413
32562 286900
676524 38628
677710 847021
159271 394051
621108 859059
203527 190979
191626 78629
419190 889176
739221 977044
722543 777253
342890 555188
727944 992428
331905 300234
590687 92661
755092 331837
929984 231279
506746 983171
852408 953612
906102 69458
636043 484763
563592 974027
755852 89014
810984 157056
799231 650285
32807 741953
269834 912121
122366 194349
962641 493080
494753 363007
125229 596845
854338 508528
137844 90589
401075 413006
392929 894380
742809 426583
664798 704760
943626 189811
505558 554504
770121 443620
272351 555508
243731 931726
935271 43715
912193 707681
904154 385624
493947 475051
167527 782004
339683 164756
120951 671762
369745 69533
243695 576008
420024 518856
325637 748827
953996 19949
448910 54348
826703 579096
255547 406183
61059 45991
926067 745439
575531 420863
306144 804308
596913 839476
689435 918172
168973 583617
950776 485840
20442 265930
405206 663220
203329 243853
831921 902541
395413 858365
47643 44178
54239 25200
526254 880205
972289 13768
435075 860539
919672 895350
109173 915762
142192 870234
933167 488873
735887 933869
953396 491563
890053 902942
195851 576435
363295 485362
47854 920326
143125 242415
664904 466798
240704 309434
828577 856426
923296 44334
341672 168668
211719 452796
840464 774087
488935 959795
490848 550627
644560 66442
117998 818057
805691 862810
296995 822168
547792 958748
92929 810238
575350 565476
946425 588709
348977 732846
200575 628539
76650 798463
706502 841359
429694 150837
554199 467980
789728 940992
350783 858654
450538 960380
262956 786143
306068 957578
947080 128866
628526 59897
722686 286054
820168 777942
524942 646814
148400 117929
23919 850678
75730 704642
276210 89288
519091 624479
250650 895426
549335 564248
815792 546472
867187 121112
457121 143384
349413 601274
344426 360911
822616 795158
382089 884250
565187 395293
750323 972355
972426 403116
462405 663249
56491 353666
868053 441661
446744 190017
690003 345159
177143 202804
792058 822063
50969 841965
906673 918123
528003 654204
395408 208609
418025 339406
13877 649010
646363 575042
747086 198501
96158 236873
916491 915353
750435 551984
499422 527445
736202 840151
425918 714645
122665 729352
478018 811957
928768 231757
789240 549395
506419 691927
221717 63567
309664 463424
712388 968694
527877 261092
476315 813523
290335 787528
155097 802218
868042 411346
963590 506028
146683 155066
95123 860453
893778 875404
100718 548329
230140 922806
787172 268551
807064 321649
489973 191652
807718 995156
772789 922212
336359 95749
423065 174325
843230 549141
678726 491528
761966 662098
724576 353449
741754 768919
392844 686881
423700 860361
561901 814633
631958 448389
800223 684773
562156 483786
812168 530693
486767 182892
839495 950002
488913 574637
647885 221639
361651 917398
585892 315456
157700 84422
811499 816638
201011 641252
116613 429745
135849 123810
661383 898863
686274 741101
830907 607112
55952 349055
345774 498570
575158 888178
794636 316608
359428 528199
94806 487706
937482 899036
178483 59935
676293 17319
100216 556546
548736 608331
384230 508319
146571 953596
578392 562892
862572 276763
199823 550901
983759 845853
884316 537602
79206 82120
607045 390225
43332 127741
678374 528640
277775 407713
49991 440270
300742 659907
509520 205447
373204 355969
111647 670601
955118 228287
810615 322482
728307 108220
283089 76269
584943 542909
24452 945108
35339 655644
41079 484383
620953 323393
724019 265423
542517 659037
483140 250178
444670 338213
331614 762062
679113 494517
878894 883067
328727 676479
670637 135820
492916 375302
25656 390460
965542 725104
753013 444855
887325 113588
848111 227229
992086 9051
204071 192731
793263 435115
661877 52417
508620 600235
633263 386759
201425 996659
662422 267368
942022 939155
948035 818218
796219 18537
696139 53396
142008 602175
385695 558653
566798 481207
118106 948598
790135 65128
586059 912823
743530 843537
119527 510202
203750 768776
409615 32758
17588 844245
162680 478440
100847 674497
317721 678402
489209 657963
135055 521399
960124 145863
988212 169700
490847 950677
431625 910004
735044 573189
820016 840061
713598 175745
367097 743519
791461 911906
755079 652656
765047 214740
9897 507146
996102 799607
145679 340819
852174 57717
117737 30340
773824 918317
525692 180126
712718 596691
924442 590783
143302 983384
850372 946815
778010 678483
640747 889783
592496 377130
918247 332049
957463 447925
152263 943510
833767 964332
949934 516552
300362 197355
201469 738634
604234 221232
322580 388400
789295 627897
902937 939823
542142 856464
3120 750702
652855 24676
990760 869530
701030 415664
816447 736749
363926 75648
182552 79641
635755 821077
851074 413009
76444 731107
777641 273393
654018 408878
985217 747888
924981 942706
834621 851867
763303 152002
746850 416425
608958 75077
987085 663621
799471 993676
127093 214884
557575 630855
505994 382803
909999 439940
154142 655292
926031 248026
719637 667799
917107 572385
679174 437534
712938 212336
820092 887437
961800 851960
685238 488972
252669 646348
594428 515163
174935 142718
421587 389472
907065 950673
235275 303975
83576 91756
186643 722519
158407 710516
194932 710217
652038 374209
174229 962193
985497 771200
784191 349448
917726 120835
993186 908990
211599 689813
629175 537202
280787 625721
133644 181043
877530 283219
939272 753383
47455 389557
97059 174728
507632 672557
948882 412009
807059 535483
983306 871076
502961 178369
81482 556286
36073 711259
122947 72150
313932 136204
936412 345994
17682 70161
191794 627502
724500 575347
761090 935274
842548 509864
514113 273607
475712 234489
321271 811028
385842 827489
844681 45331
131989 883631
650322 737044
98678 530306
581525 914388
256794 419765
236219 590820
539476 635040
92414 998184
402548 11137
367501 550769
131695 382224
675571 169410
225329 685678
673355 684258
352421 747237
166975 123380
241941 925076
160205 503003
640916 812728
824532 612463
720514 545659
257942 714915
544651 429771
988261 597285
738065 86531
50828 264059
384665 432833
741718 842002
265867 192064
929322 823682
814804 548447
555380 674470
839660 305042
914766 514184
647671 859402
405160 409798
408220 715804
48464 916363
778930 652196
444001 927048
854034 710228
249617 383590
880466 674664
305137 989137
27524 671909
729134 844527
120294 100068
177533 38747
756441 648674
379590 378537
844097 303934
862746 439807
692655 902806
76238 398934
286305 34118
220054 602967
257959 411433
769592 855748
301025 439856
796634 213393
281292 233977
765156 92237
906004 855240
301296 108827
934667 38800
942579 936826
36194 846854
769912 523617
9576 986433
79248 236419
926560 819511
704378 46231
285968 763418
414081 421546
646781 559065
837757 190073
987559 267735
684091 536813
454003 804249
674393 187454
853960 975185
250533 443360
976415 502374
853133 703387
198614 122883
791692 846290
231138 971683
893247 494941
518466 794495
421564 982202
498394 679417
491273 931803
391786 245627
831521 66805
540158 432865
522629 578362
170349 320952
789976 124506
363344 509903
248880 863328
965296 602495
514625 851733
933976 648655
537349 559300
862147 811401
860856 459158
506448 878252
865427 22156
65770 551583
816650 954499
112743 956936
647897 282687
484955 433766
477496 314971
699397 502754
218145 230913
608527 547801
507244 670358
284594 77394
59331 877772
555734 758375
356213 700778
118696 867081
296566 878120
899253 400693
290982 940039
651754 926715
552914 213219
964230 517897
474203 810985
682776 471080
679295 402731
293413 686163
528194 388819
101246 591465
293010 387944
532447 347455
851521 121270
903095 917867
512688 730172
828324 243783
577547 236897
57880 185454
514828 499293
794988 160562
153370 996886
608213 791556
335651 636837
864985 227105
413242 756693
850405 412283
493235 618661
38202 452676
555535 769216
351970 954519
341941 615774
571757 873891
744506 664986
764363 293993
961630 939513
153455 628532
185879 977412
757668 418735
902507 680530
533295 211954
383952 612629
822270 152989
69244 720384
571368 105859
269096 730284
859582 571639
493710 237483
632210 110898
963566 891580
190650 921832
565444 474190
7494 232526
466005 255328
888812 250876
604879 991429
916987 670652
631743 564668
432572 453830
875234 808272
325161 578181
895148 399973
193040 778826
977212 497698
308866 533248
963627 259521
120917 823489
124620 782324
75496 185121
466136 747389
658789 832835
182490 508872
306725 917570
207790 986281
208902 617267
189440 998916
134239 514891
452409 705844
166415 837912
383202 137184
659091 455137
372533 751284
510695 968280
658671 505887
272147 608907
225991 510577
986122 251913
887818 266622
593154 109693
665379 996983
579185 436997
812369 964023
19877 798267
842907 277147
501672 113172
354089 534188
246485 757963
952558 888051
390982 760852
259253 207570
203111 764578
229336 423649
444323 791780
271102 541111
904317 969924
465667 748382
444427 763344
339335 764888
875151 323733
223677 718307
774365 182748
276408 603158
698417 199357
520847 943421
919386 585275
648813 710208
636305 546927
589076 892886
135821 917409
918816 562192
379660 60855
176484 322803
359625 520419
228580 422684
390747 517869
451164 840374
719717 431259
60333 983861
840982 43793
268787 525327
326083 948492
785081 914034
402258 458830
766295 255700
813157 515337
700341 821095
697244 63728
439503 146133
501608 896956
397051 36359
881507 876691
90331 730594
914143 316890
175750 425264
539476 764576
116841 934506
625703 891691
787835 472226
979964 444043
365545 249267
102422 562702
407793 357485
421043 23347
998168 230045
207263 120278
927533 442013
167078 851876
244420 410898
605010 461466
582345 788577
500760 314795
11764 322880
348408 701101
534671 305126
661106 234390
312993 146792
745505 509075
845610 914913
425837 320424
493965 16911
54227 808247
900433 610923
931206 560308
430296 561600
174341 349202
248857 741937
8137 983349
159178 986200
873237 95016
556457 778692
7911 69653
63254 579346
90484 956791
538620 680794
291492 996100
423714 758423
307807 56332
913513 438413
224596 718511
968312 509048
465702 267331
860111 23447
738366 432655
83586 848756
314358 320387
95844 186190
213496 991671
304633 242612
822829 713620
991188 60476
433145 612490
112493 180784
454050 35503
633991 695827
875564 538818
300504 615977
411087 293023
75042 195449
179706 854024
897243 421730
646239 177072
599755 483275
899821 923877
236264 458257
241560 560850
365898 915549
885363 276955
144412 52466
91816 441857
4219 412715
239520 152390
451481 62498
947782 150346
31565 673438
622735 557802
468702 504072
172159 305727
307293 493276
766208 118013
367762 509631
422324 390925
113072 648325
717035 443219
330262 443938
143367 85429
811662 758332
129149 454858
825680 769419
152674 199952
108613 174601
638812 597126
176354 133527
69953 289026
276113 789258
329386 975531
11325 422257
142635 910274
766677 560206
854101 872420
295691 586179
863971 405597
890777 410406
604017 180632
781542 646491
950655 753446
146561 2445
302981 478988
312916 494924
59511 212907
834537 406726
346040 183235
451483 777132
104891 286820
490603 626755
16380 477954
690828 13037
806500 5278
965100 440431
15768 888970
333323 512930
480784 112227
777225 624215
886705 190071
616530 320717
631769 151856
498430 870512
7122 796327
475764 95757
37974 689816
201052 966293
765702 843416
817919 193172
852101 828220
825631 441122
818862 898648
131166 344288
999445 358305
447636 298831
992414 707449
685443 300571
85791 569048
579905 150418
762584 695789
334806 96174
875101 356187
433935 110201
566782 417947
897900 705724
207541 884130
438958 288159
315423 399776
793710 585146
441655 763627
725169 63987
694334 736484
972405 748195
335929 96575
881633 63884
991745 218475
735668 726300
327241 178674
102720 472272
387382 448882
295302 921809
267221 381989
226647 557865
19237 164336
703571 261629
648777 984368
916089 962446
322929 690411
637506 857412
323808 468308
563715 673085
418636 222754
515433 521060
969214 959203
152927 56314
390560 307536
63519 648515
303070 864983
104615 75983
301229 778314
512294 301109
456230 885297
792571 914894
580945 76400
34621 708865
644773 348094
538585 5394
85698 702537
52289 300367
855628 744182
961916 757429
907331 744333
500348 159352
822987 272169
791276 168786
33741 753453
708802 974658
716208 57904
353702 652642
624834 663831
898862 518138
124917 693435
434044 657657
713005 532876
665221 815289
699522 117238
756727 856029
355670 763009
375241 603477
738532 624372
844941 943835
868117 512011
45617 135917
639951 585653
291328 936620
23689 982378
54078 223987
754528 50896
119471 439540
225448 994223
400700 384708
653447 369212
798763 695337
601207 839363
715397 731622
228270 450102
646704 224697
152449 83641
491555 257394
100325 283830
577896 254103
661985 267847
650438 410163
562918 613079
688614 183126
750293 604472
246421 479287
674440 749688
632053 610825
549474 641792
652509 600925
778377 398631
486363 492983
161772 653259
546347 453700
237199 294782
364330 130036
945132 696107
311486 900394
658124 524816
776066 865494
360050 177358
855057 523650
676414 774304
368183 911920
754018 67204
620867 282322
561176 902682
429814 197265
784299 855092
689248 437942
220838 948304
650211 164972
404830 386783
729077 85737
663871 505127
768866 126004
551087 390388
511551 23904
599642 41332
639338 155312
837678 310792
408734 928776
991900 903747
672379 978510
27338 33209
64562 882302
820343 291915
195997 897658
508413 465132
26540 943394
661096 485904
998892 94996
470809 977187
698020 846836
1824 932920
101130 203734
41774 550144
276794 641550
24194 342077
259965 238326
402202 795098
230071 710912
184993 338421
871722 337286
116689 873081
450259 558207
328955 285118
78663 64802
856080 916476
672171 197739
237958 890501
129887 454374
66960 687484
652624 70297
190246 814621
542716 143335
723922 173998
848197 26153
643669 134490
573266 603703
406164 675630
762282 438454
592464 634718
174267 776340
925285 918973
396137 45688
344854 800905
693660 278683
923584 357244
999633 309518
667040 2276
746546 179718
246757 328899
255008 798746
563000 735423
380065 714483
753454 971633
929621 554705
191629 40959
480613 380433
345038 89585
727174 460735
360799 418636
796977 728148
224970 160670
970337 413781
171578 766749
628764 14539
78586 997252
538523 864030
978783 568364
942343 93435
505976 240546
973019 945031
627182 50866
115590 51328
667633 578978
548239 695141
173689 436799
151469 790647
811019 196014
771235 67413
422883 978572
825182 77577
885216 810838
712879 827497
259185 483557
314440 14236
535795 683804
39303 178871
120694 541412
543970 648629
864486 808704
946560 302044
400140 250538
472809 376793
431775 160047
145728 38008
820819 174455
62436 434367
542815 913228
760688 770899
424599 125470
11035 478022
558026 274878
887961 901181
795128 857328
537589 3757
313799 258451
585465 371940
481077 937385
688638 552472
174409 213384
944231 128600
513184 597067
496347 643467
325908 627765
356583 372021
336732 392626
25022 83844
984231 860899
622268 316647
669021 263526
601330 746185
954485 414786
719819 664998
919497 484808
412152 293803
400041 125055
268261 84171
83637 305845
815988 387013
740107 723827
131251 262812
469454 796873
801118 125049
294040 152430
117283 154107
457964 703052
770247 655072
92104 780207
161861 259488
480031 433932
590235 614530
388840 961441
716032 890533
314279 579855
798158 731799
262234 654581
700561 272588
649571 195797
526023 425814
469941 996696
716893 525842
302622 734283
451730 11906
252622 463655
648232 76826
561625 558940
393043 61479
330455 305527
896766 432275
729496 827544
953277 536344
582179 102631
971740 246388
783947 92735
449770 694708
129688 236130
954955 883585
139067 448893
75760 864272
623781 273138
555815 74694
462683 394838
813218 641992
929198 788951
522144 579460
209595 260609
513129 321047
925635 174258
769674 596921
752367 78633
80009 319901
887308 652260
430114 799128
938640 398431
60810 121464
55550 589585
691371 498046
786069 400127
944248 644248
565227 69159
328904 730217
986371 541498
998269 740618
664335 662530
103721 657037
707808 877402
522718 539062
776407 41566
771797 493170
83008 904389
255492 971971
800806 522095
59400 697772
901568 802305
517106 698708
852974 278678
617707 716419
241753 653836
656711 21334
102883 146157
169513 925527
292987 334389
913405 336760
308570 891590
309227 888873
683136 599374
37200 211913
938598 318259
203673 623341
778721 186577
316114 91550
381603 534035
640761 161833
579753 889181
769759 769365
683093 986347
