10000 1000
679 3665
4362 48
2837 830
2534 3678
1276 3132
115 288
3811 1723
483 4863
2640 1488
355 3076
1184 785
3332 1153
3017 1127
4347 3928
2693 1621
2388 792
4374 3867
2445 3121
4324 1756
3788 3577
1792 1948
3201 4009
1249 3825
3023 1348
2543 100
1571 4494
950 702
2657 1468
744 1693
2828 3292
1652 1073
3644 3116
2536 996
4077 666
3147 1972
4248 1486
3132 4203
2858 198
218 2162
3758 4844
1430 928
4529 4019
2596 4943
3609 1420
4952 595
3523 1895
1315 41
2 1733
4534 2919
373 427
2462 2482
4742 4796
3719 2278
2547 1286
3033 2295
914 2436
1726 3795
106 880
2537 728
857 3321
4706 1034
3394 1177
371 1810
4322 4621
4839 4708
4151 1267
1016 3952
3690 4698
4852 3729
2211 1959
3339 2460
1495 4796
759 3871
3973 4938
1944 3369
1496 3327
17 4564
1060 2545
2607 1130
1221 1191
4354 1920
4682 2501
197 4613
1361 783
2968 3355
4553 2939
473 3141
765 2343
4625 4646
679 1199
2045 3842
4279 633
4503 2836
1429 3795
60 2678
2143 2718
4629 3645
468 4610
2190 4033
1515 4896
4624 173
617 2971
1971 381
409 864
217 2290
2357 290
687 3204
3906 3162
2936 3912
204 3790
2867 1608
3000 225
2420 4824
86 4224
4852 953
2631 4735
1529 1526
842 1189
4392 1496
4809 364
712 3324
236 4007
3062 2846
3625 4188
3582 1722
942 2437
1189 1177
2426 13
851 533
2851 3584
390 3173
3709 1563
819 745
4012 4735
1203 1353
2809 3481
129 3455
4145 701
4629 4394
3514 2051
3476 2009
1912 4470
4302 1306
216 976
797 1199
2215 4028
2485 655
385 185
364 3163
604 4999
2516 1605
806 3679
1614 2837
910 989
841 2214
3536 1951
2983 1537
971 2254
1148 237
2501 2447
2043 1993
4865 1751
3710 1864
3138 4813
4899 2672
2630 3727
4805 2397
68 2783
2170 4232
604 590
3270 858
952 2169
3651 4050
992 4598
1123 4957
961 161
1368 2558
2986 92
4849 2616
1174 545
2245 1455
3772 148
2236 4874
595 4813
1911 2410
2567 4943
1806 3807
2366 4463
203 4792
4442 122
2691 610
3402 71
4249 924
4388 1522
707 4572
2695 1625
4245 4732
118 4875
4295 241
1643 2925
124 3197
3449 3404
2297 4448
4260 4759
2489 4461
4328 3699
3610 3884
2538 3571
4111 2317
780 2495
2344 2060
2254 798
480 2151
1464 4758
1172 812
1576 4619
2670 2177
729 1768
920 701
3285 1561
3206 4808
191 4091
4086 7
3665 2647
2737 4376
2087 549
3111 2579
718 1061
2813 2360
2000 215
1726 4933
4527 4746
550 1322
4430 1986
1104 706
572 502
2819 3094
2040 280
4676 3673
3895 3561
2109 2765
4934 4570
1999 855
1865 399
4204 2103
460 506
1244 1723
3122 459
1667 297
4654 1912
3374 3804
2819 2379
824 2657
3649 395
1704 2298
4336 4099
184 797
2858 1533
1798 4769
4995 4847
2236 4502
1269 2702
2006 4482
4206 831
1865 2114
2740 4901
3857 2284
4985 4416
94 823
1626 4507
4277 4272
4795 2221
1469 2756
1656 1941
4697 3092
2501 438
3193 2506
1935 1485
1586 2678
2338 3477
2127 4357
3284 4736
1196 3917
3657 4426
1985 1100
1751 2331
3797 2566
1244 3850
4292 602
1279 784
3384 4724
2829 3503
892 3936
3996 2070
1248 77
482 889
808 3493
4787 981
3825 3445
1840 4742
4828 4310
2947 1979
4445 3054
21 1313
648 378
1668 2051
1003 1228
2274 2046
1291 2645
1254 242
1887 460
3904 1283
2285 1527
1039 4034
3173 4816
4868 4788
3364 4212
403 2516
1728 1084
1964 4701
4828 3388
2108 1660
2517 3020
3744 3735
1209 594
3077 1696
4706 4660
4412 2063
4726 3113
2624 4259
1226 369
906 1733
3641 2382
1137 1196
3795 3952
437 1960
1084 3557
2262 4373
231 1506
3400 1973
3325 4219
767 3092
1526 1997
2908 686
4790 3563
589 2409
2663 3582
3462 4438
2559 1503
4574 2401
912 1903
1270 475
1646 1179
1576 3368
988 1754
14 1382
1146 1529
1311 64
3549 316
4861 2440
562 3691
2815 1898
4517 4394
314 3622
1566 41
2629 2884
2737 1851
3329 4167
4157 1353
2583 416
4866 2974
1469 2426
1882 4872
4806 4169
1620 4071
158 1973
2855 1051
3245 3583
628 4649
3379 1569
4293 4897
920 3815
3230 2141
4651 502
823 773
3986 3435
890 4391
293 999
2081 3403
1217 2652
2461 4904
3095 962
2406 2710
1335 3744
2166 925
2895 3358
654 3204
484 1503
3081 1740
1472 1864
564 4705
4364 4722
283 4856
2427 2138
4884 3647
3591 887
3610 1185
4308 2066
1441 531
1375 3244
4277 918
1363 752
2566 1685
1919 368
2195 1519
1077 1341
2308 509
3020 4788
1968 2548
1855 2655
3589 4088
2912 1899
107 3444
271 729
1172 993
868 2867
3239 1066
528 4838
3905 3081
3467 4902
979 271
3708 1120
2105 504
1881 1748
4380 4094
4532 4557
1363 946
2766 4400
4173 4803
515 878
471 730
435 2669
3412 4228
4212 2820
2725 1703
4553 4301
4387 1953
4165 2014
4280 4003
765 4166
1057 817
3474 1796
3685 3969
642 21
2543 2156
3205 4868
4776 3921
987 1653
4755 368
2538 2939
2733 4212
2495 2862
2726 472
1719 1458
2761 1165
1825 4306
4992 1754
2736 2428
4960 168
2006 1128
1912 533
2000 4657
4620 3346
3255 2895
3497 3226
3879 294
1168 4614
2473 3594
4800 2171
640 2481
3394 2248
1812 2091
2211 2948
2539 1975
3045 353
1835 166
529 637
1673 1117
1424 1104
1928 462
595 3534
820 4439
4707 3233
1140 3284
1607 1267
1413 1321
3086 4489
830 1130
1884 4337
4182 4868
1207 3899
4257 4064
1779 3437
2791 710
1484 2790
353 1105
1987 4225
1205 1519
2441 1802
2580 3324
3758 4676
849 1645
2905 2456
4658 4041
4694 2197
2635 4430
1268 2445
1270 4010
727 2173
661 4845
1654 1035
1076 4011
2512 3375
1899 2047
2875 2381
216 1182
1700 1637
607 4454
1910 1705
3334 3047
2438 381
4944 4634
3749 1035
1560 2490
626 734
1346 3385
4191 1750
2370 629
4766 1164
315 4541
4499 2748
4084 2077
3981 2808
1902 1684
445 1163
1050 952
811 3066
4046 2497
2683 4500
2540 266
1720 3226
100 1860
172 4097
1876 1649
2238 4756
1949 4572
1579 4393
3586 1161
2261 3658
4748 4542
3826 1436
1460 3177
3729 1860
77 1771
1568 4429
715 4368
2304 1502
2438 2923
2805 382
4879 2046
469 2510
703 702
2324 1159
967 32
3163 1975
3290 2339
4790 2360
1428 660
2774 1429
1534 4456
3257 4855
4382 3902
709 1985
3507 4248
4346 4311
4868 4969
2568 2578
2758 2746
2827 1875
3973 1884
3986 636
267 141
1489 2749
4955 1285
3347 145
4809 1597
4587 734
3063 820
3329 4165
1776 314
1012 3397
1100 1383
4616 4147
1315 1742
4156 565
1958 623
941 4385
3074 2315
3964 4984
2300 968
2863 4658
1451 4402
921 977
4844 737
2333 4182
1280 1412
277 1698
3474 2190
3202 3011
1274 4512
1031 1981
239 1717
1944 3992
925 2961
2304 1353
2588 3813
4009 1728
2997 2275
192 2376
4297 640
4774 2496
4857 4286
3393 1505
1119 4321
3433 744
3705 3690
3036 2906
393 4578
1527 845
4002 655
3643 1107
1618 1484
3961 3662
262 3552
1180 1168
1901 2783
2274 2370
4588 2177
2756 2527
2754 2523
2867 3926
2193 4626
548 4635
2540 3949
2502 3914
2809 1067
736 74
1265 918
3587 4742
605 412
1311 387
3784 752
1703 2399
4621 3514
1581 2684
2676 983
4945 503
4218 3547
3516 4530
2783 2551
2130 980
4482 319
4090 2811
4666 2691
2432 2686
1468 3437
2526 3979
4268 3080
1514 290
4826 1746
3793 4230
2279 2308
1692 4155
3569 4010
4405 2906
1287 1449
1020 4810
4571 2986
153 1511
3293 3370
4395 1551
1344 3786
624 833
2096 1562
4099 1005
1585 189
2774 529
268 4046
3148 1595
260 1554
4839 2748
4883 3910
3016 1010
3534 243
798 3394
1149 1254
3918 2861
2246 1960
1890 3818
3915 4712
4091 1074
4221 3002
182 3726
2431 3364
4446 3031
2784 1270
2568 3280
2335 4100
2852 583
2362 4663
1261 781
1698 1965
2789 1718
816 1
808 920
4291 1688
137 2510
4318 1131
342 716
4275 908
4463 1699
4780 4245
2517 1819
2721 4516
4789 4803
3817 811
967 1581
2444 3743
1105 1303
4091 4613
485 226
4929 3150
2691 2683
1623 1447
1523 2210
1067 2718
1765 78
4848 4107
2587 740
1001 3745
2000 3104
4467 1402
4576 3746
4653 2045
2867 3120
1008 3805
3318 1441
4924 4841
1563 3828
2585 1557
1010 1141
2471 1866
4838 1632
1982 3560
2683 2946
4255 3172
4127 4607
926 792
3301 3668
280 4174
4061 1822
4450 794
4762 4430
3905 1513
2109 4938
886 362
3241 3688
1064 3646
1663 2702
369 3283
3501 3848
836 969
1428 191
3635 2530
2463 4282
261 2480
4893 1105
907 433
1893 306
903 1675
4553 4304
1521 1652
2743 523
425 3350
4502 4648
1341 2910
2368 4736
4305 1576
2349 4415
530 3092
1112 3903
1412 159
3673 3363
385 3188
209 1104
4293 2108
1862 1864
1933 4525
4 380
3918 1228
33 2420
2218 2204
3388 3538
1301 118
862 3106
3374 2726
348 4913
3020 457
4692 4221
4114 10
900 2821
1312 4401
4658 1724
2759 4157
540 4774
2187 1613
865 1704
1134 4914
4820 285
2236 1402
3106 3006
235 4598
1807 2764
3294 915
3873 1138
3612 4880
3650 1907
174 1177
1523 4053
176 338
1246 3722
496 993
3281 432
2078 174
484 1856
3374 3518
4752 692
599 51
2991 1342
1169 3102
4326 96
1619 2859
1289 1210
3872 4083
4424 4516
608 379
531 2756
1690 1918
2376 4162
3716 187
1904 3356
3232 2764
292 1514
2319 4697
2951 3946
1393 1196
841 1348
4751 1809
2507 162
2011 4657
1482 3718
2762 2531
1833 2920
2443 584
4557 2726
451 1175
1869 456
2545 3904
4245 3611
4368 2607
4614 4537
2675 286
2802 2312
2255 2909
3731 1094
2961 2509
336 2152
3440 555
4227 357
4684 1023
4188 2672
136 2228
4287 1256
2741 354
4746 953
3709 1064
4229 2162
4093 1764
2739 3127
3913 3202
972 4606
4987 2075
4531 589
3406 733
3447 1262
2956 1438
545 4899
2251 1369
4629 4743
1213 3336
31 3489
3897 1609
2477 2089
4723 2031
2370 4537
460 3560
4823 783
1400 3181
1452 10
3162 1440
1452 2171
1460 3113
1586 2718
4897 1474
1504 3916
4951 4610
4083 2216
745 2691
1283 4151
426 53
1010 577
469 900
4915 4558
4821 2660
1746 483
1622 1964
1191 557
1224 950
2397 3980
4042 3627
2478 2633
111 1468
2716 4060
3175 611
2155 1311
2394 4933
2273 4990
4973 2066
2723 951
4742 1667
27 2456
2277 1344
2317 2997
3297 1016
3779 2519
3215 2967
3883 3233
952 4001
4545 4341
1291 4908
2624 1797
2146 3521
4491 398
659 4885
2915 1721
2852 397
2863 1712
592 3743
4871 4991
3907 2968
607 2984
3787 1301
1563 3302
749 3593
3627 1269
4677 1051
3842 2937
1728 1883
3640 2418
4424 103
1751 310
1146 3774
2101 86
3890 4161
4985 4576
2256 4114
2993 1231
760 1068
4759 1420
163 4738
1437 274
1502 2649
3551 3950
3808 4841
290 1766
2483 3368
425 755
127 1896
3731 213
1976 4364
