1000000 2000
161749 10524
474611 2888
429073 282604
399688 457328
30890 459076
306009 256880
263110 407577
45460 324050
479233 380835
495497 172504
230150 279105
485148 455114
357066 99932
489878 357531
278904 210003
269875 210352
63900 405357
133839 9353
244362 357254
469745 60769
159653 4789
187698 35238
456587 279320
138313 378856
31314 435557
338540 458657
58593 213957
251810 395655
262245 295838
440592 474795
448480 353968
71186 471717
176930 463837
107417 146100
396900 100928
478097 392978
73106 366729
210451 421640
223265 113195
267984 327131
91486 200175
299313 168973
142589 376198
54060 450692
483950 379450
356839 471565
436342 275155
403207 288978
128004 336894
258027 35934
361995 49498
466841 335554
77160 429205
158506 400216
339892 256763
334488 154683
321697 35594
404089 2201
367994 371171
99669 265902
6049 222832
193879 368198
120458 408846
399664 257215
123548 9515
313053 210895
394103 340417
374456 425294
170340 63394
381004 340269
385973 470791
407245 7754
170762 214953
368148 359353
134014 21215
293345 48066
417909 294692
373135 282714
458826 364444
203986 257911
353233 125974
36186 395352
68133 92643
253532 323083
433278 347583
182674 1802
348229 460805
417125 456788
457776 333794
71352 133930
354739 461470
114305 455899
326385 138656
291600 379024
206354 371822
13015 391676
244976 116926
459753 36390
87032 30238
495079 136780
267223 51019
180209 258640
319734 432733
350166 203402
281133 390132
489216 408341
284063 177092
201950 61279
455536 125395
177241 87176
142287 395221
329739 182481
253857 249399
317154 272925
365904 394227
322773 157564
253139 88313
61697 89848
95011 484350
422476 10702
329233 294032
183304 423553
360551 5471
102819 32171
276753 53030
154050 156351
273451 386057
461976 422099
214738 180161
484848 262376
416284 471394
431646 238121
438353 248722
457913 60721
439864 145209
9954 160816
307655 270614
73288 87899
482671 384786
155463 460423
439729 462404
368880 218668
30523 52308
215119 274600
144965 220552
467427 198801
112619 388319
158801 487812
7514 380685
221009 342402
411336 205855
393682 356664
385452 99201
285565 140621
83653 408383
116908 95700
476647 154505
176635 464063
253337 105949
137692 348029
305528 160898
468544 251967
249207 259274
126775 1758
60595 442766
461618 659
425979 6818
111803 437360
233070 425252
224771 238344
412669 87062
228733 385662
164118 313686
283221 194628
387346 319440
160250 412336
44700 483970
45852 98633
65841 46241
220941 82762
39257 474203
439005 313432
399598 439747
344992 492706
187589 349109
36237 78886
391077 65021
467145 474515
293750 188360
326913 439266
188575 264848
473125 348519
135371 476248
147183 3462
414752 341693
491265 151871
494166 33213
67275 412512
9644 238587
176979 157169
307005 45612
367303 65407
310056 265281
268673 381902
334721 156858
220156 217253
438835 212587
260949 147546
208685 432462
225692 33802
371973 378819
152392 439167
131274 239420
87373 355220
401283 174303
273401 490883
173957 2833
295289 299412
215475 12806
292232 188179
315752 190332
296314 122644
168106 295877
350247 192258
474426 365699
397105 384742
358214 176163
77708 121365
470922 427441
415932 441842
195383 388401
259684 119190
403102 127947
70716 297159
198249 172156
433696 453995
88454 457429
316196 109145
429411 451877
287317 450709
320989 171700
231971 369257
433128 175638
797 484373
134996 261745
364810 72650
32053 381998
186052 162628
447748 173677
433271 306358
43244 292669
458170 283449
351678 150791
41501 334534
341610 276729
257267 100650
299855 319752
397033 255484
212436 267212
319796 136053
451307 42710
315827 21709
388337 395281
271374 405463
47933 461146
316614 402795
350129 425114
267527 321182
137950 403918
138462 328483
86008 162206
281616 270800
438109 157261
111934 186014
247995 44562
403042 255017
114 92691
205959 403765
334625 108036
342793 122808
78209 311616
306363 205945
329428 107686
485745 217107
282179 492266
267333 126404
371929 172889
109707 353083
196067 189429
182387 90802
248016 451668
156371 353707
56624 389862
228960 95925
29484 398418
369528 124907
485786 160185
286536 382884
268425 290325
173315 133806
284148 324728
468073 236368
425648 171171
426359 590
33700 256335
362270 61366
394982 339539
106014 37880
92968 407295
378987 249749
173018 306884
84516 443558
34978 108232
369355 347725
153124 476375
157336 243812
384401 6440
272805 421160
291665 385720
347953 106776
217300 145092
126966 123102
175179 177146
476650 75282
53694 264378
256645 358535
58505 399320
422885 5231
27501 255472
430061 407126
36315 143374
243788 143006
294903 57082
61517 148487
158855 213242
425506 462907
250159 31979
342927 255253
153755 426729
198052 59273
384225 277020
468674 243421
286219 254587
92736 357301
216339 299492
92240 210845
2062 367749
178895 123903
269887 198075
492934 113556
267384 298574
261915 162007
490773 175988
690 150528
174065 312199
258529 285093
266342 216049
329487 46187
468503 61854
250368 452406
195018 280691
420748 197815
223070 60383
66562 308646
488922 266709
113636 204659
240579 451841
380932 195465
464036 145132
454855 322361
159548 237792
144488 214241
51157 388619
337754 89795
141057 389952
323347 35948
184034 182711
341011 438245
234936 226142
342302 226136
250292 331633
1296 320758
281635 224627
242971 412783
346310 346715
374434 372395
329808 75716
95991 399990
278264 116125
369707 387378
206216 92781
126653 220055
373216 7429
82145 460435
455739 230197
364482 253094
230386 84150
87826 232592
147050 119138
186954 371677
313444 401408
456845 48339
367352 430514
368463 488461
2467 365031
459228 137604
205845 28795
406437 345119
147256 265996
264803 107080
1661 41190
278995 154554
340892 385618
310665 224793
33428 309928
94022 483211
219744 264983
373370 105236
385705 157361
196723 495115
38748 297125
399241 377655
477284 10987
450230 275726
35300 454677
292614 384985
53349 104814
321973 140257
276014 407756
185600 347046
466236 38023
103633 316194
24099 162705
423460 259112
339847 6740
148355 31084
381036 94977
360559 333692
224710 358499
34547 423424
367934 3416
291355 126533
433428 91907
71575 147376
54312 66587
499476 464804
162112 223135
126327 366437
96177 464679
49172 239531
116202 253103
315682 480551
77103 196631
41685 92391
243897 454493
402555 344544
445616 367971
430407 363527
425637 235270
460137 470311
148130 385725
247033 154
390184 472370
145910 159278
268797 345204
209640 425099
400130 231149
26383 385739
191453 228803
85891 41219
237663 217616
215766 155382
159626 453512
63385 370307
7488 72456
100810 265455
460992 423110
173865 479874
104951 374421
120712 396716
293557 225270
401367 168316
199459 398608
139854 253593
330142 467313
91916 314204
238112 465168
496420 426400
36143 9972
202536 286217
421514 7672
29168 469191
452888 17598
428648 38060
83237 328005
463194 199214
423142 63358
102925 485368
303555 382832
37791 77810
90996 305005
462811 20327
452012 365231
334052 188168
275834 301538
425988 354160
430510 28725
147433 388579
429675 20745
498073 94788
495553 208426
127563 49426
400193 160804
63603 89356
225700 474886
137976 61838
255679 285753
444232 393642
401016 327499
91087 111967
347039 86034
382731 282249
417657 191920
238246 433082
364155 332235
323675 47138
314799 46160
68449 403261
130687 133
13416 413392
20763 304232
130313 24619
339535 323544
335983 349191
440718 244055
335106 366465
447190 340441
113546 389524
351384 25129
301902 387361
409198 415979
47170 174028
334407 32755
431066 499908
483101 493859
161098 491287
318323 101602
181700 322808
220146 375585
88983 492056
294591 315681
21513 65372
376380 301983
107864 278187
399518 333761
336301 285013
471343 430660
7027 373769
305165 305673
27124 55563
91892 195946
58790 267023
421712 475450
401163 44905
205926 478927
52829 477492
53965 262843
251874 399829
277317 222268
384524 11739
272675 124796
306229 289304
487953 15102
371574 86948
424026 298760
410213 468489
176098 483944
63938 380108
224314 129764
189365 292968
59587 447507
60642 46524
267746 141209
489446 199068
356810 478494
264711 423170
181431 61365
51771 474663
351294 152252
163292 289414
170801 276395
449153 174890
288358 155011
110462 280505
391322 226562
163256 163239
363171 429277
146198 30800
269045 413881
364686 126278
226714 107315
377131 60139
202763 468810
44447 51748
58795 176758
76865 478413
497403 67885
214328 282238
61398 198813
285441 16343
312498 2277
493289 3418
250830 219441
285238 404042
455260 68118
372535 203785
348458 275195
359157 278676
122943 319427
232971 147693
77519 403920
260986 313239
286888 337961
425392 352265
210445 382306
138901 452095
491506 417077
488304 148431
295132 389761
484581 360039
168583 365287
128781 103598
400041 462585
304397 170684
346068 447059
108609 297336
233792 285082
196077 149571
146428 71512
357457 87236
494198 46484
232235 260705
207884 136065
250371 412391
270277 333751
146328 276174
28552 406445
455529 83567
289109 106500
173288 45218
337225 146630
42325 446590
5497 83625
53724 237762
242907 148587
429029 458425
318993 344430
442069 282738
412594 313578
204289 108985
123722 295242
491868 381495
252601 335247
399295 187515
171409 384404
80712 495766
491624 322001
15140 204449
172208 79241
255530 148731
416089 307221
12594 43629
217378 186001
149635 420520
324344 170302
315152 90193
322186 132898
167365 243886
183813 369934
21611 413872
85675 161426
32031 103652
15230 320188
407914 162702
377749 108564
253395 46015
293852 355225
127300 42254
243295 281795
157207 197389
150112 38637
113609 200691
4720 292532
322563 223249
104576 388256
391521 264744
239229 439249
124080 257192
308855 320983
310060 458840
481905 195899
316645 91984
416065 148200
498148 460696
343302 422234
463359 47850
491498 171801
297999 320919
302654 435560
265522 110917
303025 241234
219628 214003
341881 264666
460246 78580
373017 247079
177743 135694
193457 313328
424602 43221
250205 102475
292899 105869
61061 315923
177443 433965
305500 439381
16747 136220
296264 277548
483815 361137
496053 486572
171598 49800
243851 439181
461900 13999
430761 281818
8354 469955
12385 464146
94091 169470
458120 91921
37340 361932
80037 4197
148804 389063
438189 378215
56572 84791
412373 337559
101435 380961
17063 143489
138431 217941
7050 465086
170888 381302
283316 157219
154468 98236
100826 91951
310304 378191
127745 162800
26991 194456
296423 292205
218134 251852
10010 111516
158021 40918
19521 5858
178134 277088
499161 324586
187541 398867
200840 397868
418686 67359
223943 267200
84463 370487
183758 183740
400645 349363
372644 380325
381687 328076
469504 119131
402609 243494
449009 431943
422034 494798
74450 407212
172535 321225
91112 241884
314720 218475
9297 442242
172778 303288
482150 103607
243370 269648
83064 292548
229322 393855
357304 488464
18181 416523
355940 333902
389166 460705
3758 420489
326257 183612
471915 358553
354982 28335
394173 255772
283243 330244
423754 449053
115020 404198
71404 149530
386862 231518
368353 25746
65933 84824
487964 191299
402575 311052
368216 27994
424535 397064
199989 245087
181804 316055
107317 447053
341030 56992
216016 183495
430371 497208
260190 73655
322125 103415
342366 115827
362591 435645
492910 388580
435807 169966
428553 163988
42017 131383
298388 367196
116530 286565
270790 309714
192393 475411
357869 419549
196642 94734
22361 385460
395676 73250
299896 377017
243905 451430
401492 7251
140292 400489
400429 395285
52439 469239
394895 185266
295517 181641
179846 65026
126834 287851
457123 51118
82129 499777
264596 219231
213248 78608
425744 64829
49069 231125
190032 481382
476031 70859
55285 175449
486717 208620
255030 238243
11206 433971
455291 393866
334339 130707
356851 376202
138813 3375
414369 485932
51968 104240
29431 159505
227267 333385
478041 86868
198508 469640
89879 96924
113759 64652
29451 183304
493611 40316
363290 293877
19301 294636
140957 473693
330319 439584
161765 408609
8709 287161
236772 221396
449951 261676
81674 303198
413308 149574
429917 442200
437792 99597
275517 13283
283282 165771
214771 138659
63677 2976
451107 328099
337875 95595
66284 464963
238439 345701
346617 127470
221370 365879
345364 335234
280033 63550
377568 53087
267768 405864
99082 496413
90789 219105
298270 370922
205815 181800
144719 122336
395432 393099
2079 17030
392838 227227
293572 316819
254456 448340
278594 60845
65874 472684
251420 341914
442770 484549
454916 129210
348797 137525
383456 356119
170639 321573
224778 92647
213616 167741
12307 180588
18045 326375
499349 2285
217355 74767
262237 150896
276362 397454
206456 175465
462175 279614
204933 191858
161954 495514
478678 349774
79803 269492
397815 427180
498710 160653
300633 65915
320609 262124
100178 456194
98488 488960
104632 241873
313999 428594
47417 388753
219715 339091
123867 108721
40954 288962
349083 95384
87173 316976
129084 486466
173908 497580
64884 183232
269179 282127
343503 6974
346971 238775
403725 460991
488917 352459
275110 6513
308318 448779
392258 245605
219428 225897
191232 406120
142239 359166
304423 290369
43134 111168
65118 347828
213775 406644
327750 191144
298875 257642
103919 489086
341740 381874
138760 236806
130833 383191
478528 443537
118382 378986
470900 150495
281634 306457
112367 482863
222919 23035
313522 86082
412187 471709
441056 132283
253075 300785
77217 208631
477413 390615
282952 360467
448004 78635
136010 402213
97118 92425
476886 441109
204210 228501
437978 339923
19974 225779
366438 119418
140215 423167
342330 196243
266126 302247
26601 372657
302368 171653
383898 33252
117618 278212
117261 19094
72636 73278
211815 365813
447050 192846
108888 107769
389489 180338
204640 140456
334127 329913
145516 112473
353015 445121
75102 177893
342194 426284
365513 74818
242947 462563
21166 135923
145056 221825
386795 90553
181842 96119
365391 347734
190774 463579
483290 363620
387186 234418
330386 90411
425702 190033
483761 286311
171225 389801
365519 466566
52669 271083
102309 263902
466035 411900
220222 274536
239819 331089
453161 237471
256127 450730
410220 437490
308852 120503
280907 184717
208106 225528
237337 373486
497342 375246
347827 222829
139353 473741
168222 232073
334 103685
497482 338890
42115 269052
124960 181483
88774 440348
181488 347301
81866 287000
47920 43871
322613 109651
458811 74770
1432 294215
241987 197158
306451 335399
258620 258426
5819 283430
258072 284295
95980 330993
185110 279451
8437 49491
121541 186624
420273 14697
163457 102020
278301 185865
315240 204369
280372 492837
168390 189576
143592 373541
300724 448310
398495 266577
461065 71316
226676 65103
145773 100746
268987 199229
194783 86064
295594 131349
182474 285583
281401 40129
317618 276021
150342 6391
325031 333147
153810 137037
203453 400530
160020 425873
42786 215697
255160 85259
448582 37477
380090 329531
21526 408830
84701 480234
426381 29314
185282 9008
434438 393060
370178 12859
235377 455669
402470 242818
100870 57303
464377 55790
404812 131219
376372 38992
124828 328852
245429 134359
311139 333731
403989 204397
315309 283947
78571 343390
257956 33567
134830 149669
377749 372494
259318 186194
27371 280708
189434 233286
317470 262771
303147 131806
249882 518
180041 339862
449676 185343
153631 377987
257228 452587
248531 335359
410119 341845
108735 423846
468065 381900
415806 169581
137608 198332
380757 309646
445075 102406
394561 486889
437292 491324
13631 47833
211084 276219
90234 67465
44794 47448
413341 148242
15218 378106
135796 470986
78624 357660
432455 103181
319175 65823
295206 440944
290057 254202
300297 215359
270721 127236
177807 152627
437784 308908
460520 159570
297334 131913
350691 160163
166325 157674
133141 446447
270525 53412
260390 345761
282383 395088
38099 87942
476371 167657
295058 336092
479475 135282
28081 49440
457376 455390
91884 431836
388241 8441
330810 126376
97913 136047
382412 330945
362523 1562
199340 38599
401346 231125
295490 486155
118929 142781
202259 332458
130194 97507
416340 220097
50775 248121
333266 148041
276190 248600
411404 405561
348320 269986
145083 315924
24628 4799
180218 462070
255823 376565
79645 387479
279735 363850
437389 154788
111508 133296
163694 245972
410746 256865
430296 121287
489310 333795
146854 153184
423769 169696
476596 339102
304494 154386
366961 170315
72672 319490
119952 391544
4881 148736
168041 4252
155794 443474
223132 131977
325307 87109
114431 354336
39469 132986
363704 261673
253708 427999
392932 242945
332102 293672
336289 97680
431487 369213
16507 403339
497996 213044
102544 232604
199381 84540
298507 397620
229709 87902
207574 164472
297028 8699
175485 15036
359346 3940
337591 72001
425373 255926
383760 350900
375624 94733
378449 499670
118894 452606
334367 72624
8822 124041
339096 450548
52972 339370
206208 344063
102667 211620
362132 432972
148994 310633
446438 384702
352838 100450
90416 298488
15294 227831
215994 434257
273676 175433
211134 225657
223618 30612
9937 163154
83152 174387
92399 178722
368173 176333
195192 382606
343859 398911
443071 289139
335833 4484
458835 28818
321730 313
315668 335193
159203 294488
38753 386647
171150 416469
118702 248826
389739 469103
478832 115751
146 178786
359643 159526
329011 204712
172394 39630
431481 468752
100996 214511
266198 309577
337579 323223
255957 360247
122455 123481
111992 10312
355014 248219
400605 110039
308451 34677
269316 34972
280309 362207
251811 22968
357565 404408
249169 417640
116531 148211
322402 106371
55384 277769
349877 79344
438810 42673
9666 250383
394440 128971
31151 358695
337470 195798
13699 438552
202402 240011
22650 349291
418935 155772
40844 59926
218180 9615
175907 477683
266560 255048
230658 95739
46174 315684
315662 458378
87684 249548
357839 80217
443348 240764
35172 281261
81910 365854
443801 54067
385802 149207
130784 431784
108849 182090
437075 308841
431334 133544
255682 252683
7770 303951
424881 215744
169884 88706
428015 450897
495597 117329
382538 18144
175178 21034
320016 287206
443805 383134
224754 400196
195473 266096
279527 5302
303610 465857
295734 462857
121008 337602
110246 218217
264212 177762
246515 23707
334042 332225
330204 184410
132363 124853
458855 234087
342738 394493
104469 17831
389291 102864
65521 234128
79909 196194
357767 299724
245927 120481
204305 70335
282000 326268
389096 177613
37202 88557
98103 351123
69671 113421
491578 189993
41851 73846
422639 393650
340703 330776
35148 205236
412194 475562
228401 113760
260891 163084
353406 124381
315295 123826
403200 219984
478495 202571
711 220142
75747 358210
145834 471472
106995 404527
260645 220519
296833 252216
376186 12554
242440 452181
313656 168381
407840 405941
51528 444386
411657 339997
246014 314025
48934 225597
477630 223868
125239 67002
80176 234480
350480 389757
478059 426710
362988 443618
257220 499454
325246 309685
162593 204376
350112 401880
283494 431565
205283 222075
151493 282196
343625 494407
359300 104532
158527 122898
34227 167597
241360 14082
495106 357451
294436 113618
83009 169751
279167 243239
341503 93438
256423 218155
15284 124397
99527 198953
120908 29409
452542 404670
216230 353902
297423 252393
190640 156207
83044 431257
257968 499002
304274 402104
401811 176538
378860 121275
374294 148473
87905 87330
134965 118264
250031 3390
62865 18156
127352 345691
355114 38351
273000 295308
131654 208172
51223 421194
338437 192879
26353 141024
304070 102022
186176 356807
429577 313463
275763 392764
364401 19801
175825 471461
191085 484666
264281 158408
446496 410222
83396 168524
193219 407067
362918 450893
316059 234533
155884 210152
276791 473818
355014 68025
231237 366974
452406 162949
94912 410145
443178 143816
99100 43911
272634 1793
208162 306963
68921 259465
175463 123426
356124 240516
153193 452413
54624 327977
219388 327021
294919 164917
133620 115141
39606 153202
256207 287889
410248 75703
52657 160320
179465 485998
73382 243441
296802 448050
197352 180375
416702 342794
338894 200963
276907 368942
392265 63856
224715 120145
421109 335218
5276 419254
164849 124340
345997 453012
146906 170881
215394 407451
495953 242079
421279 417703
89820 8153
63310 17746
4589 127469
136839 267705
142554 209783
73986 402975
335446 12619
86477 321478
137299 136573
218493 338400
279854 78715
175786 86012
410255 484262
179334 451743
463886 249810
443894 58166
283602 150748
280485 948
409772 271465
412624 97150
149238 393023
352523 252235
66325 228658
406545 91865
481289 211336
291072 124296
155344 43639
173159 190469
478469 447256
406980 89913
420512 107213
441225 212598
32645 80332
93302 319252
412874 431572
437659 1125
300089 404592
98614 103583
420796 406680
282246 132319
284445 101616
421805 4496
48818 442638
108101 205226
362287 207622
100027 455372
230290 360985
453587 44815
209229 130004
463225 330870
110482 31053
76552 18503
495656 457169
169332 464805
193556 429120
276630 16495
255925 202701
179719 448591
481361 33941
51459 15576
71769 395928
485344 73243
237733 35614
203757 220038
435315 227264
65258 21764
460212 424562
315527 256274
72265 272599
368536 349529
200202 30681
463943 197528
165154 481954
263453 41301
269861 66898
81015 113831
324679 491694
1278 491024
44497 115307
451836 340192
482454 89698
258927 200870
178725 155783
358234 337107
37423 96469
172602 250751
377948 155621
91128 52832
394631 172535
499586 268426
229969 226667
390829 153057
414878 407582
169364 2670
231347 111750
36797 154904
86823 371136
239178 285569
195346 262556
492106 60767
210806 424545
330208 365266
317810 269034
361985 405130
437588 36997
25058 35569
59966 89236
220602 362625
362894 108858
139483 428891
396097 245199
288441 299454
204374 49881
117266 2652
327304 355852
397590 137142
52085 476150
441284 161571
212487 271082
384663 131771
327786 68857
462315 44931
66579 100013
70061 330890
354776 340106
376939 98951
38701 453103
488362 325399
84289 377947
342436 478634
323742 303793
491823 486335
370823 181915
82626 86625
212053 16698
150892 346850
37196 366448
428601 228052
183483 94223
362055 478873
75167 274034
4362 484993
41885 120354
286718 92142
141216 51239
192198 103858
404126 293251
441232 267236
429559 126156
363939 193576
251720 323608
316234 49553
225482 148232
208441 132417
49364 482749
186470 365090
105460 10876
97143 498404
325670 332315
363644 333182
463866 199888
126318 51782
91240 314236
26471 343730
55598 86643
57938 49642
421112 488084
424502 452968
261617 115970
73702 105875
141013 482090
59912 186514
339464 277797
146869 238982
34937 93149
327615 187249
34304 347906
174146 308210
80042 208577
467724 36505
69453 70517
480825 255994
2993 144374
86083 77796
91814 365619
208603 405208
89300 173365
368379 27741
295374 492648
121629 391614
495140 368750
332445 376318
250836 318222
317632 82012
71687 103423
179978 52216
364486 390491
421598 431973
201045 150891
282009 284819
62529 399405
328616 40398
133813 39916
478235 333066
52533 420312
10104 251071
447284 193389
39704 190038
438625 420593
492467 327583
367088 311487
466602 352708
297296 485649
97118 388362
301453 194320
30024 187035
492061 79179
182459 489030
377981 195918
444301 430242
205965 248119
95013 274978
308671 256605
342996 397707
459697 338193
412095 90243
153549 437837
43015 85138
148939 308422
223310 323788
452190 458004
119394 218935
359705 210814
177745 470579
86470 169337
357127 465793
310699 56287
495101 165745
108796 482102
495510 117301
145770 159284
350036 257322
95552 327092
145192 212358
257071 484219
271970 297180
248232 374212
394503 396113
206433 479184
453746 173334
376662 216443
466713 378610
9341 30144
123224 484249
216658 132026
96800 381497
307957 314019
420307 430755
184667 66558
125135 357596
23265 474869
262631 59283
385628 96174
451969 214739
121782 282971
268722 134779
129112 298672
124363 12095
172792 406605
87580 145346
199752 196486
124392 191384
199953 474928
137238 464002
49282 153395
367083 301029
248876 496421
173350 18753
40629 353201
280384 202922
242122 472283
343636 408141
319571 4244
477741 265213
176735 95523
485018 368002
443235 64750
305692 375503
7448 299805
259521 213772
180588 203914
398655 152818
439738 247364
370095 479521
316909 180606
405256 132465
64381 318283
31999 51278
40001 360708
341916 445756
233075 290888
494323 494308
423652 474473
340422 78690
135408 491281
328840 268653
431634 44689
253524 75679
67871 287581
287440 327626
150911 66609
491716 329258
29474 65880
154732 18657
492720 325516
332922 374739
22553 107725
125425 7260
305249 243422
122382 211175
496866 317407
414088 302839
204716 87815
415395 69395
59003 71663
36973 169092
300037 455949
169222 347373
353627 22940
143560 233161
404443 249480
471340 145186
144309 495772
247127 29324
110385 332986
270573 116442
225287 462180
103539 63391
117045 381887
40255 93704
43869 151354
386038 316353
124421 113480
482035 179728
264135 442489
250143 466791
459738 499859
150215 6499
407107 176670
267199 420827
87858 394122
127275 288389
33881 467377
277189 145186
477880 490290
362758 190525
399058 75099
419002 4724
21682 228771
448364 116931
444231 449381
269010 160466
406824 412223
342735 222563
283670 311118
189932 434215
492594 162571
77022 166375
52350 286256
239064 129707
30483 452781
414601 474670
369266 157698
86618 263444
367600 343920
102091 370245
378794 169724
369590 362888
433446 159508
415371 375975
96376 230576
169739 321446
5681 320003
19423 7478
290764 471280
355515 472913
446451 114639
466322 371595
268474 151009
155568 392710
457931 383094
186953 486269
71459 482765
366759 47337
234554 279754
268556 118984
198877 472766
148218 129202
229403 162793
472323 432480
329442 18492
123796 195128
20576 15087
79465 171225
107735 53104
396284 184487
31126 457810
212939 112224
231653 348357
160057 152761
460103 82967
204831 356214
183608 249911
270012 335212
39987 329607
426118 314300
72697 266584
44822 214921
167910 263227
470427 223411
261716 385043
403678 443103
460606 89695
478296 124265
256411 258283
25537 234430
427663 273900
491158 300134
42792 153703
17991 225518
464609 365016
140973 465062
297919 438256
400799 430497
276243 224149
202374 391825
146549 77883
478286 85540
123184 90441
262737 36428
191227 142589
3642 354984
433169 322225
291228 5889
396785 145638
487297 436878
88119 145956
301971 475499
365571 259372
75774 437685
410399 136219
61197 191316
274404 381376
486948 490592
317881 136932
101691 64390
91935 481773
94864 376117
218962 192341
125113 149893
161236 19853
292603 476898
401498 484926
86968 453116
388828 159905
136725 430118
160134 470417
366888 102614
207437 152546
294569 160177
57824 31495
42582 161146
168113 411629
103584 441884
173017 355445
198584 293513
388164 470762
476775 278377
246790 465539
185666 468975
285024 71022
26453 40070
472605 160799
492861 354822
493127 132048
355136 301437
85367 139669
334958 265124
395412 445582
308261 450379
219386 210641
419444 340212
155905 62365
393640 273097
472437 449055
208876 429292
173377 90047
56980 495462
300173 165417
451267 438905
344655 416406
86273 54374
25630 47443
263976 142840
18471 258911
403859 175185
3698 162897
276509 433937
347951 405383
50631 89105
386645 432926
211808 480918
419739 406334
401603 221731
182616 385116
230056 108904
344754 440046
432423 214440
472440 107741
155025 373410
47083 164723
304898 163417
359438 289068
425868 57804
187604 496304
286638 179440
21328 414863
393644 328626
401240 74503
472863 105393
151523 113132
97284 199234
176277 371571
170310 409851
121899 261661
480098 238991
9444 254556
408009 98893
92803 403081
461063 75533
35013 499370
94082 432034
139703 482132
345843 438420
