100 1000
44 10
33 40
2 29
49 41
23 10
43 4
6 5
4 4
38 1
34 19
6 16
28 50
39 35
44 18
22 24
6 40
26 19
4 19
31 19
23 4
9 16
3 38
41 12
4 13
47 2
50 43
50 50
8 2
42 1
43 34
28 6
26 30
29 29
14 32
42 4
25 6
50 18
8 1
35 19
26 40
3 28
11 50
32 7
13 4
22 8
45 21
29 44
18 27
24 9
31 13
7 21
14 32
5 43
49 22
19 11
20 17
7 3
19 6
28 40
41 4
31 6
5 23
21 32
1 12
4 15
14 11
36 34
37 2
50 18
47 28
31 27
27 43
13 39
33 34
40 38
8 6
21 41
45 30
47 48
32 1
6 9
43 3
24 3
19 32
23 33
7 32
46 11
22 18
33 6
26 15
5 45
25 28
1 26
7 20
46 6
34 19
11 39
17 19
46 46
1 22
20 41
7 37
42 6
8 39
44 13
45 4
25 7
32 16
31 49
24 41
22 30
21 43
1 6
4 32
11 9
18 49
45 18
44 39
21 8
47 12
29 46
24 19
26 40
29 11
49 1
44 42
27 28
12 40
32 20
1 41
24 50
1 13
30 4
7 23
6 3
19 24
35 46
28 5
9 10
5 30
44 22
50 11
45 36
20 41
8 47
10 20
1 45
18 20
2 32
48 33
30 11
48 1
22 8
30 49
49 9
31 49
20 6
43 6
32 25
41 7
8 46
33 46
31 8
44 32
4 5
36 35
48 20
28 13
28 37
17 31
37 34
18 46
48 40
18 47
15 26
25 41
39 13
10 34
44 1
9 32
14 13
41 8
26 10
16 13
3 17
47 11
41 27
3 19
49 31
12 40
39 47
22 5
21 36
31 39
23 46
28 40
16 21
14 30
47 31
14 9
11 15
28 43
2 13
18 38
26 48
3 19
33 46
18 16
33 48
23 21
1 46
31 43
43 32
22 6
9 21
49 19
44 22
43 33
13 18
34 33
37 39
49 34
8 45
14 35
24 24
41 5
26 16
15 21
15 34
2 9
17 11
34 50
33 20
38 48
9 33
44 25
16 13
48 48
45 49
49 8
16 11
13 13
31 34
7 16
31 6
38 14
21 25
8 33
23 27
45 5
42 36
18 44
6 3
46 38
4 13
40 20
15 4
47 28
50 41
18 17
8 45
23 18
25 30
2 34
50 8
1 47
31 46
42 29
29 28
10 33
46 37
9 28
5 10
34 12
48 19
28 27
2 16
42 47
23 10
28 9
31 7
27 40
23 18
3 39
41 7
18 37
34 15
42 39
47 43
33 31
48 18
37 21
42 43
1 11
5 47
12 38
44 9
49 4
18 35
27 41
42 4
36 33
2 23
6 6
2 37
18 34
27 24
31 42
3 42
7 32
3 29
21 15
2 15
8 25
14 36
41 15
37 19
21 21
44 46
24 16
40 26
39 6
18 5
37 21
45 24
9 9
42 18
17 10
45 9
19 35
22 11
35 12
12 9
5 4
27 27
43 32
10 7
16 29
22 7
34 22
18 17
44 15
1 29
31 17
36 38
36 8
5 43
41 48
29 34
33 25
44 14
28 7
30 11
8 10
17 47
43 24
29 20
18 48
41 36
28 3
45 34
22 20
15 47
25 7
38 33
6 45
21 10
26 31
23 37
49 10
44 32
43 41
8 40
33 18
46 28
47 34
50 39
10 5
13 12
32 40
31 12
25 7
31 46
47 9
12 33
43 40
22 45
50 25
16 49
43 24
40 42
12 24
45 35
32 9
8 5
45 39
24 30
29 27
47 27
15 13
1 30
49 9
24 4
11 37
18 46
35 4
2 2
44 5
11 28
23 15
25 5
36 2
22 8
27 3
24 3
36 18
22 5
14 29
30 7
1 20
32 33
19 23
20 17
32 2
13 48
21 45
41 44
12 41
40 20
24 22
24 3
10 41
50 9
2 5
31 48
50 34
31 17
41 21
1 40
2 17
3 34
42 45
30 8
7 17
17 48
18 9
3 13
23 30
3 29
2 21
42 8
18 32
5 27
13 7
37 31
28 16
39 42
17 39
13 43
27 30
8 26
16 35
12 48
14 16
34 40
16 6
29 17
39 17
14 43
8 50
13 8
12 36
7 41
49 6
34 4
30 20
44 16
21 14
15 44
40 48
22 32
28 15
5 37
46 23
23 49
28 4
42 2
16 40
31 1
37 24
9 37
32 19
50 29
15 33
14 34
10 46
34 12
45 4
23 25
9 14
16 8
47 34
20 3
23 2
12 19
47 5
40 35
19 15
17 13
15 27
43 29
29 9
15 36
46 48
35 10
9 24
39 7
39 45
18 39
23 47
27 33
20 39
23 22
11 36
7 37
14 41
33 16
17 29
3 10
21 19
9 30
34 14
23 29
32 14
20 4
28 6
8 49
48 42
24 24
26 17
12 20
45 19
36 46
47 1
48 3
19 3
14 9
50 48
25 34
35 7
15 37
33 50
17 13
40 25
11 44
5 28
10 19
40 29
9 27
4 21
50 2
47 28
1 43
18 8
33 38
1 24
38 19
45 50
32 25
26 11
1 49
36 40
2 7
31 41
26 49
49 30
47 14
10 31
35 4
50 28
14 2
49 43
8 48
27 29
24 22
46 47
43 11
46 11
15 45
47 48
37 50
18 16
46 29
39 21
37 14
48 2
14 8
5 35
41 20
16 30
49 17
2 43
2 39
29 48
3 27
27 3
17 42
42 13
24 14
33 28
24 34
31 45
31 30
48 28
25 6
26 49
47 22
23 18
26 23
35 22
32 34
42 31
3 2
46 14
19 47
38 41
9 15
17 33
13 45
12 34
3 27
37 45
35 15
50 1
31 5
40 43
11 50
23 7
1 45
28 9
37 7
6 50
50 1
43 14
48 37
5 43
10 47
29 23
9 4
6 46
6 37
36 3
5 22
45 46
3 29
49 29
31 25
5 7
14 36
10 41
43 18
43 46
32 12
35 28
22 41
41 46
31 24
30 40
5 8
5 3
22 17
15 46
30 21
7 1
37 17
4 9
13 15
3 1
4 11
20 28
36 23
14 3
36 34
22 19
28 46
3 3
23 21
1 16
6 43
9 47
48 30
26 16
36 8
35 2
27 9
7 17
39 31
31 26
40 48
10 17
47 23
31 20
7 24
8 9
26 27
32 50
8 48
38 17
5 4
8 1
43 22
19 2
28 3
17 11
17 4
32 17
49 37
44 42
20 34
16 30
48 31
16 30
26 40
17 43
42 46
47 15
37 5
40 13
32 31
31 11
49 11
48 40
33 32
21 34
11 35
36 1
9 50
31 5
24 8
7 34
20 30
32 9
46 50
7 46
3 34
27 50
34 32
8 40
42 23
8 38
50 36
25 48
32 6
18 32
35 4
6 36
4 8
48 3
7 11
16 18
12 50
8 30
10 30
8 7
14 31
8 35
23 48
25 44
24 2
33 3
23 11
6 14
8 11
27 35
15 10
6 47
4 13
31 12
27 1
1 9
9 48
40 7
24 22
29 24
18 39
38 14
10 11
34 13
42 48
9 9
26 33
17 18
2 19
22 32
48 50
15 23
38 44
32 20
4 14
44 28
17 5
50 12
33 32
23 21
26 6
2 34
47 3
21 39
5 3
24 38
49 26
17 18
1 22
22 24
8 38
33 20
45 23
39 44
5 47
1 20
20 50
5 29
9 23
5 47
50 1
48 20
39 48
49 19
49 20
3 37
12 49
1 17
15 16
13 28
50 27
27 47
11 27
40 46
42 22
8 36
47 46
38 6
18 21
27 7
36 26
40 27
39 30
5 5
13 10
26 9
25 25
3 48
9 16
11 34
41 12
25 17
5 2
7 22
11 2
7 28
39 6
32 28
15 30
27 13
31 35
35 5
20 32
11 42
33 2
8 40
45 16
5 6
4 3
42 47
42 1
12 31
18 38
37 17
24 47
35 19
7 16
23 46
26 40
1 3
38 7
40 22
31 10
46 3
49 11
25 27
7 18
12 24
26 37
45 48
24 20
9 45
32 11
1 38
36 31
31 32
49 49
48 13
27 30
4 3
38 36
21 33
18 3
32 5
23 19
16 28
19 13
48 6
24 38
17 12
31 11
21 26
43 6
12 2
21 17
50 41
9 1
14 34
30 35
48 19
5 36
17 4
4 37
45 40
47 37
13 13
3 26
35 50
14 35
26 43
44 41
1 17
37 47
5 11
24 8
34 13
30 40
16 9
13 16
46 8
3 24
1 15
12 34
35 35
20 12
41 8
36 27
41 17
36 3
49 1
35 22
41 6
25 48
35 38
27 50
3 45
7 24
31 26
40 1
48 34
35 31
6 13
12 24
2 27
16 1
8 6
35 14
6 10
22 12
31 19
47 49
13 12
16 48
4 22
35 19
2 32
18 25
27 6
49 37
20 2
24 1
16 5
31 10
41 35
5 2
46 9
21 29
32 19
9 24
46 44
50 15
45 19
31 28
24 50
50 8
50 7
