1000 1000
153 265
207 206
330 186
45 198
241 498
380 129
264 85
366 106
158 321
444 286
363 18
45 179
313 350
483 25
238 386
33 377
370 210
394 259
441 455
153 97
274 306
450 302
333 259
71 389
334 104
293 78
435 365
70 287
343 208
243 126
81 161
400 74
433 111
353 212
440 492
465 58
298 349
424 91
145 97
196 459
402 186
315 57
87 350
390 182
483 193
174 43
208 148
477 214
26 108
469 428
418 282
462 391
46 70
70 211
128 336
33 220
225 4
168 422
291 100
400 227
51 41
2 102
327 111
487 253
14 262
299 218
38 4
183 158
340 262
429 415
310 24
75 427
36 352
395 346
34 481
465 164
360 392
411 381
34 304
59 493
290 175
313 480
284 85
45 385
482 147
312 143
230 63
432 346
410 254
462 54
339 368
320 490
273 50
233 265
30 222
99 208
41 180
110 149
446 238
490 101
347 33
392 462
90 32
396 35
193 232
204 237
209 92
226 306
107 290
319 489
70 183
243 362
492 161
159 335
351 95
27 477
35 171
110 279
164 394
13 429
449 295
41 373
397 80
138 408
243 254
392 418
175 87
31 293
172 255
40 90
42 9
81 424
219 117
345 326
32 350
371 28
100 34
201 248
261 317
379 11
377 292
161 356
420 106
221 463
317 25
459 402
256 301
477 447
456 35
140 399
242 67
68 468
410 126
258 180
257 352
187 428
230 95
475 134
84 23
124 277
363 80
222 68
239 90
482 108
24 364
18 80
314 352
31 481
306 330
443 441
377 471
358 230
494 185
408 68
321 46
332 335
194 86
177 246
52 376
47 33
161 127
15 460
48 339
124 283
310 274
103 410
323 243
90 2
478 117
323 42
497 172
184 260
497 458
29 270
286 484
304 90
290 19
405 267
447 472
380 311
403 2
328 401
304 388
301 54
161 448
3 27
240 11
219 313
327 497
431 336
132 336
365 12
198 302
257 496
413 482
196 209
151 300
481 460
310 306
119 455
484 45
362 374
67 303
134 106
319 388
360 424
398 421
479 273
269 409
79 242
382 459
165 311
359 168
202 87
197 465
467 49
421 59
75 110
454 46
361 4
223 376
476 41
450 480
309 447
370 475
400 350
290 5
100 145
112 453
366 276
280 492
142 70
275 10
24 213
155 409
469 19
128 417
226 422
212 258
374 281
72 388
294 265
11 426
79 407
213 244
500 63
494 233
332 94
119 121
36 74
380 4
124 86
183 348
94 148
164 32
476 59
484 71
119 254
311 495
43 190
417 217
206 22
60 42
360 190
14 261
40 128
12 331
137 313
434 107
308 480
377 299
186 175
83 444
498 393
127 368
151 367
237 127
22 201
23 36
153 12
339 200
483 382
322 98
55 86
376 125
40 95
46 186
273 417
402 113
47 184
221 148
247 379
232 489
179 306
264 474
121 295
324 78
468 474
78 160
213 378
278 286
216 121
352 194
64 198
274 312
352 446
324 51
84 436
213 72
51 497
400 172
440 256
191 71
478 310
496 303
391 48
464 124
245 496
65 17
8 85
498 448
194 337
360 474
349 307
182 258
283 84
107 427
350 152
325 179
239 382
312 243
9 181
75 214
414 124
127 88
171 58
333 241
345 288
6 129
124 70
388 411
327 265
382 271
17 438
3 360
139 69
168 235
381 83
432 418
318 198
72 500
57 18
500 296
359 276
127 423
19 286
55 238
323 321
420 298
385 219
83 235
17 230
86 400
439 227
468 67
246 182
156 209
345 69
311 48
135 294
230 56
47 304
11 219
289 190
271 194
60 33
416 499
40 143
358 476
73 375
403 348
191 249
85 475
107 222
89 392
351 273
176 323
210 64
217 314
172 392
195 185
485 25
223 54
281 474
151 283
375 181
142 148
355 186
312 195
258 462
475 399
407 186
178 297
351 489
156 248
363 195
261 369
358 97
137 305
178 200
418 440
462 147
462 492
465 458
242 386
100 130
196 414
444 221
300 110
432 216
419 133
337 266
173 428
488 172
465 380
412 376
32 371
61 476
496 186
65 106
440 89
90 192
346 219
261 255
63 115
292 376
417 278
48 73
353 247
105 257
246 381
364 242
2 188
259 183
111 456
340 383
356 261
479 32
301 452
84 362
326 112
148 435
271 398
478 465
396 91
406 147
61 466
393 23
331 167
296 392
168 400
491 467
354 158
250 110
293 21
459 142
403 101
463 257
484 298
251 428
248 314
478 434
429 371
471 141
358 393
410 433
183 492
210 467
50 401
353 246
244 365
203 102
208 452
313 20
153 420
366 319
418 227
392 86
459 206
480 396
107 477
146 347
487 123
428 113
313 372
484 477
45 55
214 448
496 131
29 401
448 459
252 191
438 255
44 161
213 325
41 271
317 95
77 18
166 176
10 116
104 252
479 150
332 453
191 409
116 277
464 268
371 85
334 320
307 99
9 74
477 237
411 442
194 241
290 310
48 248
256 209
71 340
148 121
91 177
355 318
89 161
82 72
159 486
322 326
83 73
343 395
333 217
400 34
15 331
418 432
145 454
416 143
305 399
156 244
388 115
229 172
104 68
97 226
360 243
177 52
110 183
454 326
114 294
275 416
166 406
104 239
474 147
448 324
290 274
15 420
195 474
184 190
340 297
174 259
409 277
211 93
213 438
206 207
417 295
22 210
429 406
301 106
54 204
12 432
500 481
361 258
46 407
429 380
124 89
497 384
328 342
199 394
316 57
32 369
273 212
342 343
69 388
42 311
96 405
13 173
329 461
372 253
20 8
465 464
479 199
367 364
229 208
283 171
500 218
28 345
432 294
233 402
475 135
168 152
139 347
398 400
427 108
402 475
45 497
17 497
207 70
492 389
287 96
41 313
270 112
57 195
389 5
47 297
257 500
461 312
87 350
194 406
300 6
364 445
426 40
235 396
411 239
271 151
438 17
162 293
304 86
160 250
112 497
263 490
243 448
197 41
336 448
15 403
160 43
433 78
454 70
57 151
179 26
464 249
329 410
13 56
28 234
24 91
388 237
106 164
298 223
304 28
227 5
340 64
277 435
24 442
143 340
196 390
202 19
136 231
273 338
132 183
262 215
265 51
8 80
313 166
361 478
160 237
180 378
81 140
56 422
168 234
158 340
384 53
399 163
394 340
423 68
478 88
333 362
177 164
334 7
233 97
179 342
370 91
168 492
229 226
471 259
96 2
204 266
323 208
25 449
43 32
337 142
238 293
156 84
129 484
462 339
239 318
123 364
479 127
487 134
97 280
304 213
467 306
25 358
249 149
486 229
23 346
228 362
368 397
362 431
242 254
183 214
265 328
40 153
305 95
188 326
235 238
452 194
108 259
170 410
21 387
69 212
317 493
52 474
220 448
477 22
388 467
114 407
148 205
257 474
428 407
332 400
322 41
26 174
490 111
214 128
14 333
497 183
405 19
463 92
303 198
214 453
415 203
231 477
334 432
4 38
424 346
51 430
343 210
82 13
89 350
12 365
426 474
173 327
438 286
402 5
371 424
395 324
29 138
74 361
302 245
446 391
205 398
413 174
170 286
424 362
250 56
497 293
224 268
89 351
473 122
29 452
104 314
302 474
8 394
455 69
281 408
234 249
58 147
279 16
450 435
212 28
142 372
58 347
149 136
99 312
248 229
412 309
397 91
62 249
259 140
479 327
180 452
191 144
258 57
183 222
41 461
11 254
224 313
265 276
497 289
166 218
66 280
178 69
193 59
132 101
436 306
327 93
245 456
303 228
120 359
11 353
71 218
276 36
273 350
14 194
148 304
195 6
283 392
279 361
226 435
498 58
369 314
18 133
29 410
189 321
332 389
363 135
298 152
175 430
310 491
317 143
439 6
121 277
337 489
156 87
93 405
431 86
488 169
184 120
416 346
368 273
243 292
177 162
422 163
73 462
97 118
48 349
73 126
209 36
278 146
225 10
412 101
327 454
204 268
273 495
314 14
354 284
330 159
73 134
411 176
342 368
50 457
226 174
33 163
151 50
342 374
74 230
381 118
461 225
59 318
8 357
390 351
40 169
129 206
394 19
153 241
147 479
102 224
113 262
191 97
280 69
295 309
425 293
114 453
197 476
423 111
293 332
320 222
125 392
484 433
111 384
153 11
479 281
28 235
155 74
361 495
464 163
101 72
231 38
89 485
407 248
433 377
162 5
377 436
362 94
379 36
335 163
287 5
170 267
163 137
406 303
194 438
412 92
286 181
99 337
118 72
148 93
390 394
233 179
178 96
314 460
194 175
492 68
66 344
88 344
488 36
415 21
468 283
93 303
354 50
339 271
276 458
287 209
345 454
91 452
439 139
326 426
340 321
407 60
156 281
282 98
446 433
154 174
24 54
19 352
120 93
234 314
497 2
244 370
97 205
157 91
359 35
7 320
76 40
410 437
391 125
152 432
365 64
500 440
425 409
368 207
204 163
314 465
234 11
312 358
384 337
500 153
345 429
453 66
314 457
75 479
208 91
293 464
192 382
115 419
131 413
398 104
136 278
