2000000 2000
709372 762969
967973 920761
927052 71114
769357 795909
849344 490762
881225 235459
890084 318876
962120 300287
780783 629229
864305 317675
522761 766420
903063 281132
596623 369934
874790 245183
134976 4486
164991 391101
433 167269
766851 616626
288251 313297
276755 501123
980570 565584
811879 919650
905324 363428
591898 722085
129150 455254
441202 396865
615390 745928
787643 607926
138601 557320
688455 142702
479124 441470
524718 489408
997688 37190
501164 349158
221734 765977
343679 923097
150514 619303
925225 155832
985110 93196
202525 932877
692912 100273
571269 609408
911435 504411
839599 854998
392700 881969
302723 459511
233988 383900
337304 333236
581198 356546
40682 757413
33985 292748
337244 450711
384138 127620
829346 699509
513248 594183
277714 275217
406880 698250
633155 185665
256964 78638
623463 590741
293882 896298
901909 268843
542409 846657
198797 945421
7939 474064
157512 42688
676753 93369
206638 517554
309471 94725
94795 871098
424082 391880
264535 972890
629230 864347
947739 567631
659154 989578
593389 668111
811762 470747
462786 490829
731148 56370
336702 801045
725992 571546
256906 689344
42216 456121
620105 136708
287703 468251
540600 646893
776872 397737
517522 534173
182535 219431
129477 994173
770149 497012
454049 862037
358101 436777
720363 371360
968845 271359
372955 388411
853739 670108
101853 567904
659038 479651
519572 666381
959818 52410
620788 602212
710026 453039
302862 924952
593169 248162
629683 666698
431394 4982
609039 127111
781832 671554
656202 14994
101732 644645
379479 456950
739189 527264
871738 728130
194071 221287
576672 83432
471106 482308
819620 989918
815932 657802
997120 242963
902459 60485
306566 518920
295609 407395
306226 572789
111892 469144
741164 314153
956707 187721
854265 28805
804947 807169
963376 64807
819975 936999
179253 167686
996249 617727
926107 63748
755703 767711
20180 647130
195936 824479
157016 477625
54008 739066
112112 164953
104907 845970
587119 453364
127124 134712
180160 856552
668549 610138
37314 294542
419171 349890
910971 676992
714637 102237
417254 796764
875155 93510
94201 259084
645014 333926
694379 289032
587133 162208
927932 663094
753785 278141
317640 833665
825747 791552
362082 352413
494346 759684
426802 815619
35366 821976
979451 420814
646479 458281
840107 96699
530536 60651
105117 43557
889051 358907
139691 200038
185646 100672
952900 365735
9133 310387
685879 589852
220701 606445
231608 547343
751336 916216
476648 10022
832050 13287
666189 910074
844084 143775
428955 841522
766349 899622
631568 594979
127965 378094
883328 130126
420742 243544
408145 347252
963704 215871
381979 760162
783519 349394
83821 400303
336300 379233
879803 470349
253766 528559
953461 346738
506174 498542
461371 707042
116319 593184
966981 16599
975962 766266
541471 468875
337389 734628
204167 359539
789033 787997
293237 29611
301563 81788
876535 190351
9410 697770
38002 170102
189006 850498
343331 316228
571981 230446
920858 154821
178770 24012
144791 835697
361294 782043
65875 512244
827216 957054
792543 346478
481870 856441
773809 767755
952170 414505
272128 331469
209326 347231
634229 752671
301600 471907
604279 71898
664034 12651
291721 974334
459327 996968
463585 726770
903327 234997
407312 182540
667301 736219
918760 173071
950205 474486
962207 64947
536338 119507
667587 89249
525306 374040
874324 987689
311185 102937
956199 982391
355376 756084
322987 931184
968128 668660
19192 990923
298951 921092
138366 78776
813965 195844
484892 592210
156224 440743
942895 812150
993779 693275
261826 166216
803737 508672
993213 747613
394084 66250
680864 188361
686198 298269
155322 847534
384302 503474
936365 441571
998899 547727
13032 155022
541564 201040
33129 273536
18749 445068
19852 10342
370953 696467
481806 5099
448423 149336
999606 684185
66974 108593
270838 67074
892836 712995
581328 953447
456107 287152
904126 760209
702307 884777
498866 608198
250079 859549
765264 384934
290238 977707
953166 152715
28770 435662
278154 901369
681005 538303
990410 599926
252642 764161
714273 833740
485318 834992
12685 30148
297330 739549
251728 607164
216012 377577
739638 264007
389656 558072
911039 497835
298740 539586
223806 799065
408677 248064
78548 229254
378065 442237
981649 771540
124415 813374
344747 964477
356113 332226
904260 291813
782718 20659
301329 836560
141658 829161
532393 444425
952277 146016
993465 956251
385425 87946
839253 642755
273870 14522
847083 76551
839739 918611
160435 281776
245356 878821
192701 922828
599900 638898
479282 727253
94797 564914
546103 34127
523705 70235
700694 881849
320524 308912
456863 872974
899272 986115
50983 676258
835825 839187
859141 84076
841827 939341
27016 140374
110971 637990
799092 674524
841599 17799
570061 653383
750781 95713
393677 383549
147613 253044
935176 368942
549864 846253
469325 624768
176241 148505
913303 335275
625316 868976
662517 268142
275579 409588
846126 780965
430921 767309
815071 300555
564817 580083
711556 314320
788579 997505
963175 790246
477120 288013
315497 513536
598278 572703
882304 671961
719037 467784
455448 968648
965701 858592
983529 85879
518537 277860
183070 957793
649006 377071
267933 645312
94616 561925
882050 439425
650742 143562
102808 17301
263782 89330
559404 236215
436367 202986
527695 281022
743478 433991
246421 661917
738886 339965
860627 119214
394013 555492
740803 65321
693938 572938
55201 594573
234795 186377
628223 192131
284290 528937
827146 52046
741373 795609
137337 659156
769546 629241
193320 318206
757902 27747
520460 745273
840749 535198
865816 319284
89498 263615
180032 458790
492415 51928
244128 286851
791715 932381
676652 106499
59851 268244
235502 440202
941651 858783
57134 209328
488808 927468
713139 385965
52695 637975
36179 449021
793405 382948
389447 599686
480984 423603
533569 825211
336505 439871
356671 770832
342460 327832
539973 463523
102687 235010
643810 761999
216975 739889
568653 783161
892719 14780
228400 965438
190354 132196
983761 186895
232745 458976
828662 4437
660273 98758
538773 694157
940920 378352
979257 367976
878899 475154
708336 526923
265856 771249
903910 410719
833412 231516
620377 238947
453989 157235
148137 48818
414830 273809
279293 296622
928516 92068
118854 573912
127993 688938
953982 270247
711358 363108
759720 798940
584837 508903
14170 90376
46691 954043
28796 312473
139577 692839
77330 443044
950458 343541
870176 167147
390276 166163
716367 299275
898982 617874
430485 819190
554616 735451
527326 205965
442442 966660
908731 298119
771722 911241
79328 888911
230811 913389
832419 2972
386014 652242
174617 655476
237382 199446
897975 526339
788235 422944
597943 509721
331371 942344
929536 254413
203727 815981
969202 29198
405587 877643
14972 23621
159418 733389
622668 944510
992944 946231
188412 746186
749746 648753
84634 810866
334110 116168
613671 11667
721530 582037
521480 512612
167269 913991
474160 6432
413142 32445
471785 616767
609741 145248
286352 697090
180249 655053
882508 969237
912044 308662
222671 885713
241134 554064
692687 943498
499744 664389
367551 849187
619035 583345
544947 920716
380627 661416
68215 924398
699287 650926
731097 696163
314696 945389
559736 287521
897679 2530
261604 538380
821417 276489
998490 397234
172261 479465
256640 798331
775799 965237
333820 664059
772672 150809
65152 814288
182790 974486
253816 512373
894623 348110
211452 743147
699093 764010
609758 268651
642395 969799
964229 669724
774256 612081
727876 261196
572054 682757
451819 52714
804907 58719
287178 546837
613062 143915
683605 53800
292278 91854
773872 36429
102808 211662
346469 550596
522181 784770
4166 787585
487357 337894
695098 91118
739275 106726
440248 624716
393119 240528
405482 865897
22845 180391
65562 642752
383823 683507
807425 765620
259288 246439
213305 644051
513748 144186
961150 145856
82176 322442
734363 67632
496100 827642
409764 930729
824951 736363
136872 724536
82487 123720
866760 866742
978093 275818
786767 685347
794973 575614
224493 257848
260774 535784
492191 42350
668771 643065
667149 665977
988858 149960
166030 85862
979638 673384
206266 808713
384188 111399
750887 740438
43779 121532
611354 704473
512825 713796
974197 974909
413163 801331
384838 720806
305502 586074
837512 522219
333915 520723
789761 321385
67738 961382
262880 859212
542682 520358
468379 504555
38333 529441
275294 842072
212037 279248
653726 597780
358396 776160
232685 2244
977537 776537
639252 718525
710068 433756
485434 937361
594848 793365
273119 436762
183844 884618
280673 913758
909234 574588
15408 628254
678694 134072
711421 898123
521550 215859
482592 73604
331733 299480
775198 894257
171405 9038
306237 305835
103050 964392
671869 8378
975260 457046
387476 391484
13286 312666
760614 682364
159330 666187
357446 885703
717277 287319
113919 856199
607436 608077
715938 45257
275382 581035
232072 966014
317716 325566
596109 984142
604191 696466
195183 762606
588319 943975
429494 333854
748491 955626
763017 279441
649741 113105
405144 467125
810935 125552
730109 430696
439663 805141
283056 953232
506627 204805
12609 457990
188418 226128
986465 868557
53690 407766
338056 908723
13228 793405
511873 773252
552425 599636
28985 740238
466644 362977
221056 497770
789875 112560
884237 333334
383288 169131
471859 930198
482043 160500
767145 478572
23646 52570
418809 602447
162662 769581
190795 227800
796126 524965
873846 306821
496444 941706
912601 558060
284389 57289
891958 65987
710559 175992
991715 569069
658378 718194
310686 493941
591056 144316
408110 381212
38777 537636
386762 705913
761345 555919
765459 941507
356454 758799
159239 806281
115942 654778
500046 299186
959662 224656
70313 485885
554853 618471
811317 410467
523926 444258
589468 232974
361559 957450
841008 369159
351818 274402
674435 338797
567214 964160
336503 3368
36724 511684
338632 644409
627207 87953
272822 375116
141727 381448
297901 936364
348347 621032
322962 102355
613375 944958
48562 832137
787062 846473
883909 682810
916657 594268
60266 609825
677623 198606
435184 333791
936758 247532
456807 150283
110678 859826
586889 45933
734760 60257
147179 907248
256498 173317
174330 836877
473169 29910
644450 976250
583060 505607
926280 546395
512785 446791
184318 362344
428435 606294
74824 297476
43063 273148
154381 225491
936305 320625
740140 364341
437294 649815
616845 993416
396328 741094
70864 506386
156756 706552
360362 527917
522060 668545
567969 519471
839939 68803
667383 836896
720206 791925
802945 451362
232082 799184
92878 420385
715704 748019
552337 690217
264679 759302
326480 307904
423245 313610
395552 789974
711971 228206
162733 192166
81805 57934
779280 586162
4731 931749
861153 702703
335301 247325
734854 798011
690611 89905
700775 392481
594403 460817
465656 168601
615388 373007
490526 168539
879888 91117
970641 372408
424515 953934
260701 471288
904465 12116
55942 681000
465695 443351
113924 496451
958041 912189
86991 418635
950643 656387
825471 722198
980602 34396
186643 18256
952707 84654
663842 218046
904829 2471
931261 605195
570255 987467
717434 989896
910618 43180
455583 986299
683159 279795
840493 915061
15109 767171
814390 256711
187503 493558
912084 976113
90698 165836
650175 650679
582254 688078
779453 277040
641848 84666
878033 297556
876006 504009
295596 289101
795346 19430
481626 327835
737476 334960
562108 201894
323565 71963
57690 343148
439205 356927
830359 480657
914190 210021
209405 295444
362208 864652
845537 778529
188533 231682
792462 75447
122653 218108
857068 64613
928623 9102
504294 990573
841595 131403
74895 149851
304902 6811
366124 41233
534861 811576
454202 713307
233507 738051
353495 861487
80426 398829
858346 875832
902849 552983
306698 563155
957195 565710
351865 70119
130544 452379
404055 139665
465232 543083
206354 412847
192980 639899
894250 478239
91524 78836
599759 165630
86981 895459
396427 371232
394281 166440
741434 486096
65823 23058
398033 489801
71278 552430
711572 849486
115149 76997
877620 982152
648095 72816
929583 523981
118081 177562
522138 656405
319664 367412
546463 597439
917505 932012
713678 314317
527118 504178
99879 973107
6293 354911
243185 943615
719514 648418
819843 396756
330176 634487
269467 747602
216653 226234
738063 914683
531021 876405
50175 984436
36392 441185
538171 925273
811868 940851
376784 201701
824833 134895
378694 881083
645865 950304
310616 530111
978946 271069
985990 561983
816863 389614
956907 453972
595061 336231
120471 183343
367976 736358
696635 119801
537676 962101
813229 487718
281948 868407
724351 379027
214567 644131
528715 654297
468087 995265
440329 56982
829318 225050
337629 717990
575964 570067
708089 547561
705422 707203
626187 982796
56146 564061
914485 863023
897722 597468
554812 655412
586014 645103
277241 596694
47856 508460
81247 294218
990159 562950
305023 190121
234979 443478
628641 625366
554868 874391
571006 587862
978048 152993
282491 183099
910778 640781
313565 241712
925909 922228
409699 523956
946161 904479
877500 743468
608831 710570
403756 475174
231096 578292
697454 433925
656958 184818
175857 936456
242763 481234
386681 695286
31358 908680
314480 883531
794782 261253
146375 927141
443939 872521
794335 374065
219532 725499
405204 827263
608236 985047
513371 935050
416532 151437
245533 644271
506557 506451
900362 49114
451598 399695
211255 813988
506136 756150
514596 572015
882782 444566
339943 523997
940927 151136
777280 747147
946140 904914
953807 393587
377777 194689
245050 38182
418245 952198
391696 541750
249746 707167
585680 397403
567008 351016
280807 349467
116707 655014
599572 166672
594004 866068
774422 42751
235502 846412
578477 458950
373973 54274
723749 102990
926643 805546
632880 292107
485647 142428
644260 667439
999540 631871
968490 882020
661896 805041
90296 70973
601338 928540
331848 289907
795058 336039
121034 142145
352758 232272
20826 535884
35435 398841
47126 882239
625519 606507
627138 806602
643492 663710
305637 87435
847860 819110
784802 90512
516460 47146
39470 729414
140246 186066
743222 354890
961335 126565
163108 751631
300364 944783
448928 4145
429680 935574
198786 31386
402930 141462
356202 991627
60632 813245
584016 112108
506965 913400
518988 280732
328909 285786
544647 730499
418587 68162
319847 603893
887406 713017
913449 197765
90323 6354
3729 267276
581660 722526
698554 722801
103375 465719
852511 358516
54456 171919
344191 984484
342227 743178
721686 889129
772474 880729
239210 109479
312609 463455
596020 823699
804662 697884
87336 728437
585744 397338
523971 206825
445979 493044
799226 426747
433422 480423
822214 635105
61219 455576
779729 829410
937303 552879
187208 121863
709743 170403
75977 739285
924904 409712
554383 596606
442121 684682
154436 100847
763669 500020
715962 430332
973923 207181
333600 82424
877864 754181
254095 540392
548678 376906
866707 739386
244480 464514
452522 519114
569219 90036
782587 684567
987282 403521
101164 956248
357557 884925
978788 285658
813492 499166
512170 919659
299993 558319
397384 439356
476309 330741
602921 668899
768335 142724
558031 898364
425159 506917
271698 176090
679942 352873
410220 548056
600599 476494
520863 936244
568888 951611
26878 497311
925222 788366
647418 978221
768670 792772
961577 993727
915255 848864
806953 777167
943504 839486
812530 104196
394445 555260
200099 114587
1388 909840
906741 909096
226469 682192
877201 922724
294296 156520
959158 595740
591061 10004
101022 26945
634346 67211
376320 115602
104507 361055
401418 539236
288002 91858
100962 89598
481941 752306
683990 679317
186867 638926
964747 469395
484782 624179
693162 904707
733326 244099
469769 263898
651437 530578
850834 360650
901528 992784
707432 605249
900364 439829
316919 624335
263882 127263
785949 525990
682501 953049
459720 435339
726020 306960
731986 390609
415112 78035
195611 248641
836437 71934
543623 437894
203550 60535
707925 386509
741068 975159
175283 340720
707651 382431
863876 862330
996487 689120
117300 866628
7097 671599
77666 909681
579920 146646
560708 855545
684311 754220
398113 121468
527461 659154
532296 754939
164255 412356
305883 16281
248765 251041
101257 166230
318140 959752
545885 709090
644196 421064
779912 294286
439406 242706
629308 169088
887558 432170
728807 56685
432831 471688
795670 293905
24487 282424
957575 494200
321669 380586
680613 244030
937750 647547
816924 652372
284641 86768
318056 304364
676905 194340
745342 538988
95256 658498
424286 162413
358919 256738
248744 808364
124597 506345
208022 785621
70212 967112
571630 896111
455543 642622
97656 271017
133786 992691
493212 808142
741451 73354
679603 807762
379897 319162
146338 959161
901301 957792
825357 66145
311018 263296
703819 541454
475130 880288
958829 937058
805721 724001
735664 568029
504844 537269
240589 24933
850793 838185
629868 767963
572161 767607
507122 409105
437680 975984
659716 950100
111427 560552
666940 714193
561929 387865
988486 982423
379705 506428
310027 888094
489228 408242
739960 443446
151390 347800
714390 665541
865590 698063
748175 419262
845884 150857
122154 623677
651169 11468
347780 975246
914454 993582
97105 451143
123313 70684
347434 948585
55847 370663
422617 26893
536924 983027
958544 590411
8377 947835
6878 260239
72872 400723
150659 505452
307478 492621
38790 976333
420206 932245
661546 843096
799889 189607
100286 461952
123028 610502
112238 966084
477677 123566
187734 907785
99026 980236
17561 244498
556080 837301
911871 776857
30153 546306
998714 239585
307136 936527
769360 943550
465615 171611
279273 78938
55921 639406
565769 642140
950311 653394
572350 812159
710615 38651
102135 857464
549752 928796
992371 298518
493005 288657
625857 614016
492301 210421
312510 148469
816247 201473
336614 476176
851851 755596
58118 663184
578716 579350
661391 124239
943890 924045
16560 914307
750013 627855
848721 572731
27204 480575
863139 285068
128852 14077
658723 198314
539928 426099
711193 427095
542993 611812
617824 329803
300884 905493
280071 710551
904834 951389
744734 50723
308976 574802
451917 560740
336825 710404
83969 853684
971150 655157
701210 484781
462868 133225
288606 56667
119357 473120
737348 836808
515583 102518
2329 717523
958152 392310
804075 54611
177724 705610
685788 644643
773941 15260
970304 183324
791764 856657
445819 165664
703544 250748
76606 96042
556535 535065
799561 895799
700430 169485
313554 591410
330926 714822
600327 129998
345149 583601
564995 558073
92143 136928
586215 923462
449408 878640
161236 828520
41428 709034
327387 651288
780403 983516
365468 821988
507181 306535
995429 897842
939692 929345
250478 222535
20287 259917
15278 863410
290760 565289
507893 684922
712289 52278
46892 56681
933506 260789
227472 333581
147714 785558
686322 960531
293654 956236
893292 295033
134754 799614
280616 578105
963944 435227
753319 562608
621628 878370
817671 397050
686942 277629
34772 134330
775163 839803
723810 86506
282674 503824
729947 942793
111423 181709
232908 571780
608595 60275
167087 758585
905426 607690
795146 244105
223036 94146
450369 514496
799081 339802
630099 923529
253306 670780
526788 188566
197417 446971
669930 544190
261149 715160
448 738414
501854 61603
424094 933536
782052 35011
152048 896062
887603 970106
632939 263175
453759 781289
52624 342932
233575 883641
351044 894462
185820 208865
194512 245576
953863 622507
224824 91893
763312 995967
918722 711805
964746 968605
581815 876999
415473 834633
891696 788835
24619 430166
36435 353736
557168 883295
783784 917784
616053 325972
40647 640731
851 939909
490287 723299
559387 591183
270274 988238
385715 246644
730627 190568
236797 373212
221151 364698
161248 770573
728782 317110
17380 764505
802661 870
505299 330415
262173 179339
890245 960050
712328 5380
604024 511077
620354 850790
358469 745784
259432 964913
226170 546225
219636 677398
629728 741259
436650 865656
83699 816871
933438 55496
562475 953712
154568 899560
396676 861982
137629 337997
173587 894471
342698 774415
264463 852633
389925 566349
514922 88359
285024 331890
572743 384928
846552 849347
220417 786895
583360 255010
465495 419337
251131 817679
896177 96956
513704 756212
256980 746154
181283 395541
513557 399175
941650 212738
569093 542022
472739 28595
78294 785499
582713 734686
152613 390700
974474 335293
605322 366328
742833 918782
395538 584404
56134 384820
925233 378874
579070 540858
847120 423240
590689 215070
176109 14308
915031 280999
129624 548743
381366 870307
746035 820056
562760 7579
878430 130161
340641 886079
708591 299204
369060 249094
810950 11791
76277 72099
3602 364177
240870 549973
940006 553302
511354 479602
891868 113037
871265 434969
957158 832352
141772 773848
936363 751726
165985 214259
478004 513871
832963 563802
320445 337407
656811 554380
788706 626617
146893 326903
855372 779964
203381 270991
605613 956205
849933 341368
598549 738012
483665 129594
774527 488206
594137 844982
982712 417353
356859 767974
71989 760615
665221 105678
151403 300399
951103 391348
92945 191826
975267 140685
180847 396309
712954 700129
42588 508627
775305 601449
567118 139174
224403 937834
886294 381827
516127 281468
928769 735269
343308 950724
949912 646816
517038 267717
648079 851193
138431 917841
750204 720694
56023 795742
992659 342776
10951 504346
554694 83077
428208 788681
851985 315261
667125 545939
302346 269948
770038 456871
311026 828666
24885 566306
733635 107882
47236 219445
26742 423494
425259 239217
831201 692760
197875 157988
151863 346121
395335 90571
249513 371860
88218 862229
795719 38577
145034 823205
560550 406699
292816 448942
36802 738565
948517 573602
626258 248851
913915 416932
226435 860110
759468 684612
953241 217144
515256 578069
778786 563176
127999 911984
459814 229586
623281 317697
582698 463933
960452 488130
848642 639374
315438 688660
516471 841841
603386 898820
679969 637196
999310 558264
703004 279618
355970 803149
283447 635805
282007 723481
660012 877758
356404 230558
131764 467018
410027 223234
990939 317239
842837 879254
3254 757885
30931 446925
386301 110864
132550 441923
375793 23081
545080 732610
609440 520806
369022 914757
516391 737453
62630 826239
552479 217625
327709 187840
854559 891309
285407 443871
781845 531880
278925 785281
65486 457915
901781 204970
483047 332768
969976 219507
434254 969568
467791 266022
918138 863330
163792 670012
825525 169014
186930 601870
641721 630438
525431 885765
942637 92922
951586 496045
795058 625311
85389 508631
925402 529935
584794 49878
486652 96055
274513 855552
538907 28609
539188 855595
606483 308521
581482 65184
552201 968327
957790 740643
151164 716457
352944 958697
701031 33033
526031 505210
493032 243579
946465 570337
901962 425344
563973 102899
754331 207541
618278 680536
91067 613617
112847 545714
801652 4876
406945 949250
360892 982611
882800 766243
430644 729980
569288 195738
654468 929821
264780 529503
452061 420531
663819 868058
98963 215120
575815 607802
608599 193349
496695 692917
380865 608105
523160 55800
474773 903908
948352 210999
93610 886003
905425 633176
143795 994118
827092 485620
622987 390109
992201 188523
597649 545634
174568 802489
183376 432838
974395 624919
65142 18635
764469 428471
869330 188991
407792 114764
792293 119110
575429 62213
680391 171538
155080 963704
231121 199435
800445 189191
125340 802629
797373 183494
242613 641090
15151 789367
333404 818209
71428 207083
247965 406880
896376 477082
958725 932673
397077 831795
970797 445198
503970 33269
327143 366936
331381 386340
285029 254499
135047 545319
580143 765866
436293 187181
456065 997401
949873 220068
13563 699517
645314 447098
455221 160117
919986 468318
931786 551904
604286 841375
44762 47230
845896 993358
84377 18633
771161 872561
187810 781599
948580 445632
288951 519052
747824 407211
820648 586435
574722 192584
956192 566955
600673 774713
862957 873636
895405 728229
354192 690281
291497 907088
627952 449399
675622 924368
75369 251
820634 164434
867994 119730
693059 95711
236289 749117
12273 858008
226562 190951
390976 175218
896239 693809
325205 825836
579315 304635
618973 418704
893548 857155
541760 741572
1010 626430
302881 735798
783927 197226
79164 856639
969635 481280
852837 382723
988220 307968
303601 405260
379370 338461
399552 541153
738910 434766
451322 809647
728099 284784
218890 118991
204484 749022
254119 864327
244043 335722
152651 191132
787575 969519
765458 929200
787489 778551
201103 964319
4206 578105
193893 302182
35665 554421
970812 287375
686460 407198
546009 747749
562339 286314
929492 115736
974194 585524
272401 475870
422779 311372
775885 978773
810832 175206
261977 434972
870686 765130
352400 845272
172603 353319
898593 412722
436516 901676
779607 223981
256385 584067
532231 373926
730329 131032
555160 296389
825668 500831
889717 600474
265276 373971
814187 736926
946 4072
180296 393349
438310 180126
745525 773846
53232 520802
484421 95478
446637 598835
666456 889925
832033 867195
319314 188854
87340 148446
692799 893380
933583 759613
802349 802783
735180 146512
840480 217511
705119 443086
933241 786636
203565 901532
766436 108247
302466 395272
172033 942207
318855 369078
426262 40565
61938 615779
47635 300022
618839 967243
591455 104597
716327 625142
733397 714470
428103 925397
201172 600912
548196 101181
224039 632990
848845 616687
861066 241117
703607 448156
760624 322941
582280 529810
212037 938057
466172 932064
713618 232447
264643 49082
603353 747217
311803 668266
580855 334384
431893 531342
893816 656578
927232 258322
824415 632639
698868 544168
394422 774326
774367 61444
805935 784740
156230 761279
644971 406743
535857 899155
532688 587795
707343 891990
509417 16189
693308 458203
434114 859321
380243 614902
251963 590382
669023 25234
375468 995041
785051 180729
517152 812058
138664 837389
987207 881326
279077 15357
291738 822565
861878 126113
423591 684174
743412 205447
518777 363688
340978 340213
932071 585167
495621 654893
198586 350031
649388 707292
760007 648522
786159 172085
276518 761213
59147 716168
137681 648921
163612 382486
86356 178570
320606 360643
666605 141075
980531 199521
820223 185130
754820 559203
485914 433438
100852 229973
6763 28325
420616 352663
629196 409864
357220 383581
348053 664099
847156 754741
753461 893780
221862 408273
380961 385653
411567 487116
567625 652536
321454 900949
620574 14811
98987 926611
357982 517116
458064 917859
9191 245771
582656 93144
786092 723630
799673 473553
4202 511361
116296 979565
187402 547713
934080 780378
825087 599879
793279 602360
685858 985745
113789 182538
707184 92775
892010 151875
575533 457620
205674 760971
590951 8345
757469 333821
654333 490216
366502 830930
948066 207256
501854 40082
55926 54265
94571 398059
86448 934152
785675 447094
299314 222037
376262 354747
703865 396812
769366 36427
75754 400586
282547 118963
611218 374497
729551 278631
519077 973360
201777 145535
327567 907237
409807 864801
955317 264210
630633 376327
250593 882339
800311 1102
73504 209987
782171 638245
274290 874718
33204 573224
615803 973126
214020 318276
779368 113005
882333 569396
964916 936814
967771 813163
775962 363547
322763 574829
234941 582475
759845 818150
391797 465683
131713 385876
664055 869848
153421 97721
198799 560907
637403 719812
494983 265312
687336 981053
651091 174681
61488 6735
27573 87542
44730 667791
736262 58628
890194 732072
109098 742466
821669 343343
196174 491707
552500 396292
302305 915280
319530 910731
746939 761277
547003 25428
93955 854488
303841 233428
854205 429146
18315 913429
801728 461781
646378 153638
755493 21092
863447 677057
362194 182080
499394 548572
296167 192268
801513 110431
872755 112587
191721 834616
667733 110137
611675 830249
483230 948669
862867 182425
93872 576919
365428 303196
433222 853145
610760 1673
540402 448294
456904 591039
45802 253951
326659 246925
767895 650073
992035 724865
858656 152184
612364 248419
583962 957620
485380 628353
521368 106918
331848 749807
95011 826934
249231 522463
13477 20664
