2000000 2000
184177 446623
719927 923573
387863 756963
135819 623542
186998 315173
400582 271232
986920 638512
309892 677541
147148 545820
762712 48160
46365 702878
263221 528054
343361 756559
215255 467961
205784 828138
746858 5016
144540 585902
558788 725250
632375 481085
33318 81069
102014 75400
504032 521774
381395 86621
402955 486322
126525 385912
63969 199137
44575 827787
250376 355440
494219 52340
533908 590091
795110 43707
657450 105700
192455 924318
662780 792176
945826 549227
330324 409829
964776 381980
350551 589243
734516 575081
369906 471529
340056 555126
810815 25974
945121 345551
565454 473169
829689 495419
189654 773310
833474 688785
756892 601794
881475 25589
986497 176032
927017 37812
423988 537676
402346 874148
794464 209317
489686 245369
985283 947156
217606 806012
338445 77817
322811 130550
273327 991358
845012 160157
248444 700565
484881 605754
48235 603467
892756 473290
215432 594064
685583 326109
932707 770082
932032 200976
908117 468239
108727 749526
916535 310162
263122 482021
760252 931226
324225 646426
106101 356593
263814 53759
961004 222914
361861 408406
739322 471627
345549 108413
888418 653461
573500 629940
263610 558319
421332 814012
801735 909194
779313 574648
939462 652042
982180 911424
313486 525670
226219 179066
77753 938889
708935 361243
750753 542607
481775 93704
765229 907007
985448 399084
446433 138814
120969 885217
707810 852940
527941 881223
383648 19565
93150 365227
697256 335029
691119 59400
80890 599330
389576 618044
758384 744728
400772 432836
702566 929081
119878 135269
692494 859147
933879 664359
739039 354099
754908 352396
872334 474811
959116 831580
942556 89040
484718 8185
667159 328163
110576 926047
689341 746122
666593 492947
182348 424476
440411 151488
236504 200651
753341 544406
978719 838149
317922 580661
83460 428983
250426 565867
577543 736723
27623 827069
834015 983148
156094 875551
628164 54147
404280 99548
606198 526398
588037 410921
431965 875004
224433 67747
207040 471166
326543 414923
137172 116558
230052 324120
231857 398859
450559 835531
610348 856102
72385 799158
156667 57113
278179 94942
171037 340765
621910 697515
883809 259629
264022 198318
763803 423005
399548 46672
737851 461775
838760 781223
188297 135007
561844 335603
48643 184449
77685 770484
202085 73906
378048 282708
621795 676475
481019 927015
967142 359493
727257 111391
584843 772716
395399 786529
439372 742837
400732 414163
227644 757644
978048 375454
312284 242354
40569 261187
753488 409266
775904 66144
825233 725218
887456 293742
9096 686297
673014 471060
390974 885460
569300 912122
665349 813091
825812 960118
581270 628551
471958 304982
773119 167258
71666 279163
129996 638367
290999 785567
423599 85805
703319 301712
65738 678160
86721 663538
696872 537593
610116 201561
420191 401124
204658 600606
302532 363828
989187 745218
562202 537876
701104 62743
618063 842801
362079 748448
696565 681522
40844 223532
218526 994209
596694 585244
867969 190237
651873 252685
128132 787832
896513 570594
26860 194691
308705 33502
842132 148680
270627 703201
222546 504076
242465 335337
814761 68084
819281 41633
306026 625448
720119 609840
930165 551260
883549 553221
343771 73769
625516 376819
123147 396232
785822 305855
883212 768734
111921 704462
861716 149862
696788 196214
234189 422178
324957 635138
549198 774996
128380 580813
385252 998012
932227 690016
285527 939397
843320 234429
386695 188881
370720 144044
733503 238872
555270 318980
272359 926344
835522 739708
37006 971688
471062 105021
516427 866458
222493 876695
742549 50759
894933 164128
753170 958105
138980 869830
28794 169045
731520 626064
728612 839996
39933 794606
219331 133757
574904 751615
67066 503537
436613 620
9707 131972
260313 580810
150555 841212
274081 497688
705499 620641
129676 731227
904349 971041
950992 118244
345492 402179
806661 100921
173655 937540
686379 122770
549893 629955
535537 462823
876586 682347
470972 512709
988904 974067
971188 7017
88566 370475
468900 2029
489306 159897
67260 306237
773510 106568
298394 572346
425390 974479
878453 505130
796862 414764
823545 427972
416476 480352
931324 555723
226555 885921
63967 923192
157944 967500
52367 317562
350434 634211
535609 912066
397021 989792
251569 642856
641749 801229
51320 59659
401797 369369
889058 713959
199789 879196
290516 379196
142854 689266
701339 46142
949183 942496
35266 910252
265063 279239
19483 331801
461276 324115
279925 80472
752193 330429
958299 353727
868152 265228
204146 289925
776671 72266
521945 928822
978675 61935
282661 889970
250755 528905
209166 447280
924889 566846
211727 21619
665201 665498
701596 404253
938341 187410
337637 515921
625627 378442
111189 731325
352527 46212
966442 395282
793099 563730
59314 960448
197817 616331
586945 303663
15054 972680
474983 116979
354896 967220
300087 882203
601957 477306
218451 992589
683318 309806
568568 204133
372613 57220
253340 486709
757810 175972
668140 702634
848469 416862
815468 186525
685141 682357
244215 843367
500814 159306
730160 591638
413170 505250
941666 404612
904603 738420
585635 395994
227454 870451
57236 26071
946099 368083
574987 495874
53077 511191
838952 470084
503861 7751
402426 915588
870563 789973
930984 88820
130437 58091
184888 403748
256622 478651
391627 852620
636412 988959
643470 397545
691289 864244
265471 746463
967853 124499
645958 310001
958892 62473
109420 286475
669463 746857
395071 459823
367230 146590
375413 190965
32379 316689
437107 904885
349931 353659
311578 380011
983316 949977
377984 194523
138959 574944
324086 366094
623036 10226
759216 547539
788156 125079
399277 207732
51422 519082
587946 877215
400834 867616
760590 72299
674856 68406
601594 524283
516103 763324
440233 645267
921450 206951
579342 910213
41674 303760
27031 137699
115901 774364
29952 35110
398630 299739
484876 673508
68557 92536
830302 997026
241517 201711
176974 56805
917998 151647
718298 897392
273918 954246
156014 127493
58672 44653
194221 534487
165793 224676
512097 641807
505557 13477
153227 266535
111360 732328
703585 939840
997332 553930
19153 747897
920995 265540
654851 469428
824401 537387
789263 171205
205687 897427
701571 600981
356815 455049
673517 144063
619286 940985
244237 982866
976104 552222
511678 988833
986944 541938
325719 145857
91206 382295
619660 663005
863656 403677
188456 938687
201463 694219
889075 667271
940002 714457
594562 555944
182718 583818
224828 626695
235113 37448
610127 32025
160013 258554
895348 593770
265680 690950
816354 83242
363817 217836
439620 884792
798639 874
693062 445547
803727 728781
947191 211711
508880 748719
483506 720863
463156 424169
893727 217620
692162 666398
725777 971151
778457 847381
91401 351887
324470 70975
15522 800928
704060 510250
238480 350996
542426 32796
940863 881839
42959 772493
300921 378799
287845 617053
306575 707320
647593 774863
222683 775069
124275 298699
484710 60941
569682 755691
718428 509519
255699 645184
966176 978615
434304 839388
44798 56692
939124 827607
824819 866740
751782 987891
441206 198967
284483 972940
615976 157299
229919 230401
738394 108371
515709 640455
715474 151803
676527 673823
142565 710016
93122 568250
83474 117275
502902 566530
51580 134416
552766 423810
598419 835602
158993 322681
340114 580189
243774 338053
31239 337813
552132 104841
934326 504462
686890 136742
302642 917038
45076 903568
178123 405295
541131 894592
8272 407792
122715 679426
897319 157435
686897 495092
165988 172075
71323 968351
409305 70870
858394 533363
940069 145786
640355 28133
652547 98529
854776 718705
584512 651521
982860 676804
993420 318311
467149 862132
295425 959373
369703 441106
851050 572688
120566 358363
653148 555283
464647 363330
379637 677289
475064 552876
643993 535923
475668 619939
34364 721041
192931 328537
939840 931351
701497 234298
920965 376780
141628 83507
792956 370474
745512 860158
640066 582168
355930 946407
310068 934749
16165 84218
572108 469962
499445 741617
879639 75939
436465 346416
471535 390594
602181 599883
25761 458055
100803 901185
979753 304221
692704 395459
617425 897210
799604 118413
240025 942283
3812 19947
917059 880764
705198 371274
50909 522145
304552 815803
688248 519886
771038 654257
225578 748660
598727 195159
602675 277943
96829 314307
980738 325400
337460 33379
427126 278092
292832 681013
401692 101958
648537 362358
69617 41693
341138 806878
691725 119298
774765 822993
957585 739596
978505 556401
271799 297022
203010 331571
800686 493443
980196 591996
970217 432139
831724 331677
347005 608887
850913 434528
641620 436418
327564 49612
687405 12300
579917 998455
393069 808825
642826 887195
230744 491876
588932 754257
566072 422031
569433 264513
469775 261243
858125 170647
45980 385217
388975 369636
494438 638578
939723 865619
593154 304162
832770 833738
400597 451857
616367 70823
377025 889766
899239 955112
642834 314202
341246 97017
726088 747869
781529 251995
431541 642866
783975 183805
378502 844095
272670 435626
127061 946365
864522 957359
483597 538861
148944 90887
346776 986915
225142 658667
473407 576174
992244 267231
759680 936901
412987 726981
538165 365286
267272 243281
312460 110222
328072 927021
155790 163022
686371 989783
77509 377477
297807 304314
969348 219813
200676 71980
377294 966726
952288 270432
612447 93556
719207 110641
990474 47713
770579 653042
724864 598371
204196 423910
161136 530833
236336 745956
199926 587203
622087 362817
60571 984886
792104 243029
981555 388490
397849 310541
920054 901785
1425 605370
624159 522690
961530 29531
248730 341186
399004 189850
600513 502612
997439 800979
440815 449433
961451 961895
387919 940883
148194 526070
471479 484099
84151 368620
172204 332220
263635 432889
340137 653317
879749 305858
948609 996929
991816 238027
277258 281317
230759 604989
144219 42398
669929 27763
378058 913939
806565 4267
117127 629778
454663 416227
239752 996874
523147 768879
417728 812819
886123 143789
674326 958990
493729 717758
961923 674449
614874 108587
255234 380339
160392 698332
472973 686005
293215 962741
28534 681513
637777 946211
308798 522975
67135 727949
464894 312415
698541 467291
548058 341071
581667 712513
706311 280993
723142 522435
366993 840309
257221 979224
482552 443023
75826 559936
295871 946645
891170 441705
287568 881181
710447 710434
786509 807458
146690 614933
898010 351857
611037 747102
215717 818522
603313 454238
986563 586939
683264 759814
454032 952462
165825 127436
159801 441759
339233 412307
431568 458909
276266 617049
615155 10516
398816 318765
667680 695531
790017 551612
236515 323679
432700 480262
616889 321617
574801 783446
346168 781615
737394 944655
800311 584123
6956 823209
737198 921081
722808 180425
498193 313600
358431 291868
386069 951963
578898 140517
5587 311073
443546 538012
826185 265521
472032 587101
129745 490679
489933 661312
673352 163024
306587 338832
136465 518114
631633 201751
226377 252741
125690 665505
379504 330066
76837 656875
333368 887272
704019 602911
569449 618935
513581 510022
163063 713943
833301 29435
401790 799494
70277 739099
1352 570973
707398 365219
3653 477502
263532 503660
621788 9866
210306 686156
823309 561954
600995 181681
415344 729695
264002 651196
680068 968073
987206 542091
252954 822618
310433 997202
442049 620326
235404 230385
110249 819308
95449 593846
396509 140807
134338 958305
497395 382662
147586 852009
760523 810033
986537 287925
786748 710646
351692 922959
939344 949363
734562 430235
378043 587334
704323 2724
945745 789364
70283 226625
418727 123499
427587 818952
219736 880905
957270 784529
962140 761109
383933 148727
946868 591528
69306 351149
465577 971682
839399 418153
795661 286011
159598 170567
726456 945993
341499 828734
611535 290229
774043 586743
488453 419290
30820 248544
522654 268873
57549 282564
553628 934838
378294 512371
316788 176464
970309 443680
81043 269545
122688 72938
195268 456480
159937 86438
549485 826370
62707 989881
389079 837702
898044 47163
650660 570962
450118 308258
144067 966388
189685 563427
921618 21597
877332 340169
116270 122672
448477 874138
512854 390721
684506 426295
425182 662785
539747 949394
981596 504112
656742 147423
884296 921185
14322 33793
687811 755116
547591 414496
537743 597386
863056 54445
581608 75942
274102 882579
775768 587679
253097 558068
894353 862510
541847 300993
210368 64632
681998 128448
243779 896826
373354 182780
953410 827763
443512 708920
714358 349739
894991 251319
789415 248326
575489 510420
211574 705365
100833 914404
79004 142370
590514 391095
408781 177658
927742 426366
276512 392692
724380 860199
460384 633889
684886 178485
159369 360889
829944 555665
188641 369910
462312 203403
489853 782017
630944 355230
793081 734304
710893 970343
333940 389894
260651 833699
352686 482519
881480 207818
91391 401099
526430 900859
761667 542307
167911 211733
855999 255344
369466 736291
958130 97102
970204 984974
710197 529149
899503 683133
667573 744722
387405 572892
787445 185835
299884 741732
842841 9083
6043 519578
521293 895637
108233 995648
932713 89711
933282 759727
540847 118048
239673 337410
809283 691862
756179 124158
888145 844288
795405 464713
975015 966103
998873 417994
549053 267039
77405 139011
969314 134299
161882 74800
961432 350447
353607 506423
461178 237436
240055 100459
542576 601300
547060 353165
131361 94212
581541 908073
503336 319597
182010 823899
756267 866662
219146 780754
998148 694200
474356 130681
279101 72716
785305 953813
893300 4690
474108 603591
897397 24482
259255 49805
17432 566601
658069 710126
672078 844160
620804 572349
977911 35316
628348 185463
946801 528568
912083 344267
314570 573870
458497 833710
700492 482455
520849 506353
735122 315146
762785 899872
66780 48040
413114 168994
259167 306686
171702 963267
402205 420411
638054 569963
161140 336579
420078 689191
873179 905041
586301 587760
80114 415278
468116 929169
524480 375967
323635 273628
581344 628844
137510 533465
985792 349108
490741 450777
285463 254229
448058 904867
128907 26212
667114 519174
344371 443829
16288 453507
32000 61835
268434 191952
323588 559078
408219 367626
35021 160211
298881 52898
528262 974967
432000 830325
933141 267631
519142 910206
76985 256974
146514 158013
79755 432011
332174 781514
491342 359246
342790 743469
964063 439082
168173 154549
937545 862174
323956 511187
322655 477343
75515 899375
600763 848478
583230 966195
859105 135035
195752 356515
455523 539834
757428 40644
842421 126636
153055 378117
787122 659759
757890 102431
909172 654327
494193 291798
725774 927090
313642 123264
628910 576287
829215 740506
431724 114274
933059 661482
884438 480641
44904 403336
270768 269298
417671 86497
497706 854037
814637 169415
50795 387701
110723 589328
864461 898304
684556 522900
564119 678571
667530 627227
810008 208616
773059 254878
685385 89478
508708 294111
132852 261205
368345 505666
889508 357149
282270 813059
459963 996472
881716 306371
36356 962868
750067 811059
696665 777486
467617 212578
808147 372218
959899 124526
613129 223694
321030 623966
293808 466857
914267 911702
495014 768191
652114 113
448078 526611
549051 52289
800462 463762
125721 52097
446452 444435
189767 177632
501068 136584
298959 276766
505773 351927
10140 916920
113619 97810
804433 207878
921120 932304
759056 137416
312216 221667
335670 606576
386029 482325
688391 605732
503305 340480
817760 566277
898217 673586
826469 77764
281178 454321
546240 454635
209759 526496
25267 521173
308993 329717
703043 440455
433464 992214
749250 212574
580174 148541
104680 63564
391861 42204
474841 749842
704880 352487
883049 63685
623758 229663
254144 418010
642199 332342
625255 664177
546821 581599
824257 800553
320274 973906
236840 238444
691117 580523
983496 385954
536939 502719
564395 138571
719786 899669
654945 397956
90201 108546
236753 980040
24462 982848
864791 868430
541226 67057
57665 465880
497663 217937
188703 430933
375041 770205
475951 839902
648048 675022
557358 20725
767354 45834
654712 69264
769973 31352
339535 780443
360037 239211
169130 148680
35935 939127
52682 495588
56429 529698
106906 539091
339970 391798
290040 936041
810894 203812
766781 393913
72332 648603
305788 345868
727950 537565
315630 313814
957671 742116
246567 440688
316576 294825
791656 3081
579521 674344
377699 398257
619903 620415
342672 323613
722859 25730
29476 253609
537403 640284
518218 493748
912717 456993
991187 868915
352142 791171
356304 801667
593805 701208
184631 95275
595433 211177
898330 182906
162896 985196
32142 170855
169703 291181
847987 456716
546892 232986
264275 543573
60215 454141
497567 667200
23957 991210
368341 557790
346398 536560
931368 364674
945418 761112
971635 321675
81873 255165
507611 707226
685304 285665
349693 37891
317463 940278
461030 175723
971307 752271
699635 919180
926011 117125
92792 937889
679484 582700
544846 576537
695736 378137
640204 455656
585120 669965
777684 683631
61695 734778
417033 512992
684180 673073
43801 879329
245600 521944
964892 684743
65413 681656
953372 635162
567791 557676
266007 725223
809993 137013
169496 246132
800692 66329
627770 54836
371337 541659
320524 262238
484711 150396
799690 20544
346804 353595
646025 275925
239385 434618
856064 67139
93913 243880
962544 473959
497383 389804
359696 611624
416437 135083
222283 868489
842308 688832
128275 602094
283444 832482
995652 492667
306433 335881
537852 932440
634933 579184
863075 571660
844381 298687
352265 639152
11741 591872
391717 555157
529414 901468
397953 911238
259877 762756
599690 959393
637975 905914
755463 795831
285829 927281
785617 8449
126879 391305
629557 390583
891549 469950
900955 574761
242233 352881
559662 404706
659438 491933
583482 417610
699196 226802
277600 558570
462158 850021
940804 417761
259349 387776
17544 226280
553820 221875
709869 37327
628020 126439
489944 692431
787763 129537
396003 842038
776738 573895
160050 898781
999342 299784
223687 177905
305370 910724
281707 230610
828773 207665
172882 26943
567680 570606
788344 523357
19856 380890
939028 851034
945798 362155
766872 97861
769348 839036
526459 256231
226207 1485
794493 199494
135011 969192
61893 622638
712831 458177
24990 5004
894679 437548
985119 518436
88482 640109
491710 956385
402895 272704
650160 831486
886052 302703
952014 135562
258754 970880
349258 804179
465766 77996
397165 379403
710270 129633
820488 236627
24972 437193
480934 192849
811288 856514
489469 783449
190642 573710
602607 133530
425467 333409
75707 634802
121932 13418
99656 944682
291157 719039
275370 588178
840724 536661
741885 211316
733762 962259
803474 233489
182000 774856
792333 118430
561499 218220
482209 301503
615741 727057
163947 304880
416079 784665
258749 448840
68206 23698
593960 74230
181441 636809
385736 139293
241770 960497
626939 69126
732106 306380
677875 610357
82232 951380
456574 875239
305973 15467
29564 69668
337357 755630
74396 617262
624002 750305
25009 284936
189653 564035
902016 50530
732680 930118
307617 590309
186677 84540
411734 192770
576394 713184
365798 527343
601493 332847
399335 486871
997093 917165
481390 281352
753357 738556
290343 627440
278036 984894
906406 547063
46411 801067
86490 638132
362053 117135
527530 480313
781476 599005
751645 538623
516304 387660
185463 122479
344179 180045
200953 917485
657205 130515
668515 377118
671689 121202
377912 807956
52194 832035
149559 629623
253594 615335
535474 344908
338537 99703
592104 684418
72890 694963
958428 815981
739903 7359
395159 785745
316996 958533
672377 46539
188551 605092
558280 39749
633025 879949
216914 504455
683016 737979
771963 868963
499719 96154
329475 902173
378600 659317
735609 803901
688025 152709
610034 553086
693226 683784
571009 289154
569139 390794
721293 631341
5446 585532
757189 970526
633864 211120
823649 762687
273399 175200
902753 587887
589710 804769
325493 819084
958540 282806
103003 907673
251821 611756
780762 797526
307332 473547
567485 457895
838382 508490
463452 147608
91407 944905
609563 853061
823043 418042
300549 967012
217605 292920
491663 370301
249047 367918
484918 171291
264383 733097
986600 651395
709206 762312
372481 631317
216463 804170
834551 683553
662388 539343
740357 453938
147752 777667
88912 82706
356520 511278
19483 178409
586986 732078
319700 64833
175778 717434
44570 974594
637651 95906
800756 752770
718050 885955
3016 673355
785043 901870
556707 34873
21374 310665
784631 569344
965423 333834
926741 359858
783610 423014
299592 512563
912322 537895
836688 308749
225252 115834
498740 688143
440312 400591
439114 228135
763040 614819
505385 219099
290826 841645
479018 53564
672002 556645
483400 563425
96930 188827
207768 501080
335194 566059
345967 756090
423115 348891
992512 527888
203668 9904
493851 174031
607500 708865
769308 543780
530090 909163
835080 272805
768110 320298
900555 218588
899223 954827
25761 516908
272118 918563
526147 431149
273814 22968
451130 651710
160628 466033
137935 246681
735064 61005
817017 250189
841846 585210
149345 357261
613750 674149
65108 981908
716224 10315
995507 864770
680948 891873
520759 287533
553815 600420
42131 463043
10091 137764
250644 931172
732523 481176
642974 245370
925758 27420
209516 91839
600987 889929
121604 400360
839552 834460
974838 301045
994570 974633
218132 661504
652934 158624
287450 153694
836008 652793
572614 595462
282476 923855
833402 216582
852528 145262
758676 479999
645910 267772
768640 58213
607903 560643
202412 97573
990438 965521
378174 518165
907335 199597
2878 740545
926385 241291
187175 627872
716045 253866
333594 848023
464236 640320
269740 962696
269649 865547
923229 160700
730939 577592
433512 841624
845062 368247
365001 246862
391115 438502
990296 587392
504299 655306
162646 151963
109088 216398
750986 950118
653855 867911
645355 638967
922789 732963
933448 310938
824078 760686
997449 700901
227389 183784
570301 569175
963731 320540
853745 634689
645041 125261
505966 705607
709783 239437
661203 867980
229194 163329
423141 809232
462927 2778
363701 519990
957139 632349
355328 58521
136340 174015
120743 702376
4769 942054
514252 161828
82680 936255
73329 568493
28575 75616
598765 853708
445235 917775
181335 651414
853071 82878
131643 935182
526529 382784
487704 853126
456442 213152
5993 118349
981702 535762
729778 262901
483521 819860
129557 545147
471936 39694
829672 123490
599687 325092
860000 469155
153157 852726
811010 156468
241855 476942
242540 118576
764885 343794
763802 767943
331049 757269
898824 851840
860486 940509
419727 370151
362739 255747
792825 917476
716973 124699
72062 555305
830793 414066
199346 470249
578442 492646
331222 13605
924579 347799
821039 653653
4512 95132
896815 15
51702 738227
990343 369069
247587 660223
3239 120333
110949 177947
263479 352138
622502 294265
349227 105918
239610 129498
240281 775045
545184 245402
185559 824950
281413 837340
874274 578774
385642 137855
231920 655845
224675 883271
451745 111075
413532 382709
840055 748699
818295 914666
296523 960438
395015 542570
493193 76597
535295 258044
102977 260393
216572 904248
907314 430498
269633 634170
373392 935227
363524 179030
850069 803310
673644 804204
690327 760246
292232 650080
503698 224212
508848 542658
69319 805011
28701 459591
328517 449691
125429 913653
671804 315326
91223 702327
401631 380908
392166 59904
511614 110339
111887 880463
889585 153314
699765 280511
598904 538331
881419 169472
912014 452624
529015 590360
886418 110042
16573 206523
760912 710220
861745 876940
175949 58405
732450 935447
5546 890651
788891 232839
758055 841803
349155 160458
366244 296396
192147 116067
880812 52018
386270 156254
660594 624534
204148 148163
427285 911816
326168 873643
270738 205479
517439 65471
96132 544174
494649 218281
607099 952247
983264 346158
690238 476912
848267 510476
390675 926200
66091 446567
543073 603552
105940 904985
291395 92801
724458 642257
729116 434511
772747 421841
192458 202932
618144 786155
161733 727964
329887 401189
520774 596677
293426 597927
60687 481030
194712 51458
833772 972277
147247 866645
855497 716800
248040 587181
41580 692414
701992 867915
942061 651813
212716 149976
114697 428996
453511 336616
220745 256955
907844 494566
613417 540373
246514 470159
652364 458180
296278 843415
109220 218301
9785 330920
913763 393235
782550 170464
902768 951581
224854 958685
84814 572303
268187 194284
150844 924836
522560 830625
54351 258208
248070 75308
361563 749036
371293 268125
37878 835007
871677 845023
654601 973659
826738 601241
249881 249354
397749 827132
331141 387690
662871 668950
871268 582283
582761 498722
573936 333230
747042 762960
234606 56624
399619 641245
153314 46197
155754 783674
725008 49149
588944 88668
850398 109916
636044 582432
642447 359128
191588 885384
568708 3411
905259 716079
590222 770554
73631 664994
897897 827099
941992 640701
463230 716868
681036 436809
703903 764236
801546 728148
252333 555826
674373 768723
465268 758734
592497 180572
358519 780991
911342 294135
863028 426227
832439 422686
946065 993848
291587 790646
63425 400055
705650 708937
399301 398620
89275 578729
392167 857570
132764 435444
841241 221497
789767 410371
111715 416114
861917 941637
639436 694820
57555 576354
351955 983037
23087 200948
309632 423825
266683 874789
830220 524262
819906 112999
447492 872415
170772 137133
197985 976427
630551 843363
512785 585977
971527 850579
235295 298595
160241 886940
46447 477106
388451 698733
866683 438637
505335 381820
740604 238725
580049 748193
813647 800174
103264 584917
764036 309582
3793 174785
209201 483801
851312 662044
920503 181762
609477 181421
265919 752879
930027 9903
10332 148159
161766 325836
252071 834995
313495 982364
369918 843669
853748 536289
141403 524127
27136 284783
814373 922960
280430 375894
41158 470043
120824 883642
937416 967825
961740 497897
44302 417467
840853 280295
373194 886333
955779 498387
288245 311640
555608 567018
49925 889368
263363 839012
210617 362114
118820 911704
223514 872391
665529 956699
337473 735196
805085 194430
960490 569867
585178 33217
887512 993167
106611 839249
634198 290966
864745 190640
10818 963328
727195 792084
484277 449383
381720 143474
931373 434125
761358 483302
843984 568808
20041 396114
331239 363175
239541 269672
668603 351536
579882 313185
368344 801567
696051 77995
775091 178980
60022 721021
224100 803926
859502 869949
310634 475343
769851 625618
967450 683004
317285 527926
98388 340998
166126 582847
4102 231354
217553 70730
236544 537543
256848 992567
574653 663941
415798 668403
804179 589895
365007 853435
964542 473047
326806 216218
78332 263853
314045 412559
544209 365426
463415 527241
831580 522402
733406 708012
369020 937285
192504 852908
446111 346472
686533 99343
566735 345885
859698 336600
352749 802831
347870 870571
209541 626755
428160 167529
59160 962361
137463 137680
533712 923383
120601 259648
607081 859437
603866 590557
323287 98027
218597 501568
560969 409821
417509 696087
765374 200765
285236 217860
577122 535348
684768 208435
714378 328373
293693 430901
598226 503868
489170 991401
744990 433071
776460 190461
608392 682112
197639 564856
307594 169641
852825 837022
68892 431428
736431 987407
335353 873950
445723 649230
996428 296249
609163 874589
613784 354424
296929 657422
140137 437448
802119 356126
306849 730248
849080 6517
252012 823532
422549 833147
918048 356991
28058 140866
643360 344220
812141 562761
421058 278705
758307 360076
700042 607407
116267 631781
362354 882234
269736 34272
476130 371748
265780 951542
718969 942206
124675 669614
89078 129233
598053 173653
700790 316323
505794 839894
224931 497688
532764 757642
674084 829347
488582 523900
46475 705165
536154 435966
787421 982967
450303 317346
506570 722737
367423 218337
226611 659867
758381 490561
967343 67469
439581 282468
973382 392249
908436 463438
429190 827799
116639 402933
216607 356985
674638 540882
273477 280049
588385 986814
377946 354041
580674 841198
519300 480817
930352 6474
965099 886932
52513 59143
991381 751797
367975 724767
277142 308946
180070 352178
130928 302798
202327 847282
492856 478404
