100 1000
19 32
13 13
33 15
49 32
15 43
37 27
12 34
14 46
30 22
47 21
36 4
10 19
31 48
17 23
44 26
2 43
18 12
11 32
8 4
23 35
17 24
19 27
47 9
19 44
29 43
18 7
7 38
22 12
29 8
42 22
41 18
24 47
26 19
41 6
27 35
45 20
8 37
44 33
2 50
43 22
23 31
26 4
2 4
6 11
40 17
6 44
40 23
34 23
32 1
40 27
44 45
45 19
38 36
5 27
13 37
21 7
24 36
50 2
19 47
40 48
35 18
19 39
15 43
8 41
32 3
39 10
36 5
41 46
40 2
47 22
11 23
37 38
5 40
7 49
16 36
9 45
19 42
30 16
35 20
34 8
50 20
27 29
9 38
24 19
37 45
12 43
36 42
37 35
28 31
6 18
41 36
30 42
30 34
21 18
39 16
34 43
2 41
31 22
26 50
43 36
36 13
2 29
7 43
15 44
4 40
21 7
22 37
37 1
18 24
6 49
29 21
42 39
41 34
32 44
45 23
24 1
20 45
30 12
19 17
27 37
15 31
29 21
33 24
12 40
38 41
32 3
27 40
29 39
11 48
32 39
3 19
29 47
14 29
9 44
37 13
45 42
18 36
10 3
25 38
43 20
21 40
29 11
30 7
9 34
34 13
23 37
1 30
6 45
27 3
21 5
6 40
8 18
44 29
8 36
23 6
36 39
35 37
35 30
24 50
47 3
47 49
45 31
15 13
18 5
25 1
7 34
16 4
39 44
17 19
25 10
38 8
2 42
14 37
26 16
50 11
49 19
45 35
37 26
7 40
48 30
12 24
43 15
13 34
47 8
31 13
50 38
4 36
28 19
24 1
33 7
33 15
14 50
20 45
13 34
19 39
17 32
4 36
41 30
30 24
15 27
8 5
6 39
37 5
10 42
41 10
12 7
14 12
41 18
40 4
17 12
9 48
29 40
6 35
2 33
32 48
38 20
27 26
33 14
26 29
3 8
13 15
39 36
33 20
42 30
26 49
39 39
16 7
18 16
21 10
40 29
45 17
33 25
37 25
22 29
7 32
49 10
15 14
49 48
30 9
3 41
2 10
9 47
46 23
5 22
18 20
38 17
3 7
23 5
49 24
14 36
36 49
32 28
46 9
40 48
30 17
36 5
4 35
49 18
35 6
6 9
16 2
8 21
16 16
35 14
48 1
31 21
10 9
27 11
12 8
43 21
33 43
11 24
15 14
1 27
40 1
45 45
39 34
49 3
6 42
14 30
35 16
34 34
48 37
31 13
34 2
34 28
39 4
23 34
3 38
42 46
30 44
4 44
50 2
33 14
47 18
36 42
7 45
17 49
14 20
33 27
49 12
44 5
11 36
50 43
14 37
6 45
49 21
42 13
49 5
40 2
3 23
14 8
22 20
26 42
21 19
28 33
18 26
21 26
44 9
33 38
14 5
2 49
22 15
35 3
46 31
10 9
20 13
8 32
19 25
19 7
46 24
31 19
34 31
12 23
25 6
20 32
32 20
35 6
13 15
33 24
50 3
22 32
14 9
31 2
35 11
40 49
49 38
4 31
25 49
37 21
36 37
46 7
34 33
7 50
19 7
8 2
30 18
11 46
35 45
42 44
36 39
17 46
7 2
37 30
1 34
8 20
10 41
42 22
49 17
15 30
29 50
50 29
18 28
26 5
14 34
44 27
29 10
44 14
10 4
21 35
47 19
26 22
43 40
3 21
14 44
43 50
26 35
33 22
41 11
6 25
45 31
8 5
29 32
33 18
39 31
36 8
34 3
2 6
15 28
32 29
28 22
18 9
39 18
30 6
27 39
33 29
1 9
29 30
47 24
25 22
34 40
8 14
46 42
12 14
10 4
26 37
5 40
38 6
19 48
28 33
25 44
2 36
4 49
9 1
33 8
39 21
2 32
2 19
47 37
46 41
17 23
39 11
44 42
4 4
13 50
7 20
10 15
27 4
2 12
37 21
10 16
44 16
3 21
11 15
41 4
44 18
29 34
1 50
38 13
49 21
10 9
39 31
4 9
29 49
22 40
11 18
48 49
8 13
17 37
34 6
21 38
41 42
20 25
21 47
6 13
22 45
13 18
16 46
18 25
15 42
42 10
4 2
47 17
37 36
23 35
50 3
19 29
12 8
50 25
2 9
39 29
49 9
33 19
11 6
4 1
7 45
49 34
19 7
28 33
13 43
6 49
39 6
36 9
41 18
50 13
49 6
36 25
35 14
21 1
12 37
47 34
27 40
9 16
20 4
29 3
24 32
50 23
28 9
47 37
16 22
1 2
33 23
45 50
34 34
17 30
21 25
35 7
9 22
48 34
33 13
33 29
45 13
32 49
28 33
36 19
3 46
40 3
4 10
18 47
38 4
8 36
35 6
35 24
32 42
45 39
25 21
33 36
36 1
42 9
12 12
15 24
23 9
18 44
42 6
21 15
22 21
23 10
3 42
49 27
32 20
10 33
22 19
11 3
44 26
27 43
5 44
40 42
6 22
1 33
1 3
36 2
45 29
25 16
46 46
21 7
21 47
26 7
6 28
27 25
9 46
47 7
18 20
32 29
46 37
49 36
31 31
11 8
16 3
27 21
16 39
10 46
45 48
40 44
17 11
25 21
4 18
26 46
50 47
38 26
48 34
33 37
22 2
34 48
5 8
37 1
6 50
42 27
24 46
32 26
1 8
27 34
25 2
29 34
42 44
16 25
47 17
1 36
17 16
29 47
14 13
39 6
7 49
8 49
24 23
36 49
3 48
43 17
28 46
28 42
10 30
8 5
42 18
1 3
45 7
20 30
24 48
9 29
49 32
33 42
33 6
14 13
13 27
27 9
49 21
14 32
36 1
41 46
46 30
6 8
47 31
42 35
29 5
32 16
21 31
5 11
20 34
33 9
45 29
25 1
15 36
46 15
1 39
37 31
2 27
32 10
12 22
11 49
44 12
47 42
11 13
34 14
43 11
35 15
14 42
20 19
28 24
3 22
46 48
47 11
18 21
13 42
33 3
21 41
6 27
31 49
36 25
41 8
33 23
30 46
25 30
18 44
37 18
13 36
29 10
19 34
37 47
50 23
1 10
49 47
28 22
44 47
13 15
25 19
28 27
30 22
2 50
36 49
19 12
14 11
10 5
31 6
48 14
41 46
25 26
17 12
22 36
30 44
39 30
24 18
4 37
19 49
28 21
23 32
28 50
38 10
26 13
34 13
44 25
44 30
44 16
18 6
47 43
42 46
15 17
1 40
48 25
48 42
29 47
39 18
34 3
16 44
14 43
37 40
1 36
8 33
22 25
47 20
31 4
12 24
29 14
9 12
36 8
15 21
30 26
26 35
4 15
29 47
7 36
19 8
14 1
21 23
26 21
29 17
40 9
48 44
5 23
50 9
9 5
27 18
12 39
38 12
16 17
41 9
37 25
2 46
41 7
3 38
2 19
22 27
25 11
48 49
2 2
11 15
48 24
10 46
16 8
43 34
23 10
36 36
36 18
11 41
29 11
39 15
31 45
13 29
42 9
29 13
1 21
39 44
48 19
30 34
17 8
25 8
42 41
33 18
31 28
44 5
43 47
38 16
4 34
29 19
24 12
10 49
47 8
29 47
47 8
38 28
26 10
47 34
45 33
50 3
17 8
45 32
37 44
14 2
6 48
1 14
37 10
22 18
9 26
37 46
2 39
12 49
21 23
5 24
40 33
5 7
35 39
23 27
13 39
30 8
8 35
19 49
26 1
10 16
24 19
40 5
37 47
24 50
24 50
31 42
46 19
14 11
41 39
35 16
33 8
9 43
7 21
47 46
11 11
35 23
48 9
16 45
3 37
40 27
27 26
47 36
32 21
5 25
44 12
6 23
50 49
17 9
14 46
11 47
42 45
1 50
44 3
35 47
12 25
12 7
49 44
19 45
45 39
13 46
19 48
38 18
16 47
39 1
32 32
27 27
19 34
37 11
17 14
17 7
45 1
33 47
4 11
48 35
7 15
46 28
24 43
39 7
17 49
50 28
44 32
45 20
7 9
28 47
19 20
37 39
50 28
34 35
19 25
49 13
42 7
26 30
17 43
12 24
28 34
17 46
44 8
48 29
7 38
38 41
23 42
28 10
24 4
20 50
4 48
43 45
15 7
12 34
35 34
11 36
47 34
13 36
35 43
37 29
42 22
44 11
10 39
22 12
9 24
35 8
24 50
31 38
19 38
11 26
39 12
42 4
32 15
33 25
29 37
3 14
27 38
29 8
7 23
47 8
45 26
5 40
2 14
50 39
7 2
42 7
24 28
45 24
31 48
41 7
6 36
23 10
20 34
50 39
46 49
36 43
44 41
31 24
28 13
17 11
41 22
48 17
39 28
27 48
17 50
20 2
38 20
40 37
6 34
19 6
48 48
46 23
43 23
24 1
38 42
45 39
41 6
41 35
45 1
19 8
12 4
17 44
9 14
14 29
38 29
21 19
48 34
41 16
31 42
37 25
43 35
