100000 2000
27016 34695
32678 33659
5618 14503
18614 6624
10424 41261
36734 25703
20150 30236
49541 14973
36796 30122
19196 40786
3782 5939
16292 70
39231 45895
15938 24838
4670 15179
45146 28740
38483 8038
21752 22102
30967 16518
25584 25229
10962 44317
47452 8099
42892 33797
35363 21736
14011 3396
47451 16696
36679 47397
24815 48246
36285 37451
11520 25177
33102 35020
37172 5755
47393 30297
21866 32225
44869 11742
3769 20521
3093 31630
42815 14039
36635 17020
34430 41163
1586 6518
25304 21051
13370 14406
32050 36991
12164 28231
17651 30447
10972 32248
31683 21964
24913 41521
25885 32213
48549 18984
9467 29743
26651 31288
15944 10993
37434 35943
1216 48811
29087 35212
46984 45146
21467 14657
46481 45708
46710 28365
39066 2716
10565 32356
28588 2515
4860 36433
27145 36521
37993 25086
31640 26779
44741 32736
22077 22433
36019 25474
14987 18531
40015 583
15436 11112
21213 8870
5615 46098
5779 25161
8022 17784
2384 29660
25749 37403
48703 20962
26761 11231
33648 10009
10652 13971
3668 6781
34121 33976
15127 17784
33625 42366
24397 38197
7249 4704
38513 29401
18698 19669
39054 11907
20154 48676
38488 11011
11584 29168
30371 44993
49309 18451
7943 2337
13803 29300
11267 48641
13333 45780
20126 28052
5370 29902
48505 37430
6824 45584
48334 40865
1833 3684
25332 33032
16525 6329
41403 4397
9941 30498
7339 15226
24812 366
40181 34299
21788 28154
15233 15668
36323 33372
25166 17821
23432 46636
4522 22988
29142 10333
30276 49268
11841 31994
4477 9795
41968 47917
12103 43367
49339 28966
49739 23956
23743 26174
140 31350
14137 9363
33571 27451
2621 25069
21976 24011
16977 28463
44390 22118
11113 30853
45706 6996
2679 23034
33448 44089
14166 5193
3972 3659
19300 49807
48848 12765
9625 7022
40142 6959
48192 4579
30102 37577
28373 15036
1898 14869
5990 12385
44434 38896
30569 33649
1479 25103
16455 47639
32005 29082
15362 23088
2225 30006
48904 40536
32277 35161
47536 4599
47568 45239
23466 24060
34513 30339
2771 22766
26266 11867
18818 42701
18459 14205
24253 36386
17399 21836
22212 26267
41743 7350
30581 44831
9940 15205
43926 19508
42387 32657
27314 24452
12798 31726
40455 43270
26396 21263
22896 39289
47413 6823
38583 39610
2250 22993
35973 12206
25265 44990
30085 18104
31216 33670
22712 14737
42951 14764
35673 17308
13850 10035
2781 28644
11104 22795
49867 35583
40361 39773
26748 46752
7834 31164
47017 2605
47943 12746
9835 27808
8182 46473
33754 39643
41261 8102
20360 49847
32494 43511
6879 42300
6657 13052
44565 7643
26909 10813
11639 42677
11370 43381
18568 38847
34699 8946
37961 49275
12479 48288
6896 3459
14741 37324
35015 42980
14106 22903
24423 1859
17795 3805
9671 5562
37246 48691
28122 518
1844 5979
34412 39465
494 19431
29435 43063
45230 36957
31841 6278
1312 49756
48814 42632
47546 7224
46916 44709
38118 39907
21159 31314
5161 26987
7318 44741
31160 30500
47795 42816
46834 47247
28240 42525
49109 10898
38150 36504
17865 39886
18393 29014
18958 46600
17254 47443
39007 7170
13765 4259
45103 10805
19080 22552
789 32286
43943 36090
33126 48917
10351 3243
8763 21475
29422 414
28817 11407
7675 4847
43884 48485
49017 44780
5316 18025
12103 36778
20570 37827
25454 15931
13221 18295
32661 27805
29871 35568
25643 25889
41493 47575
28746 4736
24649 2379
334 7512
43298 26235
9355 33429
2536 16156
10107 4567
41101 8208
2262 15380
25511 44311
44522 11652
7363 721
5984 44771
29674 9639
2345 16910
49683 18307
13043 18146
12467 13945
5427 18236
17158 35297
10529 46436
39037 17445
19166 45518
8685 30169
32110 32237
7800 14359
48069 36289
49310 32422
48041 32202
11758 12984
44472 36277
46113 30806
18802 853
42534 27595
28507 31781
2028 23288
18200 2064
5874 8601
20676 44083
35932 21991
21201 33982
22042 9215
5221 3532
36575 19362
32861 6161
21293 44346
12503 32904
48737 40676
46496 49702
40990 22205
19231 1375
20502 35682
35011 31116
14043 35943
30309 32216
49736 9997
22786 10221
27336 34840
17768 11012
33652 34925
28341 31378
1484 37699
9383 20104
13534 12528
31939 11648
14213 11489
10069 8825
45480 38018
37875 47808
16541 49457
32858 7180
28639 14804
48844 30810
13832 11780
31382 35259
44352 16551
8717 15627
12790 20018
25686 42280
42670 19951
7684 43444
7779 14720
26153 33897
49811 16373
9577 4660
6779 45204
22953 30878
33363 44174
41090 40683
11182 10517
34855 45579
35276 38920
44707 7990
32032 34168
29630 42958
40839 40006
47963 17698
8298 23548
34542 23699
30739 6921
49873 4987
48889 28923
42445 42395
11485 17485
38859 29265
48230 40338
36553 2886
29735 17718
28167 38657
47924 42775
6116 33376
19317 19238
1135 35174
16399 45601
7291 41782
26924 11173
27242 15180
41698 48563
24432 27637
20193 44174
35318 7429
34993 33734
42176 22168
29171 4476
2339 19845
14967 38668
22823 27084
29548 32130
5614 20052
24021 17152
41954 16198
31877 25615
15569 42315
44633 42888
12795 30966
10969 19509
3297 13139
14698 47381
18317 2250
38093 44101
35004 21
23779 28472
19338 20801
23076 19778
41219 38662
8558 48095
29732 11499
7333 10561
996 36068
15295 23180
1270 4616
15618 3554
1704 31761
37467 27960
17465 36109
16046 22650
19274 27091
2366 27294
9285 12678
13655 13430
14178 22418
42670 41567
21449 13087
10080 6652
29951 10405
6908 19789
49487 6378
1306 23811
25563 36578
50000 40864
39443 23165
26586 48491
31357 1798
32230 25552
34579 10842
13652 40764
36722 19549
14631 21674
890 17531
34151 17211
27238 22979
15223 44950
11572 23353
10298 868
40941 28830
11288 38004
38250 7300
38496 48413
40671 31831
49683 43070
135 5044
44338 23878
35480 44343
5424 47277
3982 46784
31991 9331
33685 29886
3384 15308
46276 23565
12778 21386
5506 42860
35437 6247
43668 5563
741 33314
49593 1048
13356 33280
27347 10310
12693 15269
15986 35891
21422 6562
34261 4937
46283 25344
16524 34715
33474 5310
20916 4825
49538 26694
44659 18224
13684 24738
4671 28370
38902 19172
42174 2680
34402 8131
38147 25123
19518 38374
40238 3959
19815 9935
49954 48517
14421 36488
31395 39471
14109 32165
9459 37391
4433 30901
43609 18689
33479 32816
7831 38111
29571 33872
18288 24067
49557 22731
24865 7865
8648 45228
11764 30088
9080 26822
32295 4453
49872 41465
30930 11328
6195 42158
18348 6940
242 16882
11298 16882
2315 29092
28414 31162
11601 11762
23332 29517
41994 13630
32550 25296
20007 12623
29715 19802
48884 14542
44147 46637
25785 8393
25561 43134
49442 22488
7432 39888
32476 37268
881 36468
36009 32736
47585 22218
7103 46038
39809 29964
39391 42292
2361 41177
49133 36986
9052 32075
23192 10165
17357 41349
34270 19860
45793 39875
47257 32202
4093 42685
10258 39403
807 14772
19621 3460
47793 21468
2529 30915
38933 29194
45746 25378
49693 4076
2365 18852
20991 7964
9597 10327
27418 21361
40139 8261
40615 7599
40973 8437
41231 32949
45470 36069
40080 19480
43461 30630
30926 2870
25119 33877
30828 44049
20039 31694
16677 10001
30873 14587
30613 15333
4347 3974
10572 4028
39145 6616
46569 19258
17978 44772
37776 30454
32421 13897
45005 26998
22767 2401
18660 7067
30536 5807
36266 23403
9131 33020
30246 30321
32947 649
343 40958
30889 5057
24349 35964
19003 28260
37832 13904
38812 36814
34474 44543
5070 12124
25633 10813
43646 42067
10326 34809
41271 7701
34360 5624
41946 12427
6662 2366
17773 29472
14876 5496
21829 34807
16649 1840
120 31880
9633 34730
43904 23547
43476 32351
44201 23607
10539 47042
17446 45786
37951 7882
48770 1090
8339 5745
36358 6705
29871 20939
26622 14300
6767 39256
26287 27145
48060 10136
44263 19090
49038 28210
16163 1495
49789 28454
2774 11023
30224 4673
43129 20085
34017 18870
48308 16001
21887 38476
44598 3354
25263 38091
22995 40592
10837 465
26162 43433
47789 45955
32739 7028
45514 41428
44623 15885
33778 26054
47876 48601
46722 12457
14308 46972
42911 7068
19126 31026
15508 25719
26118 5883
34268 39791
37244 3938
17128 23418
33598 21439
8112 40085
10679 2249
40347 17566
3428 36272
33293 27230
4748 29932
23502 10108
37653 14897
33172 3362
32130 13630
9237 10929
8760 47738
4447 31886
14339 31725
29836 14127
9094 5509
38129 15673
20566 48313
1141 8479
19754 15678
41112 49082
48764 19420
10453 21655
13566 27140
43574 39632
29412 7625
14600 49050
21929 39732
3333 4647
27512 28045
5961 37855
35802 12584
11555 29582
29175 44275
47088 17076
28934 38699
26536 23891
5491 18818
4361 14418
47749 18085
19014 45116
41329 25664
42325 31986
26043 17564
16568 26170
11647 4264
11751 43928
34053 43961
12220 6598
46866 38592
29773 28936
24916 29764
24785 16540
15459 5238
34744 19821
45662 16606
25483 44159
6751 37455
19549 33409
23645 17502
38062 26984
38758 3528
34995 25974
17374 8291
3951 43711
43052 22770
15187 11727
28232 45995
30278 8540
24302 30624
48774 10110
14345 3549
31726 42591
18557 41120
987 39340
6297 24233
2630 17295
28217 259
47190 29575
24491 11943
40137 28302
47661 45720
43233 17880
14245 17446
44740 23083
42621 41233
15151 21999
39453 40874
13893 31193
9005 30498
41233 10002
35953 20284
9495 21345
28469 48048
36497 5011
41545 18642
44366 21203
11967 8832
16259 46279
45416 32960
6758 44775
24716 19058
20659 10441
22959 3192
13297 11937
5754 25174
17236 24779
44230 11290
33928 6242
42882 27256
38590 8907
19022 45986
26099 35231
26569 529
16138 25192
21666 16416
1735 38864
4263 48953
39447 22427
4272 29643
3993 17263
40734 32384
2213 29044
31121 30630
24369 22244
3477 21814
1276 37156
12680 38218
7572 23098
27279 29012
370 8541
15039 32410
25485 4950
19554 7405
6123 30129
45937 15706
269 1919
42316 37324
48267 36755
40260 27028
21475 6353
48720 44760
45646 18280
18090 18501
18997 21810
41744 46482
37152 32652
3067 49564
37970 22388
15679 34876
1559 1213
22140 3674
12929 3575
13128 20816
36816 837
41778 10338
35377 45275
20248 41865
47376 19306
1029 7402
12319 31286
28768 21883
37809 7382
48831 23766
48786 11936
14862 47962
28156 44412
3473 17068
1882 24012
9354 29845
32924 44934
35158 24907
2856 44419
28361 13049
12092 2101
39944 32049
26012 23749
41940 45207
46438 307
36639 40035
26748 1079
43233 19400
30772 27057
2197 48709
28304 17491
41011 36124
402 20684
14930 26305
29939 19257
130 8952
1371 14419
48470 28289
2786 46890
8130 20389
11747 40212
36499 37714
28232 5224
41042 47350
35505 49587
16673 17228
40977 1071
45286 43671
20745 22293
46726 39767
26260 30018
25404 36217
4023 37983
20494 41758
38199 32038
25222 36141
8692 12811
322 28608
28272 6209
10606 19923
35161 11366
12467 44816
41028 11834
23466 16162
49436 4815
32076 42844
26457 48817
22020 12310
18949 7312
37420 19068
49904 18843
36165 34103
4026 7327
42389 45139
40209 17247
16639 9081
39865 44515
39906 40909
25009 10366
12376 9045
32332 19604
25126 5434
43917 46128
45228 44698
21058 10006
32225 6757
41682 48271
46825 10590
29952 15158
2805 27429
18310 41607
19835 44765
29074 13667
12067 31567
46535 27789
6401 15697
40246 47217
49915 36282
12127 41290
36616 30487
705 44276
3130 49739
46414 16225
45444 38772
49837 26241
41273 42519
21662 40209
40322 47375
45052 23805
36702 46335
43257 757
46276 26208
34266 26967
33795 38005
9118 62
34724 30611
13830 20124
39066 14025
27289 48155
20359 14817
35294 38332
3269 16209
6513 25001
19360 29345
1328 13902
41794 29720
19961 48346
35338 43228
47604 41401
15640 29215
30197 19958
14898 23229
20417 26431
21279 40766
516 49993
13681 40424
44643 49369
43872 10586
33237 27792
22850 40499
25875 49607
7431 44616
46550 8888
5128 25955
5709 16683
16963 22841
19789 6853
19068 44885
46509 47777
43097 24034
11827 38033
47794 457
34009 3701
3461 37267
7296 28257
45130 41782
21008 36479
18498 22079
46939 14225
31909 31565
49934 39856
39785 1605
38163 11662
42145 45727
18646 22744
12151 18921
11923 12921
49219 26229
33367 44767
21840 44030
47158 5650
21482 42699
9226 10647
35268 253
26437 13985
41287 33016
16410 9190
43394 13103
43580 7722
19823 44880
483 44934
24413 17535
32236 14241
36682 41627
28310 4394
19850 1282
20560 3174
10962 49616
35651 4329
29825 42658
20413 25298
2307 33205
38757 6452
25992 22081
33182 29358
11121 3972
21179 44060
75 15137
24453 16547
40986 2152
32025 13764
31262 32739
10152 611
32495 17982
2201 5902
10927 21492
23607 28253
14707 46926
25420 29443
34735 39319
2429 17777
34049 29953
28583 21595
23662 10142
32679 46541
14426 11095
5457 35405
49378 21588
32413 35890
13104 19219
36526 39187
49336 14597
5189 33043
25820 44982
10060 34313
40728 45417
25800 14755
34228 30224
14584 40985
1937 20712
18622 13701
41059 35965
39059 23093
20841 42922
38281 5631
2157 34981
32885 47130
32863 9025
49953 17963
35200 40580
13797 19105
41411 2267
20884 31675
15325 30063
20752 19093
27406 18203
13202 20937
34118 41423
43778 3631
7881 43539
45445 10869
38350 25435
25928 28954
36029 5865
3718 41668
12515 15547
22103 39008
39237 29459
30947 22359
48907 25439
26257 23507
1561 27985
23868 19597
17646 43028
36410 15144
7445 9390
8191 9175
2974 30780
33711 39807
33719 49550
49702 2872
15206 1241
24305 21912
6614 2557
28673 28056
27267 43285
3071 36872
43481 4571
428 40763
11240 36037
1492 26205
42243 42754
47286 23718
26583 20860
2880 44322
24937 18071
1544 38992
49080 14638
12292 24949
43677 13668
32849 21548
27007 44229
48889 16277
27842 29249
15260 23833
20000 822
7303 28430
44246 29311
24525 20413
6545 6023
33118 28475
33823 42893
17772 16965
23986 49191
21322 8663
9060 17437
5482 13492
21802 29729
20283 6051
24835 18251
47473 46478
1572 31913
21667 18488
31631 2900
11172 34954
31401 30882
35185 44888
918 49171
10538 17144
39903 33558
35910 33338
1635 12266
42940 41792
13357 18697
27571 7571
16221 43523
42854 20238
4545 18848
9295 27211
20445 6453
45838 36293
14892 47499
47289 142
20902 22345
31845 13344
30016 31288
28078 35648
26898 698
5936 34294
35282 977
35199 48617
18800 32049
29273 33386
125 18002
43555 42868
5678 28817
23437 29692
1141 25763
27724 45384
33222 17251
23028 6319
23340 41707
43622 36099
35928 35683
26494 13520
27131 21335
5107 1600
45079 11220
10001 1532
48812 42970
12902 10783
40544 30572
40385 44886
31642 27236
14376 498
3140 19886
29296 20993
22333 49487
30661 33554
37072 22954
22816 18188
20689 14742
40107 5159
35707 19609
7829 5984
14229 19567
46164 34736
316 20080
37040 4726
2205 194
30297 574
16839 22860
35826 14601
12835 31854
38480 1271
37287 36540
14108 11021
27537 6785
40107 39055
28841 12520
32193 32175
26143 10260
38809 6463
19466 9130
777 5580
49242 13345
29763 26478
6005 34499
48058 17645
36565 3887
40468 29727
17801 13909
19274 27360
18970 30993
17977 36369
25648 14863
30178 37265
32224 27653
30811 35491
42180 44800
44401 22910
42132 2842
8086 49604
21681 9883
36689 12780
45473 17171
47396 35347
36909 29759
49077 14222
14685 28612
15313 38367
31537 20
27494 33059
25441 3777
46056 9184
21439 27514
27975 38156
37817 12444
16447 4018
13905 10714
36161 44032
29965 5991
45628 5352
43048 10237
7426 28051
23710 19239
9610 48202
6970 12898
24406 11766
30701 30615
3366 29494
26116 40597
12692 48459
48777 19905
29339 36697
45213 38257
27871 49777
34778 40647
49743 3560
4031 24541
38927 38055
8679 27604
7328 47105
31142 9927
34664 20051
3399 47709
46811 18226
3608 23120
27989 12559
36044 17857
48463 49839
23951 14317
42788 461
30461 40287
32005 20947
34134 24458
260 43920
9345 23324
41007 1542
47429 948
36968 41903
37347 38331
18253 34581
18544 23455
37430 40400
19466 37597
8289 36598
2822 6816
44187 14862
37701 39913
21361 44260
9990 19393
44425 38797
12005 5992
49287 5858
33217 23921
23613 7312
18009 1198
42616 35809
44231 20382
24323 24596
47742 38321
24309 48704
29871 23094
10635 1868
35463 48323
7893 33678
38923 49074
13631 28462
29770 37907
11185 15520
40367 18733
42475 9145
12878 23872
34193 46692
35884 3395
21458 47969
2646 17287
42267 49991
20204 27816
40304 47579
37880 24856
23714 10743
45579 17265
14526 29194
44369 11022
31103 45912
24437 7565
11957 14100
8169 58
12367 48423
33569 1236
17627 15175
48027 6329
30324 49185
23353 27225
4946 10479
19971 20279
4225 47773
47564 34835
44260 40821
23092 12848
4539 14592
41260 9919
37857 21120
33921 30583
41058 2256
11999 35622
42496 20661
21271 1762
12104 45207
47612 28866
17525 408
6480 31679
28007 41694
23107 41813
4125 8902
37911 4083
3673 23213
35332 6072
24878 47136
12933 26313
3421 24218
28664 34482
8815 31722
36760 18988
41223 28753
24011 46948
30445 49591
46833 1948
14223 35254
10765 1553
25514 32981
34405 31628
29193 33671
5136 7810
49547 49420
46828 35222
40001 8953
33834 16344
9671 20037
19531 47091
23244 17646
10203 7985
13115 46744
34237 25412
10185 17197
5144 14392
40684 36897
17626 49843
43978 25862
36285 15085
34537 3831
11485 31898
36906 41163
44854 5683
46690 27507
40361 49414
28666 45368
2826 40525
17738 32937
2671 14646
13826 10379
44822 17800
26947 48647
25175 3118
37006 46222
5849 43690
31271 17651
36583 22133
20301 37871
8465 36971
34421 17109
31501 658
23352 13817
39510 5609
26515 37267
36759 35453
3180 21577
20507 48710
18132 49826
29856 17083
4765 23729
3745 33370
30639 3609
9157 35348
42488 48446
10528 131
32771 9483
15045 47894
1652 39080
11973 36938
12676 24271
12813 35931
32678 38685
2339 47205
46025 23495
8437 14029
46490 6412
39014 3371
5952 36538
34825 41640
26208 1602
5166 38285
40690 38844
18074 33013
35060 16772
46634 18285
9190 14697
27994 49354
31174 26165
31894 24264
34819 37834
42540 21979
21730 8531
32759 28983
40547 39681
30948 46637
42641 32943
5263 26513
29234 42650
14688 26726
34811 13534
46222 3100
39429 4097
27714 22290
15050 7794
44235 42968
10479 16865
24407 24430
45014 37026
11792 37392
11588 10617
6452 18666
9593 18460
44702 13645
13170 13154
13630 26116
13053 18670
36212 43767
43633 12953
32321 24775
1713 39424
13329 45279
35654 17702
22090 46716
16507 41051
27241 20899
35231 27354
45078 7994
3640 45012
23456 33130
32853 23173
1374 29765
9718 17267
19238 37745
39661 30710
7126 48969
47806 14713
16179 41303
44641 38076
13728 20491
38511 43913
23906 10741
3241 4890
40637 40984
34467 46026
38747 45894
37421 44850
8627 5419
41659 11098
6754 34356
1750 26067
11236 6193
37859 15253
12533 25975
38860 40496
5324 31679
39122 26074
29695 25962
7493 35674
42480 45634
27904 25460
20302 14408
30902 41034
17459 19603
7409 46982
24230 8855
42991 38721
2387 21279
28907 29274
37680 7321
2539 31791
18857 25002
47729 49341
36733 38891
41217 46240
28538 46174
28185 45092
22787 39054
33278 41800
28976 39496
27150 32624
23110 37217
8033 46905
808 18447
43315 8613
66 17542
4201 5374
24167 44237
46171 21168
39766 37453
15665 28684
13411 17968
19162 31230
37367 1869
5470 3709
47489 45643
14047 9403
37929 27164
24104 4421
45693 42267
29925 42623
11758 39660
884 30477
47310 42946
19687 32383
255 45802
30609 46454
48644 47733
28721 33745
9145 11150
39056 128
23778 27138
15792 42615
8601 32561
47910 20462
27615 10951
1353 27453
4836 46136
49216 7891
37567 9779
19347 9348
1303 13492
44796 10646
28485 23029
25028 23186
46452 24170
24169 26761
29045 28224
1580 6876
20059 4794
100 24384
39567 38547
35373 19007
26411 10337
6015 34598
48168 21263
28475 47908
9599 3848
3603 44185
34361 20693
10331 43216
12612 6462
20151 6542
8418 9225
4238 10263
8920 32518
37261 26218
187 7016
37787 44493
20048 4679
36234 21766
3663 31361
24567 9942
3641 21072
2765 1759
21855 23819
40752 21843
19935 26813
47196 17118
9756 43210
16579 1296
9221 21487
27737 7570
16222 48506
40482 22765
22238 31952
40213 40132
21346 25358
12269 16340
30123 34739
22901 33981
34265 37351
23247 39804
41186 14645
18676 15643
8682 38294
898 35744
45139 46440
29565 27834
2813 31096
11783 25859
15978 6432
16648 31385
36589 19901
49216 37265
7853 3175
36582 33130
46963 13791
6125 4425
11173 27572
16244 37960
21268 49399
28152 19505
8446 43073
46752 4482
46493 29727
10828 11429
19765 6469
22552 48739
8573 10547
8042 26000
9998 27684
40447 32036
6987 18544
16588 47613
31084 13742
12957 42577
28016 28356
35460 6693
49619 11798
23058 40343
10574 30615
45528 3833
40172 26981
43481 33368
29355 35174
19936 998
13488 13872
13334 13368
45140 41296
11775 16086
44137 2406
33541 7989
25617 34684
28724 33930
34259 6238
6328 43979
22268 34105
35089 16418
1831 8676
38926 17459
43303 14142
9798 46592
42497 43249
18091 22315
27420 26528
29592 46577
149 33611
11404 31879
14681 4472
30988 49732
41726 24797
8017 9932
47199 24526
11816 35383
34064 13799
35680 32886
43606 1779
23060 42688
47256 3652
41169 43727
10464 1480
44194 6181
43513 35793
118 42652
13880 36214
16589 40615
16662 39376
25885 2851
14261 33745
21236 25173
19432 33288
46180 4646
31778 40377
6457 17138
37832 2744
28077 43910
25686 34831
20409 10322
34124 35119
39131 18082
46737 29326
32157 10266
21719 16384
23331 8607
32376 28587
11585 28137
7406 14131
9853 1704
8929 16195
43790 23397
880 33802
44740 19637
18312 36379
37579 36188
25465 16509
21533 21530
41224 2229
13392 42536
23828 19655
31182 11353
40503 37362
34760 38676
41916 13753
32114 32198
46069 49740
40257 30239
28186 38587
28167 44658
28894 18901
38099 49755
46950 28518
23436 46557
13697 22239
10334 30809
24405 39136
9238 39482
31547 34275
49366 44482
48518 40097
33082 26998
6160 29092
19215 40665
35363 5609
38341 44925
30043 39401
27793 25735
29440 35396
34312 34527
26652 1742
13862 5240
46846 35755
42992 10719
49375 27100
26812 12540
26614 41705
33616 44517
25715 38288
276 34275
37195 24476
40643 31461
25712 32271
43806 29097
18422 18875
36614 29604
7548 9466
12052 42215
27796 37298
42825 32915
47456 4895
44394 32790
24809 45672
3099 10190
27682 28749
38708 8572
27780 18729
8717 30836
41336 28702
23293 2735
4620 43869
47682 23728
29178 47862
26591 40357
17105 2949
16877 4621
2663 12170
42571 8781
11754 44156
30315 18930
34072 25864
7490 29842
617 37067
41533 24490
2904 40919
21906 34324
18873 28176
41598 30606
15578 14532
40543 9092
14293 15383
17320 10122
30838 13765
2271 13989
48181 48311
36110 26798
9298 19906
4059 35407
46940 31493
25783 14316
10998 17037
27715 11544
23091 27501
21107 42152
4747 37877
29157 19574
36115 13388
809 23886
11259 34092
34515 48960
2940 48210
4765 40590
18332 5415
44719 2706
12315 7289
3844 41521
47163 38198
40921 10186
15524 12041
25158 10081
22474 40923
1528 36967
27325 24578
18910 1254
20398 35493
46200 28132
43052 15315
6964 34909
33410 4803
20061 6918
14991 35736
30482 19965
14921 15659
10182 41037
18059 39041
7338 8692
44343 20788
36088 36793
33695 7914
30896 30375
26632 36397
14282 2941
4628 16088
9813 35127
4589 11760
9611 30588
37225 49847
17310 26536
1092 402
26797 31033
26566 15177
17210 27102
38067 35451
7435 17861
3817 37296
47068 37749
16504 29608
24679 34509
22341 36684
25797 20484
17493 46884
35234 1858
44195 34247
18250 47869
42984 2945
26186 16353
15312 3426
42819 5945
4767 40501
48741 49957
26041 17415
10775 14262
34714 24741
9325 552
23211 15750
22318 3114
12479 17147
18246 19200
21947 4089
9307 24000
45844 25787
4558 13380
11761 1240
7687 38748
34468 31149
12078 48002
30411 6457
35762 734
3594 5171
22791 15644
11908 43498
41597 26629
26626 22474
25188 6890
34452 25801
39820 283
26991 14597
36309 13290
40011 25303
29484 728
47932 939
47427 48764
32117 20648
36259 18134
21796 36789
7126 3086
14212 43973
2547 3448
20283 27351
4402 21455
11594 14921
8117 17494
29202 11565
34472 20667
27636 34129
2767 28546
12822 2542
10260 37473
42074 32458
19413 15355
19601 37895
15775 12611
25502 34649
20084 25500
14412 39995
30522 5364
44054 8943
8619 8024
36635 41372
30774 30548
22687 42146
24942 28383
19381 1297
27510 40021
45621 40147
28907 35837
49880 41559
11622 32728
37527 17433
17147 14608
23352 28401
17182 16194
1220 18546
38492 15529
26651 34311
6194 24136
22411 9602
33020 2950
37941 22393
29941 13152
46054 44894
4607 27638
40707 1249
19405 2452
5176 31273
39377 30945
