1820
382
2009
2298
1425
2280
1520
1919
2876
1702
1787
3296
1484
447
2619
1199
3701
627
1661
2936
3355
88
2931
508
2758
602
295
2061
844
2916
94
962
2011
3668
2892
3779
1791
1388
1485
3924
1635
1224
3217
1558
570
1268
3317
171
2575
2550
1299
1354
4054
2097
3717
2284
822
137
3275
3238
1036
571
3640
1232
491
2424
2118
2649
320
1567
3487
836
3492
2132
3780
3386
266
3177
2192
804
346
3446
1215
2888
2239
1089
3740
103
540
1140
3469
3141
3981
1002
3135
837
3170
125
1298
2164
2469
799
3638
3151
264
114
1138
2907
3590
3788
3592
2092
3702
3626
2427
760
3823
3254
1961
896
2019
3568
878
638
3030
2116
2961
1990
1353
3747
2860
2725
3723
807
3885
3899
1843
2701
3290
2478
152
656
1123
2764
2345
766
3997
4055
4095
1638
796
2593
652
1378
883
1080
2882
556
3215
1522
290
3555
190
2154
2364
2207
2480
3267
1543
2021
1472
193
3644
3577
317
2441
1189
2755
3413
614
2668
3641
1269
3869
1691
4001
3288
1937
1753
3856
613
2477
1175
2898
2145
2772
3736
2051
1999
230
2886
780
4064
1173
2855
3980
3195
1243
1133
1154
341
585
2609
798
4018
3919
1800
2159
177
1012
2663
3715
2581
277
1890
2716
1241
2540
2847
2574
611
629
410
2024
2047
3656
182
3748
3160
1341
4010
2363
1998
3709
3169
2660
1900
2100
411
1783
3437
580
891
935
737
2991
1979
2252
1709
181
1431
3882
927
2684
379
1357
2612
1368
960
1758
3373
651
3172
2945
3261
598
212
1157
999
201
3845
3276
819
1100
672
3228
319
1381
646
68
3000
292
3746
1674
2422
3405
282
2765
777
3985
2846
1741
2948
1922
2222
2521
856
1813
2743
3456
2819
1426
2067
2547
827
3606
3281
1252
3822
2137
3341
1229
3322
3366
2188
2978
2464
729
2715
3654
2471
1778
3303
468
3221
2102
2120
85
2610
2306
66
3848
328
940
628
953
908
1817
2335
90
3480
2692
1833
258
3156
2905
621
547
3698
1202
394
3651
3525
1433
1897
3510
3518
226
1178
3995
3762
1453
178
1934
2467
527
2621
1377
2778
23
3243
360
829
173
376
281
3575
1928
2296
2492
664
3314
3426
3068
2804
555
3216
356
2263
755
2401
198
2537
474
2877
1220
821
3752
2182
2664
3270
2980
625
3363
2461
2279
1869
3486
1831
1412
2814
1107
3528
99
2218
709
3033
724
101
1892
3754
1882
3719
2669
3269
2949
1325
3989
3115
965
2801
3889
2125
1582
2911
256
2191
91
998
2156
1643
2386
3560
1730
1015
3943
1295
2056
1072
2992
972
2934
195
2912
3391
3249
721
3159
1719
610
1744
3002
2689
4093
1044
409
1712
4060
2921
2399
3095
1518
1253
1569
3312
1796
100
1096
2901
3211
1622
1257
52
3427
2639
3597
2305
1579
795
2330
3079
2627
1736
2516
2387
3192
744
2578
2006
2835
517
1069
2696
2417
4078
3741
3021
3107
3440
3477
412
688
1017
606
3187
2511
3083
1065
3445
29
2862
1070
2002
3353
1468
2520
3284
2248
2618
3453
4056
3210
3024
477
3891
2805
1128
3553
427
3949
3397
740
457
2947
2494
440
2799
3153
2603
1684
2231
3604
197
2246
3673
3383
2838
719
1067
626
1231
3116
2641
1284
695
2798
3507
1014
3523
751
2355
912
2462
697
2173
2314
3064
3142
2249
1063
1923
1854
1417
141
1158
2255
514
3005
2327
420
1799
3012
2583
3146
599
3587
2057
241
135
3694
897
1921
1097
83
1950
1297
1861
920
2828
2831
1887
4035
2722
1482
3395
1989
1649
600
3787
2146
1973
2151
3410
176
2390
1904
703
2483
2349
1130
3574
1275
2653
2043
3859
1233
3953
4036
3933
3530
458
2542
852
1623
151
143
284
914
3961
3536
3866
2340
4068
2646
3881
3716
1749
3586
2967
887
685
1860
1769
3335
1838
119
3348
167
3225
2099
1803
3001
1437
58
2869
1449
3248
2122
1680
472
3557
111
2405
2017
3729
3683
3255
2515
1868
2935
1710
1572
1279
4063
2997
2611
203
1186
2850
2302
3484
1371
2201
3444
3205
422
1723
2522
3380
1517
1473
455
1914
2071
2742
3925
1895
2202
1421
1028
2829
1750
833
848
2082
490
442
1240
2309
3351
2358
4069
3955
1583
3478
803
731
3268
2966
194
3902
2942
1424
2347
3189
3439
3927
3188
253
75
1641
3558
2848
2556
2359
3198
2600
671
879
2518
2286
2005
3330
380
3026
3
1664
1159
117
3096
1040
2549
489
4075
604
3138
2662
1952
2867
1705
3829
1113
2484
3977
49
2730
4031
2447
3148
716
3854
3358
2895
2643
1858
3364
3973
3027
2974
943
3968
875
1228
2657
3371
3154
1419
1350
2543
986
2571
3939
39
1893
270
612
3260
2325
750
4019
1479
3688
1956
2350
2119
3008
1152
3535
2594
169
397
1829
144
757
2953
2728
2184
1319
1338
1896
1499
2509
913
2596
2964
2570
4045
1716
1992
2968
1445
251
2496
2260
3075
51
691
404
2813
2328
2599
4025
3168
3097
81
127
172
1034
2268
1345
706
2908
301
1551
1645
2429
1026
3817
1413
3861
1655
2762
881
3738
1212
146
2870
300
3193
1564
1953
4014
221
1603
2014
3947
3805
2391
2015
524
987
741
2463
2832
215
267
3272
2419
2189
1721
3345
2683
1282
2665
676
3235
3133
373
2927
843
872
858
1386
318
1207
1976
1265
1432
3826
1260
749
3253
4028
2060
70
3727
2602
2010
3944
2955
2380
3778
3293
2367
3792
2261
3621
3301
2108
2299
223
3773
3990
1951
3441
332
985
1836
1633
3945
2090
476
723
1804
3959
1099
1074
1524
3132
3674
1411
342
1901
2033
1786
3357
1628
915
2332
110
2582
3060
3246
1715
1309
200
502
3883
684
1632
2227
615
2890
3212
2078
1331
3418
3552
1981
2534
888
578
3620
494
1532
1434
3305
3365
2865
2228
767
2557
1429
3965
62
1314
2917
765
1779
616
2894
1559
497
3089
1991
3816
2199
4021
679
2545
3726
1988
944
1427
3894
2158
2101
617
2352
1046
1048
452
289
1311
2719
2645
419
218
3599
1844
2406
1023
623
168
1404
3911
2211
2566
800
2731
433
1729
3206
789
3664
1165
2933
2273
926
3315
830
1883
2698
1845
2558
3710
558
448
1118
3554
2251
530
2065
712
2681
1019
1029
3646
727
3328
3839
840
991
655
2103
25
2628
2312
1659
735
2569
1467
156
1285
4033
3596
901
3797
1662
124
2703
2857
660
2275
2666
2659
1554
2834
950
1280
2958
2590
997
3970
3623
310
2203
2337
3496
3473
2226
3572
1347
1221
2225
3962
2517
1941
952
3080
782
1051
205
2753
847
4046
1066
3963
2993
164
355
3129
2304
2080
1679
2629
3708
857
1963
2187
3937
3126
1613
145
2334
1382
1150
1828
470
1506
2526
1701
257
1337
359
3464
1112
3414
3232
283
936
428
2561
121
3952
2638
3744
2844
2697
1663
3564
1839
505
3853
321
902
2036
312
1180
3178
2859
2661
259
3356
1376
2504
3770
2030
238
1993
1772
2854
2216
2115
1871
1428
2023
3058
1630
3479
699
2318
2025
1763
1266
2925
3818
16
2140
673
3137
3550
1022
3512
2706
3912
4023
263
1857
718
2810
3063
2572
3942
2301
3436
1148
862
3103
2157
669
3375
3018
961
307
3739
647
2899
2893
1293
1957
1218
3224
1244
1334
633
2551
666
817
1171
3056
2339
2181
3451
993
3872
2488
1960
2388
609
605
166
459
327
562
890
683
3827
2113
108
106
2442
3062
3202
3759
1693
2797
1767
3522
567
1256
882
1600
222
2007
1487
3346
3514
3819
2114
1239
347
1283
2928
1546
1393
1832
2699
3930
2288
711
95
2944
2277
3867
1865
3316
2727
1598
105
1932
1504
2443
1369
713
1841
667
3433
3430
3901
3931
1945
976
3940
3088
1172
2930
2710
1931
2785
3119
2290
2584
3247
1064
772
1344
2613
973
1563
2373
2342
2466
3648
2939
3610
1003
2651
33
2673
1182
449
3474
3022
2278
1497
2853
3460
3053
1819
2165
3020
1363
2238
2176
120
1969
1360
2076
2295
357
1718
216
3814
1540
3099
853
1812
431
2708
3666
1380
2808
464
1385
3047
1149
2106
2538
451
1184
2875
1640
2897
3236
907
3190
551
608
1728
2767
3884
386
3705
1761
3812
2975
1192
3340
2370
2135
2093
3580
3258
1743
268
3376
2811
2987
3783
1576
1304
1591
316
3855
3094
2985
2705
3662
2432
747
3857
214
53
4032
1373
2283
1116
1899
1886
3570
1867
3737
2576
1570
3793
3282
2940
325
1335
3987
3214
3009
2773
2648
242
2336
1846
3411
2357
3049
405
2029
2567
2564
978
1523
2776
2440
1500
2320
1880
3495
2291
1527
2091
2490
3208
3040
1270
3594
801
4070
3046
2723
2546
408
1361
811
1766
3013
1924
871
3285
1071
3382
1732
539
243
1495
3526
3104
1994
3240
3976
3658
3784
3054
2704
948
2770
3799
2472
3782
28
2221
391
2775
790
959
3442
2193
3458
1545
3336
2300
208
762
2580
3037
2812
2423
3173
1092
2356
1223
1296
929
3676
3339
2999
3506
1098
941
162
968
931
1785
1905
1267
889
1927
1496
3404
1974
1451
700
3203
988
1908
322
3283
2063
3271
3136
98
1550
2161
845
2077
1748
689
1694
3890
3237
3903
1198
3265
2608
2409
1943
5
771
2887
2393
3229
3991
3408
715
1076
3706
3161
1678
2995
569
1372
2396
255
3105
1644
1807
97
1450
1456
1968
1818
518
768
2049
2039
3993
3509
1996
536
1355
1226
3174
1962
2712
2230
1124
2884
3457
3128
704
1586
2741
641
516
323
2532
1602
3551
1825
910
701
1492
390
572
3421
2413
1351
2952
1258
1667
2807
3369
1690
1811
480
1593
3791
46
3521
1859
1332
3076
354
964
893
1555
4002
2970
4076
3542
7
1174
1458
2536
3766
57
2763
3806
1037
3753
2950
1629
34
2262
368
1521
3951
2316
3958
1515
3540
690
2313
3222
1909
1639
1058
752
2237
1471
2027
2902
1383
1864
3343
2815
2270
1734
1781
1809
2031
2034
3645
2539
1724
1856
466
1964
3775
2541
1120
2234
3918
3494
860
3527
2525
1631
2040
1011
2041
1407
3233
3781
955
1912
2756
696
2491
1920
78
3034
736
1122
1402
1110
2241
3954
2998
1210
2395
745
285
3326
1287
1406
880
13
3650
2889
2083
1039
2823
3724
3500
2864
1673
1915
2880
2174
3851
1261
399
1336
6
1146
657
3073
3401
1095
1537
1548
3877
1144
1007
260
2630
2592
254
2777
4026
2459
2863
3670
2412
565
3731
3039
1607
1288
1885
348
1814
1970
2292
730
1477
3831
2257
1849
1855
2079
1121
808
4040
3559
748
339
586
3204
4013
1281
2155
1764
3789
1005
3757
595
2208
1041
1317
674
3764
170
2250
10
19
2055
2622
2147
3101
115
2245
2377
2408
3262
2310
919
1542
3185
1605
3617
507
3603
1902
2843
3809
1306
1606
3491
1837
3035
3718
3978
3463
334
3563
2858
1806
3291
1539
107
2589
3745
248
3642
1609
1805
89
2141
3687
1177
546
2822
1692
513
345
665
44
873
3657
2900
1508
2745
84
3704
2411
3923
1086
3680
2489
2959
1481
1580
552
3175
2965
93
118
1768
1196
753
3362
2788
3219
1789
1055
1552
2528
2738
3472
3895
3332
773
2269
3571
859
3402
315
3465
3462
3541
3556
1219
2957
3605
2918
3144
482
2460
3226
1141
1822
3637
4011
1651
3669
4072
2446
705
2761
1824
1032
2842
636
3182
1823
413
1776
3503
436
1160
80
133
3743
3416
1983
1090
566
3057
2989
3179
1531
131
3695
1083
3898
3774
2062
2555
4091
2624
2243
1343
1104
3578
1339
1745
2487
4022
1737
1436
1213
2127
3310
252
3389
3733
3969
1163
2782
304
1647
2293
1574
1498
1848
3582
3863
1398
982
1234
3625
1666
1771
2787
2153
3516
3361
1088
1627
3841
4080
892
116
781
3998
603
3758
1652
1025
644
2032
130
2695
3663
1435
3838
1463
1619
3830
74
1536
738
1535
2190
187
1443
188
1851
1972
3763
2381
1031
2402
426
486
1214
642
3661
2403
1553
739
3488
1588
3344
2195
1707
1078
797
3234
1490
3102
2486
743
3862
2658
3124
3929
1403
3561
1059
3289
702
3194
2672
1225
2904
869
1166
3801
2066
1455
3628
3123
3846
1676
3352
1821
1808
1035
1010
2498
3750
234
3608
1329
3615
2129
584
4015
1850
1117
575
3815
421
525
3659
866
917
714
582
2827
3907
2529
2407
2519
3508
2941
1695
2744
3800
3585
2973
763
1134
1687
2746
2089
2449
1328
3121
3595
1751
2806
779
1405
3321
1399
239
1562
2781
1047
469
2754
3324
4012
2217
535
1151
369
1965
784
492
1379
3122
2954
3825
250
1826
2271
3044
1538
375
854
1197
2874
3379
225
3971
2956
2445
1611
378
3337
1557
2130
1590
2573
534
2633
1322
2389
1397
3497
686
3489
1452
3649
1201
1262
574
3843
2691
337
4007
228
3482
3598
3019
2451
4024
864
3277
2376
3131
1936
3810
3109
2209
2361
2713
1169
3227
543
3081
3917
361
3619
3534
2444
4006
3875
3794
2656
3591
3565
1830
3513
269
2212
498
276
4052
515
2233
495
2045
3069
2694
461
3742
3837
2979
2749
231
424
947
2177
3539
2366
2276
2586
2891
1534
3400
2614
1323
1359
362
2530
1236
2508
3014
3241
2168
4042
305
1264
1259
521
2169
2219
775
1235
3125
725
1136
1513
1389
2186
350
1365
2109
1668
2700
2149
293
2075
1544
3888
720
649
1000
3964
96
351
2416
3685
506
3367
3504
3579
60
1636
414
2906
877
942
1126
3045
3041
1626
2289
2866
989
945
2879
813
3470
1274
3735
2531
2729
3409
1717
1853
2598
2481
3050
4
3333
3428
235
2053
2166
930
288
3452
592
4067
1669
358
2563
1911
1254
963
249
1917
1708
126
471
3769
1714
262
1448
279
911
1918
838
1061
462
1195
3387
1075
553
4096
3613
1862
1108
3675
1759
14
2365
4090
597
2678
149
1114
3914
3017
1087
1474
2362
3318
3677
2849
2258
3627
3833
3055
2548
1507
2346
1722
1446
1916
583
1483
3652
1530
1147
2160
1489
2012
3143
894
3730
3913
3865
581
2836
1390
1249
2826
1049
2319
653
1310
820
1374
2780
374
2937
1966
2969
1790
2084
2732
841
1561
3974
3407
18
639
2585
1009
2454
30
3693
2510
3419
958
454
538
1752
485
596
175
1486
1782
3499
990
1494
2718
1364
1903
3852
275
2022
529
402
2236
2382
1770
1094
1375
1478
2591
3072
1575
1312
3824
150
1713
831
219
1208
992
2644
904
1245
3220
818
1656
1874
79
3199
2404
2475
1301
3036
2004
3671
147
3602
1913
2734
3966
2579
3632
129
2143
1362
381
3994
3921
1315
1720
2946
389
3066
3298
2841
1370
1060
3790
2112
682
759
2686
483
3834
227
548
481
3682
2726
3183
786
1642
2354
2126
794
2577
742
199
3295
3860
184
1302
909
86
1670
3085
637
1637
4058
624
37
1686
3624
1125
1747
3631
850
3334
3868
1106
2016
3501
1
186
3983
1801
4081
303
3614
1250
3485
2414
1129
3015
2274
1327
590
1930
3393
1460
1727
2048
681
4092
3928
371
1986
415
2655
895
1681
3412
2976
1394
3612
1045
1949
1888
1466
3100
1079
3537
1068
1585
2418
1340
3004
589
1119
3294
3502
1725
3392
1509
443
519
3447
331
1756
2170
4089
3707
3028
2951
3388
1879
3696
2473
995
3429
3932
43
643
3218
549
1577
2647
885
2383
2650
3520
2470
1103
2244
2878
2436
3545
3566
1294
324
3385
2960
425
3892
1033
2121
1777
3886
297
2790
112
2338
1464
2297
2037
2322
1396
3461
2670
805
3307
849
1711
2397
1797
2415
593
3306
165
2026
1793
3870
1620
2922
1153
2924
3756
1604
1008
1409
3139
3879
3588
3821
1875
1798
3347
92
2142
1346
2707
1942
1529
1414
675
3147
64
1660
367
1634
2988
1584
3200
1211
2679
2088
1273
1176
3381
1929
2247
3909
1599
3251
2709
1742
956
3171
3162
2253
3257
937
3589
3167
1834
4079
3384
3196
648
1349
2868
764
3785
1272
698
2923
2768
812
3493
576
3711
272
2795
834
246
1980
247
3699
3378
1246
3804
3223
3569
2779
2435
3467
3878
1491
3016
509
2315
189
1870
392
802
1738
417
487
1115
2983
2456
1568
1898
4094
4059
3279
298
2123
1342
3760
3618
3533
588
3466
645
3847
2265
2839
4085
4037
1444
1592
3077
1387
1084
352
3950
2485
192
1754
905
3543
2507
933
2434
1366
1547
109
2139
2674
1021
161
3546
1792
3329
4030
1367
949
3374
3423
3573
370
104
3065
3443
3849
2204
3084
1333
3567
3201
3956
82
563
160
921
302
1263
1926
2632
2018
951
1143
2331
501
906
1168
3399
299
1938
855
3071
3905
923
2833
3584
1502
3164
1111
3338
1384
4017
1132
1461
3311
2554
1827
204
1170
2003
3150
1052
1939
2224
2984
1352
1422
1810
2163
3323
393
1324
50
3032
823
2374
2259
2720
1876
1183
1188
3252
2205
2285
2294
3165
946
396
2172
774
2597
1200
1616
3732
3420
3692
2493
2085
2783
330
2502
1013
3256
2068
3186
824
2267
2272
3505
3700
1573
1873
2982
3972
916
591
245
1987
1418
2133
343
2073
278
2981
3140
2851
2803
1816
2495
3992
2323
632
2425
1978
3130
640
3031
3396
38
2938
3609
2825
932
128
210
2634
710
385
434
3155
1891
3893
1512
2438
868
40
488
3796
140
2379
3118
1400
2431
2553
2682
1193
1889
1601
2524
1775
3765
1423
3320
3811
3734
630
560
2178
1842
874
3498
532
4004
1618
1179
1135
2213
1105
2830
2096
2104
2962
11
523
61
286
2307
2351
2760
2914
939
2605
3098
3454
722
2311
4041
326
1739
2560
2348
3910
349
809
2059
4027
1587
754
1438
1454
2909
2410
1167
791
2824
2476
2287
2341
3052
4082
2455
1946
1757
835
2794
924
174
2963
503
3070
2321
344
2448
1401
1430
2098
2752
1740
430
1391
1248
1056
2232
3319
2282
3302
1704
3394
816
3835
1549
3672
1156
261
1612
3996
1053
1101
2688
1038
903
2623
2264
650
3858
1995
3166
1292
2971
2652
2196
2110
512
2008
2929
979
544
3184
2308
2
3576
236
3038
1205
2385
2739
3349
1877
139
2552
1755
661
3455
980
2625
12
1565
619
273
3725
3011
1073
3934
2035
153
2740
3864
1698
3266
1440
2513
1137
1608
3191
388
3134
1459
2458
1415
2000
423
2054
734
1907
3681
1216
1528
846
484
1675
825
1614
2384
3230
3691
1997
3042
3803
1255
3611
541
1109
3110
1447
47
3207
504
814
1131
3660
2535
810
2667
769
1706
31
2920
2020
3679
938
3936
65
3900
2654
1689
159
142
2171
1024
122
2070
3245
1866
3342
1271
3431
3524
3309
2194
1006
970
1696
2281
2198
3767
2771
1944
792
2200
2058
4061
1318
1050
3984
3377
2913
3074
1578
708
1731
2514
594
2266
287
1665
456
2972
1677
1985
3180
3273
2986
2453
1062
401
557
4062
826
3622
4009
3093
398
191
2452
2457
1657
2559
2606
1597
3850
1227
969
898
1621
1947
1286
2626
2759
668
3832
2046
3163
4074
1181
863
2607
732
3751
3802
3629
3120
2800
123
180
1511
3197
1237
2977
2615
3006
4053
2690
2094
3264
3086
3091
3873
1683
1581
3531
815
3112
3562
2087
1276
4050
2637
2717
463
1906
3067
335
687
2711
1091
479
3988
2635
2796
467
4000
678
20
3915
2837
3078
1594
3092
224
1726
2428
3593
1788
3372
2736
2616
3308
353
1057
3278
3280
2206
1658
522
3082
148
693
510
559
2642
1735
587
1291
3938
2747
2721
3010
473
2344
966
2052
3948
3771
1030
2439
2111
2631
1348
1242
3483
1164
237
1475
418
3327
2430
787
416
2910
3350
607
3263
3090
2426
475
3776
450
746
155
1300
45
1042
2482
776
3515
2162
3331
3239
3471
4086
2883
3982
3639
158
1358
554
2353
3029
3127
3425
76
291
363
1313
2303
2840
3398
2214
73
2915
1653
3630
756
2128
3635
3152
528
3957
2793
3511
77
806
3292
561
2180
1238
157
1933
1682
2687
444
1975
3643
3986
761
3967
3422
1190
3176
3920
3468
1596
680
2375
793
1001
1967
1884
3703
658
925
2505
217
2702
1230
1688
2371
2640
2994
3616
1139
3813
59
3880
1516
1102
15
974
2013
4077
2167
2220
3475
3304
3728
3519
3999
2183
3359
1774
1289
1081
3390
329
3434
365
465
1794
1016
3678
2501
1925
314
306
2845
1699
2450
3003
8
3490
1733
280
9
1191
21
2881
2400
17
2038
1470
1948
3772
3415
2474
2820
2587
1610
3368
839
102
2919
3647
2774
209
1802
3114
1093
26
2028
1469
828
2861
2229
851
2676
3450
1514
1894
2499
1650
3313
1700
2903
867
2235
3820
2791
2500
4047
1646
783
113
54
918
3876
3432
1420
3242
3459
1852
2479
728
1526
3300
179
2680
2769
1410
3828
631
2437
2324
407
1162
1203
2817
2816
3720
206
333
3842
977
496
2072
2565
2693
274
1488
1958
1503
2197
2131
3808
2784
2809
922
42
3844
842
4003
3906
537
1442
232
56
1142
533
338
3871
3583
1408
1954
1493
2588
311
577
244
3517
3250
3581
4008
1765
4048
2926
2372
2871
3274
22
618
2750
2562
2996
3755
717
1617
211
1595
3786
309
1441
2134
1533
2506
635
3108
1935
2242
2792
1187
3231
733
3059
202
899
832
677
3417
438
2677
1501
2433
3113
3145
136
2766
758
4057
3836
2685
900
2523
3795
4043
2601
4084
2595
3547
1307
27
654
3424
3840
4065
1480
1222
2786
3360
3529
2148
72
3749
4083
1697
2617
1984
520
1082
2497
601
71
1671
1863
1308
2144
3607
1209
3435
975
2369
1556
185
1155
240
1795
406
441
1940
400
1321
2512
4051
1043
2533
2852
383
3874
3807
2117
2568
4071
1510
3686
2333
3714
1762
886
2378
2398
531
3449
3713
996
138
1004
1654
2179
1027
1872
2872
3181
3777
432
3287
2074
1204
69
2254
2604
2107
4016
1277
1194
460
1648
63
1392
2050
3922
213
550
1773
2223
2990
3149
3633
1127
1881
1624
542
2544
3653
439
3960
3887
3908
579
294
3213
726
4044
3051
499
876
3106
2360
1326
154
662
692
1815
2001
663
2748
3544
134
2714
1303
3636
1703
3667
2802
3768
1971
3209
994
3043
453
36
1217
3406
3532
3935
3538
2105
1519
3896
24
478
1910
308
395
67
2420
2620
2095
3697
296
2671
2152
2465
3448
707
41
3354
788
4039
4088
3325
2086
336
3684
1780
1571
1835
3048
2138
3904
1625
4066
55
2856
1320
1878
1847
1439
564
1840
229
3158
2943
865
1525
2636
2081
3975
2175
4073
3941
403
4038
2527
1784
2421
1305
694
4005
934
1247
372
35
2394
3916
1251
2392
3926
1356
3600
2240
634
1462
1746
2932
1145
573
3721
3259
340
3481
2503
1955
183
48
3655
511
2210
500
132
984
2064
1085
3244
2468
1278
785
620
366
1476
2751
3712
220
2873
2256
957
1465
3897
1457
1505
2757
1760
1685
3299
3722
3601
3690
1206
3087
2733
1395
3403
429
870
2724
1018
526
2150
3476
2069
446
3438
445
971
233
387
2185
2136
2042
2343
3117
1959
2675
983
670
1185
3157
4034
1977
884
778
2896
770
2368
1330
3286
1560
196
1541
384
1672
981
493
1615
2124
4020
435
1566
954
87
568
207
4049
2329
1316
2818
3007
3979
265
861
545
1161
3025
2885
2789
1982
4087
3549
163
2326
2735
1589
1290
4029
3761
271
622
313
928
3023
377
3689
967
3946
3370
3111
364
3061
1020
2044
437
32
3665
2737
2215
1416
1077
3297
2821
3798
3548
1054
659
2317
3634
