3655
2500
445
2802
1036
298
190
756
950
2077
3308
307
1198
645
4068
383
999
4037
810
3810
638
569
3754
304
2531
3866
3745
2280
2404
3093
3512
53
3738
3382
750
3225
3124
3438
1887
1434
570
1122
1508
1737
1297
3381
1257
1992
1694
604
1658
2847
2454
1938
2803
1149
1712
998
551
779
417
1419
1882
1951
1933
2641
3961
1722
148
1264
3419
751
1769
806
2622
196
2684
2939
2040
3566
795
2136
3490
3888
2478
677
646
1413
2050
3969
1767
1696
1543
2558
3902
541
619
1251
1615
1661
3318
1097
557
468
3722
2963
3431
1010
1705
2617
3164
3583
2041
3434
1275
2629
3630
1277
224
1636
365
1860
3942
3365
3145
1731
3406
2731
1684
2587
1167
3950
3471
3947
2924
3186
191
537
3530
873
1888
1920
1874
3976
1134
2885
4059
1466
2559
3496
4078
868
2579
3138
3764
4047
4035
703
1540
3111
1631
145
1947
780
1654
2293
334
2655
2436
414
2347
2781
3927
1745
1590
434
1829
3259
1511
3772
2662
338
1183
25
3362
727
3118
834
330
3098
1650
2853
2696
1674
3563
1107
798
3984
2369
2991
599
1219
2337
1725
2188
197
79
1397
3521
1736
1269
630
3611
835
1477
1119
3603
472
461
1682
1075
996
1589
3304
3010
176
3021
2691
3832
2945
470
2736
2599
2460
3852
2790
22
1799
1310
2240
1118
3845
1626
157
1362
198
2151
3223
1327
3315
1597
1095
3883
1460
3333
574
2953
2365
3792
136
2540
1738
3642
2643
433
1475
3793
3237
158
2942
3483
2656
1395
691
1276
3076
3971
2303
2928
582
1813
3044
624
2754
2836
651
3378
2017
2897
122
2102
3663
1155
860
2405
3097
2516
423
1997
3684
1349
229
2482
3840
874
1512
189
2121
784
939
3546
3189
1150
3316
2734
3534
3649
3296
2766
1463
1416
1484
3581
2287
3558
1089
325
1038
568
952
1239
1181
1002
296
1452
2095
2563
2748
1069
2612
1042
3306
201
4024
3557
2671
1999
3064
3404
1051
1451
2815
1224
3577
3310
2915
3755
2049
1945
2791
3416
2203
2465
1016
3172
3822
3102
1802
3592
1409
2294
3199
583
2285
1336
1675
2543
601
495
984
225
1878
2182
3479
2277
3917
1108
1899
695
3328
1385
2178
2694
487
1050
3050
528
2806
500
3535
2644
1931
892
1866
1692
2851
2672
2429
305
3415
787
303
3562
488
1668
301
2342
924
3482
1716
3705
3783
3445
2393
1098
3680
942
1770
2875
3169
1873
394
3808
818
3628
6
3870
2624
351
1868
1058
807
3551
90
1440
1514
1621
2859
1344
1605
649
3533
2541
3214
1161
1481
2949
3580
1876
771
2470
2397
954
915
2985
3652
481
1972
1676
1562
3311
3444
1844
2668
1824
1081
1836
1176
3788
4079
4096
1287
3373
3607
1646
1170
1516
1823
2433
2344
2522
4023
1515
2194
3795
448
1192
3897
3827
1656
1030
1828
2892
1151
2765
2698
2093
226
1966
2905
2251
562
2323
496
3257
3573
291
3621
3452
3850
3393
3861
525
724
3903
951
3659
1608
1056
931
2129
2651
2837
2900
1311
3650
1838
1270
1965
1040
337
152
2391
98
2787
2435
2341
3460
2565
1718
3944
1884
3298
4022
3400
1443
100
1461
404
3227
4030
1711
1964
980
76
2986
2497
3387
188
878
2930
3288
1027
2527
870
413
255
2572
821
3222
3266
1579
2539
2625
2254
2631
1807
2636
2726
1567
1214
1281
3789
1755
2577
2664
3202
674
1903
267
2220
605
3327
2223
895
3402
3112
38
811
902
3938
3008
564
1026
2857
3956
774
2739
3350
2829
1106
1417
4034
1522
989
45
1028
2064
1250
4003
1126
1173
2286
3578
1428
2879
876
269
2196
1179
1208
3627
1574
3481
2621
4058
2788
864
402
2959
1652
869
2758
2239
974
762
3418
3014
2350
17
250
3869
2733
785
814
3746
2902
3120
2008
369
219
3585
2351
919
3937
167
2618
2571
3355
2333
3509
1280
358
1635
453
1346
263
3691
4061
2722
3377
3443
3082
2414
3174
109
41
2607
1569
591
1104
2059
3626
3012
1786
733
3831
363
1530
639
2408
3567
2603
611
1639
3616
3547
1637
3653
1850
3890
1728
1009
1971
3302
1502
256
1205
2689
2476
1551
2841
3491
675
4006
1739
3750
33
1744
628
2027
1561
644
1078
392
1217
1146
1018
3765
3208
3451
1988
387
882
3195
609
2312
2569
418
3574
1282
3914
4045
34
2368
1418
3073
812
1924
3846
3893
1831
2362
831
890
713
2552
822
1141
3648
1614
687
1835
1445
1034
824
3086
3389
3658
1572
3262
2171
1762
4
704
1897
2006
3991
2036
3091
8
373
513
3127
1186
2492
4009
3103
88
3437
388
1644
796
4091
3394
132
2007
3005
3692
3374
616
1139
4043
2883
1357
1507
2340
4042
716
615
272
3260
110
3384
3107
2547
1047
2967
627
2469
1393
101
1751
2705
2840
2880
1350
4086
982
3428
1032
2378
1489
3859
1996
63
2388
1539
336
819
597
2450
1083
3254
2646
2147
600
2231
1188
3610
1305
794
1819
2551
2591
1765
1706
2260
2503
1640
1386
2413
2193
1864
3343
696
1919
1470
863
2856
1148
3932
3685
3220
1932
3134
473
1741
407
2613
2794
923
2289
277
1345
2324
2313
884
2678
3072
1893
1371
2674
1610
2247
3410
3624
1054
1680
3862
3264
508
544
1243
2230
3051
4063
3165
2086
3959
1343
2261
1979
210
711
944
2425
990
894
3778
3065
1881
3017
2315
3784
1283
2771
3522
686
1781
2775
1890
737
3301
245
2067
4083
2557
2513
2169
1724
1008
3700
166
59
1772
3016
2823
1991
3606
342
3806
2578
2550
1746
3001
2989
1959
21
2589
1110
1121
2816
772
4056
2716
282
2746
283
3340
2449
1031
1318
3675
2703
2844
3133
2878
3638
1524
2364
3379
306
540
2993
3933
3176
3137
866
3060
1142
1974
3758
752
955
2267
3180
3364
927
2069
1291
40
3157
3092
945
2423
3839
1450
2295
312
853
804
3646
1158
1659
463
3556
509
499
1998
3886
930
3762
1129
4065
983
1794
1376
2122
43
1547
178
912
731
702
2202
1555
2584
3943
2721
2479
585
2501
2164
2843
3838
2524
653
3633
891
3411
801
2783
1703
3448
2234
2334
4087
432
1871
3168
2990
435
3804
262
826
3597
1638
2839
2180
3889
2549
1103
3517
3785
3242
1814
2266
261
2204
2768
1902
2964
1363
1187
1120
2741
1088
978
85
1498
706
592
2038
1808
3763
701
3059
2434
918
104
1248
897
35
2553
572
560
3265
415
3018
1478
484
1666
1526
991
2354
4033
3492
3235
3433
276
1447
3252
3915
2021
3701
2886
2828
2097
1677
3006
2074
2536
3726
1422
3291
3540
3753
4092
1686
3046
3572
3058
1523
520
114
3299
1826
532
1493
212
1093
3034
2079
1145
1612
1135
1013
426
4075
1690
1258
364
3385
1505
2149
1537
3100
2055
1020
4025
1152
1068
3372
1112
1062
2228
2561
340
126
2826
3734
2207
1796
2219
406
935
3361
1740
2355
2614
2272
2373
347
908
1055
3399
925
1197
3349
3290
1458
3233
3591
2100
450
2428
1952
405
3751
2096
521
3488
3170
577
2700
1651
3741
1563
1773
2456
1125
2590
723
3987
2099
1356
141
3037
1090
685
378
1303
1317
2750
3363
1948
960
1862
308
62
3182
1221
3787
2581
2383
3761
3528
159
516
2639
1415
46
1329
2160
602
1193
1207
1244
3019
1380
2464
315
2861
1246
3637
1029
2649
3647
740
3564
1160
1785
2560
3697
192
2759
329
3360
1601
2026
3995
1041
3366
3160
1472
3525
3596
4050
3759
2282
1657
3672
1865
2708
420
589
2390
56
1532
2246
2784
3824
767
165
134
2598
2300
2139
3561
2507
2065
3667
1588
65
1166
839
689
2117
855
382
3326
1455
3396
1326
2483
3665
2666
3337
2004
2438
2039
1877
3757
820
3432
4074
281
788
93
641
2236
1194
622
1849
2601
1398
2626
1670
475
3249
3289
2774
349
3313
50
3907
3192
87
2462
883
2785
1892
2386
2570
2348
1384
3221
2937
2520
4002
3125
881
2154
2979
2987
1721
709
1629
2112
3166
3899
2288
2083
1994
1663
1072
2824
2608
2761
1065
2011
3205
2638
3614
2955
2667
840
1845
2660
1688
529
3140
177
2063
1889
3843
832
3721
1043
700
105
3278
940
836
1019
1566
2796
1521
376
243
2259
3272
2723
2411
3858
2926
1390
2098
1333
112
2088
3718
3114
1191
2144
3742
2881
2980
4085
3466
1290
2398
2752
455
115
103
1968
3780
1377
2718
2873
1958
2744
3996
3579
4062
1726
2609
2054
485
3122
2831
1427
916
957
2216
1242
922
3900
2371
3760
3413
2611
3988
1885
2199
2146
2198
3855
2620
871
3520
1990
2043
94
708
2473
979
728
3980
1059
2542
1518
355
642
95
2167
3710
3735
2838
3153
2296
1783
1238
1748
1987
1015
2111
2769
3303
3007
3829
971
797
319
370
356
1247
3209
385
815
2377
1469
1228
273
542
747
3880
3679
1925
679
1973
1768
3332
3723
3706
3253
1982
803
381
3896
2467
2070
1006
2530
3055
657
1818
1863
1157
898
1978
193
2187
4016
2421
1977
958
2141
2842
1374
327
533
2057
664
379
174
490
2443
3931
236
4031
3369
1300
3390
3317
1585
3958
31
2184
3960
3070
247
693
429
2326
254
793
2934
3756
3715
3548
350
3856
1939
2130
1178
2394
565
2143
2304
3121
2218
2965
1201
729
2206
792
454
399
1760
111
2675
1810
1780
1102
3068
1162
1800
1975
1301
3269
1747
249
3462
2998
4046
80
3511
3612
3790
1582
3204
3531
2554
1993
55
3110
3877
1854
3930
1759
906
3953
3989
1091
3143
3312
2715
1306
823
489
3485
2921
1396
2325
2458
1490
1442
332
185
1627
3371
3247
1441
2567
2030
1435
138
2863
2132
2125
3188
3478
929
1604
1045
1531
231
2890
1273
652
1124
341
1209
2871
2356
3945
1695
1602
3622
712
1895
3994
1803
99
587
3704
1713
3820
1294
637
2582
1073
3595
3698
1128
4007
1272
4067
3744
3777
2367
4060
1169
715
3865
3119
3575
3640
320
3239
175
3403
3536
1237
2792
3800
1253
2555
847
2046
2445
352
2016
4064
3879
2957
4048
2548
3203
3455
1496
4052
504
2461
313
3673
3805
2898
3983
12
932
636
3872
1
1177
1005
629
160
139
631
67
1429
1842
3142
2903
2110
3954
3516
1790
2446
2528
444
1915
3123
1806
3359
3040
3833
2238
1613
1970
663
108
3821
1634
466
1560
3458
3426
1941
326
590
107
699
523
4040
3981
4019
257
2724
1729
2821
68
3993
920
2366
2480
4057
1212
2352
70
987
1137
400
2564
968
3635
2051
2762
3620
401
3033
2361
1229
736
4090
1963
1359
966
650
2749
3894
1172
3277
2248
2707
680
2033
142
206
3728
97
2080
749
2003
393
258
1302
3514
1296
888
1774
676
3453
3461
2891
3472
3711
1827
437
1857
1607
1776
58
3011
1528
3183
1527
2793
2657
173
1811
2381
3320
2810
2058
1048
2114
4055
718
3732
3662
3571
1934
3825
2400
3178
2380
1936
3770
550
1946
2382
933
4038
2376
3376
2763
2770
1735
2992
3464
3351
4000
3631
2973
3537
316
2353
3873
965
2403
1564
3250
683
1323
501
424
2176
2225
4070
2396
682
348
1431
3860
29
3682
86
1852
1647
3151
757
3245
3440
3041
956
1227
576
3694
3468
2094
2200
3524
900
2616
2217
213
324
3844
1322
1284
3826
2032
3664
2756
3154
2681
2970
1894
973
3056
1249
1064
3909
1432
893
3146
26
1763
2213
1492
3047
3752
3918
741
3946
669
2941
2779
2185
553
2596
1092
1101
2018
2679
1665
511
3798
1929
828
287
2163
1856
218
3842
3587
2068
118
3243
1778
943
3282
2268
300
3501
3978
3687
1846
3674
1591
3267
1581
1625
1144
2024
2047
2822
24
524
2901
2005
486
1510
3258
2683
1529
2298
1482
2427
2273
3882
1131
2108
124
3244
1848
3035
2208
321
3598
3851
2920
1372
2034
3608
1347
3447
3228
623
3768
547
3476
808
288
52
1673
2320
658
3477
3926
77
2318
2710
1906
2274
2800
2777
1351
1100
4010
1687
1571
9
1138
1867
2468
2663
3863
838
766
3949
1084
1021
1373
2186
3421
3854
1143
3319
1321
3636
1546
1337
3031
3696
3470
3543
230
2336
1880
3397
3552
1330
1575
2031
4072
1548
2053
1749
3469
872
1298
1387
113
54
4013
51
3835
2145
2511
2278
335
1111
345
2868
1669
1628
2392
2252
2852
4008
2363
2453
2867
3774
1618
3330
1641
19
3775
2640
465
397
3729
1240
395
3307
3730
2585
3281
1274
494
907
2546
1268
2637
995
2642
2988
2345
2732
1795
3623
1708
1226
2773
921
3801
2181
133
2250
4004
522
2379
3352
366
3081
2395
3878
162
1509
2229
1954
1535
1633
106
1550
3594
3836
660
480
2588
775
1506
2444
2575
1370
478
1195
1215
371
48
3867
2439
3599
1775
725
1053
2833
2594
3939
2738
2019
3456
643
3066
1085
548
3502
2135
2647
161
2275
1001
3136
3395
2854
1324
3906
3263
2505
2329
2499
2158
81
3295
1719
1033
1691
2389
409
753
2580
205
2431
3022
781
377
440
1542
227
3617
3053
1499
2349
969
2795
2249
3639
1164
1662
2804
1593
3707
3042
2264
286
2265
2846
2509
4014
1756
3895
746
2566
1758
3158
2319
431
3467
1446
3590
3811
1071
1598
3078
1082
3162
3979
3495
1154
1004
2789
3067
411
1840
3270
1586
3629
1519
3848
294
953
3493
2183
314
3380
1822
3094
2845
2490
1211
3605
3681
168
353
2653
2950
4054
1672
3773
3229
1225
1935
1190
1679
36
2532
3791
2415
3305
1381
360
3868
1052
183
3494
3813
2910
3336
2632
1109
1367
2504
1488
1910
841
3003
3892
4015
3211
1003
3634
1754
89
3974
2727
2162
789
1642
2442
948
2751
3147
458
2078
621
2809
3386
1648
3990
375
215
1066
3727
3576
3441
3197
3549
3802
2302
2954
3881
661
3105
2702
3171
290
584
2760
57
2600
3196
1815
1536
3699
2104
1859
3864
1433
2014
3884
1962
3948
506
3095
195
1123
359
994
3261
1115
671
1430
2834
3026
2256
1203
1319
2597
3725
3144
1981
3294
554
443
1606
1985
2808
1743
1200
2310
1949
3300
2372
1580
3720
1222
1223
3847
656
510
697
2798
3427
1559
2814
3560
3736
3368
3498
1730
2745
252
1715
4027
147
3248
3719
3975
777
3388
4094
241
2255
4089
2517
343
3841
186
3523
1448
2538
985
1335
2740
216
2952
889
1232
2780
1545
390
2048
3335
317
1570
1617
471
3321
1471
2474
2359
3922
3348
421
1011
844
1486
2243
295
2029
2665
2466
354
1046
1986
1710
2235
331
854
527
1837
1234
194
3891
1624
3251
2888
285
2975
169
2330
1576
299
865
849
3187
1898
543
1685
634
3450
131
1454
2451
1014
328
238
1805
710
3905
1080
1928
735
3159
1339
27
396
3619
518
1254
3049
1793
2685
1405
3818
904
2526
1165
2430
3921
11
412
479
3128
1076
1328
598
845
3885
717
2244
3677
4084
3541
2316
1904
2514
559
588
220
843
3962
2983
1955
1439
2670
1619
280
1364
3786
2801
850
3967
1861
146
2933
3106
2025
2042
3724
2961
2233
2385
4081
3212
452
3071
2157
3425
719
3799
482
2944
2628
39
575
170
899
2877
3874
3286
734
1252
2189
2633
2085
1012
1779
755
3152
3480
2437
3542
2978
469
3161
464
64
1584
1286
3966
2742
2753
2654
764
1727
1717
887
82
2123
221
714
3085
578
759
3782
2089
4011
2882
3104
1623
3776
140
2148
253
4012
1707
3116
3911
1930
4069
1259
2812
742
3099
2301
2661
1667
2214
234
1592
1049
3503
2222
2706
1742
2410
3163
1883
3132
3344
1175
858
1834
251
769
3632
3487
2713
2472
3600
3912
3185
3565
961
2358
2321
2060
1487
1700
1702
519
37
3484
2262
73
1556
223
4049
2134
2012
3644
3039
3324
2292
3935
4020
2084
2420
928
3497
242
2082
2013
2291
3032
3771
2523
1916
2317
1620
3358
2533
428
2908
1812
3506
3683
1449
403
181
2923
2534
1917
439
1720
744
654
555
2221
2862
580
1457
1465
3414
2728
2909
2138
1236
1299
3654
2215
1875
4095
1365
4077
726
603
981
2946
1984
1266
2695
2916
2161
2457
857
3139
3559
3409
3236
1517
2911
684
967
1402
1467
3417
1983
2996
2729
1171
2227
886
2518
3964
3982
449
1420
2592
830
1858
3117
3285
3657
1341
970
3690
2418
239
3088
1957
2884
1022
323
1325
665
2422
477
384
1791
2322
694
3739
1921
2764
2525
1520
514
2962
1366
2137
1839
2118
3919
2343
1070
2360
2276
309
2659
3
2943
179
617
856
1438
936
292
3436
72
546
3177
2995
1262
3126
647
2338
579
2201
1693
427
2299
2493
2331
1909
2346
3459
3769
1869
606
5
3871
1444
1843
3972
2913
2406
2529
2166
1437
386
2023
2972
2757
2374
155
2327
1271
2956
1133
2743
1408
2929
200
2103
2737
2339
3747
483
3555
1424
3002
3992
3309
1354
3218
1678
1267
222
372
1905
2494
1382
2830
23
610
3853
2496
799
2401
3733
3435
3924
3240
3814
1153
1599
879
367
2211
705
2306
116
15
2918
456
3539
2242
3486
975
2906
758
2701
2510
1130
96
1379
3173
1407
3375
976
1554
1558
2452
3074
2876
3084
1044
3849
1495
3908
2907
1459
2593
425
1261
211
3582
1655
1622
825
2159
827
805
1360
1788
1753
2113
2813
2481
1565
150
909
1497
3108
1804
618
2610
2156
2486
3323
2335
1180
595
217
1174
2197
2820
2090
1410
1256
1361
612
3401
3246
3238
963
2309
3354
1953
3454
2332
3353
2195
2699
1980
1476
180
790
61
586
460
3024
4051
1355
1063
333
1549
1821
3999
289
3345
2850
3569
1255
1025
1766
3226
2000
3702
1969
2904
3083
1911
1797
3779
1159
2648
125
1079
515
1307
2305
3807
144
1833
2107
988
2432
800
1732
2984
4026
1136
1086
3216
534
3398
1399
2860
768
3408
2269
1369
3816
3834
1235
1289
539
3338
2284
339
763
1494
2150
4066
2
3505
1293
3129
3615
1156
1960
1105
670
3671
3837
3817
2712
1352
2999
1392
2271
1132
754
1316
875
78
1163
2776
3809
2817
3156
3963
3075
2297
2832
3609
2874
389
3198
1375
566
2416
3101
3234
3796
1340
3508
3038
2091
2045
2072
1789
2951
2977
1544
2120
3529
2687
880
1140
1304
848
2477
3641
3731
1462
2210
1918
1901
1907
3916
47
32
1348
3737
18
613
3339
1024
1147
4032
430
1315
3643
573
1533
1233
310
476
3499
558
135
3689
1552
3678
199
1851
2498
1891
3803
2562
1752
3500
2399
1714
2101
2634
859
3709
3941
2119
3405
531
1568
507
1577
1645
2932
20
3465
3463
2556
947
202
3743
3676
3797
184
2075
3150
986
3063
2974
2253
1879
2155
3695
3109
3215
1995
748
1309
264
3004
3473
2981
42
119
497
3593
3656
2328
2485
3449
3998
3504
311
84
2755
3279
2115
635
2241
3589
2947
346
632
517
1600
3716
182
911
3957
2819
3412
1342
1513
13
4088
361
1801
3422
1782
2676
2864
1401
3686
391
1210
1777
3688
1603
2925
3703
2387
2270
2658
1923
802
3087
16
1425
2375
297
681
1168
946
3219
3231
2174
2283
459
3020
659
3383
2690
3149
1944
1643
123
673
1649
1483
491
2502
1683
761
1061
1338
293
1403
2179
3965
1764
3430
235
625
3057
3407
3661
1218
941
3669
3179
1312
3077
3280
1456
2537
1943
3568
357
1961
2512
2035
1872
2192
3586
2982
7
1334
535
3230
1260
275
2927
2849
862
786
2652
2866
3276
4005
3519
1479
233
2258
4071
2066
3489
154
1578
3781
837
1616
2172
2061
2087
1295
75
791
1391
3141
2858
2673
130
3027
2140
137
1660
690
3717
3148
2960
1007
861
992
2037
3009
3625
972
2606
1077
877
3968
207
2786
149
2153
171
3712
1830
153
2471
4041
2506
2605
3036
662
271
2417
3054
120
3217
3194
260
905
3367
1426
809
2574
4028
2257
151
3213
2459
3819
1116
2519
3670
503
1292
10
1757
2052
44
2044
1798
1699
3357
259
2226
462
284
1942
3224
1847
3268
121
3131
1285
3553
302
3000
2177
117
91
2508
2711
1750
1096
69
1557
3794
770
2697
129
457
3748
3570
2191
2409
3347
2895
1383
1127
2384
3713
1976
2009
1870
1913
2402
1825
2279
2028
3079
172
3910
2128
2595
2936
3356
620
2602
2717
852
2825
4080
3714
3545
1855
2714
1473
2020
2623
214
3052
2935
1320
538
3952
380
1485
442
760
2805
1117
1196
2692
2899
2168
2419
773
265
1681
738
2604
2966
1820
274
1809
526
344
2940
2719
1922
776
2515
3273
3297
2010
4076
2994
3096
3167
3515
1185
937
270
3283
408
1314
3940
1414
208
1099
3951
1199
3584
2730
692
765
3666
1436
4021
2872
2767
2133
1937
156
896
563
2948
668
1184
3823
3113
447
2071
3618
1653
648
143
914
2224
833
474
2109
128
688
441
318
3201
3275
1704
3334
3271
2455
3331
707
1594
3602
3325
1689
3423
49
1896
2487
2076
2463
722
2704
248
2357
2747
4073
1035
721
567
209
2870
3329
2308
3200
4039
1817
917
3766
3588
3287
2175
4017
2535
3255
1503
3613
903
2488
3206
2307
3341
1245
1411
2931
3080
1404
901
962
2869
934
3322
1288
997
552
2491
1956
1709
743
2799
1491
1358
3955
3601
655
778
2807
3929
2914
228
3043
3457
446
1057
3604
1927
2056
3446
885
1989
829
2835
633
3193
1421
608
187
1886
640
1611
1841
246
1734
2855
3135
232
1332
2969
2922
1060
1308
2152
2917
2116
4044
2627
993
2586
1468
1664
398
913
1204
596
2190
2889
666
3191
1037
3155
2630
3767
530
1784
1406
842
3876
1220
3986
240
3062
3013
2370
614
3645
3175
2245
3904
1423
594
3887
4029
436
1039
739
3115
2165
3256
1912
3474
2725
2081
3538
1630
2106
2997
626
2682
278
1908
502
938
2448
1394
3475
949
1182
2894
3190
3346
3550
1412
92
438
3920
3812
322
492
2212
2677
1113
745
2896
3985
1087
2669
164
268
732
2772
1853
1609
3901
2811
244
3693
2521
1538
730
416
1000
2848
163
3069
678
2441
2568
3130
1900
2447
2720
1534
2209
4036
30
2237
607
3232
867
672
2002
3342
3875
1926
2958
1723
1265
493
410
1832
1216
2489
1771
1389
1595
3023
374
3284
3527
3977
1331
1313
2573
3025
204
2142
4018
964
817
451
1504
102
512
2635
1632
1583
2126
3740
419
2281
3857
545
3029
1573
2688
846
2576
816
1940
2105
1816
2919
1914
3241
782
3925
2131
1074
2797
698
368
2022
2015
1671
2545
3544
1697
1701
1541
667
1596
1189
1067
2205
3554
2782
3274
4001
851
2170
362
1388
237
83
1378
2092
1587
2407
3532
2615
1279
3970
3048
3061
2912
1230
1453
3510
2484
1353
71
1278
2968
2544
2424
467
505
3370
3442
3928
1368
3898
3997
910
2645
571
127
1474
2062
3392
2971
3429
3815
3424
1213
2073
2693
2735
266
1761
2475
556
2173
1023
3015
2778
2412
1698
3293
498
3660
1792
2619
3923
3028
4093
3708
66
3210
1787
3292
203
3913
3045
783
1553
926
422
2893
549
1500
2865
1017
720
1206
1202
2680
3181
977
2001
3830
2124
1480
2426
2232
3828
3439
74
28
1967
2311
2127
4053
3391
3936
3651
813
2495
3934
2887
2650
2583
3518
2976
3507
2314
14
2709
593
1733
3526
1231
279
1400
1263
1950
959
561
60
1464
2686
3973
2290
3513
2827
3668
3749
1094
3090
2818
3089
3030
3420
4082
581
536
2263
1501
3314
1114
1241
2938
2440
3207
3184
1525
