4782
6515
159
6065
292
757
1961
4400
5407
7150
4981
1285
723
3659
5576
7983
3852
5766
922
6749
4244
582
2277
1374
2225
4239
4149
5142
6464
6936
894
6753
5575
5303
3808
3962
7360
3049
6337
4287
650
2889
126
8154
8122
4283
1827
2658
5856
3051
5485
4895
5581
7888
7738
5998
4834
120
1886
6594
3531
3417
3847
5087
5501
4577
3275
2933
1775
6532
1689
2682
316
1634
616
1497
1965
5794
1467
1463
7049
4901
5199
7680
139
5551
5663
324
7145
7773
3234
3342
3773
8091
4627
8191
8187
6110
7391
6333
2521
4339
4281
3855
1192
4738
7780
6498
3626
2466
66
5263
3125
6189
2785
4618
3785
8123
7417
5780
1663
6087
7883
4668
2882
689
4763
3180
7189
6661
3317
3394
395
4018
6309
4434
567
3984
4885
4792
526
3699
1027
3525
6229
768
811
376
1426
5272
2837
4145
2432
6035
7902
4757
249
432
3450
1447
7432
5366
6619
7482
3980
1393
4704
2241
717
5787
5466
5423
663
2536
612
3721
3816
1630
997
6897
4249
5893
4445
332
3742
74
3341
5627
3856
6483
3097
6026
1533
3210
2059
3684
6213
3207
7491
6769
3619
905
1216
3175
3752
3040
6566
7271
4694
6121
290
2266
944
3106
5926
4351
1466
1442
5159
1547
1404
6912
5331
3456
5735
3861
2101
7111
2443
6089
3589
799
7210
5043
5038
6474
4238
2779
7763
5639
221
773
1662
3756
8170
4235
1743
2268
4705
4071
7201
4008
7565
7831
2966
560
6793
7843
129
2283
5781
1283
7984
2930
4366
7339
588
2361
6059
6751
4997
1477
977
99
7182
7725
6211
4134
2652
3745
557
1282
7966
59
1214
413
4213
7239
2650
7534
5113
4054
7061
6829
6493
6143
4658
2259
4897
7837
1750
7701
201
4492
293
3297
6450
242
6459
4082
1064
5318
6132
3680
5798
775
3224
234
3172
3621
5534
7197
5641
6953
860
5435
4806
7801
3902
4497
2456
2149
1085
13
3871
3685
7572
2862
2576
6215
2726
845
2480
4034
3952
2683
8017
7480
5488
2038
6304
988
7607
1996
3625
1867
3291
2496
3473
4181
2304
579
6264
6658
5268
626
5165
7122
5842
5083
3148
7623
6735
5700
357
6299
609
6876
4100
2182
7253
5595
4173
2152
3392
22
2338
4267
1551
7958
3120
5896
6633
1791
2218
8009
2353
7452
3686
3758
5495
6069
4532
3306
1091
7068
4545
695
929
6391
5291
7790
2484
4844
4802
1642
4046
2983
5190
1565
6197
1471
8044
8073
5913
1241
6972
4612
5424
3728
4155
1728
6873
5334
5436
102
4505
271
1597
5712
7243
2689
7489
3316
637
6214
2947
2144
5209
4959
5561
1178
6399
2534
5389
5868
1242
108
7090
3161
4905
2895
4245
5912
4392
7246
4728
7605
2794
3461
5717
859
6788
1939
2667
6555
2428
2522
1706
1779
2971
7670
8109
273
6432
4429
6430
4838
908
3431
2825
2025
298
7119
5393
2565
5359
6294
2256
5249
383
4365
5160
3470
4212
7269
4197
5806
1355
7543
1458
7799
3540
2490
1172
867
4509
2869
6571
4909
5976
1934
6672
405
2209
7476
5312
8099
5498
1062
3600
6278
3583
3551
3565
3778
5876
6713
7810
2381
2270
3894
1440
6032
7619
6560
5764
486
7063
5601
538
6351
996
4479
5507
3901
5381
7053
4771
8013
2649
542
4817
8027
400
4523
619
3081
7592
1235
6626
7944
7372
5653
7760
2492
7999
5308
8190
1019
158
5045
7513
3363
2272
5058
4384
1205
3923
1539
260
5092
6590
3162
802
340
2503
5287
4702
6029
3872
7769
6364
1613
2022
4408
6624
2727
5375
6530
3929
2695
7995
7928
3446
3975
6149
2394
7777
4142
5911
6821
5228
4950
2795
568
6241
5259
5208
1846
6502
527
5768
6803
3082
6854
2781
3927
3422
279
5527
185
5753
2897
7094
3508
7382
3571
3701
2827
7864
1023
7789
6027
1729
3841
6740
6168
6709
5382
1727
4194
7798
564
3065
2403
7386
7754
7457
5724
3282
434
5846
7708
3787
4395
4453
1637
3637
6850
7548
2896
6687
5773
4530
5179
7834
1168
2677
5774
6605
2931
4195
147
7544
174
2094
7232
5277
6269
2764
2402
1129
5618
1185
5675
7632
6444
6476
1197
2190
8012
2865
6372
2071
1771
3373
4107
1159
7368
4508
8064
2377
2145
2043
7054
4625
1436
3366
2713
1864
2546
2653
4931
4812
3423
1290
5181
7814
3293
5175
4120
1147
3700
1859
3340
6929
5943
3472
3325
3251
1373
2530
4282
7682
3868
583
1924
4010
6188
7858
3284
107
4907
2804
1437
4289
3858
2287
535
1558
6034
4528
2413
2974
2008
6697
1342
1499
1138
7860
512
4691
5610
6664
5325
6747
420
4080
7118
4536
2707
5034
6043
1348
3542
3506
2885
3944
7385
4764
7219
6526
1034
1130
7393
382
2610
4849
5729
858
1885
5600
5783
368
4977
2229
1538
3550
4210
1781
6421
3955
5014
8146
494
5109
3198
2063
4521
2902
2913
3089
1200
3568
1764
3435
5603
6231
5941
2558
3398
5612
6621
7828
7272
4011
7589
339
3928
5965
7412
4589
4871
6360
4340
786
5162
3140
850
8082
7010
8045
3350
6514
5019
100
172
4226
5885
1696
7237
144
7115
4270
7472
6359
6108
6475
2583
4099
2631
1305
1435
5452
7674
7192
4793
5559
2319
926
4866
1959
2751
5792
7184
4624
6367
7502
464
920
7036
370
2711
6425
7283
7025
3310
1954
617
3036
1748
6500
3320
5989
4284
1798
6301
4398
3529
5470
5091
3226
6698
1003
5676
3213
5687
440
2397
653
1528
287
5149
4735
1134
7017
2118
2922
3236
5322
959
2278
246
1840
7002
7895
7361
3595
5459
1249
7241
3143
3364
2227
6001
5251
2894
8173
4837
1588
423
7730
1919
3577
1181
6041
5922
1194
2024
301
8130
7031
7752
656
6201
2300
6461
7903
505
3144
2470
7084
523
1269
4813
141
4116
4998
2314
5245
2258
1420
3716
1532
5694
5494
933
2325
3863
6293
5894
4765
7198
6025
6868
1586
3532
7366
2920
6465
3095
7617
7055
7469
7881
2550
4721
6764
6376
6609
5845
7566
7907
2477
6704
6199
7399
4498
7431
4937
3961
1491
272
6130
3553
912
5834
4073
5636
4044
4670
5799
4083
2619
5740
1787
6830
6856
4386
5585
4873
603
2766
3820
5483
1335
5357
3743
1273
4870
2721
808
2976
2393
1329
4364
1940
4917
2854
6529
2739
2433
6286
7039
5482
5587
5202
6385
1080
1345
2159
980
295
3121
931
345
4390
1823
4486
6370
983
3809
7718
2037
4059
5889
6036
6084
4679
813
1208
2425
5278
684
7259
6627
5880
4150
7856
3976
4005
7507
5767
3024
4933
2712
4128
1339
8080
7287
258
4485
1686
6458
1363
6602
5548
4573
1820
1349
5378
1270
5252
2136
4818
3909
1379
4446
2176
7434
5009
6890
1413
815
8183
610
643
2055
3174
2849
4362
5059
5591
6718
17
7136
4206
6853
2201
5925
4880
2371
2842
6881
2139
4035
83
7500
7841
7200
641
5343
6804
7078
2483
3157
1803
1052
7577
4852
2916
3312
1535
119
56
4090
5565
1483
3726
2562
7643
3202
4669
1043
4943
4153
4548
6111
2803
5848
117
1388
5152
5628
5872
5630
3973
3885
2216
4268
1991
7571
1754
7106
5642
7069
4396
7981
4561
2644
6232
7195
4645
3278
1350
2421
348
6714
2504
6141
7268
544
3660
62
6164
7160
24
6510
6429
3357
2593
6950
4794
8138
5108
6398
1507
3101
6857
3458
5906
5288
3826
3693
342
7521
2657
5225
3919
5068
6525
1149
3396
205
892
4373
2994
286
5662
183
7305
275
3013
6323
5465
415
7319
7950
5898
6961
5538
6765
2830
1646
2984
171
2160
3405
1128
6270
7217
6422
681
7678
1632
4423
820
3272
2322
3261
8068
3332
6801
6889
1978
1256
891
1802
1444
7154
572
7003
7791
2493
1298
156
7847
591
7744
7516
7443
4800
3425
1888
3337
6757
6926
4605
1794
5931
300
1910
5709
6349
3614
651
3265
4068
4227
6282
4786
2943
1553
2856
7728
3777
640
7148
6061
5428
3382
1026
4030
309
6102
8084
6966
2833
4191
2192
1742
1815
3434
2594
7313
2454
5786
3983
5198
433
4079
7388
5104
5397
4988
7656
2293
7456
7449
5063
1389
79
5980
8015
1167
391
1169
210
4874
7933
1792
2392
2850
6771
5010
1821
7098
4683
3204
2143
3545
979
574
457
4783
5140
5167
6743
3673
7470
2995
5047
1418
838
1979
3711
77
2654
5220
1734
3804
803
3026
1515
5440
6058
978
6470
778
39
1970
986
7951
6631
2629
3561
5752
3831
2526
3813
7972
8077
4057
1825
3663
6028
2251
3426
4432
6049
1843
4963
4921
1957
297
5355
1773
3768
7535
3765
4360
7501
3474
6064
7827
2776
5192
55
2221
5261
1723
7510
7949
4003
2673
2154
1344
5166
157
3187
907
3257
4979
1570
2321
4613
4801
6384
3154
8144
2170
6005
5456
5654
2509
738
7948
6756
4447
2267
721
2302
4183
769
4216
5478
6656
1673
7404
23
2186
7588
6417
5441
5205
1422
263
2805
392
4722
880
3128
7812
7356
410
6175
1737
7329
1605
734
3668
3393
630
5314
5542
3044
7645
4780
2014
6009
6991
5454
7508
6288
471
3329
7465
2368
7751
398
1082
3132
7874
3389
2925
2365
6553
6181
6837
2111
5367
2963
7716
3280
4951
5041
1443
935
315
3457
3949
2494
6907
3159
4031
3336
688
6018
3353
514
7901
6000
5069
2204
6162
5761
7043
6126
1461
2747
1818
3493
7134
995
625
2389
2320
2839
7563
4923
4542
6439
6635
3071
7872
7266
8121
2053
6734
4104
537
1253
4184
154
2329
1669
1744
7468
4865
106
4628
1356
6
2763
7371
712
1600
2505
2232
1211
3647
4343
1396
4575
6431
6383
4093
5691
203
5153
710
716
6289
7743
5164
2206
5128
4428
2374
6678
1543
4718
5945
3651
7627
3643
4745
5388
2867
7809
2476
37
219
3438
3277
6785
5934
3107
4869
7444
7467
1913
7340
6725
6976
1502
790
5213
4740
7596
7875
3018
6682
6183
6137
3862
4608
5191
3038
3870
7211
4553
2750
5157
2754
1219
5005
7905
333
1433
8151
5973
1462
4710
955
495
5802
3068
5905
6663
179
5086
2089
4690
1331
1061
3618
6874
1033
3937
3292
4647
2086
4983
4276
7614
7609
6273
7067
6150
7703
638
3243
1687
7561
6086
5222
3469
2626
4062
5007
1051
4884
6268
6374
7893
1010
1829
3302
3633
3047
5810
2166
2303
3109
6402
1243
2719
6236
6998
7357
1288
3030
2010
5666
7848
5895
5307
5532
1020
2737
962
2161
9
5144
5533
2603
1150
1960
3444
2335
238
3390
6737
7220
6002
5521
2796
872
6234
1166
6334
1988
2158
2257
7517
1506
6206
4594
7788
6776
7034
982
2625
6742
2310
1271
4992
4772
1780
5852
7549
7977
6979
1524
5635
5855
7004
1872
5988
4350
4264
7161
7231
3427
3688
6691
2193
530
8092
4533
2162
3697
5180
4809
869
4695
3649
6640
5335
6934
7821
2342
4217
6537
2728
5697
1946
6492
251
2988
596
5127
4296
3748
163
1140
5859
1556
5230
6220
2370
4094
1845
4552
7584
2919
6730
14
919
515
6710
4526
7694
7702
6250
3424
2430
6437
2774
7358
1722
3775
7024
3421
2836
7706
6559
3300
2103
1806
1171
2142
4095
2568
2765
6490
1008
4990
6208
4516
8070
7637
4383
6638
7733
3534
2246
1812
4638
6112
1352
8026
7530
7046
8048
7889
7426
3403
7104
7551
1966
5949
5920
3925
1548
2676
4513
7994
7135
3258
2697
5031
5692
42
6485
31
1949
8096
5328
5970
3130
767
6203
3196
6790
4678
2563
6847
1640
4017
2538
1090
2348
5472
7659
6778
7409
458
6963
6314
1464
4178
4381
1690
1460
5888
847
192
5416
5248
654
3454
4449
3093
7178
7005
4451
2585
1593
6339
6390
5075
3519
7542
8090
7423
3718
3710
4712
155
8157
2347
4674
1095
2233
1668
5099
5500
817
2401
6809
5102
3017
6741
7989
602
4055
7196
1135
3593
1445
7384
2845
67
7422
7919
3869
6277
3850
6914
502
7109
3126
2499
3771
6021
6066
3682
3436
7987
3111
613
4598
455
4237
3242
6160
4919
4845
783
7056
1385
2372
3566
649
6597
5394
4369
2826
8002
3230
2128
5340
8030
5596
3981
509
3845
3780
6622
4926
3883
2605
7190
7439
5720
5832
4242
103
7302
1850
2418
2858
5726
202
6486
7188
5384
6469
3714
4247
1297
7688
5805
283
3194
4850
2417
1514
5554
7229
4420
6015
7364
2547
1652
7792
3138
2998
5186
1627
306
232
7899
361
3250
698
6037
3751
7832
7442
2740
1714
2957
2301
6915
7795
6679
2087
7076
604
6157
5310
7406
7236
1489
487
6104
3372
967
7018
6797
7813
7009
3672
2473
3137
5413
7906
6306
7128
4220
7685
3408
7531
216
3062
5056
584
1836
492
215
4720
801
2647
862
4115
4748
5285
6101
7807
160
6161
3149
4756
4987
1762
5368
4348
352
5557
2395
2691
7396
833
7355
2761
6959
2416
1740
5944
3818
5151
6279
87
4418
3679
3828
814
2958
1873
239
7692
3039
5497
4078
8105
8176
6488
6574
259
4609
7375
3825
7328
3374
2997
4538
3402
7648
7262
1536
3021
6800
5993
1009
193
2031
4696
6091
5755
3854
532
554
6712
5660
667
4028
7914
1323
690
3079
4272
4165
6575
3744
1354
1832
7248
4382
3905
7555
1163
998
2921
5176
4906
7536
2435
6396
7829
8016
7311
1724
1240
1671
1421
6344
1347
6045
8152
2387
1824
4293
7908
2276
6625
4980
771
7214
5524
901
4455
3807
5589
2788
1309
2941
1419
5185
2082
5857
4259
7001
6931
63
7750
4713
3183
3475
7959
1813
4231
2671
6297
6760
2731
697
1786
2373
3299
5227
968
1252
4807
6507
2952
3876
2036
7855
2783
5849
248
3515
7349
516
2972
5607
5244
7131
3790
6563
5387
4175
6436
7886
519
2491
3681
6140
6394
4839
1302
1816
2714
7345
6443
4180
679
4222
2446
2172
3972
7964
6239
2800
5061
454
3235
75
2886
6174
6535
3657
2408
2178
479
4537
3875
4656
1184
1092
7922
4584
124
7062
8076
1236
1383
2050
780
7998
1301
5847
3188
8069
4999
6649
6956
948
884
7871
1674
4657
1170
3782
4908
4675
533
3114
2309
4912
6389
1994
2942
4751
5293
7727
6463
7040
5493
5411
7407
5977
1916
8100
3203
5609
6283
694
1796
1756
4610
3414
374
4924
3560
5763
2980
2828
4019
7887
8167
3581
5616
6726
547
1676
2755
7979
6917
1439
3948
5379
3815
2543
7292
2061
2026
2375
600
1255
5775
1386
3220
925
5543
4327
5850
1765
1653
6792
6973
5449
842
6358
2134
2729
3287
2926
8110
6070
1086
7410
2752
5645
1199
5349
1537
7167
5101
6819
1322
8065
8161
84
4314
4701
1521
4333
1594
2574
93
5701
7293
4687
7497
6426
2700
4322
1475
6365
7394
401
2621
3791
540
1563
6179
7330
8040
7973
2851
7006
594
642
7143
3951
3677
3241
722
3824
7850
1137
5722
5822
5907
2220
5267
7376
3598
1643
5255
6716
2813
1476
7835
5354
2442
3516
5909
343
365
6194
5000
5133
2211
2553
1810
2179
2200
7776
2058
338
2341
4131
3080
5707
1198
1367
6957
3687
5090
5844
2472
4066
1793
1688
1575
5129
1029
379
1848
1408
5067
5021
6858
7985
5080
6618
4929
7209
6338
5422
289
4442
1891
6428
3225
7218
4861
6967
4716
6056
5464
779
1877
3211
1711
831
5685
5122
7931
1213
7916
3559
7044
7278
7226
6762
6330
534
4305
7074
7729
4709
6587
5664
4855
2120
5363
1721
3264
7612
658
1974
5935
1334
65
2964
5290
5995
5672
1390
3793
2006
7369
5305
6920
7734
2064
5182
429
3124
7741
5376
910
4271
4743
1248
3732
911
7261
6834
7693
3770
6047
7249
6113
2191
1784
4684
2675
3610
4840
5814
3296
665
7159
4336
5243
483
5141
5879
4604
8057
1641
5593
2955
5835
6581
3555
3838
7440
6388
3359
4041
5184
7166
4882
4319
4622
1835
7112
1403
3591
6616
114
740
294
4205
6433
3774
6052
4580
8093
5344
7052
1317
233
1718
1487
6995
7671
715
7506
950
1741
6457
7014
2003
2668
2437
6371
4323
6611
7820
4038
3279
4444
4677
608
2224
6900
5111
5719
1451
614
8074
5477
5484
2735
981
2040
5520
101
8032
7441
871
5408
2199
8171
2344
7095
1071
1679
840
4312
2542
3356
7962
4969
5749
5696
4985
1572
1833
5991
3755
5107
4559
5106
4473
3580
2622
5210
366
2237
7251
4616
27
6257
2669
3822
3222
5337
3707
4477
4827
7712
1042
6652
6368
3936
759
220
3074
4491
592
8005
966
1920
7264
3147
6040
4411
8134
3428
556
3874
3449
4167
6341
5238
6586
4061
153
976
7282
40
673
6378
7288
461
6482
1148
756
725
2518
6882
5910
6312
2760
3301
1011
4614
3362
5145
1907
1549
7885
2934
5302
6200
5703
5817
3476
3859
1977
1672
6190
3056
6375
2684
7742
2205
2072
1897
2011
1595
7748
4401
424
3037
1615
3274
4144
3548
3669
7081
2809
5739
5914
3155
7967
1702
6347
3846
131
2275
4913
1259
1512
1025
6758
2168
4835
3381
7429
7460
3913
7591
506
5747
2832
3611
4439
227
5404
555
3298
4404
143
5759
422
5120
6427
2982
5811
7451
4902
6944
2138
3675
1927
6629
3247
3195
3206
1336
4856
2313
8025
7228
3481
3119
49
8168
6896
6172
2356
6818
12
5695
3077
2923
3129
4759
709
1951
3608
3387
2284
7448
20
5269
2323
7867
4081
1644
2252
1266
3092
873
6509
206
498
5674
2062
2986
5154
5723
5044
3921
4982
1936
1574
1629
2797
3796
6453
3266
3557
3950
4810
3797
6723
5163
1340
8034
918
7737
7413
832
8137
2664
1500
3934
8095
7880
896
443
5892
7270
5380
7215
4879
2549
4306
6107
3655
1125
2213
5168
5448
5374
3067
3491
2420
218
6085
1639
3517
553
1465
1849
1847
4234
5590
3698
5155
5815
6945
2478
4324
6680
92
6369
2357
4956
1534
5899
4196
6684
6324
3088
7309
2560
6445
7664
1162
6894
5807
2784
1527
2927
5782
3963
6318
322
2929
4822
824
5638
7285
1036
1860
4415
2861
1414
3178
914
1357
5219
4781
1830
3860
2078
2177
1699
21
5410
3443
1990
1217
2109
1417
618
1263
558
8139
686
5704
2877
4540
1395
1604
6774
5064
5395
1788
6592
8037
3719
7576
1459
1044
6205
702
2188
752
136
8133
5624
2905
6448
3959
418
3747
1183
5445
7030
2362
1358
3526
5446
5319
3463
3904
2991
6319
51
6671
5679
2091
50
2951
678
5301
2469
466
5065
5431
1583
3046
3378
6580
1999
1962
4949
1937
2360
355
4665
2855
2436
4385
7344
7488
5214
4993
7690
3110
822
2021
3754
6077
4111
946
1768
2863
6196
882
1708
4036
3500
7336
4857
7414
4685
3255
4599
4219
1809
3628
5294
2350
2572
4707
5959
2240
1473
4495
5572
2459
7918
2539
1228
2630
4372
7717
3369
2051
5510
5963
680
3060
6823
7022
2949
3169
2748
3696
5046
2034
3538
6074
6412
4875
7492
3706
776
2244
6363
5481
200
1701
3029
2548
3521
3622
6377
5373
915
7303
3543
747
7803
3430
2717
5637
8014
851
4847
2532
7545
7140
2591
2065
4501
6744
5680
1691
6770
367
3849
2057
8010
5048
1736
1921
7930
152
475
1072
6668
7402
1441
2588
566
6311
170
5705
1657
4076
5530
3102
1523
5633
1054
2904
7554
7610
1947
1726
350
11
2049
3676
4891
5776
6017
3057
6606
1903
5519
2235
3466
151
7739
7290
7059
7684
3627
3460
5877
371
2452
5742
2124
5881
7658
5237
1995
5143
1612
135
1154
4361
1097
2412
2507
655
2540
6173
5311
1578
4454
7770
5838
508
3879
5644
3308
1381
4379
5018
5207
6565
7126
3505
3842
7335
3200
2662
4973
942
1059
7511
8072
1188
110
8159
4207
1982
5327
6331
6820
5270
4117
6307
115
3632
2463
804
543
4761
2769
3333
834
593
3401
8149
1177
7176
2364
7668
4124
2333
6540
5276
1327
2236
5253
735
138
2678
3311
2772
5434
3045
6628
194
4821
6576
2968
2464
1284
960
52
5405
787
2878
1022
4750
7808
3987
3893
5451
1384
854
8116
7277
2084
7255
3072
4940
887
682
2334
1456
2001
782
1814
1346
2242
2881
2637
2944
4345
4717
1712
1318
7978
5946
6864
8180
6541
7974
4900
7203
8174
3938
4930
6392
1237
536
6207
6472
7710
3995
474
3016
1343
7447
8156
2000
5629
7151
5932
6272
268
6852
2962
3596
4177
407
541
191
1316
113
162
949
5430
6728
1320
5027
1587
1468
2744
7946
4651
3899
7806
4158
3931
1058
4007
4307
3115
4918
1746
1998
5336
5579
4590
1221
5467
5974
57
6866
2231
7435
6620
6542
2969
7553
6120
7587
6738
1601
5124
8049
7865
3368
1975
4814
2489
8124
6813
2703
2981
2900
6404
2601
3740
4954
7477
7755
4753
6240
2317
1494
6397
3602
6042
974
8165
742
2135
7863
6159
4311
6249
5684
3884
5171
4084
1838
6109
6092
7291
3467
284
5051
5147
2639
3766
3383
412
4529
696
1087
6596
730
3176
4824
2874
7779
2592
1799
5037
5858
1364
2115
2185
3465
1609
7222
956
2579
2584
8008
3326
4544
6975
4347
7263
4160
2635
2447
5918
5
5116
7631
6641
3977
4572
4313
3992
718
569
1275
6067
1251
81
4109
4146
5096
1100
111
6573
2343
1928
6361
2786
6644
4927
4074
1187
2720
839
2054
5231
7433
3974
8011
7021
945
3991
2609
5286
1369
7819
7677
3201
2039
3098
631
5620
7187
2096
7164
4224
5751
585
6685
5715
1485
235
5952
6182
1490
5643
6733
2569
3141
3738
2648
8081
2770
2498
1608
4836
5360
2528
2506
2315
7225
2598
3238
3182
7297
2255
6115
161
5940
3678
4515
1895
3635
277
8145
7144
3221
7308
1683
549
7484
3486
6259
5017
1207
262
4863
2114
3588
7857
4798
7463
3599
4056
1121
5833
2908
7091
5908
5469
8178
4185
7310
7689
1925
3784
1103
5657
5480
7256
5234
1074
7428
4796
3246
6400
5928
5706
1985
2153
3488
2376
5105
2912
5119
581
58
2271
112
6715
43
6846
4681
2265
3819
4097
4182
330
7666
4170
2311
6494
6462
7965
3042
4218
1015
7405
4719
6019
4298
6416
1868
5201
1546
2597
245
5098
3344
570
3575
4263
149
29
4804
3541
4279
3437
8085
6952
4088
7851
2595
3900
4896
6135
2069
5361
5558
1617
5509
3002
4389
5247
1931
6591
1278
1068
7175
32
4490
645
1581
6440
7960
3367
7560
4911
8041
1801
1855
707
5528
6517
4825
3966
1797
190
941
1220
2379
3492
4576
2541
2802
1173
4637
1321
4387
4273
7707
4321
6023
507
1638
3882
3994
6158
7400
692
1598
7114
2409
6610
827
1120
1294
2239
1636
6654
4058
1099
3050
8119
2561
6997
5622
46
810
2197
5818
2602
2906
436
2180
3388
6006
6695
187
4520
326
2511
8113
4746
1218
2738
5229
4463
5169
1018
6499
1311
6511
1675
1852
598
1942
7152
917
870
2822
2282
2410
4978
993
3285
7462
6326
1776
8058
4662
2247
7165
687
621
6557
7683
714
6729
562
4640
8043
7245
6731
7929
6202
3653
3209
936
4797
7227
4853
4588
8
7485
5386
2694
7761
4934
6285
8184
6151
3832
8083
5758
6165
4768
7844
1659
1202
207
3377
6204
6892
8155
6094
127
666
7169
903
2429
2730
4966
4606
889
5351
4493
6840
472
82
6447
3365
2345
2636
28
267
3781
5933
444
1412
5727
7234
1989
3197
4692
4022
44
6247
236
5123
6296
1265
8035
3970
2004
1664
5324
2768
7486
7782
6419
711
3075
624
364
1912
3228
4952
7661
5089
5421
5347
1368
4626
6646
6720
5117
5077
2230
6539
4636
5401
6601
1279
6366
2222
5571
4489
1002
3014
3012
2681
3145
6647
6807
1863
5204
7083
7163
1179
639
4699
2482
1576
2207
6599
5741
6420
3769
5693
785
1589
4570
5506
5737
3735
5702
2106
2405
3827
3667
2099
595
3223
6879
2440
6147
5156
6039
3237
6434
5978
1040
1973
6696
6343
4484
7611
5274
1094
6593
6254
5001
4209
1826
6501
517
1854
816
7092
2698
940
4291
4680
7153
1901
4910
1704
5447
2600
5771
116
3482
2892
7836
4315
3281
7420
4154
3286
1526
2388
8102
377
2778
3323
913
5930
3484
312
7630
3305
7892
2679
5427
5578
3254
7233
2386
2773
3059
7186
6860
7771
240
1037
3715
3666
6985
5383
2883
3193
4785
5812
1505
3420
3054
5772
6783
3947
7879
5661
2027
1067
7687
5584
5853
5499
5453
4563
2907
2367
7087
6253
7890
71
3248
3709
7411
1811
2243
178
7316
1245
4246
5174
3240
1337
1351
6413
5731
5526
6711
2745
5743
3315
3795
4876
7852
2398
2915
970
2759
5831
2332
3730
2016
5053
2718
2264
2661
3448
5902
5221
3723
7753
5110
7866
7833
4711
5784
2202
6127
6327
898
2604
6940
2155
6617
4948
1250
805
971
3573
3027
6855
3468
6552
2112
8071
6651
5665
1719
5986
1432
3497
7086
7174
3624
7667
5860
3990
1479
1113
3799
5979
5754
446
6589
7932
5803
6848
1905
1308
6300
5338
4970
7936
3764
7675
6484
6569
1882
7498
95
6872
6891
5236
3170
261
7185
1862
5882
5515
1397
6506
7473
2183
7418
6688
2758
4043
7646
7758
3753
5039
285
6090
5358
5937
4189
6504
551
1083
6865
1161
2352
1899
4297
1943
6519
8107
2870
2571
6122
8114
3733
3086
177
1452
2692
4052
3544
3412
1808
3896
4075
2688
1603
4331
7522
5667
1893
6154
7652
2961
7117
6080
310
150
4574
2181
6153
4133
5054
8106
5744
1017
7696
5170
1360
4724
3099
2880
254
3441
6536
7550
5025
7909
3214
7726
1157
1545
6548
41
6031
6079
1287
6883
7181
2171
125
4329
5082
5491
2073
7937
2932
2659
2590
7088
2819
2821
4087
7784
6013
3032
7139
4974
1060
1124
2019
4877
1231
7724
7421
6353
299
6516
6233
741
6124
3304
5597
6295
5079
3794
7597
5516
5690
5250
3108
3615
4653
1070
2
8153
5036
6495
7058
7768
6455
8129
4112
380
1510
6328
3191
1620
3345
6824
6761
5246
1164
6736
421
3294
6805
7317
7464
5215
7762
4280
2893
7323
2623
73
217
8053
4288
3535
7537
5239
123
1950
7927
2018
7141
7230
4591
6659
2581
4932
2092
4014
2567
2570
2615
307
6063
4341
6088
788
196
8186
3334
5196
6899
3964
4730
2513
6321
794
1661
818
1930
1909
6777
403
5583
1405
7050
6280
796
2864
2938
1616
3100
1069
1362
5289
3702
6772
4294
4784
5443
7925
7826
1077
6128
2292
1102
4828
3664
6263
1469
2009
1906
1189
3520
4471
5948
963
4265
6053
5020
4819
5960
4147
758
6123
3908
7695
7499
2462
4141
4000
8047
4374
2557
4803
7019
4077
4344
2126
4162
2816
7495
4072
1366
3634
770
4156
7032
4262
4774
7403
2495
5606
6895
5297
5711
5699
4121
7483
6919
6178
2843
2104
3256
4151
5212
4503
3212
4499
2327
3459
3823
5686
230
5915
3379
4816
5425
2245
1191
1866
3391
4252
1398
1024
7802
1415
5503
3487
5813
5024
3268
1972
7896
1986
1914
3895
3352
1580
2959
7471
1621
397
5550
4833
3989
2525
4946
5377
899
739
7080
3173
2130
416
7970
4393
2226
5055
3239
4714
2460
6524
6773
5511
4586
1453
1482
4777
1371
2117
3630
1777
4303
5012
2555
3262
2846
1001
4944
4236
3410
3737
3006
5492
2611
7430
766
5958
237
3569
6932
4240
5968
3031
7853
6755
763
4467
6131
4356
481
1293
5130
6119
2789
4788
1900
3574
6531
5088
4065
2852
7453
7424
6228
2767
5785
938
68
2299
706
2722
3590
7603
1012
6142
5904
7436
4512
2523
8094
4233
354
3582
2840
6415
3208
304
1116
7419
7917
3415
6098
4864
5648
2288
6221
4799
4414
4130
2577
6468
7559
6816
4752
7552
7672
985
2666
3400
6489
1938
2517
797
921
2551
2449
6608
6125
3587
1880
8172
2041
435
1133
3309
5864
3926
6305
1428
7897
1224
1619
2198
451
3552
3418
2289
6148
2269
7179
6826
7172
7250
1713
6600
3814
7824
5522
2331
550
7173
175
4422
6675
4975
4119
2108
6841
2996
7699
253
4325
6781
728
7286
6802
1114
390
2030
7697
952
2110
520
5936
5139
247
5235
1557
3142
3642
6139
2556
2607
7505
5862
6683
3892
6999
659
8127
2002
5333
7425
7037
7528
5655
2812
6438
7170
5399
6667
3648
1455
2589
222
90
6357
1411
2238
5582
3945
4048
1956
6163
2724
5537
1382
2798
7969
3978
2088
7633
33
2815
1542
4472
6362
7
1007
3946
4424
469
1626
3349
386
5652
89
3085
2633
5518
5003
1555
4122
1117
72
2620
8111
3646
282
6585
6763
4174
3455
2708
6938
1448
2212
1997
5608
3328
5513
6543
7124
6055
2524
575
732
8036
450
2318
2455
5136
4243
1108
5732
204
6072
1478
3613
6528
1141
7923
809
8056
7155
3725
5790
5950
719
4290
3483
904
2005
3691
5577
3190
1193
4560
4051
7073
3429
3806
3694
7991
7740
6822
1174
5985
937
6639
2573
7438
7240
2048
6012
4461
754
6550
4335
587
2732
7065
571
1267
3009
5471
1922
2992
7275
6636
3073
671
1807
2502
6373
6943
459
6700
6984
336
2701
3064
5903
1338
6512
4278
2396
1151
6505
8097
5356
6258
6350
1778
1075
5713
3878
4299
6497
396
4470
2793
1585
4378
8046
7125
8039
751
7804
6842
504
6547
6479
2441
3670
3116
4091
7315
2228
4047
6739
4353
4579
2294
6662
6262
628
6387
4427
7624
281
2514
4831
6655
4947
7599
1684
1819
2660
2566
795
2107
6513
5658
4135
5529
577
7764
1470
5473
1758
7934
7455
4862
586
5398
5987
2033
4410
3898
4310
2656
7518
7221
4452
7976
2790
3897
4129
3055
510
2519
4957
2090
5632
5475
4939
5420
8004
5545
5309
1770
7746
7299
3812
5418
7869
5953
3321
7242
6096
1399
6994
2169
7924
4433
5371
7731
5402
2535
1911
2336
8166
3479
4063
3411
7582
3661
5282
6913
4676
2137
1503
335
951
1853
45
1324
2406
2488
1738
1098
6775
3971
7041
3547
4148
4843
2273
1992
4935
2946
1685
4462
4426
4215
7071
1665
1976
6690
958
1076
1611
3533
7653
2066
4688
4968
930
3522
7564
7993
5710
5556
4190
6523
5535
7204
6577
5890
3889
8063
7072
6345
5353
6686
4326
6673
1649
5216
362
601
5594
3943
6612
353
3471
705
6395
2210
3177
255
6246
7720
4527
4511
7711
2510
1160
5716
6355
252
3386
5634
745
4851
6352
2608
6722
844
5299
576
305
3779
8150
4168
4172
5668
5586
2685
3998
2390
4642
6011
5323
1457
1264
4646
3658
2857
1875
4551
2249
4654
4188
3607
7458
1501
5504
499
1131
8115
3244
1111
7387
6867
6546
4098
2808
2248
4110
6968
6817
748
4964
5649
5619
4405
1692
3348
2250
7759
1377
6255
1519
5939
4904
6209
868
3094
7526
5071
4955
5967
5200
5462
3835
6227
6598
6538
4086
3252
2123
484
6549
4715
2801
105
5187
3477
5808
3652
1703
4547
7487
5514
7350
6923
3324
5223
7608
8101
6951
1063
1046
6521
3601
6554
5599
4266
1233
1837
6335
4894
4399
4488
3146
257
349
2641
7705
2960
965
2909
5962
5891
755
791
4892
3123
7194
3288
2035
6284
6267
1254
3703
4867
6843
7721
7149
7416
5298
4630
6414
6971
4989
7657
6356
6556
264
7312
1705
3597
5887
629
2419
7963
1376
3692
1739
4337
6320
5738
6978
3409
865
2281
7602
4171
2280
1592
1645
8089
3584
4643
85
7123
7583
1057
7913
7704
1306
5348
3644
3683
3253
1731
1856
2699
4890
4406
1591
7793
1227
356
1402
1328
5218
3061
2426
3750
6694
8003
6133
5539
7374
4881
5016
3502
563
5028
54
2423
6167
3979
5900
3041
4152
1109
7722
3303
5525
4464
70
902
4976
7845
5173
6828
1132
6260
7348
6595
169
928
3205
3122
879
2363
5621
5921
276
7956
3586
2742
1378
7199
6815
4672
5304
2122
2792
6993
6607
5138
2116
2578
793
4832
1695
6924
7585
954
2756
2940
6244
6986
4500
3708
1450
1391
369
393
6187
1315
490
662
4648
4619
3355
5564
1513
3084
7466
2811
8175
5688
4915
1948
6814
6648
1876
3440
4459
3151
5546
837
2640
4354
1915
4641
8019
1312
3562
5605
321
4682
2068
957
7681
7556
1430
2097
3249
5345
5081
2487
6073
4092
2056
5829
3912
4754
4232
387
5195
4070
7478
7621
3215
7840
2102
7102
15
3462
4496
4703
8118
4143
7756
7325
3848
231
5824
3924
518
2734
627
6274
3523
4425
7038
1053
7212
6955
1544
5050
7713
6116
6583
1210
3639
4883
1292
2599
6405
3015
4380
1039
3761
1944
1984
4898
1749
6983
3133
5194
6567
1698
7333
1449
7877
404
7512
2743
1041
142
1313
5131
91
2007
5873
1887
4991
3712
2632
792
5750
7342
3960
559
3933
5823
5592
7910
3967
8188
3576
6487
2924
746
4504
7258
597
897
3746
2587
1560
6886
7060
3399
3524
4435
1564
1550
3163
7941
6898
1110
3000
2612
5828
3636
5728
1045
4565
1370
5647
5566
2638
4221
425
3489
3853
1307
6987
7093
449
1050
419
2486
3087
4936
4421
6958
4214
1525
2119
8192
3327
1372
4292
8112
4972
1785
7051
4602
7996
3865
3063
3380
6693
3083
1607
7509
5769
7490
2219
3689
6083
3118
1861
6551
8125
6075
2985
7570
4649
4248
4317
1610
5257
6780
4164
6982
4569
1623
7295
4409
3186
4928
1195
2914
5651
4253
7569
5801
2791
1964
3772
7580
2355
4413
1257
3953
5598
6674
2380
437
465
5523
8001
4689
2234
3509
1232
4965
5396
6212
4524
3833
2194
1115
3452
4204
3267
308
829
7523
4067
302
2575
6095
1143
1782
3501
8136
1176
4603
1953
104
5670
6835
6782
2614
2326
727
4437
909
2693
7714
8042
2544
5502
4581
7676
3606
529
1678
134
8078
2028
1158
6588
6332
3881
6480
96
7926
5625
4557
5004
5042
7082
1759
5260
6520
7274
1209
1387
2468
5553
2999
1304
296
7586
7334
1014
5417
5161
199
1767
2479
6191
4727
3
7216
3620
821
6746
2382
7397
1047
5490
4357
8028
6789
5364
6836
4397
6242
1238
6933
214
3090
7732
2531
5540
1666
426
7573
7525
4566
7110
3641
2328
6706
4274
7794
1146
1104
7289
2223
7085
10
5789
3757
1795
5365
3416
5280
288
1958
3942
6977
1511
1904
5049
3915
5975
4229
2046
411
4376
846
4984
4441
2674
3997
5022
3158
7107
5871
953
5795
883
6669
4308
3939
7370
6812
2624
599
4729
7749
8079
3507
5725
1772
280
6918
1427
6302
7454
4960
2414
521
6454
2807
6613
6677
1112
2195
1196
5650
76
7849
3439
7100
6798
4250
7120
761
6939
2965
1935
4255
4045
7613
5206
708
7600
7823
2950
1409
6564
3318
4773
1660
1127
5765
1407
5544
6650
3537
4198
4632
2458
3578
3217
4522
319
7884
3674
6418
2217
6030
6308
4587
6922
5954
1865
2634
4225
1658
5796
5875
6230
1016
1055
1005
5681
3690
2305
7363
3783
3058
3603
3638
888
8104
2422
4020
1226
3283
4260
3134
3339
644
3916
4355
1325
6118
4211
4554
3645
372
7177
6477
6545
4848
1088
4770
6561
6261
5756
590
4102
8060
7654
6832
7663
7503
1567
1406
501
6325
4015
923
6062
1993
7158
4085
2079
213
5062
61
6885
7700
6004
6217
5438
7224
4518
2308
7815
4064
3271
3189
5115
3004
2044
724
8182
5032
6408
1401
1732
4941
1492
5442
4725
1274
1175
4741
699
5066
4438
6146
3722
7719
1529
2512
3810
3127
2279
4506
2296
1000
3695
5508
406
2987
132
2853
5997
5486
6845
6724
2954
1006
3453
4893
4040
448
6676
2956
3273
2415
6010
3546
964
6442
5588
25
3160
7284
1752
5869
1582
60
3035
1618
4958
7686
3033
2184
8108
5415
3020
5552
5095
2879
3096
2928
6491
4961
6317
4546
5955
7945
38
5919
8120
4009
1222
180
6235
6942
427
328
4430
4368
3371
2871
2910
3763
2818
3727
6016
463
3906
5060
1540
223
3165
4776
7635
6481
3066
4615
4736
6632
4460
1631
3263
524
784
5414
1667
4163
2642
388
648
1707
7276
1300
683
5013
2148
1353
2013
7655
5698
3136
385
6192
2286
6407
5476
6138
3914
6827
3010
7352
4123
3112
7353
3886
4412
189
8160
3003
2643
4254
5825
4161
7920
7669
8023
3028
1035
2324
7986
861
1923
1509
3008
4456
7766
3671
660
6180
3917
3713
7975
4450
7079
3025
7957
5178
1495
878
2704
3811
6614
6604
4096
835
8066
4203
1952
5346
1635
3164
6054
704
439
3877
6660
4739
4531
8086
1493
2771
6572
5342
6796
8033
5983
6665
34
4127
318
6170
4363
6380
1733
4358
7129
7260
197
5816
6129
4564
4475
934
4037
5264
4962
4889
503
6838
7373
3218
3179
6210
4330
2911
2887
4661
2015
4277
552
4138
5296
5883
2670
7796
1622
669
863
347
2297
7362
580
3370
2095
7294
5029
634
2723
5788
5150
4698
4187
1755
4571
468
1898
4762
6291
1084
1745
6670
7862
5840
2354
5961
2164
409
2690
7390
539
5861
6106
5489
1614
1359
7359
1568
1890
3319
5112
1081
1330
6522
2042
5266
1031
994
5994
7070
5460
4502
7785
4578
1303
1766
5562
8164
2369
5487
6057
7048
7628
4611
1648
6219
3800
6534
2438
2868
7281
2979
7347
16
4510
6964
2146
331
2131
1969
7033
6719
482
6076
3866
4300
853
3192
6441
3864
265
5439
5072
2696
744
8055
1153
5827
1180
7223
7137
4693
1800
3911
1429
1030
1123
7735
701
7817
5669
4440
731
7147
7097
3375
269
5258
4176
1517
6046
6467
1416
3932
1431
4789
8189
3069
700
3829
7601
2829
4706
3510
7997
5757
4811
1272
623
2753
5134
1049
4635
7604
4842
5721
2173
2391
5076
4995
6003
5073
6290
7953
7912
5541
3762
6603
875
7818
7532
8158
6466
2872
7636
5224
7878
5917
4671
3605
381
2775
1700
6727
8051
1761
6176
7547
7514
2070
8117
270
3656
3260
5964
4169
6051
7146
7130
7077
241
1268
122
2876
1839
5211
2917
6930
843
7045
462
6348
2884
5330
7206
8021
1073
1871
2125
4431
3891
8059
2439
4069
5689
2533
6251
2939
6893
5762
3844
874
7381
7581
6093
1894
3579
4791
1289
3609
69
4049
6082
2848
4419
6869
1763
3153
6381
2029
2780
1902
3343
8169
5126
7279
8098
1066
7026
3139
184
19
5226
5830
1096
6988
6759
664
7047
1518
1967
6266
278
4823
4621
224
1945
6799
8029
6902
7533
729
6707
3958
3968
691
5183
195
1577
777
3567
7971
8177
7876
636
1884
6787
1295
4597
5350
3941
4829
4223
5352
480
2214
5369
5984
2586
5463
7939
7075
414
4737
2709
1261
6754
5870
6748
1757
3347
4744
7615
2782
6020
6393
438
932
5631
7183
5916
2485
3801
7171
7811
4583
1212
7116
5392
1573
6784
7101
375
7380
3433
1277
2618
7540
4208
7736
3166
2702
3103
1093
266
4230
2384
3232
2307
8162
476
2831
2844
7273
1892
886
6989
6745
2762
7235
4316
3313
6681
5341
4053
5040
3705
5074
2552
7691
3503
1136
8126
4617
18
7450
5996
7156
4766
4457
5419
6870
1481
5819
4021
6935
3539
7968
36
6861
2359
3736
6990
4106
3011
6315
373
3512
3233
360
855
2189
989
8067
7213
2330
7377
1747
6623
3717
6863
243
3490
2500
6322
5981
528
1552
6114
1889
2349
1841
4004
2113
3564
8128
578
3890
806
6582
6342
4476
4388
1822
5458
1831
4872
737
7781
5951
5281
8185
7757
7474
2935
5094
765
830
5611
8006
5275
6156
5640
7138
2215
5659
4269
4027
3168
3019
1361
250
807
441
5197
7012
1246
647
6060
3940
3245
4258
5512
1842
1190
1424
7595
8131
6265
8141
1229
399
7594
5455
1881
8135
3570
5671
646
973
6022
4469
7618
7157
3918
2977
6473
4002
4541
4888
6791
7108
7839
3803
6941
6974
6901
344
2475
1400
7891
2187
7298
4349
1790
2645
6424
6184
5746
772
7620
3513
4664
7745
3623
1472
2918
1834
6136
1392
8061
6721
6887
7193
1480
4118
3034
7894
7338
3001
7133
4568
2474
589
6630
4186
6007
5966
118
5332
2453
7300
6752
1716
7578
6223
5884
1454
4519
7915
2132
3498
7816
1
2888
4667
7767
1858
6579
5843
3556
2147
3817
1971
7854
7113
4644
5172
2733
3150
5429
3227
7408
7042
7709
611
5035
182
4607
895
6642
5760
3276
5990
3792
7649
291
186
1625
3749
2045
3873
5254
5549
4033
749
4060
2133
2424
1021
5300
6281
2444
6155
5865
990
3480
453
972
5866
8087
4377
848
4301
1122
1870
88
5023
8103
6653
334
3295
4482
8142
2970
7301
314
6166
6329
4620
176
4868
6271
2295
1530
3654
1602
3910
1896
6313
6811
5999
4494
5614
6145
7320
1032
511
5779
1804
6379
2174
2899
7541
736
2457
3351
991
5878
3464
5132
1929
4585
6449
4899
2873
3996
1606
4945
5008
7805
2140
4723
4595
6578
6880
2835
7392
7900
5956
1753
6946
4013
2741
26
3789
7132
4342
358
4562
2150
4886
1869
525
6916
2651
3922
5426
3070
485
6558
5569
7558
674
2817
4103
6410
5748
947
1844
2339
7954
819
6666
1717
6435
2074
226
5026
7496
2824
6008
2687
6298
402
6144
3665
5265
2680
5317
1038
6692
4192
4629
1769
1182
5617
5316
1156
4318
1438
2093
668
4436
53
6456
1119
4592
4593
4126
4125
1725
7168
7383
6336
3229
5232
4922
2032
4769
5137
5457
97
3494
7327
7089
1380
2047
1333
3802
6825
2554
7673
2448
4114
2399
3216
4525
2434
2537
7783
1107
5193
4338
3631
5851
467
5938
1520
2810
6689
1079
6275
1579
4101
3407
5708
733
7446
1783
6033
6969
98
1474
3805
2274
5793
3499
1004
4731
1624
2616
7982
394
652
1874
2141
2596
1341
7459
6224
3837
4042
2937
2262
3078
3572
2823
320
3612
7337
428
4805
1244
3419
6527
7520
2121
6237
5730
6382
6451
5854
661
4465
2898
2516
6703
2407
3729
4996
3076
4623
7772
7546
497
452
6768
2901
7027
1730
2253
7775
6238
3843
7515
2606
6460
2777
3821
7625
5836
3629
4841
2316
5613
5736
1682
2665
4938
622
2105
109
6859
4549
5444
5033
1828
7304
2890
3999
7651
7938
442
5240
3152
4659
2100
7207
496
3834
4257
2582
7008
7830
1968
1715
7642
5279
849
5177
7640
4468
1186
7842
1941
2841
7629
676
3920
1239
5015
4778
1980
1101
4012
5570
6980
6970
2261
8062
800
274
2580
7529
7142
7787
7861
828
7191
317
3053
6452
4700
7306
2515
4140
7778
750
4634
4539
1299
6171
4443
3199
5568
2814
4860
7904
6786
3734
1247
7838
3720
5718
6645
4251
6844
6193
2306
1677
6169
2411
7747
7016
8054
841
3514
3219
1680
8179
4113
3384
1434
3485
4346
5923
1584
1508
7598
4275
2628
1561
7650
7461
5886
5682
5217
2646
148
5432
2799
7011
168
2020
4826
6195
7445
1681
6471
6906
4026
961
4132
417
3528
6925
2746
5283
1319
7205
4024
1522
3447
3376
672
2075
2545
4986
4749
4673
6117
2716
3776
6888
4375
4916
430
7035
5271
7265
447
2461
6960
5433
5409
1126
5874
211
4136
2077
140
5947
2427
3048
4971
2263
3993
3888
2875
1496
1365
6921
548
3105
7322
341
4535
620
4507
5972
7332
228
4767
2337
7378
3969
703
2445
7715
1516
7961
6245
2820
2076
6508
1326
3857
7064
1144
1281
7331
774
6702
5804
7257
3113
1670
6287
3798
5826
677
1697
5574
3270
4407
4391
1760
7626
1280
3156
1851
6615
6103
7000
477
4556
2081
1693
1628
3322
167
5370
389
5100
546
4815
573
6401
3346
5339
4474
5615
900
675
3338
1987
7859
1410
3554
3022
1879
4779
6256
8163
2291
1310
4006
3395
1260
7634
984
5002
5326
5148
1056
1817
5626
1139
6877
6810
2196
615
4747
7395
6570
4903
2383
363
3530
605
4732
4483
145
121
2167
47
2208
4697
313
7479
7921
7020
3511
7898
5011
906
1647
7096
6701
5560
5406
6386
3640
3739
5242
4878
4039
4758
7539
1651
5604
3478
4371
7797
7296
3536
969
7774
4543
173
2705
384
198
5924
30
1805
3604
7943
3052
6044
2520
4742
7103
4514
6097
5623
762
2060
4032
1917
1028
1332
3023
5203
1566
2663
188
3361
3930
7825
3185
4660
6303
1633
857
8052
491
4137
6996
2975
323
8018
4050
4179
5821
789
2710
2467
337
7105
488
5114
3404
5536
3104
5135
5992
1258
7202
1225
3558
7990
8000
632
473
8022
4023
3549
6831
4200
7698
1013
4334
7644
5362
3496
7562
2501
5563
864
3616
6152
5057
825
1089
3786
1286
6310
5390
2725
5146
657
86
2903
351
1562
325
6699
4755
2617
3504
5929
1751
3259
500
6038
6717
7437
2990
6981
3495
2312
7524
5797
4708
2806
1933
760
6134
6903
2378
924
885
6911
5262
7527
4858
6562
670
5656
7415
987
5800
6839
3445
1145
8075
606
7389
6779
2098
3986
3330
6316
6584
633
3585
181
7622
4309
6292
1650
7660
489
1857
4416
5734
3956
5517
7427
2989
6068
1155
3650
327
3830
7028
7314
48
1504
2404
5292
6904
1118
244
1446
1654
5403
4359
6544
4942
5839
2450
3184
3563
6634
5474
1262
146
561
726
836
565
7574
2340
2859
7481
1498
6226
1048
7475
4302
2290
7557
1230
3867
2085
7354
7579
3662
3887
6705
445
3617
3594
3314
7567
7326
5121
1963
7647
6767
7367
329
1394
3760
4820
4487
4228
6081
2891
6732
7662
6910
943
5118
164
4582
5971
7679
4320
1774
3442
4159
1105
6708
5412
7254
2627
7493
2757
1152
877
4202
5125
3432
5103
94
5673
7504
1554
4555
3880
4199
6243
3724
2175
2127
890
2017
8143
5273
522
2157
6766
3354
1276
2400
1314
5391
6954
5093
5863
3839
1908
133
5321
6177
753
5400
3231
5555
6276
7401
7162
4920
4286
6927
7023
693
999
2080
4639
6949
6409
2749
5927
7238
3741
5867
5496
4261
6962
2613
378
6014
80
6478
1710
6568
7180
2967
3413
4534
3360
927
7952
6071
5233
7947
4650
1983
225
4285
7379
1883
209
7398
6849
2973
5306
7057
6875
3167
2298
1201
3527
7324
6884
6496
5006
7244
3935
2686
3836
359
1918
2481
7870
4733
5372
4108
1709
6024
3982
1296
1204
4787
5714
5678
3331
2052
5770
303
4466
1425
7911
1599
856
4402
4256
1423
4478
4967
6862
4367
7568
4403
7575
2023
5733
2346
3988
5329
5189
6833
6050
5097
4666
1206
2834
6406
7007
4686
78
4760
6795
3592
7318
2163
6937
823
478
1065
2787
4480
4157
8024
5982
3307
2953
1559
7665
128
3117
7765
4481
3091
6928
5841
4352
4600
6198
5837
2838
5602
4517
5809
1541
1878
7641
3290
826
7940
876
764
7616
4726
992
2508
8007
8181
7846
2431
256
2351
7786
4601
2866
1484
4631
685
7099
743
1926
916
4016
713
4567
5241
3385
2471
5573
1735
3954
35
3135
7723
3965
2366
4775
165
4
5479
7873
8147
2151
7606
7590
1569
6248
2706
3851
5084
635
1571
6340
5942
3451
5567
5777
1291
4370
7029
64
5897
3007
5547
8020
812
130
2129
4166
1223
852
4953
2948
4193
4139
781
4596
4994
2451
4914
3957
7494
7822
3788
6100
6657
5295
5188
3269
2936
5256
7208
311
2993
2358
5284
1789
6878
7307
3335
4655
3171
6750
5313
7252
2083
4304
7351
4633
4025
2385
6965
2736
6808
2529
2860
1720
3704
2156
2497
7519
7800
1375
6908
7942
5683
8148
3518
6947
7341
1955
408
7346
5070
3985
720
2465
4458
1932
1531
7980
4887
2527
7127
6948
4241
4201
6871
1078
1142
6048
798
7868
3767
3731
4332
8088
531
7593
3043
1106
7988
4925
4105
5052
6909
6099
6225
4550
5969
7321
212
5437
5320
4795
1655
6403
7247
4663
460
2672
6185
5158
6533
6346
5385
4089
6186
5957
2847
5468
1981
137
3181
3406
456
6794
4830
2559
5677
6105
2067
3289
939
7882
5030
6992
4001
5580
1234
6851
5505
5820
866
4846
2715
545
3005
3903
5450
2012
8038
5315
4652
7365
8050
208
5078
2203
5531
7121
7280
2978
7013
7538
5745
5778
470
2945
431
6423
3358
1203
7267
4394
1590
2165
8132
229
5646
4808
7066
2655
4328
493
6078
6503
6216
346
7955
5791
5461
4417
4558
3907
5085
1486
975
7935
7992
7343
166
1165
8031
4448
6905
4734
6637
2254
2260
6252
6446
6354
6643
6518
4854
2285
607
881
2564
4295
7015
6218
513
5901
893
8140
4859
1596
3759
1694
6222
3840
4790
1215
6411
7639
3397
1488
7638
1656
6806
4029
3131
