128
207
59
27
195
51
184
211
199
229
35
18
194
73
58
5
160
153
253
147
134
129
222
108
87
249
121
88
46
250
92
80
130
255
32
17
193
105
44
191
192
233
42
254
120
118
114
149
29
232
169
236
9
228
141
41
251
244
61
162
49
11
132
63
140
242
84
69
39
8
97
221
165
210
12
123
151
22
57
53
77
85
21
256
166
126
68
217
137
239
76
186
96
152
112
24
62
122
40
234
226
115
161
19
246
248
135
43
16
104
237
7
136
235
15
94
60
101
245
65
72
31
36
168
86
180
208
93
231
146
252
95
45
170
124
202
175
198
26
33
110
216
241
75
209
238
34
156
219
30
167
98
23
119
99
47
89
81
111
143
13
215
78
197
189
117
71
240
91
28
48
158
83
106
181
225
177
201
3
213
145
205
25
203
74
20
159
196
144
116
206
227
200
90
125
185
218
171
183
1
163
157
70
79
54
243
178
223
82
212
176
204
52
50
4
109
67
148
139
224
179
107
14
138
102
103
6
142
190
172
37
10
247
100
187
38
64
113
174
131
214
154
173
56
133
164
66
150
220
182
188
230
127
155
55
2
