370
5725
2041
2835
2941
1240
3978
1768
5511
5133
3898
4783
1211
1378
2715
3927
803
1713
6968
3542
6996
1948
421
1532
2142
1030
2125
4792
346
5580
4824
63
7972
2451
2124
2057
2726
1507
3058
27
5491
171
1256
2096
2804
6636
4152
2985
5955
345
4744
4283
7804
7942
6902
1371
173
5029
3820
5010
2846
5479
4459
3316
2943
6199
8068
103
225
8145
6282
209
7759
1857
5690
253
1911
4385
1360
7755
1718
3029
5272
4625
2389
2647
2821
3926
7740
5185
6967
6388
1092
25
1106
1222
1494
5552
6676
4421
7318
7001
1841
5373
7786
2748
3973
4802
2431
1513
7440
6999
6837
1918
2974
882
4021
5295
1556
3905
5025
212
1524
1432
675
7416
1771
5641
8078
2599
7711
337
6273
7939
4068
3696
5472
3747
8066
1019
3274
4767
4354
3867
5807
2778
425
7051
4332
4314
1191
4340
4275
2230
904
3018
4388
2237
8037
6845
6709
4476
6844
4694
2399
5616
2234
3267
3589
6900
3104
5062
6043
2896
2744
2939
5310
1843
1229
1006
6927
7491
2284
1890
3675
2678
3269
6384
6488
5422
468
6165
6237
4372
6624
5152
4245
1173
2220
3409
2034
7825
2922
4268
2189
4976
1015
556
7469
5668
5497
3057
5710
8129
1658
2075
7020
2853
8071
5969
4111
6870
1131
2879
4328
8094
4153
7444
7056
6021
8165
7419
7307
886
1202
2869
7321
5951
6490
4905
5226
1717
7758
3076
5374
2251
5399
7071
4189
418
334
3450
1385
7216
5231
4269
1829
795
1702
6313
3020
6475
1265
851
7645
6894
1852
1344
5771
1910
2731
260
5042
6742
3658
5343
5904
5344
4840
420
54
5404
1736
113
1125
355
2119
1750
4308
4807
1657
6327
5316
6331
5910
965
5929
5023
7424
4223
7196
7477
4321
6756
6832
908
6202
4591
5548
5387
5379
5299
8148
7448
1210
7940
1502
1661
722
6660
7982
7877
7413
7708
2723
943
5445
560
1646
8190
5202
4054
5013
1064
6115
673
263
4404
3453
2190
8017
4198
6878
4384
302
686
2062
5258
5220
5441
4708
4378
1673
3213
2493
7792
3541
4577
7425
5066
5397
7871
4934
3607
7138
2574
889
7698
3876
5942
3812
8171
2517
6755
8024
4754
4943
6865
480
250
8114
1777
6120
4843
3847
6276
7589
4598
6212
4746
5141
1799
1837
7595
2602
4353
6517
2591
5469
7054
1630
2696
3152
2964
510
1443
5150
1155
994
5834
2790
2555
7407
6304
8142
2396
5275
1408
2325
4818
5322
7558
7224
2263
6679
7150
7317
953
7352
5065
7011
5803
7136
1162
2086
4812
4241
7989
3395
5169
7835
5936
7907
3751
2693
1635
6039
5516
7727
720
821
1348
2755
2485
4938
2782
6588
6432
1024
1171
4497
6478
4285
4363
7016
8138
3798
6875
4745
6311
3955
6138
1916
2026
831
19
1792
671
8028
7643
1192
6189
144
5596
1203
1588
5526
6332
1041
7128
6101
1963
2314
3931
2801
5840
8108
7862
2417
2283
3908
5902
4462
5584
3816
5944
2169
5075
5739
2028
6168
666
4062
3830
3733
6287
4735
8089
1877
5423
7126
3070
596
4071
1330
4954
7176
1892
2673
4224
3871
4772
5372
146
5945
8018
1798
7376
7478
2776
5579
581
135
1431
5848
657
252
3227
1803
1765
2377
3649
6498
4993
5814
4926
6600
2981
631
3549
5302
2297
3527
376
291
4699
6506
3435
7437
5514
1261
7264
3944
3217
1284
6038
6559
1455
1570
2287
5939
4572
1473
3381
6375
7340
2912
6176
4930
295
4836
4087
6149
5201
5015
375
1011
4073
7159
1826
5832
4952
3766
4370
599
7482
1721
2063
429
5127
3030
4985
4555
4766
4763
4631
1165
791
3143
4916
4621
6365
3756
2657
3563
5940
3397
3795
8154
7443
7052
4250
5067
7185
4424
1779
8067
1769
7601
7848
4994
3811
4562
700
6056
89
784
2568
6370
7650
4987
576
2305
3865
2181
7531
3283
6940
5230
3889
674
2923
4473
1043
3786
1187
6493
8090
5376
3452
1511
4823
2724
988
6863
1929
4065
269
4662
3306
6125
2873
7979
7609
6710
6057
1617
6607
5166
7008
1233
4879
152
7386
6233
1430
5667
5158
5193
2243
37
6819
4690
5638
1665
5954
2614
488
5544
4964
6217
5179
993
379
1460
6723
6573
3184
825
7738
4903
2221
3448
17
6100
2619
3215
7680
3477
1874
4886
5103
3170
354
5991
2711
1787
737
5811
5200
930
7938
3646
6147
3407
4401
3863
4887
6443
1939
1569
4316
637
2612
5551
2579
4119
5524
8069
4866
6290
802
485
5087
7860
2225
4158
6175
7537
4785
4773
3753
3765
8163
6298
4539
5694
6835
4573
6959
2520
2533
2439
7160
3214
2264
6775
4654
4692
7470
1232
2640
3720
2937
6947
6883
8132
6880
6323
3467
1952
1071
1053
2825
1660
1663
6550
5812
6937
1370
7994
6665
6980
5267
67
1554
7055
1592
2271
6259
7540
5872
4558
4003
3394
6225
2250
7012
80
852
6642
6929
4191
361
2480
3133
3532
8105
3051
320
4551
1986
4443
5481
7027
3123
3566
4188
5555
1682
1838
2268
1684
3480
1468
133
4619
3287
5953
4270
224
2413
1269
1686
6672
6744
5279
6250
5994
7168
526
4647
7886
2904
1882
1598
5262
3640
2885
3564
2212
7560
8076
7326
3431
1402
5094
2806
2047
4503
7149
753
6354
3639
2330
1388
6839
192
1014
5873
1772
1503
301
5877
4060
2760
1070
7366
4450
6916
8038
5697
7268
6760
2959
7649
200
1967
29
4565
4266
1315
5558
6218
3734
2347
3895
6208
2130
2903
5148
1244
4734
3223
3190
6398
118
1279
826
8162
5535
4541
487
1101
1699
3741
6705
2102
4436
1644
1096
797
5123
3268
566
2649
6897
1655
5650
5239
2051
6279
6244
3694
2698
6278
6627
6191
5180
3486
98
4505
1381
4863
5531
7338
122
3108
1982
5965
4795
6079
8077
5458
4107
7614
7767
278
3662
8002
381
3959
7951
603
6442
7919
477
3586
1509
1749
987
3789
6381
7082
5145
2465
532
36
4656
955
3987
5950
2567
7013
3031
2114
2338
26
6781
5978
735
2584
6623
3279
5348
8136
2188
7661
8177
4453
5507
4207
7481
1446
7226
4428
719
3664
4671
7557
7965
3721
5140
4634
105
5738
7146
7208
1324
2955
5211
823
1398
4345
2024
7039
7119
6088
4643
4966
3155
6795
3904
7552
1561
807
1035
3130
4160
8031
3932
2780
1723
30
6322
611
4495
7869
3802
3072
7953
4044
4821
1738
7521
491
3006
547
1354
3611
6860
5268
3408
7534
7689
7103
4488
4201
3805
7542
7736
1568
4688
3609
314
2173
6286
2117
5550
4265
761
290
7299
7878
6178
8058
6494
2361
945
2548
7640
1418
2223
5407
476
1296
5192
3697
7279
3659
1891
3562
4281
7641
7757
3153
7297
1550
2321
2737
2763
1706
3424
3045
4422
3601
7092
1518
497
1902
220
6698
4507
2839
3638
2464
1130
6973
3297
2960
4082
2666
7225
3066
7624
2550
688
4853
391
7459
4190
4254
7697
3059
187
6591
1322
1290
1056
3994
3389
1816
1921
489
7514
4760
5037
864
1445
6155
4257
5706
839
3938
482
1966
2179
752
2168
600
6024
3962
4172
8191
6160
304
1356
5468
1589
3461
2210
6763
4193
8134
4231
4817
1521
5828
5385
4380
3390
4305
2206
3169
517
4730
6128
2870
5115
5875
3678
4122
3340
366
7296
4575
8111
5225
4170
5032
7422
2848
5336
6069
4487
2449
287
7541
4872
5684
999
6713
590
5621
64
7475
6926
7918
6277
4047
5074
6993
6077
7617
6037
873
7471
2254
4434
855
7203
3645
6346
7368
1168
1987
502
5883
7675
7872
5949
5764
3379
3577
5260
7976
4396
1879
7644
8180
4359
3370
1346
8118
6429
5920
5770
7837
6009
6330
4877
7574
3154
597
4727
5717
1733
2636
1464
2077
1225
4244
2115
1618
72
454
32
4789
7772
8184
7383
4582
854
3262
2887
2276
46
6462
986
2950
1236
7695
8053
3864
22
7157
5980
3305
2161
56
1529
6060
4427
4589
1257
6156
6126
1505
5604
7844
3629
715
6779
4105
5347
5673
3620
2341
923
1308
3552
2739
3473
764
6895
5451
3436
271
5632
1181
1090
2867
4794
2098
3993
6285
7065
1584
3502
7179
5104
4137
7304
3255
2005
79
1169
7064
5946
7889
8075
6150
1027
498
4235
4552
2814
587
2746
6479
1278
16
845
7473
7947
3097
3524
7512
1110
7030
4737
3026
6196
2543
4211
7087
7097
296
1426
4731
4458
6152
3967
7406
2153
4521
2828
3366
3818
2836
319
5470
6400
2147
5059
4519
3320
2106
4778
6423
2458
903
4276
7121
6716
396
3369
3124
3604
6305
2081
4313
7285
5459
6759
4258
1291
1795
5797
213
3650
4300
5772
768
4556
8173
7831
2040
3387
2342
4280
7546
3498
1089
6263
5009
34
4774
3339
4412
5369
1695
1642
7430
5968
7798
7144
7265
1471
3716
4118
3454
4810
2071
1905
5249
2559
3157
4455
44
7817
7029
6800
6260
3998
1413
2963
142
261
1760
5238
4997
814
463
168
4108
5111
5358
7936
1189
5276
5271
1380
8083
7456
2375
2752
8025
443
1711
3915
7215
998
2182
2722
2198
7954
1500
3158
4260
7079
5774
2616
1633
3141
5381
2972
5259
214
6920
4874
2976
7090
5370
888
2279
652
3854
4288
6620
2557
5438
5924
1656
5837
7961
3441
1020
7999
5184
8141
218
7384
4852
2457
1774
7516
5898
7639
114
1737
1602
1978
5707
78
3842
496
5866
747
7522
2410
573
4098
6005
174
4116
5174
3074
1119
4069
5970
3828
1900
3008
6854
6974
3907
382
4110
8110
3661
5805
863
6415
5146
1922
5078
2519
6139
5205
2395
2274
4349
4036
6457
3520
755
3957
3593
7543
7132
2833
6954
1726
5222
1959
995
2299
5854
5257
7199
4757
5703
2110
2504
4989
7354
4415
866
5966
5368
401
2078
6882
7457
3815
917
1450
4996
8027
7209
598
336
7905
4776
1563
4041
5745
7657
7115
4849
4979
1305
5817
5821
5644
1545
6752
7257
2507
2654
2886
6674
2973
3271
757
4920
7599
4895
4602
6448
1576
963
7290
7002
2186
5400
8016
7291
3434
1300
7932
7567
7118
8183
5867
6023
1311
2203
7442
4963
4787
4806
7063
8073
1207
4390
602
408
6629
2008
7582
7464
5871
6316
1163
1172
4881
3877
3463
1190
1590
5250
12
7785
4031
3037
6799
5549
7556
5587
898
386
1791
4278
4628
819
1139
2980
2999
8021
6283
4208
3885
4339
4221
4306
2300
824
3793
4827
4858
7616
7476
644
6051
4803
1613
2532
3519
6193
4822
4304
7129
1419
2331
2683
4025
1368
1351
6831
4873
7788
6885
582
3484
5753
7593
4825
8167
229
5244
1836
1444
1204
638
3922
1077
698
3980
4298
3689
5742
5665
116
6538
4793
1170
5309
3681
2045
1849
7662
1875
5906
4560
1251
3750
727
20
176
7305
4491
6862
4199
3644
1339
3992
5671
7343
5449
7120
456
2388
4334
2757
5597
4597
2166
4695
6127
6359
6007
6289
7350
7451
5888
1811
2477
5894
5633
6978
2947
6336
2421
3752
2403
4126
5617
4927
7506
6547
541
5519
3236
3870
4622
6748
7615
7887
921
2681
6284
1585
7751
4814
6062
7367
4865
3455
1977
7917
2527
546
6360
6204
5102
1975
2494
1873
4177
3841
6595
5860
2149
3934
7402
4176
6294
6437
369
4771
7897
3350
1961
1808
5779
1522
3533
4464
3939
7827
6403
4811
4880
3113
2432
2622
3856
3537
4441
620
159
4820
2571
680
1880
7303
5977
6726
6000
2404
1161
3117
5518
6046
4273
5206
1407
3695
3119
2035
1536
417
38
2857
6670
5450
4624
1672
5135
5631
593
6728
1028
5177
2089
5849
7517
3396
946
2689
2536
3280
2478
4915
347
4329
1488
925
5132
4713
7183
5077
591
3964
2705
6065
4931
6257
4680
467
5183
3019
2888
3382
5879
7204
2101
1647
3307
2632
7494
1782
2953
7970
5623
5560
2865
4753
5109
983
4496
5026
4077
5362
6601
1687
4127
4629
6706
4726
2530
2068
2742
7125
7861
4948
1472
7048
3551
5542
7308
1107
5653
579
6343
5804
2642
6827
1216
7551
2245
793
6179
5769
1705
3736
1108
1780
7749
1810
3845
4752
5030
1363
6363
216
3171
5992
5017
4546
6690
1649
4775
6529
6513
7396
5565
1454
7205
259
1122
2018
2572
1323
990
1615
4389
5853
3902
4660
2902
1605
3554
403
6987
3494
3612
1137
2204
4009
2562
4959
5501
6811
2208
5719
5035
2296
264
4240
4953
3383
4474
3776
6630
1469
2304
1946
4723
3975
5014
6794
6593
8096
8188
1832
1534
107
2412
6952
7911
1980
6162
8081
6454
5502
4103
4468
2076
1700
1855
646
5171
4217
5850
6464
2482
7866
1277
7880
479
6906
2878
5816
4517
583
6015
4457
7530
3077
661
8176
4500
7908
6815
77
3147
5893
1067
4683
4912
703
1037
2598
754
1383
1095
645
6546
1350
5493
7937
6791
1974
5039
2631
1614
4777
4029
4707
7200
7319
4545
5731
199
3995
856
3509
524
3583
1342
275
5925
6434
3879
3535
2506
3000
7284
327
5914
5642
7875
1415
3729
2262
6848
6190
1177
4608
5198
6659
2759
3358
6310
7197
3705
8059
5291
887
3299
5088
282
5448
6633
2118
6146
4142
5436
7311
4898
7879
5363
6616
5662
7511
367
7610
7277
6411
2872
7116
7746
3238
5896
3372
4837
781
7605
2334
2917
7229
4834
2003
3196
3457
5197
7432
617
4984
2824
7762
500
6717
6918
6817
6472
7797
4768
8007
3146
3693
1491
636
2316
3797
5227
3487
4518
4203
3663
5823
3749
5434
6095
2267
5534
5825
8056
7781
2503
4640
1812
3544
2803
844
7037
7023
2653
4085
83
2365
1973
3335
5959
3682
3405
3824
2111
249
3482
7583
7579
941
3106
6847
4296
4131
6251
5165
5028
2252
3240
232
2224
2249
238
6188
4039
2931
2819
4186
5683
5489
816
4452
7760
1266
5588
3323
7147
7744
3833
7796
1653
3309
446
6917
3111
7423
2261
5530
8151
368
6931
8128
3616
3332
7234
6459
6328
4791
4845
3937
7509
6702
3032
3792
3073
8040
7093
8181
7181
5048
4019
243
3364
5330
528
4559
2946
790
6112
896
1541
1756
6658
951
1393
23
268
5444
6119
544
73
867
714
4309
4101
247
798
3882
3009
2769
3263
7175
4400
47
2855
5578
4833
7244
5476
7590
6645
2492
2120
5168
2802
5778
2085
4197
4055
7991
642
2044
7214
1621
6326
4209
2702
3623
1669
2471
1078
5553
2193
3368
6602
4335
5960
726
3218
4800
5167
7903
7274
2694
7973
3821
6850
7434
2623
7621
3338
4242
3054
2709
1555
2594
6351
69
1776
4035
7505
7248
6145
6555
6572
5628
5022
7313
283
1957
6137
4646
1451
6093
2948
6369
7452
6064
5967
1453
4618
2630
422
7997
2029
2053
5293
4373
7019
6236
894
7663
815
7231
2248
2170
2195
701
3336
2064
1142
6564
4848
7401
4243
6888
5112
1937
3095
4914
2590
7436
2455
5038
1260
6542
5453
5401
3785
650
6430
4568
3329
3212
1994
3853
4741
3351
276
6579
1358
4395
4967
7137
1627
5386
3707
5060
7134
5506
3710
7348
3748
704
5252
7479
1111
4377
6216
3557
2934
1228
3726
3757
6696
4758
4878
7533
4024
4511
3585
2353
7536
274
4951
3679
2272
978
2736
6172
7262
4704
3543
980
3963
5304
288
2226
4553
5754
3769
6373
3974
1217
4138
3024
7693
6242
1022
7721
1807
7246
1364
4946
6109
2911
3353
765
3142
3809
7109
5096
42
6302
6876
767
1434
782
3883
3367
6106
7161
4220
7057
3941
1685
3670
2072
1436
7704
3386
4002
5626
6898
1523
230
7182
1538
3259
4331
6085
7220
2069
7673
4058
580
1858
3919
1332
4080
1206
7795
3347
5757
6300
5652
7628
4764
4740
7730
1392
665
3286
1942
7655
4607
5237
6173
2109
490
3343
6830
7806
2525
2401
3743
6851
7559
2680
7793
5195
5402
3715
4267
7794
8001
5675
7613
4528
5079
6907
3180
3718
7527
872
7378
3038
5820
7339
2419
2444
154
5602
4239
5118
3774
1698
6598
1525
6610
2484
5266
4112
2134
3903
5069
902
318
3317
3096
1888
2786
1025
5492
352
4092
2285
539
6271
7974
1860
340
5767
5503
3290
1292
1743
4797
7110
5918
5515
5566
1075
6548
5498
1410
4006
1314
3011
4972
4894
7678
7429
3466
3427
2088
2862
3270
5964
1421
8034
2831
357
3118
5741
470
4782
6391
7468
3983
2091
4983
7139
1835
6923
2945
1692
1114
299
1565
7828
5296
6185
1599
6661
568
2521
5783
6712
6451
690
5851
6141
413
1054
1641
5156
6372
6404
5646
2443
219
2499
1487
2810
2113
3354
3313
6740
233
7084
2514
5228
6554
4769
6769
5700
5419
7852
1989
7863
828
7333
3385
8139
450
6695
7098
2914
5755
565
2575
2626
5756
3768
756
4991
4271
7301
3391
615
6589
7748
7608
3619
2686
6739
7591
2371
2718
3345
5720
1274
7040
3917
3204
5340
5686
4686
2017
6509
2773
7774
7987
1924
7380
2092
4681
3984
3976
6782
3708
6026
398
4501
4005
3301
6240
1947
4932
5785
6972
6962
7692
6228
6501
1124
7334
293
499
7998
4014
1479
245
7561
5292
6076
4732
984
2573
3205
2228
3965
2996
2961
3165
3952
672
3709
3127
3229
5508
3656
3579
1869
96
2829
3839
1331
6635
924
3414
4297
2354
8112
982
731
3183
7707
2965
3079
383
3851
7702
4770
1188
7519
4482
2488
4738
7089
2921
2983
6671
5092
7668
3065
2990
2363
5216
6750
4094
1822
6143
899
7846
3055
5592
4287
1250
5416
4302
1597
685
3754
5782
257
7699
7504
158
7971
5606
201
7018
6982
4599
1548
5093
2811
2463
3013
4299
5765
7507
61
4685
3465
4729
5214
4374
6073
1051
3211
4579
827
6029
5188
1979
5
1016
5736
1425
2646
8192
4790
2789
4407
1062
3012
7754
7502
4998
2586
3773
4141
3490
6643
3592
1968
7526
7520
7207
2860
7302
7083
712
6808
4851
5131
520
5151
7074
4899
4466
702
4890
6785
2426
6402
6565
6540
193
2473
2874
2851
6052
2481
3361
5116
4263
5726
3855
6990
748
5471
6099
5349
1335
4048
3852
5455
4425
5528
7025
6934
2933
2508
667
883
7750
964
5891
2398
2302
3415
4168
7856
5708
2001
7411
7946
2099
1205
2512
188
7712
3416
2290
895
7269
1842
7388
6846
7003
1293
2656
7355
3861
4876
6802
7683
1906
5568
2791
2741
6631
6793
7682
2781
6033
622
8023
835
2800
1754
4008
294
4928
2357
1148
820
7667
741
7950
1863
3817
664
858
310
1920
1417
3418
7885
5391
4828
6256
822
3288
5539
7235
394
7765
7373
2707
6299
1482
4815
3981
329
5020
1944
4975
6110
1965
7892
1243
4447
3667
4194
7381
6891
1374
7902
7912
5523
519
7130
7752
7143
2920
4342
404
6123
4638
6406
2489
7189
5439
1544
155
3300
5359
1086
4128
868
3421
1515
6662
5487
7278
3470
6465
3873
7924
4356
2727
4844
6644
5863
6823
2516
6105
1859
4445
5724
5622
501
927
1941
13
6045
5699
1490
1242
2400
411
2670
7371
3808
7253
5752
7335
1438
693
6981
397
7237
7117
6258
6255
653
3997
3319
3474
2303
2617
5529
7763
1239
223
3322
2470
3504
5730
7497
1133
7188
2207
5569
4542
4010
2474
6682
1639
1050
6364
4971
5654
5189
3233
4620
1636
1913
5607
6784
1032
3575
7184
7941
3422
1416
3252
2560
5483
884
6383
1197
461
4664
4417
1060
1775
5790
3304
3762
559
4410
4236
6732
3334
6107
4185
4091
7028
5589
5219
437
2253
1626
2830
6757
6685
1546
7365
5993
5947
1382
7449
6133
4587
6578
7584
1493
6058
9
7022
4004
1112
4564
7807
3210
3459
1915
7488
1179
1258
5513
1600
6325
7523
2461
4902
1375
6347
848
6516
2809
8123
2868
7059
5101
2336
6435
1531
7910
5543
1703
4910
4042
7737
969
6611
6410
6969
363
3567
7896
4718
2440
5108
2634
7864
3653
4212
2844
633
371
6910
3514
901
2906
279
4796
696
2792
2122
2615
5538
377
4106
8
5852
3243
6575
3028
3698
3160
2613
6922
2890
3953
5057
549
5155
2795
5303
6543
2762
28
3838
6512
4941
4924
4143
40
6226
7743
6881
2882
3250
1560
606
108
4405
2968
2936
1764
5392
786
6735
777
2908
273
721
6924
558
3378
5927
5021
4366
5961
6587
7393
6449
676
1072
2391
2121
1572
2452
871
770
7945
2995
6377
1831
2558
1040
7782
5748
322
3827
6859
217
504
1784
7045
4995
5070
2910
958
513
2255
3080
3897
5417
1326
2126
3039
7328
7379
3003
196
5277
6908
976
4229
668
5766
5496
4901
5398
1930
5144
6421
7888
1372
180
5435
5599
3988
6368
6337
6583
830
1844
4982
7399
6669
326
2332
6374
5452
932
2356
2164
6054
4293
3363
5430
841
8064
7818
2978
2538
493
6094
8041
6721
7604
2767
1501
1800
7597
6474
6144
4481
3804
2935
1909
5630
1903
5979
2751
7247
1796
2386
7347
3234
5500
3735
5157
110
881
5113
5913
5865
4347
3151
1643
1127
3556
4007
3506
6590
5608
405
5337
3990
7611
627
2926
1793
6477
8091
5305
254
4102
4642
5517
1085
7895
7822
3120
1542
1299
3359
3393
4052
4526
4022
1238
2177
4325
2127
1867
2676
4736
7345
1295
2883
2038
1681
5221
6387
2362
536
2551
3220
231
1263
7374
1066
4717
2425
5383
2750
7850
8140
5089
7483
792
7867
4498
427
5334
6068
2014
4570
3496
5420
1755
1748
8012
1634
3730
2373
3261
5559
1840
1352
6816
6181
1958
4394
906
4563
4233
1098
1933
7731
6486
2266
6574
6879
6946
6124
7049
2286
7884
3417
7256
6235
6084
3084
4301
2644
5659
7899
1341
472
5640
5963
1309
3168
2864
3742
1147
709
7518
2970
1158
5564
2812
918
3991
3365
5971
4317
2662
5876
6764
3475
6789
8116
3198
6586
5674
4148
4303
4461
5411
236
4548
634
4961
5775
5705
344
5603
7363
2667
1778
7472
7192
1744
3501
4712
5274
5084
3600
4477
6641
7913
5003
4939
2690
2733
893
7387
7403
7499
3528
5688
723
628
2352
3503
351
4165
3333
7773
2775
7993
569
7193
2427
5382
942
4051
6194
4529
4315
2258
395
4326
4956
3330
3923
4904
5758
2498
7131
7840
1972
5556
3783
744
7592
6652
1200
2650
6873
6528
7870
2735
1871
732
4408
2798
3518
1270
4896
7078
1809
7803
4162
227
5163
2747
948
4724
711
2570
5505
1153
2984
3202
2079
7647
1198
2826
6783
4403
5541
7921
3972
2448
1254
4350
7070
7813
6098
3878
733
2239
1552
4684
6921
6533
2116
181
1047
2991
3979
286
457
4089
2010
5881
59
6703
444
6040
6505
7486
3410
4471
313
5901
2895
8106
2513
5286
2289
60
512
2424
5052
45
542
1742
876
1441
241
6619
1123
3164
1688
4856
4376
623
3949
4755
3034
1234
3888
5019
5557
2454
5477
875
1157
6680
6833
4145
2027
1412
7000
4037
6930
6396
316
5885
8044
8036
5049
5443
1355
5995
6933
3
7275
7206
5842
6012
857
853
3896
6148
150
6265
3499
6824
2578
1535
6261
3093
1819
5173
3860
3958
4096
6915
1596
584
7438
1176
2916
6754
6901
111
4655
5427
130
2112
6409
5740
5378
5835
4084
7273
997
915
2143
7067
4157
1049
5318
6352
4627
3868
237
2082
2501
2756
6367
7701
5721
5666
7245
4809
5692
3641
1943
5612
6044
8175
5882
4613
3947
7
1727
2070
5110
6657
3471
235
4547
4700
2433
5847
1851
4750
3140
5794
4968
3375
806
618
4180
4581
2600
1601
3159
7004
7739
474
3510
2406
4544
7841
3534
4486
5907
5625
960
7539
1537
4855
4612
1422
1533
880
7732
7832
691
6683
1196
2601
6971
1338
2376
7358
3163
7625
1878
3758
4144
3314
7300
2524
362
285
5975
6296
783
8185
3176
3899
4274
7873
4550
7190
7369
681
4751
4206
6577
85
7111
2509
5793
5261
1805
2684
4171
6324
2561
1704
5619
3226
475
972
7260
3021
6637
1280
3880
1971
5583
4749
508
4801
7361
6394
788
412
8115
4179
1483
5919
4892
1516
5004
2311
5170
7550
6334
5938
3318
7934
7096
5018
2875
4070
7405
315
7463
3790
7631
378
3010
3004
2799
6965
2603
2416
6425
4557
6684
2771
2281
1752
7928
3191
8149
6502
7293
6134
5329
865
5857
4134
3843
2815
2211
4184
1625
1082
3251
93
101
7955
374
3587
2658
6976
2682
6948
2712
5600
4139
842
1448
7603
7720
6995
6932
6776
6317
6524
2779
5916
3129
5490
4067
2918
4900
6219
3121
6350
564
1136
572
186
6272
2820
2951
3489
1976
5281
1193
5242
1499
4253
2823
1347
2238
3090
4832
1325
5605
4456
6379
6308
1409
449
390
1345
7901
928
3083
1340
3887
2372
4015
7219
5743
7312
6419
7021
4659
1789
7046
2699
4636
6151
4371
8103
8130
5160
3596
6452
974
4756
4594
6561
57
6887
4630
6006
6984
5890
4614
829
2483
749
5716
4580
1343
441
189
2192
8046
3719
2770
5997
655
8187
5629
2505
2753
7612
5482
1361
3536
1934
6254
750
4691
2487
1865
4230
6142
1753
7107
6714
552
5406
4986
6956
746
3044
7810
5000
7569
2576
7066
5655
6303
6018
862
4161
7145
7845
3582
1964
7258
7709
4097
2703
1298
1519
5191
1429
6059
7259
2629
3162
2928
6994
1289
8104
1889
766
641
762
920
2054
4657
2677
588
6091
6746
981
459
151
6292
1166
4057
710
708
2405
6551
5031
1079
8157
117
2827
7578
7503
3429
3626
4413
892
5525
2144
5732
7573
5142
2387
3538
5236
6691
6970
2414
3837
6861
1720
3254
2148
2889
5194
360
6853
102
7500
6013
7186
1931
7679
2949
3526
4534
7563
5802
1825
3700
4673
1670
553
7461
1824
4081
2685
3676
5649
6380
5903
785
2146
2994
2317
1042
6944
1076
6239
1068
1833
7638
1435
2479
5957
7100
1151
838
6096
4907
4512
1185
5442
7881
2971
5229
1993
5306
4135
2818
5388
2384
6896
1004
5034
4784
716
6975
2104
7607
6626
1307
3027
989
1427
5484
2542
8014
3712
7460
4322
736
6699
4460
870
6719
4086
1594
4506
8186
5164
6941
7816
811
6102
6753
2669
2306
4933
6936
4059
2349
4431
1667
5245
4945
1716
7630
2982
1739
6729
7492
3249
5377
21
6203
5338
1907
6221
6344
4344
1581
6904
7086
1224
3961
2265
182
3015
137
2765
931
5333
4893
1129
5187
6647
7114
7839
5395
2845
7344
4942
469
679
7006
4923
6417
3850
5862
3599
1366
5895
1018
4936
5751
1632
3512
2905
4213
6979
5958
1057
5068
3703
5199
4929
91
6104
7635
6634
4980
3507
5016
4530
7351
6773
2986
2030
6718
3525
7409
447
2036
4001
3479
380
810
5841
3419
1379
1823
1591
724
2309
6349
1510
2497
1949
4358
5962
356
3500
771
6053
5669
3321
8009
5495
4120
4595
4493
1886
4715
6355
6581
3951
5076
4095
4592
3522
6697
6840
2066
3022
2323
3460
3052
922
7236
6416
2728
5356
1608
3356
1152
3803
4327
6047
742
5251
7914
4761
1567
311
2672
1088
3357
1394
632
5241
6985
734
365
4252
6245
7876
2969
6562
6715
5923
4399
1329
4502
4061
1373
353
7815
5083
1183
4262
1285
1103
33
6928
5437
2540
2563
4583
6049
8158
5930
6812
2627
3224
4375
7455
7320
891
1741
1861
2383
7992
6111
2556
385
6615
677
3050
6253
7180
6186
3516
6961
3625
2277
5007
4835
4637
3892
1722
1058
6527
8122
3085
4018
957
759
5861
4978
2588
2259
4040
5574
7981
5878
6950
659
7166
812
7586
6467
3075
7102
5367
2609
834
7330
6471
7916
359
5824
3207
4026
4437
4504
2441
6991
7171
3324
6531
2713
4696
5734
136
7618
7133
4566
4448
2140
1666
2241
6507
1870
8032
3857
6030
4955
5676
1962
789
2301
6480
1828
778
281
6122
5265
2710
2624
2260
178
1620
5678
817
6358
4364
699
2214
3523
7158
4603
5273
4897
7834
8011
1557
7286
6798
1484
284
7408
6392
4336
2197
6838
3192
1135
7163
4294
5080
1246
2043
2133
6426
104
934
309
7359
4857
3920
2552
4470
2475
4678
4536
7389
7570
6003
4367
6666
1038
4420
3235
7031
8057
6386
1901
5728
3674
3007
6232
1052
1132
4799
3126
244
3355
2394
1715
4338
959
3311
7700
3067
533
3005
6909
3724
6495
1476
3438
706
35
6857
6741
1762
6939
1640
6720
1304
7035
7672
2793
4346
1950
4132
4508
7385
1156
6499
7162
6537
6116
1150
8159
4862
7077
2382
7787
2564
3291
2172
3272
7072
2738
3633
1318
6722
2242
3822
324
3327
2468
6704
466
1806
3002
3166
3655
7710
1017
900
2151
1629
7747
424
6801
612
6677
5424
3588
406
678
1281
2774
1141
5981
7565
1562
4232
1201
6385
7151
7332
7375
3570
3690
2967
548
529
5044
1046
1012
3801
5323
4918
266
3481
1728
5125
2880
6868
1411
5645
5312
3404
6566
5263
1002
2366
525
7081
348
3260
5928
1611
2313
1283
1462
2695
132
6167
2031
3725
407
473
7808
6736
6011
2987
2523
607
1478
4649
937
7988
5546
682
1781
2772
5657
7619
7325
2049
2056
1069
6027
48
7094
2761
1036
3840
5117
5682
3232
2100
7728
3999
3495
2897
1820
3087
1316
3443
3493
6653
6166
3444
4490
2048
3253
3173
2324
3866
2847
7474
4181
6905
7632
7819
5098
5870
5735
7725
6594
5838
3042
6483
3788
5409
694
3282
2194
2595
7525
5114
389
640
4571
1577
3478
3230
3517
4277
6453
3701
6751
3342
3264
7900
4965
4324
6395
7776
7044
7566
3929
2692
3447
478
1651
3056
1
4652
3996
5364
1456
4540
1899
6329
2628
6556
6774
3784
1297
8039
3814
5081
2863
5119
3884
619
7223
5384
5290
4330
6532
2816
7719
2007
874
4590
3036
7722
4885
2838
7211
2813
4600
8135
4365
7686
4076
967
5900
4765
6169
7553
1486
1551
4312
3298
484
453
7572
3376
3935
3836
954
4710
4525
1437
4053
8054
5351
2597
808
6019
3206
2569
535
2993
3834
5761
3411
1134
434
3105
7233
1391
1872
6108
3137
4531
6389
2611
4411
6213
859
1463
4151
554
3691
6605
6438
6195
7395
5643
1528
1282
2411
799
2606
6992
4759
1714
6267
75
2359
2784
1223
2580
1389
7167
5922
2635
5403
1908
2743
2620
3228
339
7780
537
5130
3560
5161
5830
2355
7099
3711
7775
5937
2929
292
4320
613
267
5432
3349
4050
7664
3513
1154
4286
4227
148
5935
8061
5287
5859
1221
3614
6765
3289
7629
1312
3199
8042
5789
772
4721
4937
131
4088
2378
7458
4433
4397
5762
5285
5868
643
6086
4913
66
3886
2988
6130
7250
3201
8169
654
7964
3131
3891
7957
7694
3182
5223
7088
265
5301
3966
7394
4043
3637
3739
2966
4398
7532
6942
5300
7799
8119
3550
5162
6700
7838
1985
2549
5027
3060
4706
6339
5486
7636
3755
8109
3849
5822
4537
6864
2256
6530
5714
7547
4813
4779
5627
6487
604
4538
7169
538
8004
4516
5058
1804
8033
76
2930
2442
3945
939
4944
7238
610
2859
1539
6983
1319
4355
325
3914
3986
206
7602
4140
1676
1102
7392
6201
629
8005
6340
7915
409
2675
5527
431
3231
2288
3819
1846
388
4072
662
6632
1645
3195
2547
3402
3150
7106
1652
2534
847
630
6
2807
6270
6297
5346
5331
2423
4011
3799
1465
1654
929
3591
2566
1797
3392
167
992
4523
4423
1802
1508
832
1593
6841
3565
971
2898
127
4442
6687
3511
170
6230
2374
3063
7716
2466
3488
1059
7357
7281
3665
2891
205
3193
1404
6020
3913
3971
5248
4601
7377
1235
7843
6737
577
658
8155
1904
3221
5677
4846
4733
1991
161
4406
4722
2370
3284
1530
1956
7427
4246
3872
1294
1184
4311
3940
5750
156
3380
6361
1925
1830
6484
2589
2730
5647
5786
4147
5136
1302
5656
7323
545
5311
3906
1675
7812
4969
2797
996
6041
3636
4343
4226
262
2645
2185
3048
2852
2050
3642
505
1212
6899
1506
258
3782
1313
2758
4748
3371
6414
7660
5711
1998
4133
4670
6638
1610
5426
4164
5562
7105
415
3555
2393
4379
5413
5818
1788
4826
6938
5831
1719
2163
6371
6413
936
3669
3858
3630
5737
3605
4889
5278
6673
4716
5055
481
4187
1631
1712
2450
2817
2777
3425
2218
162
333
6849
2717
2546
7292
4940
7665
8070
3064
4248
7267
5723
5082
6238
4099
410
2700
1995
3668
7805
5998
5561
3442
1671
7283
5773
4173
740
1677
3943
5100
6182
926
779
7851
1377
4510
4013
6733
639
5105
2697
4645
6912
1624
5159
7495
5341
801
1697
2740
4682
1231
6376
5746
3767
2093
5053
1527
840
6231
2180
5149
7075
6997
725
1586
2039
763
890
5921
7221
5414
3122
6390
6544
3702
4520
452
3197
6834
4850
4166
6651
2307
2691
5342
7642
7113
8079
3053
7652
1984
5421
97
738
3430
7061
4049
2894
7685
7858
4981
1214
1992
6312
6420
1559
4402
1850
5856
4463
7890
3406
8095
648
1785
7360
6724
3081
7445
6743
106
129
6476
8152
5212
2537
5595
2940
3692
4167
50
4906
6470
1616
3440
586
4604
5073
6790
4100
2854
4063
6405
4125
5390
1767
3602
15
2510
3704
8003
53
165
6711
2033
7904
6433
5886
5138
426
5235
3025
2184
7142
6017
878
6220
3101
5813
4639
7227
5269
5467
2467
2380
8098
3246
3862
3388
4383
1005
7336
6654
3100
3627
8160
4307
3177
849
7824
5121
2083
6825
4947
2139
3657
6034
4970
8048
3136
4214
5801
6503
5576
7038
5810
6877
7715
7170
2927
7580
1936
6215
805
392
3294
2535
3775
7465
2213
6805
1520
4472
4023
1549
3746
1328
6520
5090
3023
3631
6886
6444
614
6031
5567
1680
7809
5685
3781
5982
495
7623
6603
3428
1048
7298
7963
7240
6504
3049
5545
2637
5899
228
7909
7356
6338
1868
2021
4429
5636
140
7489
5040
7222
2327
6762
4121
1773
8015
8080
6025
4074
5485
836
350
2496
5005
6522
7202
5204
6264
1735
6797
5780
5380
3924
3128
6694
8131
5186
4883
3835
68
2059
7288
7032
3483
1887
4988
2009
6439
6842
7515
4661
1420
4919
400
7346
2293
4000
3017
3946
4674
7362
2909
4109
7777
7651
3273
160
4974
919
3547
6072
7646
7891
1731
300
5328
7545
1083
5718
7441
2660
5618
1081
4668
2162
1526
5253
5613
2257
1935
6780
1578
6866
2159
4409
7859
7969
3373
5908
7677
6280
2668
3156
7653
2843
4228
2
6229
7124
6460
5521
4016
6731
430
4291
6078
8086
3787
7923
4829
7101
5064
3091
4136
6584
1399
5297
7091
4675
7033
18
1847
5799
7370
5175
8085
8117
3292
4079
3239
7771
1213
635
8022
5412
6424
2339
1955
4921
3462
7017
2708
5520
6497
1708
2428
6557
1579
5701
2915
3266
6953
6170
4609
2529
3571
5008
3970
4146
8026
3237
5494
776
5575
2000
800
6463
530
833
3360
4492
5713
4440
1034
6249
7985
4210
4
270
4247
6241
138
2385
7295
6692
1827
289
2901
8013
3456
2326
4522
5680
31
3989
1638
2165
2046
2841
8150
7322
695
522
7927
8055
4215
5097
6535
1104
1276
4891
5298
1237
2360
5218
2604
7849
5572
2581
6192
3608
1496
2924
3432
6087
1255
4204
342
4875
7414
2055
6734
5046
332
3179
6563
3529
1186
5254
5126
5639
2174
6200
4839
5405
5554
121
1247
6214
6157
7053
1063
74
1740
3326
7271
221
1996
6958
6989
8063
3699
521
7956
5134
4788
5461
7671
5463
846
5147
6818
1003
7239
7490
7688
5693
7926
6205
3632
2107
6293
2418
961
1369
3188
5234
3135
7428
3968
1817
3384
5989
3325
7821
3194
8164
7996
3910
3825
5987
8166
2587
5124
3125
1786
7990
8170
813
2233
2544
6408
4237
1604
3362
4957
4323
1452
7925
5071
1815
5768
3621
1734
6288
4908
6599
5826
4535
1252
2526
5510
2805
4369
3071
4183
1334
7398
153
7587
689
7453
6315
5288
1357
4532
1159
5609
949
6140
6656
4454
3308
3791
728
7528
7069
2333
818
3568
5001
4012
1574
968
1730
1118
518
5948
773
2358
6132
7058
3508
6689
5819
306
3110
6525
5360
7276
7047
5704
4633
202
8143
1029
2308
1271
8020
240
6075
191
7656
787
2002
3950
4632
4115
1960
5256
4703
4859
6960
3412
6180
6135
4066
3041
4574
8019
2832
7155
2900
2231
2240
164
975
1100
1241
5815
87
2175
3107
7310
2292
2108
3874
1696
3928
1033
8008
2337
977
438
5317
2350
6461
8074
6466
6914
6686
6492
4205
5687
5315
4174
4113
305
2310
2861
1301
4669
4543
7978
1547
6469
6625
7724
506
4234
4362
2652
81
6814
1814
7331
6890
7073
1606
1575
3078
5845
4533
7733
4255
4693
7315
3634
1876
3451
1894
4027
5215
3469
1678
7948
1619
6114
5208
3823
2280
913
4368
6913
5095
5091
119
7944
6571
1167
1757
3374
4917
4196
5128
2012
2058
717
88
4527
4439
7596
5827
120
2128
6749
2152
7062
7007
4129
3175
7462
1026
5190
2022
5611
7294
1938
1087
1543
5353
5284
6002
1981
2625
6646
739
3257
364
4333
2997
2545
1126
2531
4360
2216
6519
3377
2907
5563
4225
4854
5670
7420
3241
6828
5985
8060
494
1751
4554
4351
5664
39
1679
6262
6777
6412
1218
6131
5339
7958
6129
1208
7906
6209
5792
6401
743
4484
7289
5466
7669
5361
5196
7529
534
3829
8161
3684
7571
3134
5213
6919
1115
2688
2346
3400
718
6063
2720
8035
177
6951
4687
303
4651
6988
5681
2638
5394
141
5972
6771
2340
5571
2866
1175
1856
2899
109
2209
1770
1990
4585
2090
6382
2351
6582
7535
248
5396
1951
571
1674
2919
234
6523
4182
3043
4742
3497
3281
7085
1084
5537
6275
5695
4677
3209
5809
5855
7718
7510
3103
3433
3086
3245
2719
531
5952
7620
4419
402
2200
543
3764
3615
6893
2229
2348
3181
5024
3068
4663
5800
7687
2679
2491
4150
8101
4479
550
2379
2328
4992
8092
2201
1895
6035
1164
4480
6153
7633
6869
455
4249
3341
2596
2785
6427
6281
6613
2037
6061
373
1405
2958
5512
8084
6568
5011
3574
5696
3222
575
7691
179
6821
5203
5139
3933
6314
3132
5829
3807
8137
3590
1365
8029
3446
6356
2957
1094
2080
7995
5320
2460
49
7779
5996
5691
5727
4219
6803
95
7820
950
172
4238
483
1253
4159
2298
2583
331
1746
7254
6977
1031
1724
5974
7270
697
198
2462
616
3310
5345
5428
2856
195
3256
7654
7324
4739
5577
515
2515
7498
1182
2067
2648
7426
24
6224
4611
1763
8146
2278
4665
4056
372
2884
7010
1766
4605
1249
6158
6911
5943
317
940
7178
4259
435
6067
3722
4154
2979
7842
933
2858
2016
3401
1969
6560
1023
7761
7417
7706
5931
3572
58
1220
7984
2141
1099
2641
3622
8127
4958
6447
6269
3713
4499
2721
2123
6496
4261
4871
3580
5172
5129
6871
2183
5393
7854
7060
7524
7112
7960
7894
3647
1160
3315
6569
1582
5143
1540
1881
4720
4509
6001
6042
1517
460
297
3216
3806
7466
4635
979
4623
7588
6252
2495
4569
1866
944
6163
1884
5777
6858
1498
751
7364
4282
1073
2369
442
5698
5917
6022
555
1919
7929
1321
6468
7933
4798
7480
190
2187
5308
3047
6536
4666
5307
2518
4465
557
6234
6822
3449
8010
3293
7337
7447
5533
8088
1286
4861
1475
4494
3869
5880
7814
464
1215
4222
471
7280
7501
2745
492
7637
3464
4606
3186
2592
52
2167
2892
6295
6016
208
1403
7391
589
3099
3760
440
6608
6708
4093
7164
5178
4697
5615
3617
1245
7153
1396
6154
5672
3826
246
5926
4644
2270
1414
6274
6701
2294
5045
5464
1710
3810
7977
6500
4689
2585
5712
6553
7041
7306
8179
3770
5933
7329
6378
6792
2020
5294
2849
7404
183
328
8100
4868
1945
3399
4990
6998
3909
5976
4251
3413
514
1504
5884
2025
2989
2295
6628
1386
3680
2876
1893
6032
5733
1303
147
4295
1264
7327
3398
647
41
5909
3082
3437
7801
4667
6935
2453
6248
511
4513
6872
2796
2553
2275
4451
4650
6010
8147
123
3651
4819
6612
3610
6183
5784
4867
7314
7135
6510
5313
5006
8133
1007
6806
503
6508
4950
5072
4033
335
6514
242
5153
7261
2145
7187
3439
2061
8082
4020
663
1813
448
6485
2734
8000
1495
774
4284
4195
3723
2659
2319
6621
3800
5651
6206
1566
1683
6090
6118
2178
2998
6320
8102
5590
2725
6534
4847
338
5729
3114
2013
570
7949
1433
5844
4382
3744
3894
713
4028
729
7980
1367
1848
6667
2273
2329
7594
907
7232
166
2671
4064
5289
2132
6342
4444
2871
1845
7493
4469
5874
1400
3515
6640
6117
897
4124
6810
5457
5475
2420
1065
3276
3352
4391
7548
5889
609
6210
5408
7487
5601
3139
6473
2476
2235
592
6925
2158
5454
3172
5905
2834
1689
5658
796
3092
5722
3901
2714
3969
6268
6639
1497
3727
4838
5041
251
7742
4090
8124
2664
3677
7853
4884
8097
6341
1226
1745
1116
7836
423
5209
574
4719
985
3561
3040
5836
760
4272
6121
7152
4679
51
4279
8087
2315
3594
7218
4426
222
4714
6445
6618
3672
2390
1021
3242
416
5744
5715
911
5473
2217
4337
7634
2956
6399
4584
1440
3331
705
5282
6458
6164
7174
5547
2392
6963
7042
90
4701
2434
3597
5915
1932
7562
7242
2754
6955
6597
3618
551
4432
4593
1000
5224
7784
330
7847
6366
2232
7123
6606
451
6788
4032
5620
7412
5418
6545
4289
7975
5788
2227
7446
3423
432
843
94
6778
4104
4489
2073
567
6592
486
7496
5474
7431
3911
3174
8174
1055
4576
1406
7230
5283
7983
4149
4999
5460
3312
5522
4617
4361
2105
439
7241
1336
4475
5648
5246
6081
5582
4017
6171
7342
5709
6092
6725
6747
5478
2511
4805
3277
2447
1927
2716
3832
308
7714
7713
1691
4743
8107
4658
2199
4155
1401
4786
6055
6441
1587
1758
7768
125
860
6482
3426
2768
6184
5887
1659
1607
5366
3573
4860
3916
82
1008
1862
2665
6949
4747
4909
5509
1353
7600
1898
2246
6761
1310
3624
3960
6867
7485
5488
6567
6836
2335
5986
207
3925
7095
7282
527
1442
1259
3145
966
4449
561
2437
6617
3225
5456
419
2618
5086
5591
5593
2925
3628
4949
1622
3740
7745
7883
7930
2205
1113
70
1988
6083
2893
2808
6541
2663
850
8182
6066
758
3936
516
3102
1729
6738
4626
1790
6758
6826
7857
414
2522
3778
1512
1306
1818
4348
7484
6539
1690
387
157
2156
6829
8051
4478
1428
7811
6807
1230
2247
6198
5663
4864
3285
626
3912
1337
1327
3302
4911
2729
861
973
1580
3098
3187
3738
5247
4610
2438
5054
3731
4922
6856
6319
1725
5796
3247
6813
2794
2368
962
7076
7544
3189
1423
5897
3344
6211
5210
7723
7400
5941
6648
2032
5749
4578
3576
3115
5335
6693
3258
837
3581
6004
2674
7690
2621
6174
7681
1178
1320
1668
7674
169
7104
5973
7868
6246
6436
4357
7026
3200
7922
1953
3458
6943
3780
6089
3848
1010
7585
5760
7703
7201
3595
7009
8045
1140
2706
1492
7855
684
6787
184
5181
8125
1694
1558
6675
3859
6515
5465
6986
6161
5504
6843
1143
3759
3578
6450
6440
6772
809
3688
5869
2430
4804
194
3671
6247
775
7316
2344
7830
4414
4728
6945
869
1923
7726
6874
6727
5043
7920
4264
1013
4381
8050
2445
3185
298
578
4292
5932
7893
1466
7658
7415
5689
4702
3505
7050
2138
7778
5661
2318
7217
1128
4653
6580
312
1612
5154
3813
1926
3654
4641
4549
5795
215
2269
7212
2023
2932
2171
1105
3144
6767
1701
6622
6809
5264
6650
947
4648
7943
2215
3539
6649
2006
99
175
343
3178
6362
5499
2074
6455
3673
7251
5573
2052
7080
5447
5354
5702
1553
6446
4596
2528
7141
7249
4869
8065
1940
3033
2397
952
1273
4705
5326
5321
100
1349
4709
1603
6511
3445
7931
7576
7764
5255
2019
3069
2004
6309
1970
307
3485
4435
7435
2364
4192
7564
2605
3203
1954
6080
6397
3046
4038
7140
6570
3900
4083
4178
5036
2565
7467
7823
4615
7309
6884
255
7898
692
1485
4117
2788
2764
2244
4676
2877
6576
349
7770
6082
6558
5934
6678
7513
1821
3138
5791
804
1914
2582
7802
92
7043
7156
7966
4870
5480
7627
2060
2415
8043
7210
3303
7935
7228
7191
203
2196
280
5365
7263
2436
6491
4438
656
5532
6103
2732
6549
4698
885
210
649
1794
909
2456
7734
3613
1120
7666
1853
2157
3942
5833
7287
1061
1117
1121
5012
3035
670
7272
43
6207
1387
5325
5415
6663
5232
1481
912
2822
3348
5217
6889
4973
7833
1896
6745
3660
5433
2129
1146
3265
134
769
624
3846
879
6820
3403
1573
6521
7410
1662
197
6113
5635
5892
5984
4842
6074
8052
3328
1761
1571
3248
877
4882
3208
4430
687
1474
2135
2954
7127
6786
5324
1917
3732
7173
1145
683
5540
970
4416
1317
1732
7108
707
2103
7349
7266
4960
5389
6428
2176
2097
7439
5586
7154
2952
6321
7177
3648
4352
321
5176
8030
5858
7684
5839
1109
621
6770
5051
7194
139
2312
6668
8178
3761
4588
1489
5446
3016
2422
2608
7122
8006
6766
8153
1595
428
3295
523
1272
905
8121
8126
1885
1194
1362
5352
7577
4935
2593
3275
6796
4175
2409
2429
6243
7800
5610
4256
2160
6903
6028
5999
6892
7165
7014
6431
5594
8120
7005
5864
1439
7648
2222
8172
384
2087
6050
465
956
2651
145
3094
3685
5776
5798
3706
5314
7418
4515
4078
6335
2320
6585
7967
3548
2840
4392
3977
1267
6136
4123
7024
6307
4561
458
6730
2633
2687
1091
6526
5002
1195
4341
2539
7255
4925
4831
563
256
3635
4418
277
1839
1262
1174
4816
2975
6552
2136
5410
3930
6489
6456
128
3603
1219
3061
2881
5332
938
143
6664
5429
2322
7198
5280
5327
2407
3167
1045
3954
1149
6518
3521
4485
6036
7659
185
6604
3161
6407
3219
3492
6966
5106
3559
2408
6681
3779
2704
6357
7626
5781
8189
272
4045
7397
3948
112
2191
7735
71
1999
5911
3606
2381
1459
594
5357
2154
1997
3714
4841
7783
5637
595
1609
3420
2469
5585
2962
7421
1514
115
3686
6223
7882
2490
4393
5047
4808
3728
7874
3643
5956
4169
935
2842
1144
7568
4781
4780
5182
8072
1009
2655
1333
6318
7968
5207
1080
341
7172
6345
5634
3771
2554
1227
7622
3546
2155
5099
7036
7789
669
3584
86
3777
2282
7717
1390
7766
1275
7353
6266
3001
7554
2137
2541
5431
916
540
7598
1097
7865
399
3875
7015
5107
5843
6014
4200
2402
5233
6957
7549
1376
3956
2502
5243
7252
4386
2150
6197
1477
2837
8047
7769
7243
4467
605
1623
6418
2661
55
6306
6855
6609
1074
433
3014
660
4888
5808
5137
1287
4218
1467
5319
5056
2639
651
7555
3717
5570
5747
1384
6333
4514
5355
2749
3666
1693
7508
3745
4310
1628
5085
2766
5988
5270
6227
3540
2944
794
7676
7959
5462
3531
3296
5350
1928
6159
1480
3337
4725
1449
211
3893
6222
2783
5050
6071
6852
4318
2486
3244
7952
3558
3652
6596
126
1138
8144
7696
7790
4830
509
1199
3569
4524
1897
4483
2042
2942
2610
5763
3772
2343
4446
6707
7372
3687
2459
3796
1854
7148
3890
1447
4319
445
2202
5440
1883
2977
1424
7382
991
6353
5806
4672
10
7705
3985
7962
910
1783
8168
1093
3116
5425
3831
1470
6348
2577
163
6291
4977
7213
745
2236
5240
6614
65
2500
4034
507
1180
5061
5660
1288
1650
1747
7741
1248
4762
5536
8062
1359
3921
8113
4616
7034
7341
2643
1268
1461
204
5375
14
5598
7390
3112
914
5063
2011
3148
2701
7454
3468
3598
1983
6688
7575
3346
7606
2787
3683
7826
3109
3881
6768
1707
1709
6655
5122
2095
8049
7670
1397
3149
1801
2913
2446
62
2607
5624
562
149
3476
2938
5679
2084
1664
1458
4130
5990
7756
3088
7986
1648
6422
6804
6008
5912
3844
5787
7791
585
4711
2094
2992
7450
5120
1039
7581
7068
6187
3530
1044
393
4962
4075
323
4387
5371
1864
2345
7433
730
4586
1209
436
1834
4202
1759
5614
3918
5983
358
3472
6393
7753
1457
462
3737
7829
3982
3062
2850
2131
8099
3278
3553
3794
3545
4114
226
2472
2219
1912
3763
5759
601
6964
7538
4290
11
2065
6070
4156
4046
124
625
8156
2367
4216
3491
2015
1001
2435
6048
1637
4030
4163
4567
2291
6301
7729
1583
84
6097
6177
608
3089
6481
1395
1564
5033
5581
780
239
7195
8093
5846
