255
598
695
523
463
421
390
828
227
1005
929
406
216
188
257
379
435
939
562
1021
148
527
871
599
715
792
713
720
960
101
873
675
409
460
971
336
13
634
866
606
990
1012
877
91
521
680
522
850
431
412
926
139
467
182
354
246
54
935
99
735
973
819
272
688
236
27
528
365
308
340
461
682
886
661
124
867
67
178
337
211
633
880
166
846
685
637
603
72
529
806
456
854
221
444
163
753
943
944
458
160
135
841
65
692
908
377
781
716
310
269
759
22
861
539
93
584
417
630
32
217
141
264
553
266
232
733
201
9
826
293
864
572
540
375
38
887
757
550
762
897
208
978
615
41
486
662
557
602
247
356
741
991
900
335
752
97
25
645
267
723
209
718
34
949
745
329
36
658
925
4
452
290
241
1
319
349
410
909
974
677
87
852
876
565
186
279
585
748
59
984
725
294
934
10
612
744
963
260
245
937
305
83
698
1000
363
922
646
928
582
455
1002
883
200
449
977
573
600
884
288
613
1015
207
989
479
666
795
258
710
849
500
161
483
197
766
327
326
955
764
238
597
169
175
510
430
807
131
635
622
953
185
987
265
143
726
496
560
504
537
1014
1013
924
256
545
393
651
817
758
885
561
532
542
497
446
760
1007
589
620
24
993
244
15
371
1022
583
385
374
840
966
289
136
801
616
192
664
965
165
586
654
668
905
544
957
94
151
843
492
740
30
945
541
761
650
297
213
254
917
816
756
110
789
773
57
333
408
772
64
749
641
727
53
84
419
348
62
231
824
215
52
780
618
631
507
1020
117
362
391
1023
913
29
433
660
112
827
387
312
481
338
237
352
667
468
707
322
679
914
970
459
739
731
513
152
109
659
638
395
503
525
594
694
239
190
647
747
948
225
831
648
591
728
818
47
673
669
437
45
482
499
848
429
596
918
709
689
954
506
652
579
416
434
734
1016
625
834
691
1017
222
5
172
839
60
344
130
783
157
1009
797
765
321
179
92
931
915
862
144
168
936
737
564
314
454
447
719
184
722
28
859
292
951
746
74
495
366
967
983
524
815
441
751
88
475
113
623
552
796
549
367
187
996
462
472
856
33
554
96
108
624
129
687
619
690
1011
501
671
226
853
702
223
164
476
474
845
180
829
298
893
587
774
397
173
140
628
588
350
220
404
511
400
927
988
906
566
972
526
700
855
415
567
1004
309
916
248
919
663
424
55
443
858
706
89
304
204
262
280
396
838
473
259
194
303
359
910
997
399
555
515
776
137
313
316
149
825
21
299
78
39
683
968
872
875
485
804
411
643
230
457
920
328
847
750
823
896
793
3
228
976
466
516
729
332
571
569
639
219
378
653
81
120
505
445
777
860
389
229
519
170
836
376
882
518
69
770
771
291
275
82
125
833
301
339
592
502
325
401
370
318
911
146
453
999
941
767
889
811
791
174
448
655
384
156
278
203
610
894
629
593
644
43
736
1019
670
820
498
242
701
442
995
471
962
115
611
368
50
950
782
107
946
285
450
686
159
940
982
80
1008
832
590
874
277
17
48
714
980
842
932
253
133
888
23
787
1001
942
11
40
134
392
402
493
904
956
477
111
640
218
696
177
155
189
372
8
794
755
273
302
575
12
559
512
665
488
345
484
373
100
576
786
300
427
813
102
49
933
992
357
902
121
738
487
105
912
712
672
851
798
563
202
632
358
568
16
535
343
283
196
721
44
605
711
142
330
674
478
251
342
252
1010
656
779
1003
334
63
724
699
235
969
380
413
865
212
784
869
778
66
636
676
154
440
808
167
37
31
351
732
224
210
790
118
104
171
317
812
355
95
51
361
546
145
835
214
331
892
547
76
684
1006
199
432
150
517
71
287
341
979
147
240
205
103
56
369
947
754
46
986
14
58
981
890
162
158
61
114
183
921
181
708
608
68
621
870
822
418
423
20
490
243
769
195
803
126
907
895
193
2
489
35
626
617
425
543
531
548
206
6
407
844
799
295
261
857
697
1024
346
514
556
250
614
234
464
480
315
122
311
930
19
282
717
90
79
284
263
70
938
85
994
952
964
899
364
607
821
268
233
394
558
323
578
18
403
75
132
386
249
320
286
491
923
508
657
961
426
381
703
274
438
382
128
959
534
810
127
878
609
465
77
551
451
830
436
678
281
775
470
420
306
509
138
868
903
73
296
891
570
414
353
324
538
705
785
768
743
577
649
26
898
276
469
604
398
809
704
119
693
800
958
975
439
42
881
520
360
574
901
805
383
271
788
581
681
536
405
116
879
428
742
863
106
347
198
98
191
7
642
494
123
595
814
422
270
627
998
1018
530
802
86
153
837
533
763
580
307
730
601
388
985
176
